# R (Mpc), rho (Msol/kpc^3), errup, errlow, std, pth (Msol/kpc/s^2), errup, errlow, std 
#  nprofs 384, average weighted mh 1806248858134.616943
6.706029110378903786e-04 2.344901397250989452e+07 2.858345288449440151e+07 9.116692781698232517e+06 3.168084830060509116e-01 3.285567929146648521e-23 1.894940040179682220e-23 4.564273687272552653e-24 6.661101935454228906e-01
1.165374294563389359e-03 9.997936218225266784e+06 1.038309279546269216e+07 5.007049014116222039e+06 3.703551383954701293e-01 9.506423499775484837e-24 5.578689900619556774e-24 1.172252977561710527e-24 6.944841130536113516e-01
2.025188414895478031e-03 4.899146006348068826e+06 3.860370509825493675e+06 2.083057906259145821e+06 3.665390141845480398e-01 3.253686956392417889e-24 1.579743429826730870e-24 2.930947325233514393e-25 5.993713974243134457e-01
3.519374105778993230e-03 1.784321609952685889e+06 1.139172394544122042e+06 5.879572339354755823e+05 2.839292429345761093e-01 1.565352591470018578e-24 4.594023416249281586e-25 6.714422329058520214e-26 5.370611918814807151e-01
6.115971237701829134e-03 5.942798984334531706e+05 4.363963586219876306e+05 1.630769504514682340e+05 2.692841200995406692e-01 1.151223025791919079e-24 6.407725635376176638e-25 3.478887342863260576e-26 6.478278408606715777e-01
1.062833988548557602e-02 2.187321565976602142e+05 1.735778156178742647e+05 8.022138804765610257e+04 2.792150995408961833e-01 1.239965363939719853e-24 6.179304528671150438e-25 1.303243379413648802e-25 6.234060763781977821e-01
1.846993786122688719e-02 8.184663058973135776e+04 7.053509279922931455e+04 3.166143647036174661e+04 2.950238951781427588e-01 9.049354575230692537e-25 5.304139926371395194e-25 7.853164473825717382e-26 5.974088427485928499e-01
3.209707332218952880e-02 2.561291300834643334e+04 1.878350180868026655e+04 1.069950555306221577e+04 3.006735872488104921e-01 6.235671252777259321e-25 3.613657120695150976e-25 4.167592324105178141e-26 6.199645750056302917e-01
5.577832061973046762e-02 9.882832228927656615e+03 8.326399275880628920e+03 2.327997703037303836e+03 3.155943412920825808e-01 3.478336156525110607e-25 1.849079958719470183e-25 2.078139312558629952e-26 6.362875114965883538e-01
9.693161179921591653e-02 4.872986687867115506e+03 3.857399344089057649e+03 1.115266014700117466e+03 3.499170960127296892e-01 1.722795576884799295e-25 8.410346384640686193e-26 8.719277436844945634e-27 6.749385988460580021e-01
1.684478353166902198e-01 2.139167397874194194e+03 1.559608329254206183e+03 4.604131594375661507e+02 3.689513751981508549e-01 6.282239909841991771e-26 2.421224662925806169e-26 2.906118924864578243e-27 7.134293642610085584e-01
2.927287878143824407e-01 7.543616120858131353e+02 4.505117744389206109e+02 1.539065525068996863e+02 3.573847740701452946e-01 1.701167384270233050e-26 5.587112596097945909e-27 8.440131051493582073e-28 7.314919758311054787e-01
5.087043300626336029e-01 2.151520839670132546e+02 1.407333343737312816e+02 5.225974682956994855e+01 3.309009132556218202e-01 3.496519501979816927e-27 2.072701429132613000e-27 2.527927239092118670e-28 7.598422589429173479e-01
8.840268063712417579e-01 8.679271539052714957e+01 7.423618273586865257e+01 2.571921498264964967e+01 3.652176191744602174e-01 1.341243691461456294e-27 1.316767731912916347e-27 9.599881156377479180e-29 9.060669678327688548e-01
1.536262516748606588e+00 5.020501028376066444e+01 4.827991581821569866e+01 1.286776782902942884e+01 3.536533889005720188e-01 1.383773699798889996e-27 9.571643325507627933e-28 6.129688018563719195e-29 9.727853564761265170e-01
2.669718274782328482e+00 3.400610183428781141e+01 2.850147177746710980e+01 1.200020867397091351e+01 2.848640072294134074e-01 8.740530898607864182e-28 1.156609397417909384e-27 1.206494621237284271e-28 8.797392494920327488e-01
