# R (Mpc), rho (Msol/kpc^3), errup, errlow, std, pth (Msol/kpc/s^2), errup, errlow, std 
#  nprofs 672, average weighted mh 1523312352934.309326
6.706029110378903786e-04 3.932021979574880749e+07 3.972934261705239862e+07 1.972240369482818246e+07 3.693241893650581198e-01 6.791898323820781220e-23 3.374810455909443289e-23 1.109507585209889158e-23 6.870940001024777866e-01
1.165374294563389359e-03 1.812774352114516124e+07 1.130391378079426289e+07 1.060891286990348995e+07 3.693791866187796091e-01 1.696734021570539971e-23 1.001422905137696082e-23 4.295160256439382207e-24 6.753248227784729441e-01
2.025188414895478031e-03 7.352903184125535190e+06 5.725890178824736737e+06 2.648656333685286343e+06 3.600828630955722476e-01 5.197791181660881086e-24 3.184806198753931971e-24 7.222229170212297462e-25 5.602360323318056334e-01
3.519374105778993230e-03 2.356477132522570901e+06 1.898647605614422122e+06 6.265461442908337340e+05 4.271322597632850049e-01 1.183562662303234244e-24 1.150200810293242122e-24 1.365244550775368832e-25 5.526141043775343320e-01
6.115971237701829134e-03 6.925914327514852630e+05 6.671005427965582348e+05 2.163334833215124672e+05 4.276276063443525954e-01 7.544884910254876853e-25 7.468649094966285377e-25 5.251559895150874034e-26 6.423990996321767843e-01
1.062833988548557602e-02 2.433560316619099758e+05 2.633827584863776574e+05 8.718551486282318365e+04 4.124910662312438192e-01 5.726092282359456909e-25 4.699016388554376352e-25 9.520304353595479298e-26 6.028234483610851457e-01
1.846993786122688719e-02 8.440605127903561515e+04 7.919554900791042019e+04 3.929283104944544175e+04 3.625346911510641812e-01 4.249172665271592283e-25 3.990603926344269598e-25 6.638069558372603486e-26 5.279990811403707518e-01
3.209707332218952880e-02 2.146207897282056001e+04 1.994441237240291230e+04 8.140530664527838780e+03 3.375753865521611830e-01 2.915331885480855924e-25 2.329355048097076616e-25 4.120489865859915697e-26 5.320260348413070606e-01
5.577832061973046762e-02 5.572684967846265863e+03 4.515054019135115595e+03 1.662759030616236032e+03 2.885834803818178029e-01 1.695951880455744188e-25 1.177555175621694909e-25 2.096835845679384547e-26 5.442814536677413884e-01
9.693161179921591653e-02 2.482063188771675868e+03 1.863024886752896236e+03 7.008582952042298757e+02 2.978224465058094683e-01 7.177630943035826947e-26 4.781972350232042053e-26 8.908660726602375418e-27 5.865449482857438834e-01
1.684478353166902198e-01 9.872946613447263644e+02 6.998439646575970983e+02 2.460876764677226447e+02 3.039463372879299685e-01 2.637560757588034661e-26 1.952460215469383429e-26 2.787432115475238390e-27 6.573758608664026504e-01
2.927287878143824407e-01 3.691878017595981873e+02 3.165195728493786191e+02 9.677776618398769415e+01 3.238344710884137334e-01 9.380014772968281645e-27 7.741325600599158305e-27 9.842357239575472660e-28 7.600028053342559042e-01
5.087043300626336029e-01 1.732201352675668033e+02 1.691924414293640666e+02 4.887584531288768375e+01 3.938702760854296825e-01 5.166727879314756458e-27 4.970978979277537034e-27 4.603940824851133858e-28 9.192096489560678263e-01
8.840268063712417579e-01 1.046622781579581840e+02 1.104857435082374764e+02 2.913686146941931199e+01 4.377123062564536315e-01 5.421533525163134544e-27 3.245997599703879033e-27 2.514557700500456052e-28 1.043331084202891113e+00
1.536262516748606588e+00 6.600833585703202289e+01 7.328761478836803178e+01 1.965250141302355047e+01 4.135065192332044726e-01 3.757284285621296753e-27 3.649519315329797285e-27 2.472107446851096145e-28 1.034337188665846119e+00
2.669718274782328482e+00 3.951459209461963695e+01 2.805509882005133804e+01 1.759044416723055804e+01 3.280482565513764270e-01 1.830111319924912788e-27 1.719252916712732203e-27 3.231421570952618932e-28 8.848181699701480607e-01
