# R (Mpc), rho (Msol/kpc^3), errup, errlow, std, pth (Msol/kpc/s^2), errup, errlow, std 
#  nprofs 383, average weighted mh 1128976027500.059814
6.706029110378903786e-04 4.121493183892641217e+07 4.144781557070271671e+07 1.901715359794440493e+07 3.450553622079517435e-01 5.307234807743792786e-23 4.250612694272889464e-23 1.213465776800729639e-23 6.841872524579799553e-01
1.165374294563389359e-03 1.955926934586041421e+07 1.325647265905757993e+07 8.867863150899186730e+06 3.008804304367004856e-01 2.450866173650326541e-23 1.295234645886453591e-23 4.096618451757913008e-24 6.416464648338594534e-01
2.025188414895478031e-03 7.407554356044376269e+06 5.953087732784231193e+06 2.436895552845410537e+06 3.266147290037317852e-01 3.542408609589751436e-24 4.530923406790544973e-24 9.018893724690813455e-25 5.592943564047950789e-01
3.519374105778993230e-03 2.102195151892906986e+06 1.720168882629535627e+06 5.183889875886000227e+05 3.622517210564822898e-01 1.077438597075380712e-24 1.090874579677263208e-24 1.413934193215326029e-25 5.444491243104835343e-01
6.115971237701829134e-03 5.411668490704712458e+05 4.062007995231031673e+05 1.684449043429369340e+05 4.125829800293200900e-01 5.015861015840250118e-25 4.019533104594713398e-25 5.817564060371263091e-26 5.633372072799623931e-01
1.062833988548557602e-02 1.892470865282634913e+05 1.775262773778345727e+05 5.880058232848347689e+04 3.311546269525417197e-01 4.201732699621891717e-25 3.606847383378550022e-25 9.517543330782149483e-26 6.344186685344462839e-01
1.846993786122688719e-02 6.237175325362000876e+04 5.553458051456409157e+04 2.151123359583216006e+04 2.892153327369846871e-01 3.259670363157616385e-25 2.704503575703827781e-25 7.647622058987337826e-26 5.685294526996244047e-01
3.209707332218952880e-02 1.770563378178906714e+04 1.213386880932099666e+04 7.355308064255420504e+03 2.846217338497657456e-01 2.212974272138855574e-25 1.737704196344365314e-25 3.223913839850568096e-26 5.416520451488872068e-01
5.577832061973046762e-02 6.010470502627993483e+03 4.636909277814187590e+03 1.905972504393104828e+03 2.847793367425495714e-01 1.134329216071459839e-25 9.664769361342872777e-26 1.420700127734801395e-26 5.296947099333220166e-01
9.693161179921591653e-02 2.635565764435684287e+03 2.096043891084694678e+03 9.227356339304247967e+02 3.004293545411977351e-01 6.114949029294594720e-26 4.971261027652599157e-26 6.782175297790016606e-27 5.785307709487617078e-01
1.684478353166902198e-01 1.210457877519553222e+03 1.072566438915522440e+03 3.638372224946281221e+02 3.243385303827302502e-01 2.649554606804023061e-26 1.739165777490993563e-26 2.544456828825128139e-27 6.377989123851132147e-01
2.927287878143824407e-01 4.719320658174282812e+02 4.353062848820602539e+02 1.255886837332286632e+02 3.282418722515258458e-01 7.856563766020877051e-27 6.178034350430433720e-27 6.723180105528321325e-28 6.729067456231371258e-01
5.087043300626336029e-01 1.834058592982962637e+02 1.887396824195499221e+02 4.568224298897885660e+01 3.058752635746898041e-01 2.277398667048350514e-27 2.511978643429910642e-27 1.953498357216593160e-28 7.007852766876287998e-01
8.840268063712417579e-01 8.914397256569021977e+01 8.658719580314541986e+01 2.811820779354017219e+01 3.293803296694738370e-01 1.847081886695183773e-27 1.393641829182651217e-27 1.002269704508919366e-28 8.312026741531134411e-01
1.536262516748606588e+00 5.604517970177239050e+01 4.883127068334323440e+01 1.732248940412361904e+01 3.368240811442491101e-01 2.526623405269300237e-27 6.629618968447696927e-28 1.034108923267882802e-28 9.232624783518831313e-01
2.669718274782328482e+00 3.685547540812357425e+01 2.841449666565858578e+01 9.456593486200471688e+00 2.656892458412926650e-01 1.195735831498022701e-27 6.202376091211765780e-28 1.055445491508435654e-28 8.475011100186183866e-01
