# R (Mpc), rho (Msol/kpc^3), errup, errlow, std, pth (Msol/kpc/s^2), errup, errlow, std 
#  nprofs 254, average weighted mh 1164462936579.918457
6.706029110378903786e-04 3.045835298534553871e+07 3.410124536554965377e+07 1.160226055485884473e+07 3.603717203088372401e-01 8.860057331367805333e-23 2.836801434609356882e-23 6.283203935739243014e-24 7.574040720725058184e-01
1.165374294563389359e-03 1.345356842301798426e+07 1.214831830540161207e+07 7.377164026772973128e+06 3.912857119150183749e-01 1.758188417599064949e-23 8.542499812954989704e-24 2.534488564525651899e-24 7.580448193030852044e-01
2.025188414895478031e-03 7.209218659875318408e+06 5.688800196097211912e+06 2.532622383586552925e+06 3.717088267536517998e-01 5.545683719908701664e-24 2.844020897430471800e-24 6.259197310593305756e-25 6.516971153052139032e-01
3.519374105778993230e-03 2.985699043259331491e+06 1.949174408459512517e+06 8.352281016570504289e+05 3.021896060494286829e-01 1.297198643128593497e-24 1.128114932086209157e-24 1.434765120905739955e-25 5.291082164930884790e-01
6.115971237701829134e-03 1.043620486816847697e+06 7.114156756712987553e+05 2.532405642238893779e+05 2.643713242050757528e-01 6.697073967735771688e-25 6.886408774623434819e-25 9.352048644880940134e-26 5.665835490358603899e-01
1.062833988548557602e-02 4.219715583582956460e+05 2.832538330890481593e+05 1.499896734101645707e+05 2.871500601523034879e-01 6.304732268431078654e-25 5.636947897788331880e-25 1.781240543300350255e-25 5.388808925037478215e-01
1.846993786122688719e-02 1.307864894860981003e+05 7.736418768249228015e+04 5.532117728812351561e+04 2.708308884998571475e-01 5.919940876760080723e-25 5.101569083085313316e-25 1.151373372958012547e-25 5.086844319135662706e-01
3.209707332218952880e-02 4.112538942795371258e+04 3.124776724173920957e+04 1.352174141305366720e+04 2.617800710276821374e-01 3.891693739811957878e-25 3.638220092401188528e-25 6.236732810478096152e-26 5.446215304550496850e-01
5.577832061973046762e-02 1.430902814950821084e+04 1.251583977872702962e+04 4.222911916788074450e+03 2.792896291771562178e-01 2.128599398968979622e-25 1.847458219171839127e-25 2.713932448042058968e-26 5.728040347739438154e-01
9.693161179921591653e-02 5.967386596230335272e+03 5.107820517763792850e+03 1.845351352793107480e+03 3.157947027086513425e-01 1.140675511624077177e-25 8.594989085060255855e-26 1.219162760201048920e-26 6.068461965998908081e-01
1.684478353166902198e-01 2.470515789650268289e+03 2.021009828607371446e+03 6.834464055334185559e+02 3.304839037704855320e-01 4.137163244072351050e-26 2.556233415171545237e-26 4.380541259154983662e-27 6.217457769943204315e-01
2.927287878143824407e-01 7.998486135213900070e+02 4.611194464897221792e+02 2.146138613397271229e+02 3.082017836387703213e-01 9.563523826589112035e-27 4.471055159886504285e-27 1.128247633227287354e-27 6.078750084551372002e-01
5.087043300626336029e-01 2.515862509406649679e+02 1.713893448727196187e+02 7.323160014030187881e+01 2.838898319795488123e-01 1.976782590825568941e-27 1.162915157453567813e-27 2.928961209323252024e-28 6.025913558135511661e-01
8.840268063712417579e-01 1.007782405841960980e+02 7.587767463899314180e+01 3.567143903747794553e+01 2.733835062541360994e-01 5.423585837358794249e-28 7.402673049223214140e-28 1.118649998918156036e-28 6.484994227221030361e-01
1.536262516748606588e+00 5.482545112593451364e+01 3.575806849246082209e+01 2.232946941784385331e+01 2.297793776477388417e-01 2.941001957593767773e-28 4.952139610908987891e-28 8.818608932103120253e-29 6.527674489834274230e-01
2.669718274782328482e+00 4.830601972315936798e+00 3.036750468383707435e+00 1.672635864654492099e+00 2.198619648154905015e-01 2.385682282274315718e-29 3.213775564931709544e-29 6.855045974318336161e-30 6.387713431549959520e-01
