# R (Mpc), rho (Msol/kpc^3), errup, errlow, std, pth (Msol/kpc/s^2), errup, errlow, std 
#  nprofs 433, average weighted mh 1062255264604.564209
6.706029110378903786e-04 5.859523242279964685e+07 4.782406104207054526e+07 2.349076324171867222e+07 3.675521580520108578e-01 1.055822600533747660e-22 7.671968798337087039e-23 1.298945958562383320e-23 6.547307006019568165e-01
1.165374294563389359e-03 2.542348084800724685e+07 1.956584696887297928e+07 1.038400842744535953e+07 3.694002577330396386e-01 4.072304408019086818e-23 3.434670408026072418e-23 5.233125151768479427e-24 6.701242546152046398e-01
2.025188414895478031e-03 1.107302082060346194e+07 9.168119934557132423e+06 3.894578148443883285e+06 4.064074145446234798e-01 6.513050919320742568e-24 7.003141946055048344e-24 1.484290366642154799e-24 5.523173207053957423e-01
3.519374105778993230e-03 3.565148275744975545e+06 3.128351652787617873e+06 1.514619556323144818e+06 5.418726894530153659e-01 2.109791446742578652e-24 1.890856912371899520e-24 3.689917726935284830e-25 5.629830950701778525e-01
6.115971237701829134e-03 1.223430398054779507e+06 1.137383938459301833e+06 9.652307793192926329e+05 6.771872968587071551e-01 1.247422831130368021e-24 7.193642929829118470e-25 1.499798116546503366e-25 5.574078095745559347e-01
1.062833988548557602e-02 5.206600257007550099e+05 4.074290956800399581e+05 4.738404710143184057e+05 6.370961786263851234e-01 1.129186640860636097e-24 5.152714017143861586e-25 9.959233799275213120e-26 5.634897598203797431e-01
1.846993786122688719e-02 1.545286782017738151e+05 1.023154805989431334e+05 1.138209875947552209e+05 4.925288334992872774e-01 3.267244042659163457e-25 2.706840323187727114e-25 6.858775648385105616e-26 5.097317784279500330e-01
3.209707332218952880e-02 2.629344247282279684e+04 2.231607090700013941e+04 1.342689448723816713e+04 3.553545796782621724e-01 1.400800967335131723e-25 1.511350606593597976e-25 3.399148320097101378e-26 4.770174138466437563e-01
5.577832061973046762e-02 5.636481527308523255e+03 4.222414925918348672e+03 1.877692888427589878e+03 2.852855742242660919e-01 7.333576071497679699e-26 7.070151947404273435e-26 1.656501162814461450e-26 4.652675083105263232e-01
9.693161179921591653e-02 2.033800667333021920e+03 1.667411654714577480e+03 6.030381813325149096e+02 2.711171880191425299e-01 3.166837524227054627e-26 3.271375605969403265e-26 6.701549670092909989e-27 5.154570390121522294e-01
1.684478353166902198e-01 8.018660764020585248e+02 6.519147552100921530e+02 2.333919112473067798e+02 2.753011043049959361e-01 1.449559783672508056e-26 1.453700152104422616e-26 2.738097571048411477e-27 6.244301624135640827e-01
2.927287878143824407e-01 3.350542862024590249e+02 2.637468326343097260e+02 1.147744780849632633e+02 3.143867120467314646e-01 7.564196981359149917e-27 7.353385324948425770e-27 1.116152538316245894e-27 7.725002107285243724e-01
5.087043300626336029e-01 1.779676187722857321e+02 1.831512916635198849e+02 6.253822828636358366e+01 3.659110987644603741e-01 5.428295190103892462e-27 4.882894714024584815e-27 5.606558610548821816e-28 9.253062975853839633e-01
8.840268063712417579e-01 1.123020076667438474e+02 1.119464871663126218e+02 3.587477173014575271e+01 3.872281643692257469e-01 5.044823811161693886e-27 3.206482453166391727e-27 3.371307606065975830e-28 9.909143837447329517e-01
1.536262516748606588e+00 6.924367704272653157e+01 5.624573872429137111e+01 2.422625999655465279e+01 3.520460124982350281e-01 2.643088392309117137e-27 1.719388555099626256e-27 2.546159081005717120e-28 9.465028100192315330e-01
2.669718274782328482e+00 4.433623535299589236e+01 4.380155352987697626e+01 1.637714675404132691e+01 3.137282727012418726e-01 1.723137780913430766e-27 2.212693968820474094e-27 1.686856976072568580e-28 9.326604724596339047e-01
