# R (Mpc), rho (Msol/kpc^3), errup, errlow, std, pth (Msol/kpc/s^2), errup, errlow, std 
#  nprofs 303, average weighted mh 1871703819781.966309
6.706029110378903786e-04 5.068452540801932663e+07 7.120765399257755280e+07 3.067177972537704930e+07 4.734159380427439556e-01 6.284965424790809168e-23 8.438362815390013818e-23 1.805548183800996699e-23 8.224805131309445017e-01
1.165374294563389359e-03 1.842471358146354556e+07 2.461335198872388154e+07 8.471761197709467262e+06 4.301552579460278247e-01 1.914582296658446361e-23 2.365592377553893553e-23 3.253709423438408040e-24 7.588571835470739879e-01
2.025188414895478031e-03 8.348413940756503493e+06 1.144921518806136027e+07 2.937091869588357862e+06 4.360256224869855646e-01 4.797072133384211306e-24 7.294614873853898402e-24 9.279454847974213305e-25 6.877322520052940868e-01
3.519374105778993230e-03 3.221943407284797169e+06 4.268161678462373093e+06 1.224537984449366108e+06 4.656674204315920940e-01 2.480407356727102882e-24 3.429521222085634009e-24 2.983539181999276404e-25 6.581258948114371288e-01
6.115971237701829134e-03 1.372600442970223492e+06 2.081273784800076857e+06 5.832303605374498293e+05 4.779971268500847748e-01 1.509295702198982661e-24 2.022593748174725784e-24 3.163282792252438393e-25 6.464807720504497368e-01
1.062833988548557602e-02 5.288733843673362862e+05 6.276642886470465455e+05 2.475012075560417434e+05 3.764416882915329055e-01 1.098578840868646945e-24 1.201135060230296795e-24 2.475405572194549293e-25 5.677721569761237097e-01
1.846993786122688719e-02 1.694802837651358277e+05 1.596996767862087581e+05 8.617371891320511349e+04 3.397442864687718611e-01 8.415913513685729501e-25 8.580143296945535126e-25 1.486450505833711629e-25 5.635497678377210384e-01
3.209707332218952880e-02 5.519986179108340730e+04 5.239569418962598866e+04 2.632213553708516702e+04 3.370620687465454290e-01 4.172046592965385279e-25 4.424539689495201367e-25 4.988701673243402449e-26 5.697913966409567932e-01
5.577832061973046762e-02 1.574146751713175036e+04 1.908644753428940021e+04 3.960900633763324549e+03 3.168179106772667231e-01 2.022300875713388270e-25 1.621866073723125586e-25 2.153203756309147291e-26 5.376174980934561587e-01
9.693161179921591653e-02 4.508692726964305621e+03 4.023249164661046962e+03 1.131214106027060780e+03 2.756540307035393322e-01 1.163591290308432299e-25 5.791439405345229909e-26 9.382200084158155024e-27 5.592684046871779779e-01
1.684478353166902198e-01 1.649845468958050560e+03 1.171551197110762814e+03 3.141942040320631122e+02 2.838695556543773257e-01 4.773863110291265243e-26 1.560606633151158342e-26 2.703308081846930314e-27 6.203702285609120626e-01
2.927287878143824407e-01 6.658584102208266131e+02 3.413390819371732050e+02 1.069464123904956239e+02 3.112884758790314677e-01 1.849723812081232970e-26 5.429961040362952674e-27 7.105136784611138625e-28 7.061029378352569053e-01
5.087043300626336029e-01 2.775887449077528117e+02 1.725758045579897271e+02 4.675304485671769328e+01 3.401478824480703156e-01 5.732292896830470514e-27 2.260434541313643555e-27 1.932251568572735441e-28 8.079198605437217795e-01
8.840268063712417579e-01 1.179866622953324082e+02 1.106142011405598709e+02 2.773291836495764073e+01 3.293639722242173717e-01 1.596178327623159763e-27 1.451036925519340048e-27 9.750247329500179115e-29 8.554210712833643093e-01
1.536262516748606588e+00 5.742182909293946125e+01 5.013637813231334661e+01 1.669352797399664468e+01 2.716357882916545230e-01 5.910301791079295443e-28 7.549588105833301483e-28 8.117657476460905353e-29 8.155473361818648126e-01
2.669718274782328482e+00 1.163886383363188415e+01 7.640465633550004299e+00 3.264329065754460579e+00 2.396144517048215961e-01 1.007710206327557209e-28 1.550309395785371726e-28 1.681984272581979402e-29 7.790053424827363404e-01
