# R (Mpc), rho (Msol/kpc^3), errup, errlow, std, pth (Msol/kpc/s^2), errup, errlow, std 
#  nprofs 271, average weighted mh 1346767793489.674072
6.706029110378903786e-04 2.231652000339451805e+07 3.283910985086181015e+07 3.326598363525254652e+06 3.367688504404238170e-01 4.937579135370386657e-23 2.176048267353990222e-23 2.176372987459023677e-24 7.033842704312883720e-01
1.165374294563389359e-03 1.027062992250607163e+07 1.312993875800858997e+07 6.114568497462987900e+06 4.089956112786184428e-01 1.735400788962013283e-23 7.199094571825871243e-24 1.107237292307854345e-24 7.822481079779584068e-01
2.025188414895478031e-03 5.589760751125849783e+06 4.726223388354856521e+06 1.917305740086435806e+06 3.529946545122039092e-01 4.959758268769036333e-24 1.947671359587179668e-24 3.854996060490487649e-25 6.503684869724081219e-01
3.519374105778993230e-03 2.307803531839329284e+06 1.457150782508198405e+06 5.658288309257973451e+05 2.510256001969652928e-01 1.174842759174150614e-24 5.620411385820418106e-25 9.162141101504054766e-26 5.017605571137205844e-01
6.115971237701829134e-03 8.693693402915154584e+05 5.695506330764201703e+05 2.368921318941584323e+05 2.223846765573889162e-01 9.026419122190599551e-25 5.320561324916195088e-25 5.266924972948871541e-26 5.686950760987111719e-01
1.062833988548557602e-02 3.600975853120120009e+05 2.310180123941106722e+05 1.262041964964506042e+05 2.336184594444511153e-01 1.001272506485273281e-24 5.956837653547180386e-25 1.838473237366028946e-25 5.966497049117432949e-01
1.846993786122688719e-02 1.332037917420209269e+05 9.183348374362173490e+04 5.375310945684680337e+04 2.589035283433669954e-01 8.755029239551561716e-25 6.058856022947924941e-25 1.153653450802111965e-25 5.294550087301623797e-01
3.209707332218952880e-02 4.258424660050363309e+04 3.016887064896852826e+04 1.621094079420726121e+04 2.773705383676831060e-01 4.810637356071191917e-25 4.032713705658078915e-25 5.750062553354633012e-26 5.461917438112323664e-01
5.577832061973046762e-02 1.365507995442898755e+04 1.115525486035711765e+04 4.032847263871987707e+03 2.914936631975740822e-01 2.237285119977574515e-25 1.882284837130615227e-25 2.342810182322859017e-26 5.635338249627420693e-01
9.693161179921591653e-02 5.535953912447673247e+03 4.351866660125951967e+03 1.431547665651702118e+03 3.095738773943164657e-01 1.299843974556681846e-25 7.450685306540321162e-26 1.061201393245456316e-26 6.054110475900326138e-01
1.684478353166902198e-01 2.454606624445890247e+03 1.847402986732749923e+03 5.635823984496707908e+02 3.423531834491827519e-01 5.128187004191634534e-26 2.048922341480658425e-26 4.445388908940853850e-27 6.397077135723492347e-01
2.927287878143824407e-01 8.960510255202134431e+02 5.770223860791747938e+02 2.108276802104564922e+02 3.403029003156392007e-01 1.681721909264682978e-26 5.734540696441412612e-27 1.300896663073595023e-27 6.671070866895800755e-01
5.087043300626336029e-01 2.520012568427097222e+02 2.030942531562374711e+02 8.021410855046713095e+01 3.128007526075494149e-01 2.724375716867873574e-27 2.552129101404664784e-27 3.478695509395598793e-28 6.830930626359771329e-01
8.840268063712417579e-01 1.183079738131286689e+02 1.177154757613052567e+02 3.855671728106020879e+01 3.374751339098236436e-01 1.137650454431672591e-27 1.739565438458389686e-27 1.840796479290614188e-28 7.863681896930478921e-01
1.536262516748606588e+00 6.157496754031026143e+01 4.904612531561500077e+01 2.745385036807930135e+01 2.972674367582098798e-01 6.130999590256875762e-28 7.132606715012795503e-28 1.482072713626559365e-28 7.836015510923772798e-01
2.669718274782328482e+00 4.517755605646890160e+01 2.677203048789881024e+01 1.954299311033885544e+01 2.652762897401710895e-01 7.854255252738003612e-28 4.919120517176071849e-28 1.685746898812842249e-28 7.794673565923341263e-01
