# R (Mpc), rho (Msol/kpc^3), errup, errlow, std, pth (Msol/kpc/s^2), errup, errlow, std 
#  nprofs 630, average weighted mh 1591871262777.100586
6.706029110378903786e-04 4.251146298977914453e+07 4.575950458955150843e+07 2.055453257506741583e+07 3.750545677400699551e-01 4.286930399639883498e-23 4.070733008411913411e-23 1.073525483405966711e-23 6.958412220533412018e-01
1.165374294563389359e-03 1.557202829289642535e+07 1.579373421758211032e+07 8.891924137892769650e+06 4.106412399403173707e-01 1.459397941113193337e-23 1.065453902039199470e-23 3.113172220413106005e-24 7.303140158513476976e-01
2.025188414895478031e-03 5.029403639210406691e+06 4.246529981534831226e+06 2.430272908580247778e+06 3.773463716251357347e-01 4.288693853410631547e-24 2.380393271093514154e-24 4.620516804315825291e-25 5.683758532970744071e-01
3.519374105778993230e-03 1.309627766325830016e+06 8.883583206754806451e+05 5.576130928650200367e+05 4.275347440381036535e-01 2.006514981201656072e-24 6.415708767177402093e-25 6.174790905414949257e-26 5.659595090807404416e-01
6.115971237701829134e-03 3.485977065233947942e+05 2.357351052431364660e+05 1.286056333829020150e+05 4.103846410145240431e-01 1.151549038048242039e-24 4.776051940741656193e-25 2.091946878474844972e-26 6.409037146546572306e-01
1.062833988548557602e-02 1.045183711195239448e+05 8.502699752581484790e+04 3.645327616921767913e+04 3.405251261443614785e-01 6.611414788015004387e-25 4.307289144039417228e-25 3.078563036510634473e-26 6.753924934228816568e-01
1.846993786122688719e-02 3.709501648176734307e+04 3.144308461339425048e+04 1.391866804539119039e+04 3.454218125322642829e-01 4.172175960169725984e-25 2.522439114378984188e-25 4.156003123144270695e-26 6.405535427525629322e-01
3.209707332218952880e-02 1.090351540979285528e+04 8.543152455790188469e+03 3.758236213835108174e+03 3.223571360968879307e-01 2.502576593407823203e-25 1.670317509737258817e-25 2.657710091891754295e-26 5.872612969269559446e-01
5.577832061973046762e-02 3.600677043914434307e+03 2.612113456867609784e+03 1.099707105029568083e+03 3.063354895902352104e-01 1.430749802811691036e-25 8.848290264285816644e-26 1.347366636219544760e-26 5.943464819712686031e-01
9.693161179921591653e-02 1.671283667637535018e+03 1.398363679137933786e+03 5.094607874041699915e+02 3.338220954662880491e-01 7.148392925073032409e-26 3.603275791725062195e-26 7.458096465865383653e-27 6.455634281612431247e-01
1.684478353166902198e-01 7.947627741669244870e+02 6.011127243385883503e+02 2.590608509957835963e+02 3.440388080911772617e-01 2.722601447983933647e-26 1.524271315940304605e-26 3.112260082754683684e-27 7.044040426634267105e-01
2.927287878143824407e-01 3.572818269578016270e+02 3.051930074338949339e+02 1.218825199227346729e+02 3.450435345965569001e-01 9.391705917761583830e-27 8.322200702328736939e-27 1.239171653140273992e-27 7.716417754719840927e-01
5.087043300626336029e-01 1.668230386805036574e+02 1.447101567922511833e+02 5.451650779564579352e+01 3.484863278844532175e-01 4.145287489497523585e-27 4.271191179490932055e-27 5.325127765887490590e-28 8.457321276255218567e-01
8.840268063712417579e-01 9.270957624722700530e+01 8.287116403466194470e+01 3.541689494228410950e+01 4.014108690800215484e-01 3.812857270366537358e-27 2.446367634072261405e-27 3.169650532864230525e-28 9.788570737285552381e-01
1.536262516748606588e+00 5.681821929067573507e+01 5.770757613125270069e+01 1.900097478486159375e+01 3.839440551419605607e-01 2.875481166563318856e-27 2.174152713239889835e-27 2.595233177020046647e-28 9.769173207168814210e-01
2.669718274782328482e+00 3.666882721426246405e+01 2.991238579406590503e+01 1.594924313033842012e+01 3.139995059804586153e-01 1.747633493487330648e-27 1.626583991699400649e-27 2.328512636797351175e-28 8.575422689248278774e-01
