# R (Mpc), rho (Msol/kpc^3), errup, errlow, std, pth (Msol/kpc/s^2), errup, errlow, std 
#  nprofs 275, average weighted mh 1987398424229.778564
6.706029110378903786e-04 2.479073111983837932e+07 2.605256614832496271e+07 9.248980436025284231e+06 3.515932200165288735e-01 1.091458038618596860e-23 1.645743754931681870e-23 4.047817172408885487e-24 6.490080237971626032e-01
1.165374294563389359e-03 1.102391446185266040e+07 1.116918353308918700e+07 6.851061635363114066e+06 3.870487482437736659e-01 8.326401318789837800e-24 6.301703123966728584e-24 1.784710074080558135e-24 7.458559218023301796e-01
2.025188414895478031e-03 4.363409350563001819e+06 3.914353907556546852e+06 2.082408009952582419e+06 3.637461210545421819e-01 2.656639533742984480e-24 1.724969540901023583e-24 4.132927940359516031e-25 6.174185783867226496e-01
3.519374105778993230e-03 1.807903739145563683e+06 1.329778139230253408e+06 6.767378814297933131e+05 2.973598891491452401e-01 7.463681625356368598e-25 6.276346668843634165e-25 1.104048796907012607e-25 5.016799189979626039e-01
6.115971237701829134e-03 6.653183039431018988e+05 5.538914734926002566e+05 2.445686872735576471e+05 2.726973638007861855e-01 9.952560238686020660e-25 5.149473399788837073e-25 6.249523623650585299e-26 6.166638197234705077e-01
1.062833988548557602e-02 3.079776135887366254e+05 2.324665651756444422e+05 1.185164768699992565e+05 2.747428833813383986e-01 9.242747548004537649e-25 7.602745091661375180e-25 1.534971980521232210e-25 6.403640629991679267e-01
1.846993786122688719e-02 1.183195593415612384e+05 7.389794121594616445e+04 5.063972290416027681e+04 3.141112655946077248e-01 1.003187967659988667e-24 5.189645961396800451e-25 1.160177874317092907e-25 5.701231399755701812e-01
3.209707332218952880e-02 3.850777027939121035e+04 3.301872791097243316e+04 1.291432911797983252e+04 3.077846386294782466e-01 6.371681857245030149e-25 3.036044052559194432e-25 6.189480296163136033e-26 5.867614611190028473e-01
5.577832061973046762e-02 1.304990765254173675e+04 1.062781116961438056e+04 4.120597673886843040e+03 3.016746572679090965e-01 3.568827525008324888e-25 1.564656612143499727e-25 3.042333106702932934e-26 6.036305005532325296e-01
9.693161179921591653e-02 5.534210443229446355e+03 5.053767658476488577e+03 1.404215507324995542e+03 3.313644394102291946e-01 2.156695085378752897e-25 8.125187492597953295e-26 1.085724961506356188e-26 6.464258178499252550e-01
1.684478353166902198e-01 2.627436948100812515e+03 1.868697407016138868e+03 4.479678298528008327e+02 3.532012004959255158e-01 9.520607688330215791e-26 2.981197412832107588e-26 3.164895856388474441e-27 6.786467322391334100e-01
2.927287878143824407e-01 1.029446707637093141e+03 4.651678973901463223e+02 1.621820997612509530e+02 3.451566230436189375e-01 2.920694239408952080e-26 5.456765096650768978e-27 9.063599458272614285e-28 6.945923158292730548e-01
5.087043300626336029e-01 2.985443815474038729e+02 1.451096410080880901e+02 5.235849420344902683e+01 3.135128568776482383e-01 5.362270293225182263e-27 1.567302574194855432e-27 2.357433844650040607e-28 7.059884233851980717e-01
8.840268063712417579e-01 1.019759957157681782e+02 8.592123482125795420e+01 2.778643166241230844e+01 3.314920287595735093e-01 1.573751836827747914e-27 9.247260335915877391e-28 1.089641015549540618e-28 8.244018724571737788e-01
1.536262516748606588e+00 6.487439532610842718e+01 4.497279951461211311e+01 1.806236859862044852e+01 3.325465474032519575e-01 3.537725281283612516e-27 8.319842785687042622e-28 9.313635991355159566e-29 9.063050777943206793e-01
2.669718274782328482e+00 4.285349676417864373e+01 2.763184489670739197e+01 1.140643037587492792e+01 2.954290735286072556e-01 2.467593992671041034e-27 6.940583877606500492e-28 7.146634686401387592e-29 8.952770995605613402e-01
