# R (Mpc), rho (Msol/kpc^3), errup, errlow, std, pth (Msol/kpc/s^2), errup, errlow, std 
#  nprofs 823, average weighted mh 1526697460987.940186
6.706029110378903786e-04 2.727785781426235288e+07 4.515737337364166975e+07 5.757759766880631447e+06 3.637496250060773262e-01 1.286088601565692944e-22 3.370489773663586572e-23 2.224228927211552977e-24 7.716446588258523143e-01
1.165374294563389359e-03 1.335426357715535164e+07 1.630872972844009474e+07 4.051387595173641108e+06 4.365902502355101800e-01 6.858099647988278793e-23 8.756073716701633094e-24 7.114451900795329409e-25 8.245984486468245223e-01
2.025188414895478031e-03 7.034062349179671146e+06 4.907380708279645070e+06 1.743613985141784884e+06 3.755587014769456444e-01 1.527781345652889915e-23 1.831613137749395634e-24 2.601322989182025130e-25 6.493512642419773107e-01
3.519374105778993230e-03 2.462479426909745671e+06 1.503254805906433845e+06 5.309579862331303302e+05 2.917436402900628334e-01 1.477226330520994300e-24 4.852165972108817454e-25 6.431896483195700198e-26 5.100588242417122276e-01
6.115971237701829134e-03 7.848827206487749936e+05 4.634773886600314290e+05 1.939953291341065196e+05 2.745494433830030223e-01 1.624355299388309991e-24 5.376746642006008024e-25 5.267344388635910461e-26 5.825946201573320993e-01
1.062833988548557602e-02 2.805087247284266632e+05 2.004872521960852318e+05 8.676561229636770440e+04 3.283667477789914968e-01 1.417792357054080853e-24 5.613072004436893427e-25 1.331065513004505499e-25 5.759520640901151234e-01
1.846993786122688719e-02 7.417682074029689829e+04 5.887811313913521008e+04 3.022503190034320141e+04 3.516225051290207682e-01 1.298957506052599146e-24 6.336649272311664780e-25 8.546455738628102718e-26 6.032532852101621934e-01
3.209707332218952880e-02 2.367784262508456959e+04 1.678785961956875326e+04 7.543435353937857144e+03 3.412866416862835872e-01 9.481552715172117268e-25 4.327215726085975678e-25 4.714088402118313482e-26 6.400137493225044327e-01
5.577832061973046762e-02 1.174869371953054178e+04 8.418329975541089880e+03 2.571964345827491343e+03 3.560955214673657276e-01 4.658024922353687651e-25 1.954262316733525492e-25 2.457064688498592935e-26 6.476326572297138595e-01
9.693161179921591653e-02 5.155020655351146161e+03 3.817578507039445412e+03 9.300611800324738851e+02 3.645125216859576023e-01 1.662482462999765076e-25 6.843053445359981476e-26 9.070235089077684522e-27 6.538875357792337528e-01
1.684478353166902198e-01 1.662346247177134956e+03 1.091757485978645491e+03 3.399507795069106919e+02 3.486618627224129519e-01 4.339372942975266880e-26 1.441202081976125326e-26 2.445518857049118019e-27 6.559585564778893652e-01
2.927287878143824407e-01 3.909994547553426969e+02 2.433541676284227719e+02 7.863788111618541166e+01 3.072953184953809425e-01 7.227022578965749886e-27 3.052276726042853886e-27 4.614404001985935360e-28 6.592967902882245212e-01
5.087043300626336029e-01 1.306147878761047139e+02 1.046322840113205359e+02 3.548581623579465827e+01 3.189588346381187489e-01 1.900550759286945860e-27 1.238751405529456148e-27 1.751407161660780159e-28 7.435165329815816015e-01
8.840268063712417579e-01 7.227450527569412486e+01 5.589973505280076438e+01 2.345278638505796920e+01 3.137205876673245242e-01 1.357803870413649028e-27 7.807724954684482488e-28 1.136432736086744669e-28 8.115232819453617186e-01
1.536262516748606588e+00 4.459989999043691711e+01 3.057621620680618690e+01 1.497746884726678473e+01 2.881135788051860103e-01 9.395141529690051952e-28 5.204860365520933416e-28 8.207584122382407390e-29 8.045602627598020806e-01
2.669718274782328482e+00 3.085486737220067255e+01 1.464861401529554286e+01 9.395406264967220977e+00 2.217213266359636670e-01 5.667624050571767244e-28 3.890392464702927177e-28 9.616760481277721845e-29 6.981525868934352896e-01
