# R (Mpc), rho (Msol/kpc^3), errup, errlow, std, pth (Msol/kpc/s^2), errup, errlow, std 
#  nprofs 697, average weighted mh 1890640550224.751221
6.706029110378903786e-04 2.315978626641375571e+07 3.457344785839582235e+07 8.543727732456697151e+06 3.596731746375977368e-01 9.870843579950636879e-23 2.387446625557669283e-23 3.812209315264527433e-24 7.489803486884697437e-01
1.165374294563389359e-03 1.057102732610931993e+07 1.235787477041077986e+07 5.263903720725167543e+06 4.183997596150397791e-01 3.466371457995014046e-23 7.502074442281230613e-24 1.066891445845938300e-24 8.090240374912420762e-01
2.025188414895478031e-03 4.548128696797070093e+06 4.025349309287888464e+06 1.670783990300251171e+06 3.671101233096054073e-01 5.522757258832520331e-24 1.499279287443805306e-24 2.475186130799839773e-25 6.428661646680254860e-01
3.519374105778993230e-03 1.447442055576364743e+06 7.514547993086336646e+05 4.292368656787930522e+05 2.907742627259768953e-01 1.472637080845035604e-24 3.525322817062776650e-25 5.074534322296519351e-26 5.370872599720877272e-01
6.115971237701829134e-03 3.803372650540631148e+05 1.901399269001669600e+05 1.101385846033904818e+05 2.412007866828851654e-01 1.203876751668605696e-24 3.336777079825109915e-25 2.167351262328056866e-26 6.373037822582359180e-01
1.062833988548557602e-02 1.019738852742216695e+05 5.883189936413604300e+04 2.719004440821930621e+04 2.438988343747015286e-01 1.210284033054732279e-24 5.249766170113917899e-25 3.488645897808022574e-26 6.948053594766471219e-01
1.846993786122688719e-02 3.000879729171839062e+04 1.787647881031319048e+04 9.177990609377720830e+03 2.689321550617197465e-01 8.609646259717319520e-25 3.963307710965265458e-25 4.061222311521185529e-26 6.707149429237633242e-01
3.209707332218952880e-02 1.118185449716801122e+04 8.574748399071333552e+03 3.272363585719970615e+03 3.268411389680361268e-01 5.714910386435620748e-25 2.603147924712208475e-25 2.657673565036392095e-26 6.757164010880182259e-01
5.577832061973046762e-02 5.869576642081908176e+03 4.582047067949806660e+03 1.319096261832140499e+03 3.753660992266594776e-01 3.610070596881397959e-25 1.556731612651097932e-25 1.458591296556984629e-26 7.041796176836890853e-01
9.693161179921591653e-02 3.366670737469222331e+03 2.774395037556083935e+03 5.965908908162284661e+02 4.042343398750674055e-01 1.819551107845569095e-25 6.512975307931938884e-26 6.387042131805218953e-27 7.375511946030318677e-01
1.684478353166902198e-01 1.606995255795059393e+03 1.109805406468248748e+03 3.024021314632577742e+02 4.237710059536186624e-01 6.408470176868222977e-26 2.046080169434822961e-26 2.581700790951259665e-27 7.700082167930449861e-01
2.927287878143824407e-01 5.672914854930028241e+02 3.367582422331162206e+02 1.191070726829879050e+02 3.839971696166440407e-01 1.525277043554433633e-26 5.367162029439127428e-27 8.919499348129411654e-28 7.500802599708107365e-01
5.087043300626336029e-01 1.826581497391944424e+02 1.377234457866218804e+02 5.336140928415122886e+01 3.326273649459576265e-01 3.486998325562330475e-27 2.438842868395672234e-27 3.255850441936939905e-28 7.468480403999440131e-01
8.840268063712417579e-01 8.897442472496460653e+01 7.386992568788019753e+01 2.926313229361521451e+01 3.556915532433931881e-01 2.422752156234574616e-27 1.838966900293317526e-27 2.030840529794230826e-28 8.688690853792151447e-01
1.536262516748606588e+00 5.452911664271137937e+01 5.447866487284368020e+01 2.140467816962494751e+01 3.513672533835360823e-01 1.757362101015107746e-27 2.344639599141754562e-27 1.857397040698500570e-28 9.595986079971955407e-01
2.669718274782328482e+00 3.371316966399446358e+01 2.373190553623081200e+01 1.411749255707781714e+01 2.456111190488299567e-01 8.545405991232552256e-28 1.398203639117620880e-27 2.494769511630209854e-28 7.669289093974472893e-01
