# R (Mpc), rho (Msol/kpc^3), errup, errlow, std, pth (Msol/kpc/s^2), errup, errlow, std 
#  nprofs 520, average weighted mh 1424986586446.128418
6.706029110378903786e-04 4.646430645569859445e+07 4.005471837485416234e+07 2.358692899832362682e+07 3.578288657336654022e-01 5.372658544819756235e-23 3.814064468896549075e-23 1.386975356481034772e-23 6.293125289859876625e-01
1.165374294563389359e-03 2.126499946782821417e+07 1.391349001439823583e+07 9.753020026674779132e+06 3.488242514506080805e-01 3.608352920883038663e-23 1.551085488007000674e-23 4.291830135526795266e-24 6.790929201021539408e-01
2.025188414895478031e-03 8.688753183830877766e+06 6.246979351878456771e+06 2.730804603460348211e+06 3.713225560588860885e-01 5.492906051815579655e-24 3.864632806329235414e-24 8.696905282143735631e-25 5.556045009863694872e-01
3.519374105778993230e-03 2.610586417281160597e+06 2.370870126769749913e+06 8.876114994844740722e+05 4.378099623041250554e-01 1.360177720786144358e-24 1.545496749920258424e-24 1.884781321348563307e-25 5.630855994230592465e-01
6.115971237701829134e-03 8.049724800538189011e+05 7.587670841439275537e+05 2.619442986119528068e+05 4.250806908134600604e-01 7.169826043426873229e-25 6.617265591699043828e-25 6.681479525670952027e-26 5.909817807968986703e-01
1.062833988548557602e-02 3.299838069524203893e+05 2.897580640094043920e+05 1.507656239811996347e+05 3.624873150958176082e-01 6.621154194758666409e-25 4.841796850127736779e-25 7.668974572925581741e-26 6.036988604338580089e-01
1.846993786122688719e-02 1.060429328522032883e+05 7.901909037799581711e+04 5.534262903616431868e+04 3.250727948367767017e-01 3.434980593488388406e-25 3.159737479314833573e-25 5.966956812360236547e-26 5.093211725393863576e-01
3.209707332218952880e-02 2.243740268362719871e+04 1.855051194494119409e+04 8.780291416951798965e+03 3.093391570174646721e-01 2.051838333810567453e-25 1.889288385476470833e-25 4.021389004789820277e-26 5.068548117634238404e-01
5.577832061973046762e-02 5.705088654446155488e+03 4.693071842137180283e+03 1.802350817329495840e+03 2.883791548240929870e-01 1.057550996368611646e-25 9.181177042807539879e-26 2.103989341898760856e-26 5.149702980520168838e-01
9.693161179921591653e-02 2.273738060881717502e+03 1.897459762991969455e+03 6.333387523397682344e+02 2.833024519391985629e-01 5.241919933502175840e-26 4.018582416907874200e-26 7.919255793849165686e-27 5.577456252236545620e-01
1.684478353166902198e-01 9.521877222093111186e+02 7.116880295820315041e+02 2.569332782157372890e+02 2.897870454477252111e-01 2.541625583262368444e-26 1.557115202541786785e-26 2.848337470206855023e-27 6.370332599109074234e-01
2.927287878143824407e-01 4.064284297643539503e+02 3.117900530236869372e+02 1.131546124884471283e+02 3.328640613568863427e-01 1.091879254941713773e-26 7.646705879322006005e-27 1.191509668151763320e-27 7.596920616085529598e-01
5.087043300626336029e-01 1.815409086665657412e+02 1.783097938447370723e+02 5.492495421307910419e+01 3.794207110597327404e-01 4.876638549143225036e-27 4.030225648640156846e-27 5.858176883589187394e-28 9.011086513836299439e-01
8.840268063712417579e-01 1.120326384363165459e+02 9.822343222990801337e+01 3.958011965130219068e+01 3.974691413358269476e-01 5.825337738692793121e-27 2.999437281559024841e-27 4.726839944192770259e-28 9.976023260196864584e-01
1.536262516748606588e+00 7.593104589761115619e+01 7.446006001547880260e+01 2.548918835688971285e+01 3.970723608304020380e-01 6.381951742262657851e-27 4.025083072610083537e-27 2.776806271555985711e-28 1.081700749092590286e+00
2.669718274782328482e+00 5.125901330210989926e+01 3.890899848983066533e+01 1.536562226429589018e+01 3.356859284353264639e-01 4.618798779951624040e-27 2.640574204855087920e-27 3.215715557533080914e-28 1.007434743390469345e+00
