# R (Mpc), rho (Msol/kpc^3), errup, errlow, std, pth (Msol/kpc/s^2), errup, errlow, std 
#  nprofs 314, average weighted mh 1621159537835.822754
6.706029110378903786e-04 3.255984848983591050e+07 3.320626881108355522e+07 1.363583842461282760e+07 3.479898897506076838e-01 2.876766790658505684e-23 3.031975226209899440e-23 6.289032458877327221e-24 7.268269026933374954e-01
1.165374294563389359e-03 1.318788898027064279e+07 1.115493059559088945e+07 6.381606466034617275e+06 3.538945830214489385e-01 1.177847262750015238e-23 7.157596761725848104e-24 2.232134453463314423e-24 6.992976755597262173e-01
2.025188414895478031e-03 5.014335205767070875e+06 3.663515356958041899e+06 2.303546131564929616e+06 3.782355927420398278e-01 2.667424130850109992e-24 2.755276660544686794e-24 4.765745183121213417e-25 6.217492574068997913e-01
3.519374105778993230e-03 1.459354742664694786e+06 1.004876935526875313e+06 5.561156568161532050e+05 3.270512101724362131e-01 9.411310539090360571e-25 7.090360640308164812e-25 7.178269346150404430e-26 5.405903154546670697e-01
6.115971237701829134e-03 4.344138855207095039e+05 2.415958366540719871e+05 1.437469256064144720e+05 2.554993441898344986e-01 6.486570133611511309e-25 5.238633770041288968e-25 3.962476434746267760e-26 6.116664836610040679e-01
1.062833988548557602e-02 1.567183830948519462e+05 1.074067416863217368e+05 4.923559201208259037e+04 2.579757538627057145e-01 5.752681471474170299e-25 5.134716469407476523e-25 1.025359033627534325e-25 6.379382833852139667e-01
1.846993786122688719e-02 5.837041221780222986e+04 3.642380982847350242e+04 2.146391137501921185e+04 2.911931122295744467e-01 4.842079449825858862e-25 3.277635804312196547e-25 7.970631083567330551e-26 5.717234238690646064e-01
3.209707332218952880e-02 1.995789927010693646e+04 1.379515243756971358e+04 7.127951958886973443e+03 3.195588129241925812e-01 3.408942441919277740e-25 2.204436806365726000e-25 3.609596748753479410e-26 5.644236786739819101e-01
5.577832061973046762e-02 7.116349988309472792e+03 5.889298319223335056e+03 2.355553747526048028e+03 2.990502232326058274e-01 1.971926199415103370e-25 1.381891504889798615e-25 1.589863317598012302e-26 5.886612430323691081e-01
9.693161179921591653e-02 3.489572907319728074e+03 3.138106588082370763e+03 9.420771639839906584e+02 3.173541555878937048e-01 1.247217849006079331e-25 6.373521313273965998e-26 7.086466299899031607e-27 6.392023777785197369e-01
1.684478353166902198e-01 1.661289305459584284e+03 1.285421018499395814e+03 3.883669542585876684e+02 3.517774166587847584e-01 5.705308558993782448e-26 2.320123614037023873e-26 2.396350982087381666e-27 6.936607624582634690e-01
2.927287878143824407e-01 7.299566477402622695e+02 5.008171520153012466e+02 1.595345589406939268e+02 3.511933225847651552e-01 1.858813651673848108e-26 5.913695407280416404e-27 9.352150519907300387e-28 7.012011091400532914e-01
5.087043300626336029e-01 2.833364469833316548e+02 1.421307779708111809e+02 7.008583958501913003e+01 3.197038692089712031e-01 4.575976517775608413e-27 1.618593030612079956e-27 3.331742692383893324e-28 6.898227267635688165e-01
8.840268063712417579e-01 1.053611909404503990e+02 6.287623640775629497e+01 2.819352042735955166e+01 3.030555206679783620e-01 1.473343283145830146e-27 8.931079146066534181e-28 1.248778204618935819e-28 7.454445575205126406e-01
1.536262516748606588e+00 5.553330388731158962e+01 4.613526635804512921e+01 1.615205445043245547e+01 3.159212346263958193e-01 7.885881591653939525e-28 7.262293792405847785e-28 7.000059078372548054e-29 8.570572085602847778e-01
2.669718274782328482e+00 2.302162971917724477e+01 2.055564392004738039e+01 8.231165088891787107e+00 2.675748064546682459e-01 2.743628995096599505e-28 3.854831775877424518e-28 4.660224782531592328e-29 8.053579424473386039e-01
