# R (Mpc), rho (Msol/kpc^3), errup, errlow, std, pth (Msol/kpc/s^2), errup, errlow, std 
#  nprofs 367, average weighted mh 1377193977182.434814
6.706029110378903786e-04 2.790018415179895610e+07 3.553516703699529171e+07 1.196535287943395600e+07 3.486828640316046446e-01 2.421585475119845891e-23 2.191960955507756595e-23 5.032361014192568180e-24 6.805020837337297790e-01
1.165374294563389359e-03 1.074581153625283577e+07 1.012814731112945825e+07 6.865771474485070445e+06 3.629265149496459508e-01 1.098142310901491903e-23 7.728572730186427307e-24 1.826308886774441759e-24 7.458824662048713083e-01
2.025188414895478031e-03 4.251757470170504414e+06 3.726399034489698708e+06 2.194814698058734648e+06 3.624909147848911495e-01 6.208078250005067719e-24 1.672990120174324723e-24 3.936278666459409472e-25 6.329496978531549134e-01
3.519374105778993230e-03 1.401335961846174905e+06 9.584805604225865100e+05 5.290736683007193496e+05 2.630554006939732070e-01 2.233894279725291317e-24 5.074081347855896006e-25 6.636765384297742260e-26 5.612355857221782429e-01
6.115971237701829134e-03 4.027456489768889151e+05 2.644993944471232826e+05 1.264431231443813886e+05 2.246817640750677358e-01 9.570411711897340115e-25 4.940513685830586002e-25 3.360327061557573404e-26 6.309900763470270846e-01
1.062833988548557602e-02 1.347620321152389515e+05 1.015651180967970577e+05 4.726098065142898849e+04 2.607615767111971516e-01 6.967041038100083862e-25 4.349039665061828294e-25 5.543877679828111106e-26 6.673848415092920039e-01
1.846993786122688719e-02 4.723930260242024815e+04 3.735582293184686569e+04 1.700114276126445475e+04 3.056885406901460045e-01 5.237606960291496508e-25 3.570293692203156751e-25 6.771156749820504843e-26 6.109555950829144155e-01
3.209707332218952880e-02 1.612604636820586893e+04 1.447415677102787777e+04 6.355509078692246476e+03 3.379641781214044460e-01 3.412449561314883143e-25 2.241553099727140103e-25 2.924096391572113221e-26 5.989202535498658886e-01
5.577832061973046762e-02 6.193868128154476835e+03 5.729844621980447300e+03 1.985772457348475200e+03 3.189414824736741538e-01 2.176999815023611829e-25 1.326952379490489816e-25 1.413890839368770694e-26 6.116414865856563132e-01
9.693161179921591653e-02 3.209860189047010863e+03 3.250661013547894981e+03 6.893012558165683004e+02 3.420277229097978822e-01 1.242852325602736406e-25 6.187059551739118840e-26 6.486844172325078478e-27 6.481267587826410326e-01
1.684478353166902198e-01 1.611408541683988233e+03 1.340315498369114493e+03 3.985037028728182804e+02 3.726671080505277178e-01 5.158159607641015062e-26 2.273737229211960041e-26 2.586118795296627806e-27 6.962342214071359781e-01
2.927287878143824407e-01 6.817283706103057739e+02 5.391435152973015192e+02 1.532841670574050568e+02 3.641976563530007760e-01 1.587159340556850235e-26 8.018609409233683505e-27 8.390598545783217654e-28 6.990905152343228623e-01
5.087043300626336029e-01 2.328728314193363644e+02 1.692931947643187414e+02 6.366507143107409661e+01 3.146446941697261801e-01 3.423472810304337441e-27 1.812493613410469717e-27 2.806138844009834500e-28 6.695296480677047635e-01
8.840268063712417579e-01 9.367766880722420808e+01 6.359616075964524384e+01 3.065602473473906286e+01 2.949753332323420407e-01 1.311193653176069543e-27 7.315001627656407379e-28 1.260822095909984112e-28 7.187108795321544008e-01
1.536262516748606588e+00 5.025207403914988902e+01 4.066878151761301297e+01 1.697338273857971203e+01 2.819478846542561867e-01 6.747768432706470938e-28 5.895763690559035612e-28 8.123577222236272911e-29 7.651844936291097854e-01
2.669718274782328482e+00 2.790914380749828894e+01 1.867294647479177172e+01 1.015737528826105063e+01 2.370983317857682238e-01 3.470018715019769169e-28 4.624189319019154426e-28 7.485424581495779327e-29 7.282142079687797809e-01
