# R (Mpc), rho (Msol/kpc^3), errup, errlow, std, pth (Msol/kpc/s^2), errup, errlow, std 
#  nprofs 348, average weighted mh 1484155217577.090820
6.706029110378903786e-04 5.049507947711379826e+07 4.588950778086065501e+07 2.342068601604777202e+07 3.580963974141552209e-01 5.442474228914858745e-23 4.413618099805945656e-23 1.414983272249372392e-23 5.895979567054056014e-01
1.165374294563389359e-03 2.296678774124041945e+07 1.724204695906810462e+07 1.019789726390892267e+07 3.702083620274116416e-01 2.468125266597639413e-23 1.495751985441894056e-23 5.160602649380766841e-24 6.363181451828127111e-01
2.025188414895478031e-03 9.420888175445821136e+06 7.129011116536365822e+06 3.760090455743936822e+06 3.579099406045559983e-01 1.842842278519856546e-23 4.747663130300959121e-24 1.398933588061257708e-24 5.788324790292939115e-01
3.519374105778993230e-03 3.221134882136907894e+06 2.709464566058930941e+06 1.147595580931974575e+06 4.089401212023413001e-01 5.476794146927550791e-24 1.536823769917040393e-24 2.905127065363012910e-25 5.608700302188155407e-01
6.115971237701829134e-03 1.203082007239372935e+06 8.874422828248653095e+05 6.284307478169088718e+05 5.493585525994391094e-01 2.400470497117152300e-24 7.392078475856026232e-25 1.525231975559352372e-25 5.825923894136859627e-01
1.062833988548557602e-02 4.824422130813498516e+05 3.117317395759754581e+05 2.657422320006308146e+05 4.629453606552082490e-01 9.628392074975798252e-25 5.925732243673678208e-25 1.470723961597245197e-25 5.493806427436996875e-01
1.846993786122688719e-02 1.506989237113846175e+05 1.206933663448352017e+05 7.154311644284545036e+04 3.298694087564891242e-01 7.770889431646159052e-25 3.457284291491233594e-25 1.090368652061543740e-25 4.819841544837671909e-01
3.209707332218952880e-02 3.536690776048628322e+04 2.839960211630205958e+04 1.190736297361721518e+04 2.904488616066379092e-01 3.713080060492068220e-25 2.294560520493724203e-25 4.942666428281377416e-26 4.756682882056397776e-01
5.577832061973046762e-02 1.067356746077058233e+04 7.920638556108668126e+03 2.787327209784147271e+03 2.830623650059041485e-01 1.684567060912119569e-25 1.083038665615445695e-25 1.749950028539536987e-26 4.912644929009927774e-01
9.693161179921591653e-02 3.601723410654426971e+03 2.639891637414139950e+03 8.637051643621821313e+02 2.699680325861596453e-01 8.280131510544088259e-26 3.713448891323398819e-26 6.870163269917930945e-27 5.139573344957811818e-01
1.684478353166902198e-01 1.332088352418524209e+03 1.039818925542799661e+03 3.319368879690372296e+02 2.783422473323385327e-01 3.309369722203764961e-26 1.443650062380991232e-26 2.564895717370040101e-27 5.890277148426709131e-01
2.927287878143824407e-01 4.969262647632490371e+02 3.748991822149783388e+02 1.194370020365055893e+02 3.032744198459193519e-01 1.126551391126421324e-26 7.106393809393716700e-27 9.119000190784415933e-28 6.908986615024187428e-01
5.087043300626336029e-01 2.260827274511881910e+02 2.258270381602996224e+02 5.918711507483330081e+01 3.681693722420438797e-01 4.225458981208971243e-27 4.647424824979677652e-27 3.653557384058596063e-28 8.323838278479110953e-01
8.840268063712417579e-01 1.216637139121767319e+02 1.484279645280100226e+02 3.302577246920002096e+01 3.913596239633543306e-01 2.585383342155937930e-27 3.257438828265789308e-27 2.035701288887061154e-28 9.281135252886009157e-01
1.536262516748606588e+00 7.127409291851732576e+01 9.355107058717837276e+01 2.253945264899634893e+01 3.666658701645838514e-01 1.684905025997234229e-27 2.166822025722843654e-27 1.866811810615990540e-28 9.371629928457710923e-01
2.669718274782328482e+00 4.194868208424208689e+01 4.692286083575923072e+01 1.105760408673938144e+01 2.957494628146311033e-01 9.624589518582029676e-28 1.810330746381355996e-27 1.099554068606453981e-28 8.625599407479593861e-01
