# R (Mpc), rho (Msol/kpc^3), errup, errlow, std, pth (Msol/kpc/s^2), errup, errlow, std 
#  nprofs 667, average weighted mh 1738475587772.476318
6.706029110378903786e-04 3.112007706334029138e+07 4.815926320181109756e+07 1.127658422852613218e+07 3.891258375283403459e-01 5.405079858386244030e-23 4.120748412606982663e-23 5.979014622290838782e-24 7.398233296836309592e-01
1.165374294563389359e-03 1.376664999012231454e+07 1.741493336333195493e+07 7.255539489927299321e+06 4.211352553607231042e-01 1.077315672489600034e-23 1.217328228529500296e-23 2.063539087931877237e-24 7.516523399589867260e-01
2.025188414895478031e-03 5.516825094673205167e+06 5.947023748968944885e+06 2.636598487917406484e+06 3.895630962653021667e-01 5.606487243706950575e-24 3.393876703173659765e-24 6.130180560926060986e-25 6.192395393356728839e-01
3.519374105778993230e-03 2.152501131460340694e+06 2.708700127433180809e+06 7.714717299760411261e+05 4.165529718567121398e-01 2.833967334169938232e-24 1.356823988393895648e-24 1.395679572254181572e-25 6.132571426768985701e-01
6.115971237701829134e-03 9.279293196619941154e+05 1.569794611109845107e+06 3.269808247702655499e+05 4.820564771663882753e-01 1.483632416406091124e-24 1.234436826688555235e-24 1.637097977410130670e-25 6.790873364979707061e-01
1.062833988548557602e-02 3.658498331124463002e+05 6.114646568261367502e+05 1.767622374233242590e+05 4.851719806824581482e-01 1.058400115799384014e-24 9.050621850292711671e-25 1.743589049191452589e-25 5.711913085785397248e-01
1.846993786122688719e-02 9.869472713936954096e+04 8.490207058432532358e+04 5.967111044760004006e+04 3.689423975358779861e-01 6.806963103445147143e-25 7.284521127740362192e-25 1.147948016952730750e-25 5.705252088148550227e-01
3.209707332218952880e-02 2.339385925883149685e+04 2.688501744385751954e+04 9.558610957597727975e+03 3.734456665260760810e-01 3.184620429332804246e-25 3.619162033095146699e-25 5.600178744367865817e-26 5.493931524379181974e-01
5.577832061973046762e-02 6.286648819406208531e+03 6.730442913130496891e+03 2.328036670052253157e+03 3.256433619064091900e-01 1.506635739318214095e-25 1.419565517922171860e-25 2.306459428732127091e-26 5.426775301381172589e-01
9.693161179921591653e-02 2.296946793350617099e+03 2.097030440854256994e+03 7.262899292745591993e+02 2.910744119731732416e-01 6.802655401798981911e-26 4.730715553522676039e-26 8.791138296278450425e-27 5.853405631210051308e-01
1.684478353166902198e-01 8.942816798715347204e+02 6.352437551271322036e+02 2.197888725791754041e+02 2.940831376931308250e-01 3.098086556494388317e-26 1.493861716391817626e-26 2.246433452751380224e-27 6.786079107929040566e-01
2.927287878143824407e-01 3.566530025108912696e+02 2.397690051189620419e+02 9.160373142826210824e+01 3.537197806973846337e-01 1.308257062436476977e-26 6.175969567888645926e-27 7.427081249977119209e-28 8.274017972333596038e-01
5.087043300626336029e-01 1.717346950068061631e+02 1.631976010446450687e+02 4.075959616482192871e+01 4.309233566715892083e-01 1.125715117051219066e-26 3.987527636278456777e-27 2.933959136422087440e-28 9.957548294853035831e-01
8.840268063712417579e-01 9.671841654109820752e+01 7.696763287735721804e+01 2.394931194799067598e+01 4.395908730814440113e-01 9.942125253413048133e-27 2.164308053650183859e-27 2.006308779008527872e-28 1.065924786553779757e+00
1.536262516748606588e+00 5.598720068152744034e+01 4.823888024414754483e+01 1.636813462288536414e+01 4.120113581709410888e-01 5.539610677345116150e-27 2.393143845371107966e-27 1.700319189208039544e-28 1.089682300713036511e+00
2.669718274782328482e+00 3.881908342516727117e+01 3.140896190808442867e+01 1.303063634352294464e+01 3.635072365498908664e-01 4.433134422245995669e-27 2.648715039612481137e-27 2.206821316207591672e-28 1.032276814111662278e+00
