# R (Mpc), rho (Msol/kpc^3), errup, errlow, std, pth (Msol/kpc/s^2), errup, errlow, std 
#  nprofs 378, average weighted mh 945359990647.501953
6.706029110378903786e-04 7.672803608189177513e+07 4.633209608308751881e+07 3.520456084764543176e+07 3.753183814508585514e-01 1.578681079312668093e-22 8.349876395467289252e-23 2.800546364313959585e-23 6.587728599649466110e-01
1.165374294563389359e-03 3.110222830257576331e+07 2.063299125513914600e+07 1.222799321127646789e+07 3.673711205435620242e-01 5.538121760601452546e-23 4.057957689664450848e-23 7.913437585040415964e-24 6.163543712640312533e-01
2.025188414895478031e-03 1.237273160746492818e+07 9.359281304024768993e+06 4.058165467731216922e+06 3.800330090719138965e-01 9.261483855357144157e-24 8.518975737565215395e-24 2.095345027859830517e-24 5.363848691229983201e-01
3.519374105778993230e-03 3.278589993792074732e+06 2.658785478803040460e+06 1.167118157789800316e+06 5.058139290901969565e-01 2.021720635400801828e-24 1.828425335607230763e-24 4.184913370470696822e-25 5.236861340264038489e-01
6.115971237701829134e-03 8.560837632791125216e+05 6.777158146661423380e+05 3.594132608257681131e+05 4.739523687879634850e-01 8.398733522486840766e-25 7.211853319751607618e-25 1.476051976987592575e-25 5.289701569588247665e-01
1.062833988548557602e-02 3.176050366073437035e+05 2.497728324161903583e+05 1.502623313846007804e+05 4.085464423021247793e-01 5.523026456951499622e-25 3.059995564193407834e-25 1.018483962271466902e-25 5.297941704328723578e-01
1.846993786122688719e-02 1.027577612075263023e+05 6.871526255057637172e+04 4.781924141700889595e+04 3.287901767023658772e-01 3.031227765061842540e-25 2.743425670521134655e-25 5.951828006908009224e-26 4.983397944623564890e-01
3.209707332218952880e-02 2.412140855947914315e+04 2.138811310346006940e+04 9.208481535241860911e+03 3.001195401628828363e-01 1.748267595116371409e-25 1.537613610428517667e-25 3.529712441714548812e-26 4.662247832675184833e-01
5.577832061973046762e-02 6.398204938844244680e+03 4.518111025603777307e+03 2.268348717585822214e+03 2.517750195201004515e-01 9.471122470783190805e-26 7.167461557302095239e-26 1.827315255849995916e-26 4.620026795105751094e-01
9.693161179921591653e-02 2.624365847180558831e+03 2.007405824810545482e+03 8.495367657107717605e+02 2.586983758310389403e-01 3.988090585668408104e-26 3.426934392387391920e-26 7.650402547416779797e-27 4.955196156792740503e-01
1.684478353166902198e-01 1.061148729754536134e+03 7.805658120158039992e+02 3.392590839557458366e+02 2.696298253722926308e-01 1.562532060938648797e-26 1.297484433258846722e-26 2.565002478677932399e-27 5.701557860067347772e-01
2.927287878143824407e-01 4.087192597075388676e+02 2.912077323014304397e+02 1.363372872945955692e+02 2.658189796951468953e-01 5.658876556889163608e-27 4.539382773901315549e-27 7.280846808564830731e-28 6.187004917667476844e-01
5.087043300626336029e-01 1.736044733703715792e+02 1.395738204964800389e+02 5.343824715480684517e+01 2.728422217919790338e-01 1.877798139338245662e-27 1.882672198219686890e-27 1.868210670769197234e-28 6.816819567478366038e-01
8.840268063712417579e-01 8.552806304872773069e+01 6.896798495945573393e+01 2.861257726640673127e+01 2.891848553079883200e-01 9.693952499459481267e-28 9.761277353178997581e-28 8.678648400973560521e-29 7.801474391534817254e-01
1.536262516748606588e+00 4.838303046797319240e+01 3.443029242536530177e+01 1.737340422067442347e+01 2.601336839999760508e-01 4.592170089301617080e-28 4.171197227724728261e-28 8.334031094967370527e-29 7.767832619249023240e-01
2.669718274782328482e+00 1.370948264810872530e+01 8.307927664870238260e+00 4.656145870180859347e+00 2.119970711228867655e-01 9.578913861286770334e-29 1.047736721704385919e-28 2.814768698660108833e-29 6.739840714861942139e-01
