# R (Mpc), rho (Msol/kpc^3), errup, errlow, std, pth (Msol/kpc/s^2), errup, errlow, std 
#  nprofs 552, average weighted mh 1668243659674.343506
6.706029110378903786e-04 3.978676131679362059e+07 4.529559016953039169e+07 2.038029012144447863e+07 3.852513022767419804e-01 6.814509546844743782e-23 3.954602972038876723e-23 1.163687842309780333e-23 7.171942058211261406e-01
1.165374294563389359e-03 1.603115262120128423e+07 1.568264658286255598e+07 9.408610438749318942e+06 3.913168554317667525e-01 1.311875085967231620e-23 1.255159843837570390e-23 3.491125043327862799e-24 7.393994512628772053e-01
2.025188414895478031e-03 6.478859948064032942e+06 5.032370880798768252e+06 2.489772083426791243e+06 3.234757337870216576e-01 4.774435451562935975e-24 2.846848187993147444e-24 6.174428573997508951e-25 5.645538442179801608e-01
3.519374105778993230e-03 1.948635759104137542e+06 1.510214974673207151e+06 5.101082620800987352e+05 3.581990353344149947e-01 2.931937644044870154e-24 9.415447105790856966e-25 1.019334053354454094e-25 5.500312682839247902e-01
6.115971237701829134e-03 5.384959727313617477e+05 3.990848750690821325e+05 1.774808832541824086e+05 3.479583333763693331e-01 9.148671776109384909e-25 5.855084081152400174e-25 5.181158839985689290e-26 5.977172565018511463e-01
1.062833988548557602e-02 1.796927562651165354e+05 1.511622100824578083e+05 7.012997914789392962e+04 3.156903570432283979e-01 5.792300234475030759e-25 4.200808649808287044e-25 1.217741210583091802e-25 6.176067530599420596e-01
1.846993786122688719e-02 5.521625049674254115e+04 4.749559437487434479e+04 2.343035585029723370e+04 3.236296912088575395e-01 4.237611265206369025e-25 3.717186325594115600e-25 7.453569227269162994e-26 5.769509595245717604e-01
3.209707332218952880e-02 1.507079001084314405e+04 1.300557720629279720e+04 5.792460482549904555e+03 3.125113981038201150e-01 2.757575790372883703e-25 2.438870691266719994e-25 3.279853722379920199e-26 5.601442048295492970e-01
5.577832061973046762e-02 6.165766524183935871e+03 5.459765717293605121e+03 2.257206734176514146e+03 3.140039959048346319e-01 1.711706450409235340e-25 1.386459658107630250e-25 1.886713873822464771e-26 5.898174295873004347e-01
9.693161179921591653e-02 3.028667722067267277e+03 2.748249630614465786e+03 9.096906618862039977e+02 3.291544896415597443e-01 9.663011607218780009e-26 5.997167630223032373e-26 7.756225851145140871e-27 6.348843947523166165e-01
1.684478353166902198e-01 1.348503789054572508e+03 1.082183106081593451e+03 3.444434719419011230e+02 3.390689233912561606e-01 4.006962933010351287e-26 2.119821857662265007e-26 2.579868126504600506e-27 6.728203975530776537e-01
2.927287878143824407e-01 5.334917345492719960e+02 3.628802914558406201e+02 1.325003908348767823e+02 3.273144073726212411e-01 1.243024615219236333e-26 4.875537983500491934e-27 8.295506808514661911e-28 7.050089433633658365e-01
5.087043300626336029e-01 1.929847644130684614e+02 1.386140177357851258e+02 5.194373194099415514e+01 3.199456577848768801e-01 3.241437740569958604e-27 2.787678193051503491e-27 3.028530128007096915e-28 7.695880979724099014e-01
8.840268063712417579e-01 8.849537958646550351e+01 8.312474469496525842e+01 2.785196038214964176e+01 3.368043400792872233e-01 1.450849574553355858e-27 1.539770600627236048e-27 1.341923480999388366e-28 8.895528488546052825e-01
1.536262516748606588e+00 5.464452224254985424e+01 4.570306944069516675e+01 1.950096353109228176e+01 3.003323040565133994e-01 9.180840869956327518e-28 1.107566402120380822e-27 1.341091470800027291e-28 8.683710569062824680e-01
2.669718274782328482e+00 3.690780508003943083e+01 2.580521691327890110e+01 1.318438649487589132e+01 2.469985330407126201e-01 5.655163239235711549e-28 7.818645424012104163e-28 1.353796167194611136e-28 7.554100899824808257e-01
