# R (Mpc), rho (Msol/kpc^3), errup, errlow, std, pth (Msol/kpc/s^2), errup, errlow, std 
#  nprofs 708, average weighted mh 1315450978372.554688
6.706029110378903786e-04 3.746777904304974526e+07 4.449607799572801590e+07 1.664190182174879499e+07 3.934455878645322091e-01 5.523678717620473490e-23 4.524663179740391965e-23 7.575134207374846872e-24 7.382455668899091661e-01
1.165374294563389359e-03 1.539380210543072782e+07 1.498835023177262209e+07 7.702509319665060379e+06 3.896419072055155031e-01 2.258557801605644321e-23 9.839810714102833763e-24 2.674587083714830614e-24 7.535492231882553460e-01
2.025188414895478031e-03 6.117177330304782838e+06 4.629928226369524375e+06 2.374346403920302168e+06 3.637341531381045878e-01 4.278129912041783888e-24 2.739684305865592062e-24 4.929391655258562159e-25 6.021671342132323135e-01
3.519374105778993230e-03 1.750884452463007066e+06 1.363904461228424683e+06 4.781575637569288956e+05 3.127330228322485195e-01 1.287957882607482947e-24 5.306834416389118197e-25 7.188399385637757240e-26 5.104013701851839446e-01
6.115971237701829134e-03 4.666674961211734335e+05 3.795843351472839713e+05 1.307627892727002036e+05 2.808318476805043984e-01 7.762375991125089096e-25 4.061554997625248765e-25 3.256870800209837911e-26 5.959249661358414496e-01
1.062833988548557602e-02 1.378111404929203854e+05 1.251076473861304257e+05 4.289631255903940473e+04 2.822615531444097603e-01 6.190494108287283737e-25 4.326771540462069641e-25 7.971500943314924123e-26 6.241717808697354597e-01
1.846993786122688719e-02 4.187637979801263282e+04 3.717152886440456496e+04 1.637298009096020905e+04 3.125788660288218446e-01 4.590191976670281025e-25 3.932104814486996963e-25 5.570378821179648263e-26 5.788592235655750651e-01
3.209707332218952880e-02 1.241862771089372472e+04 1.329307534120808486e+04 4.163155624678092863e+03 3.314724659743802371e-01 2.926612332372770285e-25 2.867214498397626831e-25 2.727707790549194253e-26 5.854967484601979466e-01
5.577832061973046762e-02 5.371368077780361091e+03 5.813945468612815603e+03 1.592426540247362482e+03 3.294828920273635831e-01 1.621017731226420463e-25 1.379430321677436463e-25 1.575347478352794270e-26 6.014013102733630767e-01
9.693161179921591653e-02 2.653227320992239129e+03 2.652974452661013402e+03 6.794268541333706253e+02 3.380768778320962786e-01 7.525484042986631931e-26 5.565342844003700270e-26 6.397245621879410051e-27 6.268358371289983744e-01
1.684478353166902198e-01 1.120064909322252788e+03 9.634405962997577717e+02 2.629235319249631857e+02 3.351929947194956516e-01 2.673618155469898282e-26 1.619085134610592646e-26 1.932111308515623937e-27 6.485314169813473084e-01
2.927287878143824407e-01 4.020114783338591451e+02 2.649488643710220686e+02 1.068792221446548467e+02 3.038140525291188054e-01 7.472796682397631919e-27 3.915408494317307864e-27 6.190745935474079082e-28 6.577118868383415862e-01
5.087043300626336029e-01 1.520543551567523934e+02 1.053885298080955408e+02 3.952831518744051920e+01 3.154705193767934901e-01 2.605760436537597859e-27 1.684492000679937528e-27 2.042812940025106518e-28 7.436741819128435127e-01
8.840268063712417579e-01 7.659335850470412765e+01 6.502357119115069395e+01 2.073026291191795778e+01 3.392984165845711608e-01 1.917337464354973541e-27 1.064028805708070209e-27 1.143600577338278822e-28 8.780901789103047195e-01
1.536262516748606588e+00 4.654465267320568245e+01 3.545673464262646490e+01 1.437088034745796961e+01 2.971953305784367227e-01 1.025533272218287435e-27 8.261425333038158169e-28 1.062998795989983592e-28 8.511991278526672700e-01
2.669718274782328482e+00 3.409168851355165941e+01 2.343658301431898749e+01 8.399576844536934317e+00 2.457240367693376837e-01 6.882142170856324588e-28 9.152785098465759369e-28 1.017800708481884399e-28 7.412951076588393251e-01
