# R (Mpc), rho (Msol/kpc^3), errup, errlow, std, pth (Msol/kpc/s^2), errup, errlow, std 
#  nprofs 603, average weighted mh 1776061275349.674805
6.706029110378903786e-04 3.297723830879049003e+07 4.635758101838200539e+07 1.336031044845541939e+07 3.796808759841651670e-01 5.851008285334188078e-23 3.781745806593374949e-23 5.890616355327804659e-24 7.141360265281009312e-01
1.165374294563389359e-03 1.559581514973931387e+07 1.562323246162933670e+07 8.323915158523614518e+06 3.949368662715136424e-01 1.989369646177836247e-23 9.301228142180018951e-24 2.846292640310715526e-24 7.270825631080914953e-01
2.025188414895478031e-03 6.606073769616135396e+06 5.396102292015484534e+06 2.668107974921936169e+06 3.854427458472193813e-01 4.445401035690763508e-24 3.236539956321430026e-24 7.015017155265143661e-25 6.173897407020024763e-01
3.519374105778993230e-03 2.443607997969539370e+06 2.455303704210147727e+06 8.502023309904232156e+05 4.233067479642110831e-01 1.780913492939898667e-24 1.331575377727176892e-24 1.392170063698771052e-25 5.801956313261360521e-01
6.115971237701829134e-03 8.849936976681430824e+05 9.490824212576234713e+05 3.404600271858001943e+05 4.707651387795902531e-01 1.127363659169810996e-24 8.223878234173614297e-25 6.581931104025771464e-26 6.471000676611524671e-01
1.062833988548557602e-02 3.430698970311773592e+05 3.743505859399174806e+05 1.851992373065737484e+05 4.546258178728240229e-01 8.048285983084745709e-25 5.547627452262164823e-25 1.038261878367326447e-25 5.611050985742764841e-01
1.846993786122688719e-02 1.005742871393462556e+05 1.004612378686836309e+05 5.112196258454326744e+04 3.726723789028950073e-01 6.097295465805206153e-25 5.287310378039856698e-25 9.769674967561346170e-26 5.278129883575756187e-01
3.209707332218952880e-02 2.204232585540986474e+04 1.998194730526903732e+04 8.065989170037850272e+03 3.207995351610176127e-01 3.637012474015251008e-25 3.234593576991224268e-25 5.048861151191957466e-26 5.372724676807647537e-01
5.577832061973046762e-02 7.123098819299953902e+03 6.692027089704921309e+03 2.124772952225157951e+03 3.134321449023337314e-01 1.841602287786692292e-25 1.512841040457811880e-25 1.981784493264650810e-26 5.496637270028430500e-01
9.693161179921591653e-02 3.085714140320914339e+03 2.656920099320409918e+03 8.313811433480418600e+02 3.155673475284212492e-01 8.270894867362225183e-26 6.720360498236747488e-26 8.500064790771428324e-27 5.957696053622189014e-01
1.684478353166902198e-01 1.156539381097317346e+03 9.477761386720824248e+02 2.811820964295783369e+02 3.193668209941607494e-01 3.289814815907474884e-26 2.080410028569466277e-26 2.512146206313595364e-27 6.757908355166875047e-01
2.927287878143824407e-01 4.340090612702409203e+02 3.777691353050231555e+02 9.669166171272790677e+01 3.510272088131525248e-01 1.205933997682768462e-26 7.718775549575231153e-27 7.332344690853365636e-28 8.001349935498077715e-01
5.087043300626336029e-01 1.823286459133720143e+02 1.966262208125930613e+02 4.366831060153131716e+01 4.158924959638015673e-01 5.472049629829394181e-27 4.142357209613698282e-27 3.308748952775241302e-28 9.554742682970602807e-01
8.840268063712417579e-01 1.000704320739563684e+02 1.088563780361103994e+02 2.852635352457561169e+01 4.354967937721519466e-01 5.457096689809948216e-27 2.688193347107530429e-27 2.110796671894842141e-28 1.040691623154563761e+00
1.536262516748606588e+00 5.706934257906982566e+01 5.985655272514259195e+01 1.687328722868763009e+01 3.995484106182717876e-01 2.890232717702890443e-27 1.973449595316920134e-27 1.785320120324015140e-28 1.013781630095053288e+00
2.669718274782328482e+00 3.554986710189321997e+01 3.157738895495064924e+01 1.474731143257213617e+01 3.251922490058152815e-01 1.487491640729908783e-27 1.244523969980422480e-27 2.214764874089585771e-28 8.972095037114327098e-01
