# R (Mpc), rho (Msol/kpc^3), errup, errlow, std, pth (Msol/kpc/s^2), errup, errlow, std 
#  nprofs 710, average weighted mh 1203976823211.707764
6.706029110378903786e-04 3.845521700198997557e+07 3.842822573065353185e+07 1.952283338829174638e+07 3.788850946311225210e-01 3.159915474868980128e-23 3.096601944655751462e-23 1.024471164566645513e-23 6.900932655784145497e-01
1.165374294563389359e-03 1.573318717684896477e+07 1.241729777568544820e+07 9.306025407413471490e+06 3.792090926760540159e-01 1.094184573313706742e-23 1.019640466096259234e-23 3.535915009988607854e-24 6.921615861881603715e-01
2.025188414895478031e-03 5.448446700458874926e+06 4.437351995602669194e+06 2.699679513322017156e+06 3.612652422279734599e-01 2.575673468515151057e-24 2.431534125104507910e-24 6.160278833968275706e-25 5.801472201171302689e-01
3.519374105778993230e-03 1.580020442167028086e+06 1.070558411157562397e+06 6.134440944674971979e+05 3.513273051966787075e-01 9.468484672820579392e-25 7.533591016124974069e-25 9.248392265081030098e-26 5.399110311031901643e-01
6.115971237701829134e-03 4.008988371123760007e+05 2.415364258752649184e+05 1.473633695671266178e+05 3.197692544555632010e-01 5.674576412339802617e-25 3.877249148408887876e-25 3.382574466444508726e-26 5.933230112553308233e-01
1.062833988548557602e-02 1.216504981367845758e+05 8.316847753298177850e+04 4.466519530526556628e+04 2.783773588646171748e-01 4.496445077264517006e-25 4.236411610994554814e-25 4.558165122756022770e-26 6.526926839813778081e-01
1.846993786122688719e-02 4.239538077028028056e+04 3.310732181725576083e+04 1.469311901396132453e+04 2.797616526997699360e-01 3.051493660299920665e-25 3.080419213652314524e-25 5.421557531177605059e-26 6.032913925442382475e-01
3.209707332218952880e-02 1.227004607188468617e+04 8.594267739856886692e+03 4.639928026364821562e+03 2.919440582805271078e-01 1.840120983656989808e-25 2.015541111180121117e-25 2.742852953604837199e-26 5.663197578341863103e-01
5.577832061973046762e-02 4.140733591980279016e+03 3.374761061499845255e+03 1.551160767919037880e+03 3.139590388755028050e-01 1.048885872240435215e-25 1.008033684939867954e-25 1.350386685279046108e-26 5.864629046035318982e-01
9.693161179921591653e-02 1.937242643254868881e+03 1.882640750521514292e+03 7.243593383664278917e+02 3.298943473597245601e-01 4.991127293955365785e-26 3.927731019241251412e-26 6.770783402635152858e-27 6.144825873160862928e-01
1.684478353166902198e-01 8.673332976562958265e+02 9.069600562872392402e+02 2.980227604117859528e+02 3.428028168644882689e-01 1.965509920845589303e-26 1.363979177076773391e-26 2.418043684239788069e-27 6.577023933239298792e-01
2.927287878143824407e-01 3.688904379171107166e+02 2.824057666999796083e+02 1.172211508964208520e+02 3.279758076978273595e-01 6.694271849686153454e-27 4.575026438608990967e-27 7.323550624286511996e-28 6.807398929768343487e-01
5.087043300626336029e-01 1.604540183154356896e+02 1.297529711112661346e+02 4.702188241479279895e+01 3.170088183295967643e-01 2.668354380152464599e-27 1.906575893273897883e-27 2.601796089180332815e-28 7.141606780751008632e-01
8.840268063712417579e-01 7.249589384690594329e+01 6.967962263789564759e+01 2.621077343521773884e+01 3.255241734786833985e-01 1.003002830127558659e-27 1.184787583059249314e-27 1.548107469405234642e-28 8.084871956439139140e-01
1.536262516748606588e+00 4.667475097125523575e+01 3.618111414465440845e+01 1.773847181129954365e+01 3.141371762753631947e-01 1.219927998883099833e-27 8.536475551117496272e-28 1.365212469699787055e-28 8.762358817029510805e-01
2.669718274782328482e+00 3.201678670366977997e+01 2.398063930722640436e+01 1.249702764666515264e+01 2.424048898179658740e-01 6.390393988800030639e-28 8.494230063378970183e-28 1.355801926804442121e-28 7.645248407496458842e-01
