# R (Mpc), rho (Msol/kpc^3), errup, errlow, std, pth (Msol/kpc/s^2), errup, errlow, std 
#  nprofs 486, average weighted mh 1267834121364.425537
6.706029110378903786e-04 5.572100196125973016e+07 4.564161608436202258e+07 3.091594614345289022e+07 3.566047372480040112e-01 8.095197606265973697e-23 5.041579105383015602e-23 1.804335064380629228e-23 6.180271851139914618e-01
1.165374294563389359e-03 2.630659769058758765e+07 1.556506007427141070e+07 1.288867063365698978e+07 3.212339843524720795e-01 3.370746823580598942e-23 1.646919274961405122e-23 7.587226244067471074e-24 6.158386439350659325e-01
2.025188414895478031e-03 1.065758077394923754e+07 7.799744715362174436e+06 3.763825963522351347e+06 3.676474560828641991e-01 6.980205045972324027e-24 6.593033326329214688e-24 1.464054281513780307e-24 5.762948417335196361e-01
3.519374105778993230e-03 3.169949147029303946e+06 2.410064607344344258e+06 1.143814268908074824e+06 4.778710981488674681e-01 1.173844976497147551e-24 1.452167525004602562e-24 2.940837492797704163e-25 4.943995218211714171e-01
6.115971237701829134e-03 9.707369354801877635e+05 8.316522820647754706e+05 4.508021807538193534e+05 5.349918955692488653e-01 5.992223581478849714e-25 5.408972835034587109e-25 9.314541717299245590e-26 4.932336269938598639e-01
1.062833988548557602e-02 3.807202487733403686e+05 2.965005410701758228e+05 2.148276835399537813e+05 5.431559436609930680e-01 3.211964313138697020e-25 3.024827084591290994e-25 7.849501210314438615e-26 4.733498290708479384e-01
1.846993786122688719e-02 1.204620093633382930e+05 9.227713031232572393e+04 7.290165716339631763e+04 4.494343716377016684e-01 2.288607650323822538e-25 1.935476141327066018e-25 6.855663618392891152e-26 4.372626658092466645e-01
3.209707332218952880e-02 2.504049473091817345e+04 2.159844261844295033e+04 1.027262522835294112e+04 3.334848272255869217e-01 1.388919727376716754e-25 1.174473501657411930e-25 3.561202733027216691e-26 4.133361925986775431e-01
5.577832061973046762e-02 5.882658790354744269e+03 3.906924215177538827e+03 2.043512704783979643e+03 2.573308277790516407e-01 7.907901447825860572e-26 5.818411348756065882e-26 1.716113459386234385e-26 4.241038900870133799e-01
9.693161179921591653e-02 2.307818702129292888e+03 1.513374347163342691e+03 7.142148666373518608e+02 2.578920215044681052e-01 3.949110505284033952e-26 2.846060123903636749e-26 6.235268536526434251e-27 4.748312815680268417e-01
1.684478353166902198e-01 9.406942648123060735e+02 6.349455155764055689e+02 2.608779471271371904e+02 2.588704588265844930e-01 1.884861676167446356e-26 1.183983014831876113e-26 2.299733883435884813e-27 5.560839030941774341e-01
2.927287878143824407e-01 3.410727733547198568e+02 2.458208629121479589e+02 1.010431938753615952e+02 2.767111897943922982e-01 6.831892509684062071e-27 6.241194871378809858e-27 8.363247162248527993e-28 6.756518833004051539e-01
5.087043300626336029e-01 1.587323628170592258e+02 1.532496659508614130e+02 4.768797809167636359e+01 3.257041733650971049e-01 2.910957428564455930e-27 3.066245842074941185e-27 4.110309840219380389e-28 7.925931108336716768e-01
8.840268063712417579e-01 8.973249789549765865e+01 7.735094003772567817e+01 3.106904875857488335e+01 3.304746517349363977e-01 1.696834231560774971e-27 1.490054520562843596e-27 3.289261678852611840e-28 8.313452582662880230e-01
1.536262516748606588e+00 5.409639950542555908e+01 3.973947199823228260e+01 2.172997673917018346e+01 2.898857840477593317e-01 9.522838953860865564e-28 1.014953703878744531e-27 2.330035521406968960e-28 7.789658181519738545e-01
2.669718274782328482e+00 1.982903995138407893e+01 1.200372060902627069e+01 7.615395953476769009e+00 2.560301678237338896e-01 3.379447094324215289e-28 3.229617161294043874e-28 9.695999155065780124e-29 7.392520996340522510e-01
