# R (Mpc), rho (Msol/kpc^3), errup, errlow, std, pth (Msol/kpc/s^2), errup, errlow, std 
#  nprofs 562, average weighted mh 1870521401251.828125
6.706029110378903786e-04 4.528424593536491692e+07 4.940802734171020985e+07 1.696294171483349055e+07 4.034776508385392590e-01 5.542942255627689141e-23 4.930585568840587826e-23 8.381548339967519064e-24 6.647575609041627143e-01
1.165374294563389359e-03 1.874039674972617999e+07 1.475615579550245777e+07 9.005380978269394487e+06 3.589886661082852815e-01 1.709651570743978280e-23 1.288480922724118354e-23 3.862827891886133520e-24 6.629857067563468265e-01
2.025188414895478031e-03 7.677251448193034157e+06 7.121080531755753793e+06 2.874934551307282411e+06 4.135340653584275716e-01 5.697026189226979969e-24 5.042380379900860660e-24 8.724927245573851698e-25 5.662261749954420331e-01
3.519374105778993230e-03 2.618424109875446651e+06 2.500759400763600133e+06 9.851143936659374740e+05 4.907113629966483037e-01 2.289272310307878108e-24 2.128326109629358513e-24 2.097006120158697941e-25 5.810792630524789226e-01
6.115971237701829134e-03 1.105684952571556438e+06 1.550369103919649962e+06 4.826556998771278886e+05 5.367672082459055138e-01 1.174150931390740015e-24 1.066877002875087993e-24 1.427000229965607650e-25 6.362449318003466914e-01
1.062833988548557602e-02 4.753289808710861835e+05 6.289681554381361930e+05 2.842646059506335878e+05 4.905838297538313020e-01 8.837276134283692931e-25 7.046670465761034150e-25 1.348404423422948920e-25 6.091808615031223395e-01
1.846993786122688719e-02 1.384438337855387072e+05 1.588561502380204038e+05 7.086168517391922069e+04 4.147217274637750029e-01 5.960566727979285991e-25 5.082819998516511242e-25 9.458723685974169836e-26 5.526521879402350734e-01
3.209707332218952880e-02 2.508036301526727038e+04 2.465688386847047514e+04 1.021852208790149234e+04 3.320057086685928027e-01 3.496478916402813018e-25 2.827850172662039409e-25 4.849831841458099592e-26 5.491468390944318489e-01
5.577832061973046762e-02 6.283686452489943804e+03 5.839231700953153450e+03 1.966683429952687675e+03 3.069036005330809669e-01 1.747330211842754565e-25 1.244446410823398621e-25 2.407265817025790433e-26 5.422427437372666637e-01
9.693161179921591653e-02 2.377248262196151245e+03 1.971654461617971720e+03 7.594354624139366479e+02 2.938480958756504169e-01 7.515920766622380675e-26 4.510035166695897952e-26 9.273801449165278174e-27 5.729291537909705356e-01
1.684478353166902198e-01 9.404334623385725536e+02 6.626196590391087966e+02 2.602468638704881982e+02 2.970498581572923458e-01 3.075341863515134022e-26 1.792507814629382372e-26 3.477322024334883684e-27 6.639886054569609231e-01
2.927287878143824407e-01 4.087502168879879605e+02 3.439822371780658727e+02 1.156518930512741150e+02 3.560669349056236888e-01 1.223879772807002979e-26 9.681066899339201619e-27 1.146983927356098201e-27 8.193615700376390976e-01
5.087043300626336029e-01 1.996533581229111007e+02 2.258930083470042405e+02 5.740849773687514102e+01 4.149018040441423416e-01 5.250856152955555159e-27 6.464956572886567826e-27 6.325507755008343610e-28 9.773587701636234915e-01
8.840268063712417579e-01 1.102449857930209731e+02 1.302469953542733947e+02 4.133390004715602117e+01 4.183403770744322792e-01 3.483593268164240150e-27 4.662559048062028006e-27 4.345573357720796027e-28 1.039253677741746040e+00
1.536262516748606588e+00 7.032154307108665137e+01 7.309985492803528473e+01 2.723718285670560135e+01 3.974170338502232003e-01 2.758276065731053822e-27 3.726297751257688720e-27 3.582880501650183497e-28 1.027985119226239918e+00
2.669718274782328482e+00 4.319194286868218313e+01 4.205998904025148022e+01 1.806651279907079299e+01 3.180696625937511901e-01 1.507666251686310012e-27 2.735203192954699840e-27 3.118190407386687097e-28 9.097100033664801133e-01
