# R (Mpc), rho (Msol/kpc^3), errup, errlow, std, pth (Msol/kpc/s^2), errup, errlow, std 
#  nprofs 207, average weighted mh 917095420647.661621
6.706029110378903786e-04 7.195187908915998042e+07 6.557985313298583776e+07 4.607209615793845057e+07 4.822748869792313209e-01 4.139951718559545767e-22 1.497531468528572975e-22 2.929987288184030109e-23 8.061537156219987788e-01
1.165374294563389359e-03 3.198438902925575897e+07 2.307938534759956226e+07 1.240784016606675088e+07 3.301375326960734879e-01 7.722987906045299404e-23 8.861509090310721051e-23 8.880033834492355931e-24 7.157447001453526303e-01
2.025188414895478031e-03 1.318310858775974438e+07 1.163416207412816212e+07 4.444780645508958958e+06 3.968124875090937587e-01 1.601614072298414362e-23 1.569585865369910778e-23 2.224475321354359399e-24 6.180503385913815872e-01
3.519374105778993230e-03 4.565891942987739109e+06 4.123987137168608606e+06 1.745072338186853100e+06 5.194535612126706114e-01 1.998168828143477672e-24 2.436010954033825294e-24 7.641921895147319923e-25 5.212436932355608565e-01
6.115971237701829134e-03 1.728605787446957547e+06 1.316269088072075974e+06 1.266104138660633937e+06 7.260706907664183918e-01 1.328552407648638226e-24 8.782957275882782805e-25 3.795446926153456266e-25 4.895710004199236853e-01
1.062833988548557602e-02 6.862768944125106791e+05 3.927362330408713315e+05 6.120816650482787518e+05 6.603939942624208470e-01 7.603920055797133703e-25 6.040346770277740315e-25 2.146220281225759391e-25 4.831906844921798339e-01
1.846993786122688719e-02 1.899905966058257618e+05 1.386158314507853356e+05 1.053460898777050170e+05 4.407089678257404830e-01 4.651301592955502895e-25 4.205707419893131917e-25 1.444960223802551907e-25 4.586135856255911802e-01
3.209707332218952880e-02 4.880057241920504021e+04 2.811418565342763031e+04 1.997604178841720568e+04 3.036613724316096774e-01 2.053619382789996123e-25 2.410931086923694583e-25 6.401860863102923350e-26 4.386433015488949150e-01
5.577832061973046762e-02 1.387686987325316477e+04 7.835642443296195779e+03 4.742464674991621905e+03 2.478001976368751080e-01 9.650717650104264192e-26 5.968652968643676811e-26 2.780372949236283551e-26 4.173414201245491673e-01
9.693161179921591653e-02 4.609762791481074601e+03 2.390988454106082372e+03 1.521692278586874181e+03 2.555504096303177763e-01 4.723563577659380486e-26 3.063330738527356911e-26 9.700213698227468629e-27 4.516852977765575261e-01
1.684478353166902198e-01 1.608030128163047493e+03 1.308117302276352120e+03 4.806152971985954991e+02 2.765077497941196838e-01 2.026649700740172296e-26 1.236066964206323374e-26 2.848255020350222916e-27 5.327635766147732488e-01
2.927287878143824407e-01 5.121682855838870410e+02 3.342887670330609922e+02 1.722578177008324758e+02 2.782604888302676049e-01 6.388868770806598872e-27 4.434417203410317159e-27 7.645419756438558065e-28 6.296888778329534642e-01
5.087043300626336029e-01 1.997950139354038299e+02 1.468772326478411401e+02 8.724862241180150590e+01 2.734489322229013419e-01 1.757792404654371975e-27 1.665029929873321204e-27 3.083232571260409297e-28 7.007162689466795991e-01
8.840268063712417579e-01 1.015007011008716660e+02 7.289395306211987702e+01 4.786965793020392823e+01 2.871271543032580809e-01 6.756539420345525614e-28 1.002812526225555795e-27 1.644966616109830979e-28 7.759262255231291761e-01
1.536262516748606588e+00 5.819712969605865993e+01 3.241129264290812984e+01 2.510622012916807577e+01 2.492349462587958309e-01 3.528879975924317748e-28 3.973313453953263626e-28 9.972907663642157560e-29 7.290455878847859061e-01
2.669718274782328482e+00 1.127358343705234311e+01 5.510922667734092784e+00 4.699368029559726878e+00 2.085304284272270214e-01 4.629182954334166233e-29 6.902287868238994411e-29 2.070780395526469640e-29 6.614457307152133980e-01
