# R (Mpc), rho (Msol/kpc^3), errup, errlow, std, pth (Msol/kpc/s^2), errup, errlow, std 
#  nprofs 704, average weighted mh 1807244974583.516113
6.706029110378903786e-04 4.749249766692467779e+07 4.300490416558348387e+07 2.269425136212755740e+07 3.837134923772261286e-01 1.266406448580199631e-22 5.069508116731771474e-23 1.448584891399280314e-23 7.243197867573543114e-01
1.165374294563389359e-03 2.191659308979861438e+07 1.417506787028314173e+07 1.087823070137986913e+07 3.688216938945677037e-01 4.089927079631025722e-23 1.678239858573313680e-23 4.904506316791711118e-24 7.267220959109126355e-01
2.025188414895478031e-03 9.107515377892419696e+06 7.421050580629365519e+06 3.714586434559143614e+06 4.463306404238008840e-01 1.299313042378249313e-23 5.753650285251289357e-24 1.181143663362937626e-24 6.356531603621173865e-01
3.519374105778993230e-03 3.234074947731506079e+06 2.695667376787827350e+06 1.103154606650067260e+06 5.036914695519743024e-01 4.527809556668993756e-24 2.097438266192440386e-24 2.425427992108552954e-25 6.346876191070500717e-01
6.115971237701829134e-03 1.202878657335355878e+06 1.335284378426304786e+06 5.037135261965818354e+05 5.649054456230392374e-01 1.758017954398365066e-24 8.922044210676039156e-25 1.025783290716429698e-25 6.211920665131868136e-01
1.062833988548557602e-02 4.585862912716347491e+05 4.582357762031206512e+05 2.764019633108100388e+05 5.290979756755590513e-01 9.353171268677589065e-25 4.586990807424668448e-25 8.030571122493024608e-26 5.946885876593349662e-01
1.846993786122688719e-02 1.417346478430237912e+05 1.434472250387660461e+05 8.638208222740123165e+04 4.657186923115197441e-01 4.549659040370034725e-25 3.423804874387830899e-25 4.820437956423744834e-26 5.376843521553283933e-01
3.209707332218952880e-02 2.475125375930257360e+04 2.494773605423747722e+04 1.016996573895716210e+04 3.920515978987701433e-01 2.263002289369122033e-25 1.942176865670283642e-25 2.870888348985877983e-26 5.219145935814243353e-01
5.577832061973046762e-02 5.216167907493016173e+03 4.639992178832859281e+03 1.662871912405229978e+03 3.206624094050131712e-01 1.025125998485825355e-25 9.005755575999026581e-26 1.525568446986537749e-26 5.166098860550482064e-01
9.693161179921591653e-02 2.000527025163547250e+03 1.854514545330708870e+03 5.796228861317943029e+02 3.146506799093454765e-01 4.612074671639308008e-26 3.043185242055940999e-26 5.836513251388585414e-27 5.513329709674245072e-01
1.684478353166902198e-01 7.347749866445278712e+02 5.531673228411394803e+02 2.011644630550972295e+02 3.129317570063486764e-01 1.896695252664579555e-26 1.207694502114892266e-26 1.881998048590679937e-27 6.359463500232290789e-01
2.927287878143824407e-01 2.900446653561477888e+02 2.298286559398872839e+02 6.217405366214302376e+01 3.267682231303526974e-01 7.470704441159020651e-27 5.010761612258473639e-27 6.585128469801490552e-28 7.578215773060191784e-01
5.087043300626336029e-01 1.341300045377050196e+02 1.140692536789273959e+02 3.831617589280447334e+01 3.443184501758213556e-01 3.219365700201348135e-27 3.019661638622037659e-27 3.295390102160460089e-28 8.578579903085187253e-01
8.840268063712417579e-01 7.246065969037829291e+01 5.502558951356946437e+01 2.272137263118934669e+01 3.339704605515011471e-01 1.738432941982156773e-27 1.693268655529456737e-27 2.586342655908616993e-28 8.718879035968677416e-01
1.536262516748606588e+00 4.508451352989325045e+01 3.591298121172096103e+01 1.487449154180380972e+01 2.977785277343145132e-01 1.137192885368631399e-27 1.308968778700789803e-27 2.085118654793131985e-28 7.808635984738541147e-01
2.669718274782328482e+00 2.930806114600687096e+01 1.825335115300405775e+01 9.698391503900644750e+00 2.176041594020950709e-01 5.036893601992006747e-28 7.716634519198374778e-28 1.538733556716507145e-28 5.733022379618740727e-01
