# R (Mpc), rho (Msol/kpc^3), errup, errlow, std, pth (Msol/kpc/s^2), errup, errlow, std 
#  nprofs 753, average weighted mh 1438085374316.869385
6.706029110378903786e-04 5.929771883887933195e+07 4.909291433895944059e+07 2.709367197192144394e+07 4.145764011969759189e-01 1.527726285015853988e-22 5.789917045100240936e-23 1.623274466951098802e-23 7.510831749965892756e-01
1.165374294563389359e-03 2.402724165837948769e+07 1.750048465059823543e+07 1.228909469080734625e+07 3.941155833323692348e-01 3.416148532744484971e-23 1.743340399661169545e-23 5.760379981617895565e-24 7.359124878720870733e-01
2.025188414895478031e-03 9.400733844247313216e+06 6.401844354629961774e+06 3.791811986098902766e+06 4.092697796684461875e-01 8.071905728359996889e-24 4.957453651485745816e-24 1.267849891123040025e-24 5.840130517861888970e-01
3.519374105778993230e-03 2.921714878505322151e+06 2.219879746551491786e+06 1.045181199729444226e+06 4.611387121290808078e-01 2.458541558707325182e-24 1.651204395497966529e-24 2.543064341568889186e-25 5.625609202363863748e-01
6.115971237701829134e-03 1.051216690814696020e+06 1.067353338148439769e+06 4.647090500589760486e+05 5.194502353378378512e-01 1.502287826280498605e-24 7.217099591445251432e-25 1.310786520059410320e-25 6.031838135894829200e-01
1.062833988548557602e-02 4.633815836878539994e+05 4.585144766297028982e+05 2.555155615071793436e+05 4.905984381290303120e-01 1.285041063752127607e-24 4.763814994031710753e-25 1.142768757091396937e-25 5.962525372483845620e-01
1.846993786122688719e-02 1.267063851251029264e+05 1.296026209464545245e+05 6.292123238552847033e+04 4.134648505003292174e-01 4.562586360412728095e-25 3.400713941615215569e-25 7.650692018962539180e-26 5.249705087820026872e-01
3.209707332218952880e-02 2.051343545753802391e+04 1.899132501818940364e+04 7.229987257883924940e+03 3.305918883866665881e-01 2.491001498381114782e-25 2.002193207722514487e-25 4.340311173349891357e-26 5.016016054865596319e-01
5.577832061973046762e-02 5.558019501897892042e+03 3.860083833814298487e+03 1.997052795404365952e+03 2.726442941972938017e-01 1.199798063535064892e-25 9.512746343035652447e-26 2.102857568816120631e-26 4.998690911840876772e-01
9.693161179921591653e-02 2.250601322479963073e+03 1.573129454677378590e+03 7.075456544005062369e+02 2.667302112677335524e-01 5.047421166907687688e-26 3.457062711851471867e-26 6.681690388738250470e-27 5.412335402361917458e-01
1.684478353166902198e-01 7.956167364113090343e+02 5.209285619360618966e+02 2.061453504369627012e+02 2.829764096485558045e-01 1.929046953472411036e-26 1.275934871515203302e-26 1.652477205544639099e-27 6.294760544173864103e-01
2.927287878143824407e-01 2.725111195400297674e+02 2.151510025859170696e+02 6.630938834396711457e+01 3.096237865606559780e-01 6.213369518677897696e-27 5.092143843294573597e-27 4.969271309055766991e-28 7.304886664887922931e-01
5.087043300626336029e-01 1.230358209947992236e+02 1.099852670217243400e+02 3.748330471771729577e+01 3.262620062774632679e-01 2.070936426473838644e-27 2.351215974767819254e-27 2.545143449367797130e-28 8.290119998521612299e-01
8.840268063712417579e-01 6.671388304453139995e+01 5.837358947164472056e+01 2.180475333578484864e+01 3.234242434461931937e-01 1.206338118456031564e-27 1.422809902177866412e-27 1.737451222910541600e-28 8.739479831954646283e-01
1.536262516748606588e+00 4.483775511401700697e+01 3.914602523705170967e+01 1.743358437934312377e+01 3.039715290832226136e-01 9.915879046361362095e-28 1.229770806404607177e-27 1.697611673925858599e-28 8.771749641071957537e-01
2.669718274782328482e+00 3.051242490937921659e+01 1.908590220685390193e+01 1.097686797773774892e+01 2.278009851315283552e-01 5.818992771697270158e-28 5.590327505120018046e-28 1.664845753882853243e-28 7.277083274562845538e-01
