# R (Mpc), rho (Msol/kpc^3), errup, errlow, std, pth (Msol/kpc/s^2), errup, errlow, std 
#  nprofs 403, average weighted mh 1437462454137.309326
6.706029110378903786e-04 2.466925916440096125e+07 3.744047216907261312e+07 8.255918064623579383e+06 3.489828182338560736e-01 8.698647868891742093e-23 3.701237794467722000e-23 4.478246992036943654e-24 8.076545304273501369e-01
1.165374294563389359e-03 1.043428040343020111e+07 1.491866986124413460e+07 4.581604979761311784e+06 4.050516900823062372e-01 1.753299811589088826e-23 1.053795243484909464e-23 9.287249741258071814e-25 8.254163294213902047e-01
2.025188414895478031e-03 5.285169216555021703e+06 4.969820768235789612e+06 1.800122643226588145e+06 3.536841373531737220e-01 8.145784245542638472e-24 2.057645757311947008e-24 2.471657912425283000e-25 6.597715565526692805e-01
3.519374105778993230e-03 1.786209450757712824e+06 1.338465590418143198e+06 4.739907928844150156e+05 2.926753807940233321e-01 1.453698396359261333e-24 5.555340110143342110e-25 5.575610056411659947e-26 5.548462487768778262e-01
6.115971237701829134e-03 5.430886626368850702e+05 4.480348540297850268e+05 1.452644961068011762e+05 2.729685064473895695e-01 8.983593688045740615e-25 7.932639036060953001e-25 2.912777202670494698e-26 6.525707168028361815e-01
1.062833988548557602e-02 1.788352107170094969e+05 1.577826518958524684e+05 5.970052483661615406e+04 2.972585262070950862e-01 8.601010716092434193e-25 6.647634301940832148e-25 1.106959435713684277e-25 6.462767727910049276e-01
1.846993786122688719e-02 6.105768419134249416e+04 4.678322749596385256e+04 2.466658950416104199e+04 3.332846621973634127e-01 7.356214255842702216e-25 5.669672020679406580e-25 6.811546541867686218e-26 6.085331921784101761e-01
3.209707332218952880e-02 1.912415074343783999e+04 1.913672254859605164e+04 7.693828637898033776e+03 3.516593884912844747e-01 5.163111345383343111e-25 3.387594750817152821e-25 3.204989842729754749e-26 6.296479807890374980e-01
5.577832061973046762e-02 7.936986138899597790e+03 7.169471949233582563e+03 2.050403791423533676e+03 3.587703444454560242e-01 2.840771886215860904e-25 1.780507726069266602e-25 1.725549752427050755e-26 6.485980970578848481e-01
9.693161179921591653e-02 3.973387839097715187e+03 3.371491386603865976e+03 8.522801279712366522e+02 3.809374963992750440e-01 1.390638421184775737e-25 8.793351760139850483e-26 8.420187488923511517e-27 6.757993283116978667e-01
1.684478353166902198e-01 1.746381434030254013e+03 1.510313239390613717e+03 3.416661904067061641e+02 3.841852590294836944e-01 5.264379115393179240e-26 2.861921923072698335e-26 3.572893557722655793e-27 7.158091472078135231e-01
2.927287878143824407e-01 5.875089977940812105e+02 5.270365001329486176e+02 1.550696048789688462e+02 3.485864315233754840e-01 1.391057984995223909e-26 8.996940972932958709e-27 1.085216953230839689e-27 7.588540818359625906e-01
5.087043300626336029e-01 2.313686647098813864e+02 1.914324120782069940e+02 5.300110662740563328e+01 3.630211605026468225e-01 6.014602111504127008e-27 4.407727805335000430e-27 2.931864283608098600e-28 8.613918593733417284e-01
8.840268063712417579e-01 1.289968177009133115e+02 1.152135191897266964e+02 3.115601095198529080e+01 4.313811542241740016e-01 7.511504455461574747e-27 3.236591115452557168e-27 1.641864267480337041e-28 1.035759553635250185e+00
1.536262516748606588e+00 8.071042151898508621e+01 7.173524839134296371e+01 1.897932462453497138e+01 4.443392395705409448e-01 5.577062072186193578e-27 2.627600388408404900e-27 1.442888248316443775e-28 1.135192051895416832e+00
2.669718274782328482e+00 4.826716550517963356e+01 6.353926615718619075e+01 1.002694520284834390e+01 3.803709559512991611e-01 2.870413458180945770e-27 3.675463730718257852e-27 1.028384731082655468e-28 1.071630766928086675e+00
