# R (Mpc), rho (Msol/kpc^3), errup, errlow, std, pth (Msol/kpc/s^2), errup, errlow, std 
#  nprofs 402, average weighted mh 1049099468314.774292
6.706029110378903786e-04 5.355918590477684140e+07 5.881711012152346969e+07 2.164911797353508323e+07 4.362962415519276993e-01 1.630666011370051627e-22 1.066847438343473018e-22 1.770692963458953800e-23 8.093998845648638918e-01
1.165374294563389359e-03 2.466147848873108253e+07 1.871905314509679377e+07 1.382659142330027744e+07 4.123851395614910875e-01 7.714997453145423645e-23 3.614608718971636045e-23 7.696112629757480175e-24 7.900494345080746328e-01
2.025188414895478031e-03 1.153433196170974709e+07 9.554818449802618474e+06 6.572821692269780673e+06 5.152311398538688136e-01 1.567949172491893095e-23 1.171161536643253485e-23 2.211893227635358717e-24 6.823962555918439143e-01
3.519374105778993230e-03 4.544782697046148591e+06 4.352061955528906547e+06 2.409505433310037479e+06 5.710448753502685992e-01 3.386374113959242974e-24 3.516450679025400378e-24 7.635209544178688367e-25 5.523462827082149529e-01
6.115971237701829134e-03 1.886141841330218129e+06 1.479296736030382570e+06 1.218067622213223018e+06 5.571671906560197174e-01 1.385485059385232420e-24 1.277775529792753034e-24 2.820977785210075514e-25 5.343595332527278918e-01
1.062833988548557602e-02 7.707663359066393459e+05 4.530906984395384789e+05 6.203284364997280063e+05 5.512394702471380414e-01 6.888799169654770812e-25 6.156825386982869510e-25 1.739992483294670718e-25 5.136947478000469802e-01
1.846993786122688719e-02 2.221664673425491783e+05 1.620920214302778477e+05 1.309909283991715783e+05 4.454576804874026963e-01 3.251938133319662581e-25 3.511810179034012498e-25 1.015281098340364891e-25 4.593146569438215643e-01
3.209707332218952880e-02 4.097140220055176178e+04 3.251879621624586434e+04 1.677111874039977920e+04 3.376267435146437790e-01 1.553851679476787871e-25 1.930272721864851239e-25 4.609281372516525671e-26 4.444466447393060626e-01
5.577832061973046762e-02 7.967976901760596775e+03 5.628051959888032798e+03 3.011080263746458513e+03 2.813164322927968475e-01 7.606313940103520957e-26 8.338198466774934672e-26 1.992590382782125316e-26 4.409023390965041145e-01
9.693161179921591653e-02 2.793392178812268867e+03 2.108417290036260965e+03 8.560797853928718268e+02 2.801371115353711860e-01 3.492416014105658499e-26 2.892103334389296341e-26 7.283590584310220604e-27 4.539809171675511790e-01
1.684478353166902198e-01 1.006392628527041552e+03 6.984120835282707276e+02 2.719478184796181495e+02 2.718779342299358914e-01 1.595566830950014468e-26 1.034593911989784895e-26 2.655796303603636601e-27 5.420420618145890268e-01
2.927287878143824407e-01 3.341071679889806774e+02 2.440358335264086520e+02 1.174520010124313956e+02 2.739104169714965953e-01 5.024860398136429162e-27 3.940470868030094201e-27 8.386485835388725405e-28 6.486360943802875756e-01
5.087043300626336029e-01 1.539714329035533069e+02 1.252040453697749598e+02 5.366803684746909653e+01 3.009965023304542742e-01 1.834256090806373119e-27 2.027358535460899742e-27 3.683483930534561511e-28 7.338131901775517552e-01
8.840268063712417579e-01 8.344513878812735186e+01 6.740307879486704223e+01 3.215578223614436126e+01 2.990821767197537340e-01 9.114750830472506539e-28 1.295121039772232942e-27 2.556183289478780134e-28 7.868939344305099226e-01
1.536262516748606588e+00 4.848291533846219892e+01 4.019031077036012078e+01 1.512842879577335964e+01 2.651667217004347044e-01 5.315249135197536990e-28 7.232514558459114161e-28 1.349709994548965459e-28 7.469648433945881294e-01
2.669718274782328482e+00 3.224131429008777872e+01 1.835260576145557465e+01 9.838097145571854441e+00 2.213756703382367685e-01 4.027894803959671958e-28 3.804846237281005884e-28 1.042571366786862362e-28 6.588083955268417835e-01
