# R (Mpc), rho (Msol/kpc^3), errup, errlow, std, pth (Msol/kpc/s^2), errup, errlow, std 
#  nprofs 831, average weighted mh 1755822525722.991211
6.706029110378903786e-04 3.334118377590980008e+07 4.505542480528119206e+07 7.746190003908909857e+06 4.073289783482959558e-01 2.642538834933459307e-22 7.172674505133813964e-23 4.401277519928248335e-24 9.755488640689075064e-01
1.165374294563389359e-03 1.392006515489325300e+07 2.093650133514363691e+07 4.927453488901460543e+06 4.677142261413049229e-01 4.159029684464976339e-23 1.525311450078346748e-23 1.088983932704238883e-24 9.238006845474475703e-01
2.025188414895478031e-03 6.528685092390676960e+06 8.335666951015307568e+06 2.011384328482282348e+06 4.283233339189660982e-01 1.060414102474514697e-23 5.732423857322030260e-24 4.148281364531339898e-25 7.518675406872680211e-01
3.519374105778993230e-03 2.500563551338820718e+06 3.738344776067910716e+06 7.330582398251855047e+05 3.878623710931303759e-01 2.891621619640308671e-24 2.088777781823106062e-24 1.054614546192619449e-25 6.789782267345633171e-01
6.115971237701829134e-03 1.089324419472461333e+06 1.803139402630275814e+06 3.686919460543468595e+05 4.275993267577886114e-01 2.097042146862966527e-24 1.460569757713313688e-24 1.636999454275349851e-25 7.190902510341862230e-01
1.062833988548557602e-02 4.212424628440361121e+05 5.161402479733818909e+05 2.040107337107159547e+05 4.319656616255393433e-01 1.576257837304292325e-24 1.317278040871719342e-24 1.971366274416116555e-25 6.217455889684200265e-01
1.846993786122688719e-02 1.158759590209848393e+05 1.134998015295019286e+05 6.264766552425060945e+04 4.064707140790384532e-01 1.134118634928751060e-24 1.510169917048785043e-24 1.620885621797468098e-25 6.563578361775511683e-01
3.209707332218952880e-02 3.033874027964963170e+04 4.267833547546141199e+04 1.201736115228018753e+04 4.091107945345895947e-01 6.268551946259343013e-25 7.655583324628937850e-25 8.080015376230053891e-26 6.487707566170511919e-01
5.577832061973046762e-02 1.007103857641999457e+04 1.195897298713945202e+04 3.217570679706567262e+03 3.732137554851883698e-01 2.798125248765269423e-25 2.495166373858816860e-25 3.182641926452554581e-26 6.314738462216018533e-01
9.693161179921591653e-02 3.635822221741253543e+03 3.147720840660149406e+03 9.758758972670598268e+02 3.345600724122364533e-01 9.897437998657880794e-26 7.173524030778437045e-26 8.697024551709341382e-27 6.425464782216041559e-01
1.684478353166902198e-01 1.106263669107174337e+03 9.043336810977776850e+02 2.565083558020662622e+02 3.246500322763190005e-01 2.916605976856111576e-26 1.763082555985948053e-26 1.884266829275949849e-27 6.832800375980023766e-01
2.927287878143824407e-01 3.514704986916313487e+02 2.803931510380765530e+02 6.945713541324209928e+01 3.372351554541798691e-01 8.060073043753320531e-27 4.451575339640714867e-27 5.203705102519576066e-28 7.432173187554208527e-01
5.087043300626336029e-01 1.448624336729720596e+02 1.192786134062766195e+02 3.331851732578277847e+01 3.657277358182324800e-01 3.606552739585088714e-27 1.870591872555210057e-27 1.907252808754236076e-28 8.552516374038066083e-01
8.840268063712417579e-01 7.914423749988280576e+01 7.173603037367840329e+01 2.028278381676219055e+01 3.770097162449042583e-01 2.642807069304990559e-27 1.349316251387575966e-27 1.190856781949828403e-28 9.368160227041423260e-01
1.536262516748606588e+00 4.650333539275988670e+01 3.472957870273094727e+01 1.701928212478312474e+01 3.247404703236350665e-01 1.377372089468070990e-27 8.770711417778570036e-28 1.537711828878443406e-28 8.638755220440872407e-01
2.669718274782328482e+00 3.196147000630240598e+01 1.950581095252340447e+01 1.316031872822152060e+01 2.557992525427394415e-01 8.710030039525638658e-28 7.333712943746879279e-28 1.816420778179586871e-28 7.286767115210368573e-01
