# R (Mpc), rho (Msol/kpc^3), errup, errlow, std, pth (Msol/kpc/s^2), errup, errlow, std 
#  nprofs 383, average weighted mh 1047223591649.073730
6.706029110378903786e-04 6.277171227840181440e+07 5.671427213292086869e+07 3.414474963161253184e+07 3.909210550640465631e-01 1.004052212726536226e-22 7.185915598998685491e-23 2.360189272414212960e-23 6.548079666232676788e-01
1.165374294563389359e-03 2.751104938913298771e+07 1.919330838347057998e+07 1.386464921195915528e+07 3.784771049033358037e-01 4.949835571014187773e-23 2.782892152063451850e-23 7.208947463615463987e-24 6.563425634981722157e-01
2.025188414895478031e-03 1.269000939213903062e+07 1.042603430861807242e+07 3.335215619549405761e+06 3.170018127064784252e-01 1.018683374767308683e-23 1.172163397344039984e-23 1.350365291685777072e-24 5.481929231269717651e-01
3.519374105778993230e-03 4.081400151031516492e+06 3.839952906337255146e+06 1.302917666361567797e+06 4.526176971528935167e-01 2.344580476488379164e-24 1.766028129988716907e-24 4.301422124929079061e-25 5.081699504865099248e-01
6.115971237701829134e-03 1.441172813873015577e+06 1.136399920374609996e+06 6.869524273342805682e+05 5.713385201155088966e-01 1.036358688763296940e-24 6.763947032267246404e-25 1.937615868812436732e-25 5.034504862283860627e-01
1.062833988548557602e-02 5.665839556292864727e+05 3.816291136022992432e+05 3.647464442098431173e+05 5.833060533247295121e-01 6.584499362875757531e-25 4.298557743650712601e-25 1.291567155985517636e-25 4.772751523181943401e-01
1.846993786122688719e-02 1.536809737986274995e+05 1.220752078579989902e+05 8.046754413472695160e+04 4.263253035914366107e-01 3.505546140368757674e-25 2.640607274826369143e-25 8.222675677567488702e-26 4.484140262734139237e-01
3.209707332218952880e-02 2.796292206101262855e+04 1.598035225327891021e+04 1.017333057854106301e+04 2.913359196833906761e-01 1.473512489201351332e-25 1.611918886485864316e-25 3.898726477821542684e-26 4.258598479228315470e-01
5.577832061973046762e-02 7.221443693119586897e+03 5.317049110699812445e+03 2.265346623376644402e+03 2.395856053451729528e-01 6.948494284902892299e-26 9.174251295481570138e-26 1.737454179093786721e-26 4.216097385172623002e-01
9.693161179921591653e-02 2.624872473055741011e+03 1.855852182393422481e+03 8.366416021274053492e+02 2.347270562586040721e-01 3.280732146640512367e-26 3.302405134779610902e-26 7.760918863240707964e-27 4.580321304194434062e-01
1.684478353166902198e-01 9.185210834785968927e+02 7.076803168414015772e+02 2.813892543836043387e+02 2.422379293806741773e-01 1.460814590115591185e-26 1.131049166425126487e-26 2.399745855860208789e-27 5.609944028969394703e-01
2.927287878143824407e-01 3.550922380547564217e+02 3.274505025274407899e+02 9.619467991897380443e+01 2.805104872823460660e-01 6.208373212616588253e-27 5.709880482574241431e-27 8.271085530961129571e-28 6.829673963578987150e-01
5.087043300626336029e-01 1.700372888679065682e+02 1.816124857630683778e+02 4.690178227040942716e+01 3.047743732164800434e-01 2.407112620827131623e-27 2.890088874027581003e-27 3.587560491730167311e-28 7.814674368723812936e-01
8.840268063712417579e-01 9.382927201680966789e+01 9.732872359735615930e+01 3.065825889104834090e+01 3.006550208327872786e-01 1.228857972464228302e-27 2.080057836956779222e-27 2.611285909184528645e-28 8.335622482947377954e-01
1.536262516748606588e+00 5.973645808001719359e+01 4.801626062804029971e+01 2.552562185803651928e+01 2.723375702358957762e-01 7.757623453583094272e-28 1.217541006387168918e-27 2.428909959568970999e-28 8.187183869645663359e-01
2.669718274782328482e+00 2.464493568685112379e+01 1.160003661810911524e+01 9.671231033938543220e+00 2.234858787145103109e-01 3.131122891278208924e-28 2.915433221649832137e-28 1.226105825820906493e-28 7.218782822093062768e-01
