# R (Mpc), rho (Msol/kpc^3), errup, errlow, std, pth (Msol/kpc/s^2), errup, errlow, std 
#  nprofs 638, average weighted mh 1899037913877.074219
6.706029110378903786e-04 4.004397186513128132e+07 4.886074883113577962e+07 2.176574398425753787e+07 3.948308921907917046e-01 4.963618983506938941e-23 4.401980348460804406e-23 1.140322427725230744e-23 7.158945388497756079e-01
1.165374294563389359e-03 1.721505592913811654e+07 1.238437415021527186e+07 8.986348471623227000e+06 3.646869194907139677e-01 1.586407635427344154e-23 1.006575873283668810e-23 3.716822951297290505e-24 6.736037557918513885e-01
2.025188414895478031e-03 6.314442914303690195e+06 4.908166649603743106e+06 2.487944329113001470e+06 3.148510038759636531e-01 2.887866455267236663e-24 2.505539356488191295e-24 5.844313246988164385e-25 5.360860774269974316e-01
3.519374105778993230e-03 1.634571726975214202e+06 1.145750803041545674e+06 4.999871753356632544e+05 3.486298687150839459e-01 1.348012133029064390e-24 7.892481486556736096e-25 9.425743888878308602e-26 5.374130350876150652e-01
6.115971237701829134e-03 4.017638894911614479e+05 2.551458070655755000e+05 1.456429742128846701e+05 3.641058739399616884e-01 7.799183380540908205e-25 4.115968307369852538e-25 3.786036049659362816e-26 6.259311243210426978e-01
1.062833988548557602e-02 1.254479681051525986e+05 9.603468888813626836e+04 4.535335936578521796e+04 3.078345511904918008e-01 9.017833398021311562e-25 4.905267724071953979e-25 4.930340125072719296e-26 7.102691687989944880e-01
1.846993786122688719e-02 4.139330960866916575e+04 2.913756249328000558e+04 1.513714059990047826e+04 2.831005643037460273e-01 8.472070336457699551e-25 3.652663935640427644e-25 5.522061377371475550e-26 6.469157406788004216e-01
3.209707332218952880e-02 1.253658830718608624e+04 8.942131320981048702e+03 4.248074219712447302e+03 3.108593357179423866e-01 3.678415978512575357e-25 2.516411236866509991e-25 2.594442481207238839e-26 6.054834553661303520e-01
5.577832061973046762e-02 4.902037855997242332e+03 4.351507572956908916e+03 1.495756222072167247e+03 3.290181443124034488e-01 2.086375660201293770e-25 1.369728119065205670e-25 1.315491667270612114e-26 6.252633085471379637e-01
9.693161179921591653e-02 2.568247069352796643e+03 2.554208364184733909e+03 6.519756219221804940e+02 3.514996109101230504e-01 1.085492842727308337e-25 6.253452049000009315e-26 6.016413016763419460e-27 6.684040602267805609e-01
1.684478353166902198e-01 1.212970218859376700e+03 1.092985615790539896e+03 2.946699697285967545e+02 3.605666219684369733e-01 4.522736768363675378e-26 1.921315979590379233e-26 2.200887099151689540e-27 7.053941850812921466e-01
2.927287878143824407e-01 4.978950359446290577e+02 3.484788049019505820e+02 1.003490309351730190e+02 3.399273564005356740e-01 1.424923009339676779e-26 5.621167837325590982e-27 6.159458834601866411e-28 7.138933925127443070e-01
5.087043300626336029e-01 1.821442535560404963e+02 1.405543860800024163e+02 4.661698277113045918e+01 3.150060253248329056e-01 3.198675081023730236e-27 2.308019631441084876e-27 2.297051965274651226e-28 7.260950298327902841e-01
8.840268063712417579e-01 8.440080673697002567e+01 7.084241360928672293e+01 2.508794210564367333e+01 3.172176554467986409e-01 1.332020557499598362e-27 1.497756800987459252e-27 1.540957337087036538e-28 8.130832121869897566e-01
1.536262516748606588e+00 4.886765654476074161e+01 3.856501157293558180e+01 1.600797347188006725e+01 2.753170095935965622e-01 7.259323311600708378e-28 1.018868443846388313e-27 1.206339787513823205e-28 7.691537427800900772e-01
2.669718274782328482e+00 1.403846564527945873e+01 8.584867908421482952e+00 5.086217293684880403e+00 2.336550948368264213e-01 1.789467050256094199e-28 2.361940800459027313e-28 4.719723055304722590e-29 6.878447386691678433e-01
