# R (Mpc), rho (Msol/kpc^3), errup, errlow, std, pth (Msol/kpc/s^2), errup, errlow, std 
#  nprofs 709, average weighted mh 1268770232028.232422
6.706029110378903786e-04 5.636883227377811819e+07 4.581321207161464542e+07 3.146263909783150256e+07 3.742890159910338688e-01 1.082657537564206518e-22 4.766578874870415633e-23 2.018597259902372200e-23 6.567965558228968659e-01
1.165374294563389359e-03 2.256238720674139261e+07 1.503970969947339967e+07 1.112654352066069283e+07 3.455601279457599095e-01 3.029776939847437996e-23 1.538544564133279634e-23 5.181153207306056013e-24 6.592684147432050779e-01
2.025188414895478031e-03 8.027674455689416267e+06 6.246765871675126255e+06 3.090798407544724643e+06 3.869339880876592197e-01 1.192602638311630755e-23 4.207769658067143498e-24 8.961024418850984305e-25 5.996050632899839750e-01
3.519374105778993230e-03 2.146037026490638498e+06 1.758313763461268740e+06 6.715732679719529115e+05 3.874158885904928629e-01 2.986626966894105013e-24 9.887230379632384833e-25 1.243818631731968056e-25 5.668733827751690768e-01
6.115971237701829134e-03 5.893580905831063865e+05 4.911865169164702529e+05 1.767275457570445724e+05 4.101106631333014119e-01 2.067213997003947724e-24 5.395599922128610055e-25 4.259917918046277055e-26 6.027016611274027547e-01
1.062833988548557602e-02 2.153093132746979827e+05 1.979381574000427790e+05 8.122176888203794078e+04 3.780230584844660457e-01 1.337925107010185719e-24 3.722777279873354757e-25 5.375969991827518638e-26 6.254533302460505428e-01
1.846993786122688719e-02 7.524879874997156730e+04 5.988274765409222891e+04 3.660048604641852580e+04 3.557049275912434472e-01 5.218159815707317551e-25 2.259464083103240704e-25 4.900340753361599813e-26 5.571867976506141851e-01
3.209707332218952880e-02 1.964607981153497894e+04 1.750547177689656382e+04 8.193009893311806081e+03 3.413358119544887548e-01 2.093552298993335711e-25 1.142789072190646041e-25 2.745137071864804199e-26 4.943142975451425003e-01
5.577832061973046762e-02 4.178782769393388662e+03 4.226411924319141690e+03 1.168990681632674978e+03 2.933796675581668567e-01 1.089392675936510810e-25 6.182206672479418787e-26 1.443131404340218796e-26 4.918049387885883306e-01
9.693161179921591653e-02 1.547877889579114935e+03 1.190591574988916818e+03 4.541985325806575702e+02 2.859411226077357981e-01 5.207533419203102948e-26 2.937143372878448389e-26 7.318190170972753112e-27 5.517242883950085330e-01
1.684478353166902198e-01 6.546507293627316812e+02 4.802963345798712567e+02 1.883088232310384740e+02 2.823926048615869044e-01 2.127385703470064495e-26 1.524535548942628539e-26 2.569415990734650446e-27 6.592563951702032909e-01
2.927287878143824407e-01 2.880016379901115329e+02 2.654664014269897052e+02 8.163840785722349835e+01 3.207743821447087140e-01 9.425789043117440053e-27 9.050844445662294611e-27 9.392119040429346835e-28 8.077299917820475184e-01
5.087043300626336029e-01 1.607812797456774092e+02 1.858152707884739243e+02 5.461818975966428980e+01 4.173614137222915188e-01 7.102708300860038130e-27 6.234890617371608729e-27 5.625587067641822456e-28 1.002695979506061708e+00
8.840268063712417579e-01 1.118760509172648199e+02 1.212977079208405797e+02 3.318668288492688845e+01 4.723255555898540070e-01 8.741974922308600506e-27 4.810970663370753770e-27 4.000901441730195724e-28 1.142584366500927873e+00
1.536262516748606588e+00 7.011666492207504575e+01 6.742044095818528149e+01 2.011431647985747162e+01 4.441160006198014432e-01 5.757726005125716308e-27 3.913590896539432767e-27 2.643664350355268362e-28 1.116559756764102795e+00
2.669718274782328482e+00 4.026200984663811511e+01 4.232951819505413482e+01 1.461078790323981913e+01 3.632120424927203217e-01 2.738428319897161428e-27 4.561462587770281845e-27 3.104356333582624824e-28 1.000659465151775729e+00
