# R (Mpc), rho (Msol/kpc^3), errup, errlow, std, pth (Msol/kpc/s^2), errup, errlow, std 
#  nprofs 618, average weighted mh 1437115017184.704102
6.706029110378903786e-04 2.954503230853751674e+07 3.912051228043501079e+07 9.762750487366624177e+06 3.875038088174548867e-01 1.028911674085902129e-22 6.044781835030395624e-23 3.503013694994457780e-24 8.904587543438229336e-01
1.165374294563389359e-03 1.320417613817601465e+07 1.484328814864667878e+07 4.894771843498103321e+06 4.480554411755947597e-01 2.863005993518553528e-23 1.162811705707561774e-23 1.230257571631682186e-24 8.461220726363276601e-01
2.025188414895478031e-03 6.567846961315452121e+06 6.533707063362714835e+06 1.939378149374608183e+06 4.140218854907553037e-01 9.852176867989128692e-24 4.851186465619518146e-24 3.529795378581816645e-25 7.360960543979693238e-01
3.519374105778993230e-03 2.919373321404001210e+06 3.000359340096429922e+06 6.728480646319242660e+05 3.969425328147821452e-01 2.296821655406354774e-24 2.233282087785294612e-24 9.810161484144215892e-26 6.826927755898692940e-01
6.115971237701829134e-03 1.307416753330945037e+06 1.803610129229811020e+06 3.523110914874389418e+05 4.193006689277754551e-01 1.537237129815053948e-24 1.452291050980950805e-24 1.140837254863092364e-25 7.172083012256142975e-01
1.062833988548557602e-02 4.499122381888714735e+05 4.254552804504716769e+05 1.983276634178814711e+05 4.013956263262065116e-01 1.321770318492286708e-24 1.119877825887611704e-24 1.783833695086903257e-25 6.120767935498997447e-01
1.846993786122688719e-02 1.236644768725527247e+05 1.337411467370040482e+05 5.934763979876456870e+04 3.958577475874106577e-01 8.617438018425855624e-25 8.040015898183724645e-25 1.382777048750967283e-25 5.970782417539205467e-01
3.209707332218952880e-02 3.365833906369417673e+04 4.922254468401930353e+04 1.232300762909271907e+04 4.181219141560668096e-01 5.035276078520320746e-25 3.944752073506793617e-25 7.000632411144461633e-26 5.849264024791905880e-01
5.577832061973046762e-02 1.021010089646979759e+04 9.666857724440524180e+03 3.057060761558997456e+03 3.520702433738311377e-01 2.256654797999107116e-25 1.604127277324594257e-25 2.798446728022820047e-26 5.716815833547443937e-01
9.693161179921591653e-02 3.499361918709946622e+03 2.396085542541668019e+03 9.904439609170499352e+02 3.078015154433638156e-01 8.587327264583240239e-26 4.899036562055371807e-26 8.944556370307086426e-27 5.799922468610673176e-01
1.684478353166902198e-01 1.170966774505923695e+03 7.554778320338718913e+02 2.629020653298213688e+02 3.010985601811880241e-01 2.852761373937285179e-26 1.320760159899898018e-26 2.594552387116099386e-27 6.214047147790461301e-01
2.927287878143824407e-01 3.883710588950352758e+02 2.498214724845636852e+02 8.906034064890732793e+01 3.170325893470497536e-01 9.378513421443515645e-27 5.012111107267172403e-27 7.090883671522892445e-28 7.073035185245972745e-01
5.087043300626336029e-01 1.535044088117059857e+02 1.416868090596294110e+02 4.050697306501280082e+01 3.517830983803621470e-01 3.420162258584877929e-27 2.449546339796214285e-27 3.410731881362583368e-28 8.399087081971376989e-01
8.840268063712417579e-01 8.310072622477684945e+01 6.006297475011384535e+01 2.889534538029530353e+01 3.480161318635536238e-01 2.036905197151113558e-27 1.666789113533880175e-27 2.190515131488311083e-28 8.911047970686234443e-01
1.536262516748606588e+00 5.572846751341513283e+01 4.592105791968707251e+01 1.989275782793271929e+01 3.235319426556672595e-01 1.577424936318587941e-27 1.550916622255544402e-27 1.917110031779408076e-28 8.965194782268597340e-01
2.669718274782328482e+00 3.602692013630333889e+01 2.134406358682088012e+01 1.352310279474051313e+01 2.664235085940653280e-01 1.003021107382580740e-27 1.241350006692521063e-27 1.813551093772476491e-28 8.243493333250070387e-01
