# R (Mpc), rho (Msol/kpc^3), errup, errlow, std, pth (Msol/kpc/s^2), errup, errlow, std 
#  nprofs 58, average weighted mh 5682994634498.487305
5.932158141952244973e-04 1.408006882249313593e+08 6.350974975578171760e+07 3.043969598566944897e+07 4.404559640049781621e-01 8.171351803289071012e-22 1.498401659765002356e-21 3.389125260534420376e-23 8.763719083697731893e-01
1.030890933535696897e-03 7.396410780152118206e+07 4.429224760495223105e+07 3.185564991653987765e+07 5.877054324171548938e-01 3.378924761805605118e-22 2.924741626617365592e-22 1.127764376209592501e-22 8.422520893538465447e-01
1.791483118648551668e-03 3.014610707453488559e+07 1.940091504674300179e+07 1.211161822651892528e+07 5.127026320702463558e-01 1.223983916265624569e-22 6.486300524887539900e-23 1.560611474628689006e-23 6.622898385151059220e-01
3.113240848277968459e-03 5.650168270551126450e+06 6.622607999744919129e+06 7.759384511138891801e+06 8.603670948067080326e-01 8.676511701543736902e-24 6.882488488145252954e-24 2.388551931309237031e-24 5.712329975853471797e-01
5.410192526233861474e-03 1.677777740090941777e+06 2.263584523642681539e+06 2.173896963319715112e+06 8.453563196758216991e-01 4.152279655892926740e-24 2.767082902638296127e-24 9.648723183837212701e-25 4.393098833951888382e-01
9.401837055782886685e-03 5.798635838726751972e+05 8.451410306124102790e+05 6.385838470589754870e+05 7.042628594473948622e-01 2.479571008865625247e-24 1.219921964604877043e-24 5.497426382553479775e-25 3.724126275673639852e-01
1.633852022730607895e-02 1.910582975744739815e+05 2.621753516882014228e+05 1.739407248534738319e+05 5.505711405966395855e-01 1.583602734467436614e-24 8.987886284165524289e-25 3.764301014281021310e-25 3.264650574461483989e-01
2.839309399155095365e-02 6.892375553007697454e+04 7.966023835272216820e+04 2.721800551616228040e+04 3.824416066174670670e-01 1.192457006599862573e-24 5.990680849580726461e-25 3.511878087220327274e-25 3.494169431931582470e-01
4.934154226927617293e-02 2.863881518931345636e+04 1.820921434480226890e+04 9.770706296774766088e+03 3.227361239151745886e-01 7.875142485589901990e-25 3.365586211065607588e-25 2.059341751238635996e-25 3.536818992693721575e-01
8.574577304732042271e-02 1.167673920549386821e+04 6.629255176210101126e+03 3.965766558444566726e+03 2.694588423773232599e-01 4.271587657290226182e-25 1.848265156780061063e-25 8.280578246872271463e-26 3.543321994046051970e-01
1.490090754633893733e-01 5.639771138398586118e+03 2.643977331492647863e+03 1.653848822616291272e+03 2.578479952491197769e-01 1.873101829739653335e-25 1.022132645861324081e-25 3.298890970675652527e-26 3.672302776215580211e-01
2.589480948314561437e-01 2.139199421276262456e+03 9.145245504957836147e+02 2.789674102527831110e+02 2.187430978910195334e-01 6.121773145353245460e-26 2.695476914161439637e-26 6.619487587861483744e-27 3.845430675534515230e-01
4.500002138011764963e-01 5.500765437699698168e+02 2.150074722443634414e+02 1.340163966765877603e+02 2.187832249022776399e-01 1.054137811095343707e-26 3.464818772927467039e-27 1.838785226480082130e-27 4.421260947666569296e-01
7.820107444810802111e-01 1.641676574443843037e+02 9.258798046278673155e+01 4.571535367786620441e+01 2.335152908926728943e-01 1.987163208010129259e-27 1.387332357632820004e-27 4.771154993387491138e-28 5.695384605391784483e-01
1.358978919850138967e+00 7.335205749688469723e+01 1.970659032375954212e+01 1.783605869638663677e+01 2.157063262639862256e-01 2.773998678304905141e-27 2.482454522976904881e-28 1.404138325764035830e-28 6.216514918259727907e-01
2.361634693168501720e+00 3.846833881198931238e+01 1.483400301686965150e+01 1.010530625537439775e+01 2.150750431024232578e-01 1.172290963277705949e-27 1.903047748949437767e-28 6.203139721524489682e-29 6.260524921683464639e-01
4.104050726991497200e+00 2.404885263644872140e+01 7.351934155853964370e+00 7.628992070723807473e+00 1.389615809707545613e-01 1.342978251870294055e-28 9.732306808710487684e-29 5.948030247410974320e-29 4.907422468244257430e-01
7.132022754595307212e+00 2.211263149563644603e+01 8.269514870330066714e+00 2.660987826665547118e+00 9.449580960756145953e-02 5.031827156964619746e-28 1.233765871592769152e-27 2.829758577646601772e-29 5.798490061185986866e-01
1.239403505359512359e+01 1.069066089757772620e+00 1.199705036348907017e-01 1.160737956687172279e-01 6.567961600357613561e-02 1.181846501146666688e-29 5.582916779190130044e-30 1.924876947909595638e-30 4.531315357704721047e-01
