# R (Mpc), rho (Msol/kpc^3), errup, errlow, std, pth (Msol/kpc/s^2), errup, errlow, std 
#  nprofs 254, average weighted mh 1199988066514.864014
6.706029110378903786e-04 5.923107420122352242e+07 3.781207215004622191e+07 3.161380519292034581e+07 3.799601420873416902e-01 9.971846908543210935e-23 8.076569691689023692e-23 2.243176191961010887e-23 6.335022479636869264e-01
1.165374294563389359e-03 2.531137759093294293e+07 1.656481121865338087e+07 8.611154539924914017e+06 2.887767981120027971e-01 3.108760069026162463e-23 2.871642627869025839e-23 5.003160067035721608e-24 5.876000925592470558e-01
2.025188414895478031e-03 8.994095568331802264e+06 7.146178221902126446e+06 3.279944483282482252e+06 4.350047967443015917e-01 6.809027390252478665e-24 4.772194268056653407e-24 1.021169423823462762e-24 5.181934199973964317e-01
3.519374105778993230e-03 2.332934081341112964e+06 1.718009545163051225e+06 8.362168158339788206e+05 4.594283754784072582e-01 1.013001096373169509e-24 1.130052198683624527e-24 1.775886556685061630e-25 5.021589345671975124e-01
6.115971237701829134e-03 6.140905747123042820e+05 5.375311216453751549e+05 2.768134799594067736e+05 4.418224625394275296e-01 8.132025143219070959e-25 5.788211690261656755e-25 6.793620226070579397e-26 5.273957445843370229e-01
1.062833988548557602e-02 2.043570370767214336e+05 1.521664504861236783e+05 8.362659197823154682e+04 3.830188318409539772e-01 8.611407990486717308e-25 3.870385981094062263e-25 6.627187720453463424e-26 5.993725093972684936e-01
1.846993786122688719e-02 6.785955829782655928e+04 4.552612571633269545e+04 2.805074430777411908e+04 3.007176613540014642e-01 4.631297920307656119e-25 2.953686893404077871e-25 7.482413804647669016e-26 5.696808691181425299e-01
3.209707332218952880e-02 2.018960700792498392e+04 1.188222948090699720e+04 6.683979861868613625e+03 2.802447971048673270e-01 2.118555497230086518e-25 1.541404579708522267e-25 3.409458106821733277e-26 5.076797290208561186e-01
5.577832061973046762e-02 6.976859385885345546e+03 4.851009607850925931e+03 2.311173467014580638e+03 2.646021296610230333e-01 1.046879848693544819e-25 8.717944686386014427e-26 1.725747850265636556e-26 4.936248911817632812e-01
9.693161179921591653e-02 3.200859804681641435e+03 1.888110962740629475e+03 9.511536970690012822e+02 2.568012260563141136e-01 6.549240437025455308e-26 3.902834189835329801e-26 6.924178548783145943e-27 5.383217152563691821e-01
1.684478353166902198e-01 1.430170226390203425e+03 9.310977205422482257e+02 3.163883134007687659e+02 2.849199007359075053e-01 3.361908542693658731e-26 1.719175181900402549e-26 2.647917491940628992e-27 6.072944957825624490e-01
2.927287878143824407e-01 5.793694872206659738e+02 3.668011710732566826e+02 1.409183392394115799e+02 2.819139751535702509e-01 9.909126954190629371e-27 5.157871339978646847e-27 8.970875706007883412e-28 6.217395775844942740e-01
5.087043300626336029e-01 2.318319036802304538e+02 1.415161308734027443e+02 6.159972062166515627e+01 2.524834138373877601e-01 2.572268972329364873e-27 2.023077248275423859e-27 3.295341689147135712e-28 5.803830961511583508e-01
8.840268063712417579e-01 1.019001640604225258e+02 5.522547744057570185e+01 3.234932095191724244e+01 2.486140648651552487e-01 8.002812319613062402e-28 7.478039777485904758e-28 1.549545341170645996e-28 6.351281573478697595e-01
1.536262516748606588e+00 5.724926624830380462e+01 3.887770459786523958e+01 1.857606474535550589e+01 2.384276772191357696e-01 3.935046830463024023e-28 6.051402413133901493e-28 8.497176551974965150e-29 6.680692284352889310e-01
2.669718274782328482e+00 5.268599705898737717e+00 2.863832679093628819e+00 2.051295679957143570e+00 2.185182289995422356e-01 3.065227814926529330e-29 4.470774858993365752e-29 8.572282728404380075e-30 6.507341074531394209e-01
