# R (Mpc), rho (Msol/kpc^3), errup, errlow, std, pth (Msol/kpc/s^2), errup, errlow, std 
#  nprofs 184, average weighted mh 501049411405.177002
6.706029110378903786e-04 7.275105204039359093e+07 5.782535920879314095e+07 5.439669885649696738e+07 4.779693318454496520e-01 4.378662542483885181e-22 8.344883002362672270e-22 6.462587536756664505e-23 8.638623297018930280e-01
1.165374294563389359e-03 3.432493861606848240e+07 2.686285296498570591e+07 1.774244489483495802e+07 4.276234104335120412e-01 1.203302234165192002e-22 1.823257090351288132e-22 2.331150642343686447e-23 8.025396943052950371e-01
2.025188414895478031e-03 1.981801171947887912e+07 1.026279419149602950e+07 1.118149094877009466e+07 5.860980772066759492e-01 2.152979674047993445e-23 2.535943950622404497e-23 7.314763399814705749e-24 5.834258887354550893e-01
3.519374105778993230e-03 6.627293221371628344e+06 4.859653793462687172e+06 5.658406349021752365e+06 7.935285263424722846e-01 4.396695446806762537e-24 3.736912310240652373e-24 1.422064605162284019e-24 5.016227445741809898e-01
6.115971237701829134e-03 1.854142385493865237e+06 2.171281111568502616e+06 1.557430525383405155e+06 9.147989638205624718e-01 1.016603373510290058e-24 1.254424773954562381e-24 3.444112839708061968e-25 5.128756557671523275e-01
1.062833988548557602e-02 6.092335641662938287e+05 3.785565440671044635e+05 6.732324506627435330e+05 8.413572900480733585e-01 5.330916119484360233e-25 3.886761428407642996e-25 2.296030048589203642e-25 5.001688196011403464e-01
1.846993786122688719e-02 1.835818816825383110e+05 1.757091362386659603e+05 1.493929564353389142e+05 6.303156791256164793e-01 2.593660267625243320e-25 2.290838792477288384e-25 1.135809802368933594e-25 4.706532500765196469e-01
3.209707332218952880e-02 4.072065870585902303e+04 3.552565183497909311e+04 2.564598757233839206e+04 4.115609960696959835e-01 1.261149230919344631e-25 1.039820937745358724e-25 4.839344350689784044e-26 4.508251707392644803e-01
5.577832061973046762e-02 1.049382607083487710e+04 1.009432892252127203e+04 3.313505559716805692e+03 3.267867523375967420e-01 4.484585154838577934e-26 5.600612780301663014e-26 1.482202471468492757e-26 4.508373032679897086e-01
9.693161179921591653e-02 3.136395167600632703e+03 2.247183008436001728e+03 1.427035407993350873e+03 2.747780721084392419e-01 1.661244199161433663e-26 1.788931223369532806e-26 5.060424633070489091e-27 4.101796410783096203e-01
1.684478353166902198e-01 1.064328513241753399e+03 7.575932806325579350e+02 3.369686261005050483e+02 2.354458951617343088e-01 6.736464383333316990e-27 7.001495100357681450e-27 2.276661884040040881e-27 4.259486136964570346e-01
2.927287878143824407e-01 4.067490482080264087e+02 2.903851294227566768e+02 1.138805287612603081e+02 2.292608021109693583e-01 2.549552142525095032e-27 3.548380740812561750e-27 1.045995260437574312e-27 5.229379345085040098e-01
5.087043300626336029e-01 1.854974161543868263e+02 1.493427264132489256e+02 8.223520953180423021e+01 2.760612612405025090e-01 1.126355117808099621e-27 2.048139250151601948e-27 5.261476377808417435e-28 6.723430144095081662e-01
8.840268063712417579e-01 1.008815190223327107e+02 9.564116297167399239e+01 3.730933523274759978e+01 2.995966110038498775e-01 6.128783734813835413e-28 1.368636010302777240e-27 2.548179357303516735e-28 7.441400400297284445e-01
1.536262516748606588e+00 5.867561751804134929e+01 6.270240109536469220e+01 2.240448838150297561e+01 2.930724543668707938e-01 5.122747750576080614e-28 5.658583393432825352e-28 1.236411089764744446e-28 7.773481138146765002e-01
2.669718274782328482e+00 3.905013679146647121e+01 3.449421343764841197e+01 1.025807567089813688e+01 2.613493552057595815e-01 4.604391003235093040e-28 4.938871573955576318e-28 7.150428036036671254e-29 7.877936125123753408e-01
