# R (Mpc), rho (Msol/kpc^3), errup, errlow, std, pth (Msol/kpc/s^2), errup, errlow, std 
#  nprofs 366, average weighted mh 1136054533624.830078
6.706029110378903786e-04 3.296210681246479228e+07 4.176577590266095847e+07 5.881498383687898517e+06 3.855667170737013261e-01 1.436818916375301431e-22 3.580108636707880576e-23 2.221589330960413873e-24 8.030129185254218926e-01
1.165374294563389359e-03 1.165150727709915861e+07 1.266209251455080323e+07 3.943119531699241139e+06 4.152539417239298758e-01 2.469642253432243556e-23 6.320541756960447331e-24 6.821083418661436690e-25 7.717452923543610677e-01
2.025188414895478031e-03 5.847797464614927769e+06 5.426011684152469039e+06 1.500002017332238844e+06 3.610189166908441827e-01 7.337565800389547445e-24 1.934483452087327402e-24 2.561834308807003198e-25 6.531966259978767564e-01
3.519374105778993230e-03 2.612246645853888709e+06 1.481854737749203108e+06 5.807195799151209649e+05 2.802784909385582779e-01 3.749769544817317237e-24 5.050494853929991496e-25 8.092196346329263851e-26 5.255388793447828277e-01
6.115971237701829134e-03 8.652240086066464428e+05 5.689911542419453617e+05 2.547328530765446485e+05 2.370197445229642874e-01 8.181160373896392962e-24 5.994519804603946600e-25 6.170685919408543419e-26 5.780307119825105477e-01
1.062833988548557602e-02 3.175784454531014198e+05 2.646946534672953421e+05 1.006434339039264887e+05 2.513595025669956851e-01 3.580435843634080397e-24 5.007939190118007179e-25 1.434682066741065553e-25 5.629219890400747328e-01
1.846993786122688719e-02 1.059463505868289358e+05 8.239449901386370766e+04 4.754018050333135761e+04 2.801867251559033156e-01 5.784833563843874050e-25 5.358882234491950331e-25 9.877587332043294367e-26 5.268932565975611437e-01
3.209707332218952880e-02 3.352812231667259766e+04 3.191843778099404153e+04 1.261491686855767875e+04 2.992991302725264147e-01 4.130594698412185893e-25 3.149268129336949330e-25 3.901795120356891870e-26 5.614271985243973750e-01
5.577832061973046762e-02 1.147436874635610184e+04 1.127043176304334338e+04 3.314683702441687274e+03 3.079474550198516014e-01 2.641519158895437274e-25 1.870111963988678924e-25 1.819321056015686698e-26 5.962114189026975763e-01
9.693161179921591653e-02 5.354042826793343011e+03 5.010833911039481791e+03 1.042108065651750167e+03 3.358347870467284224e-01 1.373706426246110310e-25 8.935703566757594990e-26 6.813909849750292714e-27 6.331996997978597275e-01
1.684478353166902198e-01 2.135214226178140507e+03 2.031640088818170625e+03 4.594910958282803222e+02 3.503652358275685663e-01 4.606668889710624731e-26 2.221684243909364689e-26 2.388191775883737631e-27 6.509746287271583887e-01
2.927287878143824407e-01 6.505542963717246039e+02 5.133158768277135096e+02 1.465843447918704499e+02 3.195013451337708199e-01 1.036909472566354293e-26 5.090579530207304990e-27 6.751815870954007492e-28 6.474752075241463345e-01
5.087043300626336029e-01 2.007959039012618803e+02 1.673906278212710390e+02 5.219634517359833126e+01 3.018414101739863575e-01 2.212121531674286839e-27 1.575717949574345322e-27 1.686665457171984423e-28 6.846081779672154033e-01
8.840268063712417579e-01 9.421682095008375768e+01 9.194649211868649274e+01 2.814493610750490049e+01 3.240261974696517777e-01 9.710522285284151703e-28 9.944522349814622832e-28 9.040974418495654064e-29 8.108343139845793912e-01
1.536262516748606588e+00 5.479642257905638303e+01 3.853124705287231677e+01 1.955636343718351000e+01 2.851677318476520950e-01 6.246264866268219461e-28 5.260281734715411046e-28 9.999195126173567775e-29 8.169035579138771430e-01
2.669718274782328482e+00 2.250498536112957026e+01 1.364925410728209698e+01 7.877161506119101375e+00 2.132065932620820781e-01 1.669575827724604740e-28 1.841204419248461848e-28 4.596857530991220691e-29 6.855455866752078187e-01
