# R (Mpc), rho (Msol/kpc^3), errup, errlow, std, pth (Msol/kpc/s^2), errup, errlow, std 
#  nprofs 256, average weighted mh 755510953318.331177
6.706029110378903786e-04 6.891787539937214553e+07 9.218440516843004525e+07 1.990257952587558702e+07 4.929437530492294384e-01 3.617528841279338193e-22 5.732651789383202741e-22 4.576666328110157621e-23 8.655106063702205921e-01
1.165374294563389359e-03 3.027258855506026745e+07 2.790787239829359576e+07 1.391037908723198250e+07 4.101398512435449062e-01 1.338295728157848968e-22 1.758038176468946213e-22 1.049808595698452781e-23 8.050315884176589831e-01
2.025188414895478031e-03 1.459317790670775436e+07 1.350305474238547496e+07 9.232340977974843234e+06 5.888307281312408215e-01 3.923563220668089854e-23 2.336445572228596191e-23 3.545633503966762206e-24 6.305492644930537072e-01
3.519374105778993230e-03 5.103756698472389951e+06 4.419279043235398829e+06 3.946708334286868572e+06 6.988025087654385903e-01 5.794686624613134386e-24 3.557639815682986801e-24 9.004634240134481370e-25 5.273592774983497655e-01
6.115971237701829134e-03 1.478508831663757563e+06 9.699044263149276376e+05 1.331710718648342649e+06 6.598153984013678253e-01 9.914311740628308019e-25 1.023271186074186750e-24 2.712617096191326234e-25 4.529473534735579676e-01
1.062833988548557602e-02 5.491485919321757974e+05 3.151129032233016333e+05 5.471948906534593552e+05 6.341229949603554017e-01 4.930237582927065381e-25 5.600992704678239769e-25 1.315936065992339962e-25 4.564260935441803446e-01
1.846993786122688719e-02 1.740489864363376691e+05 8.675697823747334769e+04 1.634175057380775106e+05 5.046622280395357540e-01 2.975272839647136854e-25 2.737391423194631301e-25 9.615966813846134214e-26 4.205749902609539626e-01
3.209707332218952880e-02 3.661232747313509026e+04 2.538784841316282836e+04 2.070604319670833502e+04 3.617591637856980569e-01 1.366179881871582364e-25 1.300780739528391171e-25 4.074180178690238372e-26 4.019850942936915028e-01
5.577832061973046762e-02 8.951159629047157068e+03 7.107548499839216674e+03 2.953113936463654682e+03 2.896105540513032595e-01 6.330290867829753515e-26 5.792384467296361473e-26 2.233288135259750634e-26 4.203098776986327056e-01
9.693161179921591653e-02 3.132857401612577178e+03 2.440889930885921785e+03 1.047247268492147214e+03 2.791751786466791230e-01 3.096016141070662844e-26 2.195436654873838127e-26 8.255715778877881342e-27 4.582467948970022076e-01
1.684478353166902198e-01 1.086190889966204622e+03 7.419004445737539299e+02 3.807033252485224466e+02 2.653319029618975144e-01 1.133847133717913352e-26 9.002315266154135232e-27 2.633727901659004419e-27 5.197031465459109878e-01
2.927287878143824407e-01 4.112240390429136596e+02 3.244195950898883893e+02 1.385412959838212146e+02 2.755196149395437999e-01 4.485578384357812629e-27 3.690567561421135047e-27 7.590477877387838705e-28 6.076702673534161159e-01
5.087043300626336029e-01 1.646114305515564809e+02 1.105100422266261972e+02 5.566761675991871527e+01 2.750687052692386003e-01 1.367981684198886440e-27 1.292524659632134348e-27 3.319420664473948158e-28 6.884323541327079798e-01
8.840268063712417579e-01 8.723751025952047655e+01 6.204369043106930803e+01 3.249911111201085845e+01 2.687329804272804434e-01 8.962433337191390005e-28 7.746571735109377118e-28 1.725112757519650992e-28 7.528778446463662011e-01
1.536262516748606588e+00 5.296102733247462169e+01 2.911968733451553959e+01 1.892875365354618111e+01 2.618858845574931205e-01 6.233131565633931340e-28 3.134507585188192855e-28 9.232642407952104269e-29 7.531565994587120505e-01
2.669718274782328482e+00 3.184177030952486120e+01 1.753398307169468850e+01 8.878020692208409059e+00 1.978362125834442209e-01 2.350621404974363758e-28 2.183636721318059599e-28 6.599191754156882374e-29 6.550106164896530858e-01
