# R (Mpc), rho (Msol/kpc^3), errup, errlow, std, pth (Msol/kpc/s^2), errup, errlow, std 
#  nprofs 546, average weighted mh 1568792639942.427734
6.706029110378903786e-04 4.979328527261730283e+07 3.547610542434147000e+07 2.683892404271291941e+07 3.561393994345338765e-01 8.262543264953292647e-23 3.640909541068754534e-23 1.561728092833405977e-23 6.639668130788833889e-01
1.165374294563389359e-03 2.247075445287590846e+07 1.388486084651631862e+07 9.117665192905131727e+06 3.237059290084609020e-01 2.658101327679814145e-23 1.212726198960674171e-23 4.805034920433204357e-24 6.339593933021985261e-01
2.025188414895478031e-03 7.790664735393033363e+06 5.189192429785860702e+06 2.463952869426988531e+06 3.516164108224622553e-01 4.919531214480721820e-24 3.545345450078980169e-24 8.037969258576643938e-25 5.311660053017452920e-01
3.519374105778993230e-03 1.993931500832092715e+06 1.303673776626207400e+06 6.464112168021409307e+05 4.589656861458287218e-01 1.535915560559396306e-24 1.103926922830388413e-24 1.467502271443451881e-25 5.431690666237133369e-01
6.115971237701829134e-03 5.474471339547969401e+05 3.540746277727533597e+05 1.781358794213756628e+05 4.855398653277508414e-01 8.475152891677106751e-25 5.442048440139710756e-25 5.541465063180573738e-26 6.134166737296489202e-01
1.062833988548557602e-02 1.798485006164269871e+05 1.425097528987262922e+05 6.654764074931900541e+04 4.045585291452721832e-01 6.006688612441979417e-25 4.212626565538084924e-25 5.710519544353011758e-26 6.656050365646819511e-01
1.846993786122688719e-02 6.326355924340865749e+04 5.031074758666173148e+04 2.692023920039233781e+04 3.422940006165527960e-01 4.082983077096325519e-25 2.025008426608587399e-25 5.801904188789669816e-26 5.988357648721807092e-01
3.209707332218952880e-02 1.799197315354286184e+04 1.169474175210881185e+04 7.337370206373318979e+03 3.004391031475485141e-01 2.582607648851578398e-25 1.277606111059314020e-25 2.687466565965203870e-26 5.438211052052941419e-01
5.577832061973046762e-02 4.680384218752632478e+03 3.495417764905458625e+03 1.486770938409235669e+03 2.731573142572101820e-01 1.321260272511689971e-25 6.081030755470818880e-26 1.489678793795193694e-26 5.238413061549150873e-01
9.693161179921591653e-02 1.996480684615820792e+03 1.326280910442638287e+03 5.872327722631787310e+02 2.892054425801212636e-01 6.337143123091123836e-26 2.949249043305129512e-26 6.636091326831896139e-27 5.553805182786243355e-01
1.684478353166902198e-01 8.894282529450523498e+02 5.118335226015030912e+02 2.533583987496540431e+02 2.941137433139066060e-01 2.538102824535990661e-26 1.209680579350745277e-26 2.676185503279227685e-27 6.269087437279310393e-01
2.927287878143824407e-01 3.745686848934516320e+02 2.569122167004960602e+02 1.103317790348960443e+02 2.974029705272042690e-01 8.746768566279266906e-27 5.714586993734836174e-27 8.904929468522620369e-28 7.017151968841156551e-01
5.087043300626336029e-01 1.694639432161257844e+02 1.268498574946556516e+02 5.682306020666263180e+01 3.223920828549580175e-01 3.298677895142148387e-27 2.832063253231268711e-27 3.851917750093960932e-28 7.781544870175947093e-01
8.840268063712417579e-01 8.625181613878825715e+01 6.699195918485098389e+01 2.959634083967624818e+01 3.481656227727756847e-01 2.140862912036292600e-27 1.683836439253239945e-27 2.607968991859072910e-28 8.835086078438180168e-01
1.536262516748606588e+00 5.187480742076793661e+01 3.721715158263556589e+01 1.881947228403348049e+01 3.368325707709149408e-01 1.613980363792620589e-27 1.170110242647711921e-27 2.246482828491031317e-28 9.080412552597798559e-01
2.669718274782328482e+00 3.108690175455541649e+01 2.062202009562761162e+01 9.715075518325420489e+00 2.562236212083489062e-01 7.396968064946093088e-28 8.220620033198203118e-28 1.375715359439431841e-28 7.597286630064341573e-01
