# R (Mpc), rho (Msol/kpc^3), errup, errlow, std, pth (Msol/kpc/s^2), errup, errlow, std 
#  nprofs 516, average weighted mh 1427568678808.147949
6.706029110378903786e-04 2.416553109059236571e+07 3.039162577233226225e+07 6.922101117116912268e+06 3.531602409314338886e-01 6.126661264003804386e-23 1.987511930036405463e-23 2.751677847570453169e-24 7.075255267583686614e-01
1.165374294563389359e-03 1.113335043188813701e+07 1.158037004681894183e+07 5.814469116114978679e+06 4.113853084480826872e-01 1.877097354150583421e-23 6.419118152296160101e-24 1.016806887408174723e-24 7.403339934544780343e-01
2.025188414895478031e-03 5.561324278549068607e+06 4.700807835374697112e+06 1.811093531291455263e+06 3.591436356235545024e-01 6.568778389009281114e-24 1.927986725139822534e-24 3.088244705384087579e-25 6.096220265654856973e-01
3.519374105778993230e-03 1.993385805450567510e+06 1.811701214077146025e+06 5.305335808202337939e+05 3.075634880451062481e-01 9.666556945963643541e-25 4.483288764907852832e-25 5.634721248776530652e-26 4.931913731463367645e-01
6.115971237701829134e-03 6.732627847518145572e+05 5.881898307275318075e+05 1.820946874369218131e+05 2.878396188449521276e-01 1.101273627339438029e-24 5.764063064139659953e-25 3.695912800212946747e-26 5.804369671571092404e-01
1.062833988548557602e-02 2.457625145056275942e+05 2.262446890106412175e+05 8.681470144617820915e+04 3.257735844566358452e-01 1.167952240933942255e-24 4.517791224285603971e-25 1.067720450452474639e-25 5.828116532408603723e-01
1.846993786122688719e-02 8.000116543050530890e+04 7.287001362104617874e+04 3.195855700909027291e+04 3.449441872645551133e-01 6.837389576964931196e-25 4.643641188079710012e-25 7.348955280906748283e-26 5.683325823250625630e-01
3.209707332218952880e-02 2.226153382847513058e+04 1.924460924788764896e+04 6.998345294080945678e+03 3.250829815937569811e-01 5.213169532565202147e-25 3.472324248548601632e-25 3.693534897220160890e-26 6.088380115103492196e-01
5.577832061973046762e-02 8.828559911973190538e+03 7.868909389126968563e+03 2.044926764649582765e+03 3.343976779471654615e-01 3.146362480403200068e-25 1.828585996962463336e-25 1.929027646392367327e-26 6.292776756266349469e-01
9.693161179921591653e-02 4.204469761576403471e+03 4.183802521299221553e+03 8.912259561513635617e+02 3.567840646397483217e-01 1.336694628124240842e-25 7.446879578586304413e-26 7.717958332767284089e-27 6.553232648646982739e-01
1.684478353166902198e-01 1.731418831655149006e+03 1.312879566840982307e+03 3.219578494045237562e+02 3.651612311808089539e-01 4.924966343404170206e-26 1.841832044284050695e-26 2.196156741840250517e-27 7.008377902509785873e-01
2.927287878143824407e-01 5.172773356170612260e+02 3.115939881469477086e+02 1.094343178924528246e+02 3.411956879066079806e-01 1.203607481694413377e-26 5.233738450420252959e-27 5.451279107094838399e-28 7.541587954791015846e-01
5.087043300626336029e-01 1.677251647597812507e+02 1.175773259094751069e+02 3.802051968857711017e+01 3.545383346081652509e-01 3.719104585627962881e-27 1.952919159573706722e-27 1.477841185700181249e-28 8.524095735746340941e-01
8.840268063712417579e-01 9.282212291665962312e+01 7.732720567540522438e+01 2.227856003310380117e+01 3.980814723373441444e-01 4.225094286407158079e-27 1.518533037409082155e-27 7.924103706958096163e-29 1.007351451728263791e+00
1.536262516748606588e+00 6.220816041930066831e+01 4.497736945545229759e+01 1.180142297612975000e+01 3.917892988162474666e-01 4.070772531356578835e-27 1.020687048354958377e-27 6.305383436618861710e-29 1.047831401279661012e+00
2.669718274782328482e+00 4.011821943895596831e+01 3.929318734300611027e+01 9.080671430197297056e+00 3.353790768578592263e-01 2.479971505605587240e-27 1.797481219703302529e-27 6.118875738830063150e-29 9.908400251778510803e-01
