# R (Mpc), rho (Msol/kpc^3), errup, errlow, std, pth (Msol/kpc/s^2), errup, errlow, std 
#  nprofs 634, average weighted mh 1131738210627.981445
6.706029110378903786e-04 4.726451409977988899e+07 3.875244743800047785e+07 2.651558795652869344e+07 3.768645530068072125e-01 1.155847108101173425e-22 3.544777191000442087e-23 1.646041531646625030e-23 7.036881713629817847e-01
1.165374294563389359e-03 2.053861675432697684e+07 1.598015793682344258e+07 1.024652999690446258e+07 3.729630121787786412e-01 2.760144103581902714e-23 1.505048181036144085e-23 4.516734130032669869e-24 7.369875890277762798e-01
2.025188414895478031e-03 8.500830305288318545e+06 6.088127323261158541e+06 3.279172032888534479e+06 3.868417163828010152e-01 6.175248929785217666e-24 4.358222762109926748e-24 9.958022576844237615e-25 6.123461728245321867e-01
3.519374105778993230e-03 3.025384914414961822e+06 2.696648962674578186e+06 9.125000918682019692e+05 3.862684284477405083e-01 1.601218720905268616e-24 1.406387085954868179e-24 2.003211558260211914e-25 5.560630979017880948e-01
6.115971237701829134e-03 1.157152737212375039e+06 1.161351357860381249e+06 4.368004476338861277e+05 4.305961855180663322e-01 8.908116573524613484e-25 6.918138934243250310e-25 1.228913625429370579e-25 5.815521791727253920e-01
1.062833988548557602e-02 4.742353930027448223e+05 4.465084513618791243e+05 2.592699119324474013e+05 4.225608752821409242e-01 5.218350409613367107e-25 4.715567315634749736e-25 1.232836118728650889e-25 5.206628812626638014e-01
1.846993786122688719e-02 1.224026845653278870e+05 1.109464308544404048e+05 6.409862544503526442e+04 3.790339704382245101e-01 3.677882440373298786e-25 4.352360634690519960e-25 8.143628418134685326e-26 5.073016653378421559e-01
3.209707332218952880e-02 2.276872921158513418e+04 1.895218197638208221e+04 8.894932761643965932e+03 3.204395653518450904e-01 2.101582528017331945e-25 2.352480738611117901e-25 3.917751005593340902e-26 5.025509758217389100e-01
5.577832061973046762e-02 6.856263498363787221e+03 6.317492047727692807e+03 2.055908669663865112e+03 2.909279276833875993e-01 1.140940768333517233e-25 1.014113202553523332e-25 1.786732803921846981e-26 5.017757454874074430e-01
9.693161179921591653e-02 2.597754125388644752e+03 2.008223836609029604e+03 6.765963377543396291e+02 2.731321637411117664e-01 4.788113924046743684e-26 3.561491918358421108e-26 6.816205661746380334e-27 5.276303175011184399e-01
1.684478353166902198e-01 8.884960286430190308e+02 6.288837751293355041e+02 2.493393876499613953e+02 2.770017195997931947e-01 1.798140265610465075e-26 1.217206249795340628e-26 2.040888507789003317e-27 6.017140756818937231e-01
2.927287878143824407e-01 3.241966830842258105e+02 2.591217155694866960e+02 8.681529546424766863e+01 3.023978894217246305e-01 6.120214614830241176e-27 5.160003306007541553e-27 6.527396344496585035e-28 7.090725765210094123e-01
5.087043300626336029e-01 1.572047333673598359e+02 1.519640453029522860e+02 4.710622408635705938e+01 3.446322812931781887e-01 3.209189332791061912e-27 3.123768946611827922e-27 2.848747794837052983e-28 8.361492363155652585e-01
8.840268063712417579e-01 8.752382087196552618e+01 7.219574637892472424e+01 2.798000342658118100e+01 3.473892441804472542e-01 2.424976113867284569e-27 1.558573217231297159e-27 1.814067835011647472e-28 9.073111939496383282e-01
1.536262516748606588e+00 5.342417419270878298e+01 4.396977399553681209e+01 1.609673358280218025e+01 3.221051763259089595e-01 1.563479320393897704e-27 1.141238117556597386e-27 1.427569972819262259e-28 8.916783090493781705e-01
2.669718274782328482e+00 3.398738135983564490e+01 2.488573006790334929e+01 1.227692144137903796e+01 2.610731005730742016e-01 7.347652598118739579e-28 7.706516511789513519e-28 1.430570651259177537e-28 8.046944579765020755e-01
