# R (Mpc), rho (Msol/kpc^3), errup, errlow, std, pth (Msol/kpc/s^2), errup, errlow, std 
#  nprofs 494, average weighted mh 1533793157209.644287
6.706029110378903786e-04 5.455414769548864663e+07 5.307228463578392565e+07 2.353367638275904581e+07 3.834984464852873587e-01 5.051094809560863660e-23 5.500692220695987985e-23 1.265455570326356234e-23 6.001876364247794582e-01
1.165374294563389359e-03 2.193862306872337684e+07 1.451274394178854302e+07 1.089600050013674051e+07 3.543919851515585639e-01 2.452084564389151476e-23 1.345263744083651618e-23 5.025650087176584786e-24 6.274306548218185897e-01
2.025188414895478031e-03 8.451191190431622788e+06 5.388825105332612991e+06 3.876475952982271090e+06 4.371057089085202407e-01 9.547446705859448211e-24 4.156094082083960684e-24 1.082103365287380964e-24 5.679833034578664064e-01
3.519374105778993230e-03 3.068865420081564225e+06 2.697185787846942898e+06 1.418500973471378675e+06 5.806643123143341301e-01 4.627182585651806387e-24 1.970589647487473529e-24 3.009033941757853238e-25 5.814496973003112634e-01
6.115971237701829134e-03 1.338076907395238988e+06 1.471029134275836870e+06 7.938521382803940214e+05 6.082748498373863333e-01 2.072557044549845627e-24 9.841632779579395190e-25 1.785204685626672539e-25 6.069098190656280201e-01
1.062833988548557602e-02 6.142962101792442845e+05 5.604543634278423851e+05 4.445962845464883139e+05 6.140048134424865856e-01 8.214942903697749334e-25 5.222117579542942721e-25 1.371357723765620533e-25 5.515296389159752843e-01
1.846993786122688719e-02 1.810639329713933985e+05 1.677657656111198594e+05 1.177431421419852995e+05 5.250211840699885446e-01 3.349185352170736311e-25 2.814028144802006304e-25 7.455514633835069829e-26 4.859392980811901852e-01
3.209707332218952880e-02 3.359513595064838591e+04 2.789113975029967332e+04 1.585787254887119889e+04 3.925885168430897632e-01 2.043379917996193345e-25 1.641979069612374616e-25 3.570448890740655706e-26 4.857706731418274249e-01
5.577832061973046762e-02 6.584179962772215731e+03 5.740374123509205674e+03 2.204371112180897399e+03 3.230945214943871657e-01 1.002037759175516867e-25 9.032199510611152678e-26 1.524026960542363093e-26 4.919597886995629721e-01
9.693161179921591653e-02 2.297350624645226162e+03 1.606144529081844212e+03 7.163089433950211742e+02 3.033251357154417294e-01 4.779127537889634011e-26 2.963443587295396076e-26 6.126847448842150793e-27 5.297209894907207728e-01
1.684478353166902198e-01 8.881296921670527809e+02 5.254681578240405315e+02 2.568312915542556993e+02 2.992770476466665719e-01 1.896477211845054636e-26 1.032493636784233123e-26 2.163146285373664603e-27 6.048201275380975517e-01
2.927287878143824407e-01 3.505541802307650414e+02 2.603658825669356247e+02 9.541391107961608498e+01 3.244067602066704747e-01 7.129172564781569415e-27 5.384490376698254081e-27 7.517730194093071777e-28 7.134360143916934627e-01
5.087043300626336029e-01 1.526274555192482296e+02 1.340665116210354881e+02 4.421759788919543155e+01 3.355017426117736234e-01 2.709076317837322766e-27 2.521269793753028822e-27 3.917060010328411686e-28 7.890122072662620889e-01
8.840268063712417579e-01 8.250889864943340513e+01 7.294073539699758157e+01 2.856327043658691167e+01 3.422442479922223613e-01 1.385878613877524504e-27 1.824915664364272134e-27 2.218320438139810176e-28 8.457591938191298953e-01
1.536262516748606588e+00 4.825305142210208942e+01 4.285267175713727283e+01 1.708313987280172341e+01 3.009901943023244320e-01 8.783552858750278412e-28 1.168908313648036606e-27 1.990498972544184000e-28 7.929041645464545152e-01
2.669718274782328482e+00 3.224151914211422820e+01 1.741521366536003512e+01 1.280575401609222830e+01 2.272855773270151813e-01 5.367526515461083303e-28 4.826589761270518409e-28 1.875540169545638337e-28 6.230429386397537961e-01
