# R (Mpc), rho (Msol/kpc^3), errup, errlow, std, pth (Msol/kpc/s^2), errup, errlow, std 
#  nprofs 128, average weighted mh 832805789460.965210
6.706029110378903786e-04 5.863569350911450386e+07 8.424996480145281553e+07 2.027338734126106277e+07 4.275266312384873868e-01 1.653799831482634878e-22 3.093598973701727096e-22 2.077959570769982849e-23 7.465837956870491343e-01
1.165374294563389359e-03 2.926097276449956745e+07 2.215283861448413879e+07 1.201174737913072854e+07 3.713462731661938965e-01 1.006241621891510849e-22 1.863002286935080781e-22 1.777954836106900718e-23 6.948674878595434423e-01
2.025188414895478031e-03 1.378924312658251822e+07 1.088804945180698670e+07 6.441737448063741438e+06 4.943170870304846587e-01 2.488082483817269392e-23 3.080732650581669596e-23 3.511955238664800775e-24 6.084455734719244058e-01
3.519374105778993230e-03 3.946713195357799064e+06 2.627846764884673990e+06 3.400624032681944780e+06 6.667116059934563577e-01 1.122466712077555118e-23 2.480426864045986136e-24 1.126672371662336088e-24 5.954268147203780615e-01
6.115971237701829134e-03 1.353768111026157858e+06 1.177151047543320805e+06 9.176572665887386538e+05 6.603246140805095754e-01 5.170803060656441934e-24 1.135448081209545219e-24 3.555323560180502700e-25 5.769831776551140878e-01
1.062833988548557602e-02 4.930956699590748176e+05 3.894913576659980463e+05 3.417817769671348506e+05 5.422010311700392604e-01 1.101178987912181188e-24 5.680769227523025293e-25 2.022492941818351771e-25 5.017146505831630021e-01
1.846993786122688719e-02 1.605429454829164024e+05 1.141633517443712917e+05 8.637382477072023903e+04 3.507522400489704872e-01 5.200972719660207466e-25 3.499054944038359025e-25 1.509622479976761782e-25 4.575811035813715510e-01
3.209707332218952880e-02 4.636386555404178944e+04 2.401617066463959782e+04 2.453657885433933188e+04 2.944595045923752985e-01 1.783608399338304097e-25 1.077419924725604491e-25 6.302059886620477533e-26 4.103699540196926732e-01
5.577832061973046762e-02 1.542154917971154646e+04 1.479315146322236433e+04 5.127557537779020095e+03 2.930592796363705177e-01 8.464530780760171909e-26 6.262421586351849433e-26 2.818919858943206311e-26 4.211862511020553201e-01
9.693161179921591653e-02 5.165125435012516391e+03 4.228307897871512068e+03 1.905411074108508274e+03 2.692294447539624880e-01 4.652578367833940786e-26 3.371763824811359924e-26 1.206029860242802952e-26 4.970942269215648524e-01
1.684478353166902198e-01 1.977495165739439472e+03 1.164191686970308410e+03 7.222817966767837561e+02 2.632691251455137049e-01 1.974078831217792029e-26 1.603588354594798474e-26 4.290526001562128230e-27 5.450479866196952239e-01
2.927287878143824407e-01 7.599398241782809009e+02 5.599227907029154494e+02 2.471527393148419378e+02 2.696137400554507457e-01 6.800584356236103414e-27 4.370402629988116831e-27 1.171077227027079516e-27 5.981406147225694081e-01
5.087043300626336029e-01 2.738120636302117532e+02 1.960567396645956251e+02 8.994336609206794719e+01 2.597976920569835535e-01 1.875813703232952289e-27 2.761074605349935083e-27 3.997810609322358896e-28 6.122042131583169677e-01
8.840268063712417579e-01 1.312767791393586947e+02 8.806573422175424071e+01 3.777690796452179711e+01 2.674435180596328454e-01 7.796272915196194565e-28 1.086381598698398293e-27 2.017845442644871589e-28 6.647875936510084793e-01
1.536262516748606588e+00 6.508892122466284036e+01 4.084466381065657004e+01 1.717736703935275244e+01 2.295520398607812096e-01 3.563721028463803497e-28 3.422262900372859016e-28 1.013210357936991175e-28 6.529448185644710634e-01
2.669718274782328482e+00 1.998149750864250862e+01 8.827346170090830668e+00 5.947034415855483758e+00 1.963885430569132506e-01 1.007941726803525438e-28 7.473919677199978932e-29 2.816027991029385259e-29 6.030922045320226133e-01
