# R (Mpc), rho (Msol/kpc^3), errup, errlow, std, pth (Msol/kpc/s^2), errup, errlow, std 
#  nprofs 653, average weighted mh 1374299822698.390137
6.706029110378903786e-04 5.584935414640894532e+07 5.229100207519811392e+07 3.252344446790353954e+07 3.923317132846831923e-01 1.313081939174816765e-22 8.517395674619014242e-23 2.191265001869330414e-23 7.311582082639508373e-01
1.165374294563389359e-03 2.547734913970908523e+07 1.774089638496151567e+07 1.254895577059024572e+07 3.670296758078578359e-01 6.080834536983501475e-23 3.427958096989292526e-23 7.005235309299133232e-24 7.409848038286197536e-01
2.025188414895478031e-03 1.089065488451333344e+07 8.794477525079172105e+06 4.003637433922826312e+06 4.182758173876218177e-01 1.289642443708051476e-23 9.061232692110187947e-24 1.475178967713893594e-24 6.106855962394963644e-01
3.519374105778993230e-03 3.181171092877853662e+06 2.754500736176392063e+06 1.050775746795784216e+06 4.563406685544522667e-01 3.511284281187013521e-24 1.874903324005765299e-24 3.290482736607233225e-25 5.477493604683190132e-01
6.115971237701829134e-03 9.340981367253781063e+05 8.009102645080062794e+05 3.407111292718770565e+05 4.879694147780548885e-01 1.424882050035302341e-24 5.964545885403178377e-25 1.032093756028903355e-25 5.626514680095436871e-01
1.062833988548557602e-02 3.351039301720784861e+05 2.247862818272856530e+05 1.730265386463865580e+05 4.563131434580712242e-01 6.168946016598547702e-25 3.821240041271485837e-25 6.710367352115870464e-26 5.534980620828465758e-01
1.846993786122688719e-02 1.135643455768815475e+05 7.128632409432709392e+04 6.821013783586036880e+04 4.174388321213524655e-01 3.299023547226608577e-25 2.009333353888380480e-25 4.871611205088051496e-26 4.854202885043246152e-01
3.209707332218952880e-02 2.145608521540097354e+04 1.676588426885732770e+04 1.024118361235282828e+04 3.347332334084143213e-01 1.795455114622417028e-25 1.189213957268944901e-25 2.750177406092291366e-26 4.552851212818994631e-01
5.577832061973046762e-02 5.102826304090641315e+03 3.834721934040805081e+03 1.671099922142715513e+03 2.806797958141908911e-01 9.827478848523714929e-26 6.007735524386713837e-26 1.451099793048914099e-26 4.755911286101698332e-01
9.693161179921591653e-02 2.096773557780325973e+03 1.596915345089863877e+03 5.669103296233793117e+02 2.808227407445662016e-01 4.554083937522257362e-26 2.967938378520989369e-26 5.174204699765097744e-27 5.366177778064491477e-01
1.684478353166902198e-01 7.585559220522136457e+02 5.223827115598184037e+02 2.066487805133902498e+02 2.852065573723782110e-01 1.849297852170242718e-26 1.153380421788798201e-26 1.429787785641929718e-27 6.363368202237780213e-01
2.927287878143824407e-01 2.780546310530726828e+02 2.212189600440821664e+02 6.832583017432533268e+01 3.116631478756440310e-01 6.673130203858052918e-27 4.732472168740655406e-27 3.718802617828245601e-28 7.581192095843044543e-01
5.087043300626336029e-01 1.242417068749368383e+02 1.047323195418581605e+02 3.127846797553273461e+01 3.369065867966839489e-01 3.131136874744802522e-27 2.138500317944848537e-27 1.573381104018872418e-28 8.802193326882000735e-01
8.840268063712417579e-01 7.316514738882894164e+01 6.320108137929292269e+01 1.865345308782068301e+01 3.414793481029000377e-01 2.436379222372159978e-27 1.359514937770031998e-27 1.334520840487632406e-28 9.354630482765251553e-01
1.536262516748606588e+00 4.700913695555215810e+01 3.624107220444048494e+01 1.287492682441962444e+01 3.165418863278912087e-01 1.521125796408612527e-27 1.016158248602047586e-27 1.333924000895486760e-28 9.305057426337689508e-01
2.669718274782328482e+00 3.196898796874380011e+01 2.654302657642705654e+01 9.104297166724112600e+00 2.604846314250208184e-01 7.726439658192522267e-28 9.759325425084742322e-28 1.083593965652014081e-28 8.132938086764407437e-01
