# R (Mpc), rho (Msol/kpc^3), errup, errlow, std, pth (Msol/kpc/s^2), errup, errlow, std 
#  nprofs 628, average weighted mh 1849262901425.638184
6.704502643857072897e-04 2.221198531926822364e+08 2.528875837064633965e+08 1.310443150000678301e+08 5.065870841274098257e-01 1.358406407538225505e-22 1.257980681487821570e-22 4.306548460778492053e-23 6.469483154502138067e-01
1.165109025084719785e-03 1.058103357811409682e+08 1.039764153273056000e+08 5.795116207115673274e+07 4.847469437695551275e-01 5.555913968239461245e-23 4.439608799483890663e-23 1.423760893542545282e-23 5.715849938819701492e-01
2.024727429375604119e-03 2.827220823082739115e+07 2.844528099895597994e+07 1.455228832878695056e+07 4.349509572746872443e-01 2.094359045925403605e-23 1.278174169910720392e-23 2.628802570104820243e-24 6.060584743478137915e-01
3.518573004760514565e-03 7.089140238705371507e+06 4.740026838270571083e+06 2.760755122565885540e+06 3.300640977948016141e-01 5.870466157432218857e-24 3.658494713940931925e-24 6.591179512932024127e-25 6.578053731130201198e-01
6.114579083688004638e-03 1.859895326430907240e+06 1.370778043357236777e+06 8.404212228057233151e+05 4.060144169875108400e-01 2.458075563965087797e-24 1.249231407717123841e-24 2.857728690981485448e-25 7.086314190436400207e-01
1.062592059908660722e-02 3.186992720485777245e+05 3.627220006885175826e+05 1.070016532555593003e+05 4.680941977463963788e-01 1.090315243740330397e-24 5.075815884149690022e-25 1.671981242348672925e-25 6.795247312021552855e-01
1.846573362331777393e-02 5.605254663312735647e+04 5.325171066582525964e+04 2.081911642330483301e+04 4.528115688002495864e-01 4.867150670287816362e-25 2.077827256282511740e-25 7.773676828599540935e-26 6.362042654649737727e-01
3.208976719406681638e-02 1.336724315768329507e+04 1.140312072164722667e+04 5.378355628516051183e+03 3.897056335697923202e-01 2.486607690764415659e-25 9.083385912873381767e-26 2.989633805648062358e-26 5.497546916045064069e-01
5.576562402422385878e-02 4.553226794533637985e+03 3.812837128022043998e+03 1.815052582893893259e+03 3.517675480312527636e-01 1.249136641089927961e-25 5.625639471998124926e-26 1.373695937679138876e-26 5.520507094843477569e-01
9.690954764502224261e-02 1.752594417957036740e+03 1.347490692511553561e+03 6.434549102131746849e+02 3.386197758414302150e-01 5.839602242623659500e-26 3.143958511029339803e-26 6.404345739707842114e-27 5.939651072849906344e-01
1.684094922112467918e-01 7.121753544688324382e+02 4.589160013228977277e+02 2.252224491101848116e+02 3.337874981495116966e-01 2.622192339625797543e-26 1.611260973911321779e-26 3.397104470380996358e-27 6.405854977804453787e-01
2.926621551339660399e-01 3.029772290316716976e+02 2.253447880555534368e+02 7.507827468381285030e+01 3.233249645160947150e-01 1.093610478928145788e-26 8.626261943112190425e-27 2.194864560612993470e-27 6.566512072422232560e-01
5.085885357353842062e-01 1.442550885283853290e+02 1.097604828748978747e+02 4.689955466989587052e+01 3.194169522985410570e-01 5.942828343226169072e-27 5.333531200953404881e-27 1.623095235604007106e-27 6.558871252388078776e-01
8.838255788933832013e-01 8.654955589497011204e+01 6.225160426438156946e+01 3.104692626852837734e+01 3.260875543336316240e-01 4.378702278816527252e-27 3.595614867841632542e-27 1.241384824323309614e-27 6.259592818100583322e-01
1.535912823470817035e+00 5.152954315270975627e+01 3.687940038446691204e+01 1.742583286285488597e+01 2.829566862195142529e-01 2.766081822052791699e-27 3.071726550553595487e-27 8.247529565594603049e-28 5.366893933102823144e-01
2.669110577514377525e+00 3.487671585877227187e+01 2.622638978903853868e+01 9.940800091892509016e+00 2.256268537971706789e-01 1.929791345443211770e-27 2.085822984892187909e-27 5.620614416583830605e-28 4.119199044515890473e-01
