# R (Mpc), rho (Msol/kpc^3), errup, errlow, std, pth (Msol/kpc/s^2), errup, errlow, std 
#  nprofs 364, average weighted mh 1458678530961.625977
6.704502643857072897e-04 8.885202342638427019e+07 9.840005845972460508e+07 4.246923981757407635e+07 4.491441082685869168e-01 1.043317761799767149e-22 1.433765416199670249e-22 1.561355855181887791e-23 8.206229374688142064e-01
1.165109025084719785e-03 3.310945816933917999e+07 3.364676861674295366e+07 1.757829972457750514e+07 5.085043932991805127e-01 5.546607937125925029e-23 9.178200679040762192e-23 6.991437532300725397e-24 9.506303636111276267e-01
2.024727429375604119e-03 1.132797023132406548e+07 9.251476754014346749e+06 6.193230621664100327e+06 4.590937498460266886e-01 2.126418448301333844e-23 4.153671032174055067e-23 2.232621780621994464e-24 9.858629548457238378e-01
3.518573004760514565e-03 4.937618436797437258e+06 3.233561372662681155e+06 1.898334175530722830e+06 2.926232877470002491e-01 1.064068025004161332e-23 1.126658973975110176e-23 2.909000299606874821e-24 7.214611301472551030e-01
6.114579083688004638e-03 1.766282771454473725e+06 1.283973472339779139e+06 1.019014549028232461e+06 3.662745370343603590e-01 2.683092534691330093e-24 2.711399315351857906e-24 1.043155265988071006e-24 6.925026144458212851e-01
1.062592059908660722e-02 4.049494865040852455e+05 5.253386793522825465e+05 1.420778202070769912e+05 4.516428763988835082e-01 1.129718093440989438e-24 8.272850896390907991e-25 3.088253411273291245e-25 6.536371930781114115e-01
1.846573362331777393e-02 7.998669095281558111e+04 8.295522418069586274e+04 2.939528136062971316e+04 4.609677056321055955e-01 5.134382596741013111e-25 4.129609869411562899e-25 1.010140581223647306e-25 5.669312010848055472e-01
3.208976719406681638e-02 1.669025558383494717e+04 1.379383743339134344e+04 7.218520089308824026e+03 3.906019761570559412e-01 1.941463606692259432e-25 1.328960497206375878e-25 3.307100251241114318e-26 5.086328291631508902e-01
5.576562402422385878e-02 5.880170043401043586e+03 4.325272434389369664e+03 2.609572723717506960e+03 3.465433836723149641e-01 9.987059550177881687e-26 4.963428614773527978e-26 1.283349883409412876e-26 5.167746841198919139e-01
9.690954764502224261e-02 2.297061574312462653e+03 1.691171189814984473e+03 7.835916424009062666e+02 3.119333960670543360e-01 5.191894652926974165e-26 2.719792893408093965e-26 7.049301555848943047e-27 5.362136011715796791e-01
1.684094922112467918e-01 9.021778205191482130e+02 6.485751022010292672e+02 2.398317997675935089e+02 2.852491681234885501e-01 2.345509711384451318e-26 1.269303904406267365e-26 3.016865668354068482e-27 5.999194356012870211e-01
2.926621551339660399e-01 3.782452337563242963e+02 2.332428072106470722e+02 1.069684270539698616e+02 2.813504311963782589e-01 9.324888368571484651e-27 7.978264782677505398e-27 2.146411880279166633e-27 6.747650233975294176e-01
5.085885357353842062e-01 1.682619772746074034e+02 1.348705150199061222e+02 5.527912049064008215e+01 2.772895228772801479e-01 4.164780884360364453e-27 5.286384631539473903e-27 1.760824091893067778e-27 7.410598921316984278e-01
8.838255788933832013e-01 9.175946757846458013e+01 7.500335962825626268e+01 3.406132914672083700e+01 2.860920804443759513e-01 2.746124088913138346e-27 3.395952915999408245e-27 1.201731750560603007e-27 7.805805868712362150e-01
1.535912823470817035e+00 5.745801619757734358e+01 3.668713897696290616e+01 2.365698998853712709e+01 2.745167906088724630e-01 1.872688358624493900e-27 2.145723019531900654e-27 1.042582234706329105e-27 6.990337630909880806e-01
2.669110577514377525e+00 2.972497446840809587e+01 1.973275442557806514e+01 1.284524464807586952e+01 2.456784379890336878e-01 9.829136713155875438e-28 1.294684113752300388e-27 6.085343457933226503e-28 5.621330827140953446e-01
