# R (Mpc), rho (Msol/kpc^3), errup, errlow, std, pth (Msol/kpc/s^2), errup, errlow, std 
#  nprofs 443, average weighted mh 1897914270159.282959
6.704502643857072897e-04 1.606438535737567544e+08 2.099118029181671441e+08 7.350116407052417099e+07 4.686945341614214278e-01 1.051530911965915441e-22 1.175870543259210055e-22 3.070795054725724814e-23 6.534306578017138323e-01
1.165109025084719785e-03 7.132621636468774080e+07 8.397978899389538169e+07 3.861041152264211327e+07 4.827781714195829577e-01 6.475922046622374493e-23 4.380767176307675632e-23 1.131806843426474367e-23 6.207809091474441043e-01
2.024727429375604119e-03 2.301731686315168440e+07 2.830951236241716519e+07 1.084499667079658434e+07 4.001988608231965006e-01 1.468689796787701821e-23 1.308274951037788943e-23 2.376200576193835129e-24 5.672783648008596913e-01
3.518573004760514565e-03 6.892175212081941776e+06 4.777147751185188070e+06 2.181746893064587377e+06 2.736690997134112457e-01 8.059590688065356392e-24 2.730992180569730897e-24 4.832741536573981430e-25 5.904998170968092097e-01
6.114579083688004638e-03 2.068433796087873867e+06 1.133690518370375969e+06 8.255425844775403384e+05 3.369836459507357107e-01 3.390039802499804539e-24 1.088906468480992783e-24 2.264398181710593307e-25 6.365081226497242284e-01
1.062592059908660722e-02 3.545549283633556915e+05 3.808852826483218814e+05 1.259941253709675366e+05 4.075789304316395634e-01 8.745629308454178632e-25 4.717590456159209611e-25 1.347594254010071088e-25 6.219554605262395119e-01
1.846573362331777393e-02 6.762137094245031767e+04 5.263473624696316983e+04 2.289918365976977657e+04 4.250855971469414407e-01 5.121112988104941790e-25 2.248047788106972495e-25 6.444169576342551066e-26 5.386853172354763020e-01
3.208976719406681638e-02 1.497511891332108098e+04 1.199379765796204629e+04 6.181890744482117952e+03 3.593119643885927528e-01 2.459068220755909090e-25 1.173351055204044888e-25 2.857349984608185557e-26 5.158011961759900732e-01
5.576562402422385878e-02 4.937265654978340535e+03 3.779881742268411472e+03 2.014570573891098320e+03 3.247983183824207920e-01 1.246135376745504426e-25 5.943311389172417118e-26 1.496362949660814074e-26 5.266881597114809743e-01
9.690954764502224261e-02 1.926833775252154965e+03 1.432642624767155894e+03 6.763193415451296460e+02 3.167475193807381961e-01 6.438926280609664419e-26 3.503371077884596878e-26 7.097570267367334321e-27 5.966963006329379926e-01
1.684094922112467918e-01 8.078076941657983525e+02 5.236633656189454769e+02 2.729360908821902285e+02 3.173440655803984045e-01 3.291628090868391274e-26 1.812388092535192928e-26 3.822435256494675609e-27 6.955171296055324692e-01
2.926621551339660399e-01 3.739073371396104903e+02 2.494103848478976602e+02 1.104649060752080914e+02 3.220750858468608979e-01 1.402089312333041103e-26 1.182878205806292117e-26 2.307145250809682263e-27 7.967837615819786112e-01
5.085885357353842062e-01 1.819472273115482608e+02 1.490367920771520289e+02 4.783470192217767902e+01 3.230672172417976551e-01 6.450866504001349783e-27 8.236461711407108415e-27 1.537910431561226842e-27 8.636858033314233074e-01
8.838255788933832013e-01 9.881363786629836454e+01 8.974374899457990296e+01 3.470243648275506843e+01 3.430428513638597576e-01 3.889590804448668321e-27 5.920784750492899228e-27 1.145872853829788569e-27 9.124905459195820079e-01
1.535912823470817035e+00 6.109372758289341476e+01 4.777853547396210132e+01 2.692708144676884530e+01 3.498637130269457440e-01 3.369213929236269870e-27 3.840599067392255905e-27 8.280040132109103662e-28 9.116121292034300438e-01
2.669110577514377525e+00 3.831195780956453945e+01 2.845193234604153076e+01 1.797729659357263188e+01 3.016800058662857387e-01 1.960429828908815219e-27 2.535029178044044609e-27 7.319087061513066261e-28 7.681210167065400940e-01
