# R (Mpc), rho (Msol/kpc^3), errup, errlow, std, pth (Msol/kpc/s^2), errup, errlow, std 
#  nprofs 699, average weighted mh 1427183496585.922119
6.704502643857072897e-04 3.631745130401814580e+08 3.244266373769418001e+08 2.067947528471111357e+08 4.676141780628845224e-01 1.063333249745880957e-22 1.251694895623152291e-22 5.071092198141024278e-23 5.484250018735163934e-01
1.165109025084719785e-03 1.711070329722095728e+08 1.748077448017405272e+08 1.034880487973975241e+08 5.004973324388649614e-01 3.357191960672817216e-23 3.266448356834734919e-23 1.430722701549573196e-23 5.278149050819745947e-01
2.024727429375604119e-03 4.090840069003163278e+07 4.787442862286235392e+07 2.096619639133929461e+07 4.459770223971975533e-01 7.123797385579364644e-24 5.613052610642923981e-24 1.778609946252754658e-24 5.212111067126082853e-01
3.518573004760514565e-03 6.444090926489919424e+06 6.407103600864813663e+06 3.352790996151311789e+06 4.620074311544203338e-01 2.055626848741738555e-24 1.943510640530010735e-24 3.154231892025550636e-25 6.903279496521724790e-01
6.114579083688004638e-03 1.121208475672846660e+06 1.244221898806924932e+06 5.754748336037923582e+05 5.428921577328867931e-01 8.483886930408382023e-25 8.407314549538316458e-25 1.771150289394107955e-25 8.094460901757035698e-01
1.062592059908660722e-02 1.727486081237460312e+05 2.078394476357657986e+05 6.970577519802603638e+04 5.567501110223290750e-01 4.671332233027479033e-25 4.555723291744270306e-25 1.202191167818171926e-25 8.033142324147223290e-01
1.846573362331777393e-02 3.152002471606206745e+04 3.141227106056398407e+04 1.379577833085258681e+04 5.398240383271130094e-01 2.513826745238433039e-25 2.097378642335879938e-25 6.974521030762534402e-26 7.213319106093424304e-01
3.208976719406681638e-02 9.394116897192689066e+03 6.947863519382244704e+03 4.890175474554645916e+03 5.686634758789425037e-01 1.282848194810671188e-25 9.285748446276396462e-26 2.815922343857593706e-26 6.996886146730117995e-01
5.576562402422385878e-02 3.007626960015868008e+03 2.444060098298631601e+03 1.609260506507362379e+03 5.139164520694575744e-01 6.948113611176628508e-26 5.415506499594892135e-26 1.315664945426261416e-26 7.171651693497612667e-01
9.690954764502224261e-02 1.037724115790004362e+03 7.595041181470071479e+02 4.918035122778887853e+02 4.939876438302798767e-01 3.553601885109680352e-26 3.314139821312056763e-26 6.025684175371785553e-27 7.422497193042685293e-01
1.684094922112467918e-01 4.013585482696354347e+02 2.970688764985325179e+02 1.589308423295574357e+02 4.693461384645254419e-01 2.057108730256224620e-26 1.829741342212782682e-26 4.082970548494330962e-27 7.374878174529352348e-01
2.926621551339660399e-01 2.006003972053082975e+02 1.762714804365004966e+02 6.718951036590453896e+01 4.252538815265514138e-01 1.451078241396601006e-26 1.247821981142827135e-26 3.644111084456518184e-27 7.291511495234306306e-01
5.085885357353842062e-01 1.191753720015169620e+02 1.067111318413691237e+02 3.920238018623216192e+01 3.942746663501413562e-01 1.088726281778353434e-26 8.423171925872181792e-27 3.028577268745033029e-27 6.994536764397961681e-01
8.838255788933832013e-01 8.125466897653164722e+01 6.092889142836505556e+01 2.520078597176803470e+01 3.829877652331086235e-01 1.216869524641590754e-26 7.164991482031496987e-27 2.427777716516374367e-27 6.843720967699297164e-01
1.535912823470817035e+00 6.207568581422035692e+01 3.645361667353082424e+01 1.818236790782115619e+01 3.941478206802778161e-01 1.209545395262669286e-26 5.106845704714849479e-27 2.076040180978112489e-27 6.420980411583971925e-01
2.669110577514377525e+00 3.899031732770446723e+01 2.487467148259028704e+01 1.239678570564293558e+01 3.343347724634559981e-01 6.355731481610174926e-27 4.256642884590259008e-27 1.714077399079952972e-27 5.630773471121887086e-01
