# R (Mpc), rho (Msol/kpc^3), errup, errlow, std, pth (Msol/kpc/s^2), errup, errlow, std 
#  nprofs 622, average weighted mh 1320375845145.069336
6.704502643857072897e-04 1.450913873792152703e+08 1.341730711536238045e+08 9.026356814610865712e+07 4.594147883666701571e-01 1.964020889756849344e-22 2.789817024675416639e-22 5.196127895674518026e-23 8.116971446849633454e-01
1.165109025084719785e-03 5.798450480838146806e+07 5.236791928033791482e+07 3.940929078535287827e+07 5.046244157797100671e-01 1.189786361154704022e-22 1.684969212994036846e-22 3.609606749867869750e-23 9.115117821650923213e-01
2.024727429375604119e-03 1.654877865383949876e+07 1.272751933144903369e+07 9.450824573934052140e+06 4.107270397636867965e-01 4.050985304557642632e-23 4.611448596740018009e-23 1.126683711234355542e-23 7.898712094504757308e-01
3.518573004760514565e-03 5.378190027551228181e+06 3.338642343466743827e+06 1.889846344929562416e+06 2.556141076469995443e-01 9.022394204857129283e-24 1.063756011319347278e-23 2.973346714735460007e-24 6.406056786790393920e-01
6.114579083688004638e-03 1.349577555748653365e+06 1.161023420135694323e+06 6.206453188603763701e+05 3.398460152614011243e-01 1.742168187083400192e-24 1.959214905588692437e-24 6.951573235075688439e-25 6.554356727633029456e-01
1.062592059908660722e-02 2.192355107264181424e+05 2.312095023491260363e+05 7.600830990710770129e+04 4.048458240390362950e-01 5.152841481882892980e-25 6.500134684335858522e-25 2.244861224903025691e-25 6.868055336318933390e-01
1.846573362331777393e-02 3.945698120316070708e+04 3.657857056462064793e+04 1.455357045443015522e+04 3.970367002714222937e-01 2.049154136222119723e-25 2.381860969671657165e-25 7.784320550778643490e-26 5.752787716459458744e-01
3.208976719406681638e-02 9.839284878387363278e+03 8.394333761792750010e+03 4.167031912606806145e+03 3.760122556093350998e-01 8.738894739023858490e-26 9.118176077536026165e-26 2.311085586113452015e-26 4.848062710697242927e-01
5.576562402422385878e-02 3.434873831012753726e+03 2.994724544628955755e+03 1.440582644820796986e+03 3.458333640608888815e-01 4.947683240631032045e-26 5.232893316097904367e-26 9.637296417661763354e-27 5.075319044030834892e-01
9.690954764502224261e-02 1.222039892690189163e+03 9.861180261982726734e+02 4.665553319651780839e+02 3.051293185040476197e-01 2.396448840857652419e-26 2.797079623324805454e-26 5.187904222446899506e-27 5.485935629601724761e-01
1.684094922112467918e-01 4.602911526231724793e+02 3.686852830854187459e+02 1.645408910263169844e+02 2.884282917254181733e-01 1.220283713073778389e-26 1.254196438254387339e-26 2.665363750543587028e-27 6.141758060258193375e-01
2.926621551339660399e-01 2.085852115089968208e+02 1.560968973124528532e+02 7.178209112533191671e+01 2.845954984246278352e-01 7.037701887060268295e-27 7.076554830418462514e-27 1.971397728743166045e-27 6.857386841890111828e-01
5.085885357353842062e-01 1.130573068916444868e+02 1.055594097329466621e+02 3.260225451967631471e+01 2.956951735158047101e-01 4.769916750450410119e-27 4.628880136256633494e-27 1.452171705008475658e-27 7.230058435805557515e-01
8.838255788933832013e-01 7.130887317036798834e+01 6.165050899137186491e+01 2.460345130312304818e+01 3.162102134895543037e-01 3.869863832020230802e-27 3.855064675644889518e-27 1.053025770025384968e-27 7.341079783452902907e-01
1.535912823470817035e+00 4.808765991558927766e+01 3.564668050428883106e+01 1.664537004650446406e+01 3.152049480394599201e-01 3.313672867295911987e-27 2.786867976720854302e-27 8.611205391765558844e-28 6.709571672005465448e-01
2.669110577514377525e+00 3.241070513008889264e+01 1.759794503254350317e+01 1.391378419263777744e+01 2.548511511487164816e-01 1.957808194730846127e-27 1.781743521833758125e-27 7.964297147753169877e-28 5.229620588477907894e-01
