# R (Mpc), rho (Msol/kpc^3), errup, errlow, std, pth (Msol/kpc/s^2), errup, errlow, std 
#  nprofs 269, average weighted mh 1237971632937.464355
6.704502643857072897e-04 5.713779254633065313e+07 4.412701993577912450e+07 2.699815684675460681e+07 4.170777085740969281e-01 3.111611342721844808e-23 2.420252216303740355e-23 9.550827584222019368e-24 6.597682037375601771e-01
1.165109025084719785e-03 2.720355364991148934e+07 3.072381308160823211e+07 9.820858283675277606e+06 4.360803963366012836e-01 1.909616451745370664e-23 1.381023761551019071e-23 4.377586279284915746e-24 7.189024100228376124e-01
2.024727429375604119e-03 1.114477560721957497e+07 8.738718027761921287e+06 4.492937000457223505e+06 3.666249234680375446e-01 8.637017331383097677e-24 9.733749259789025955e-24 1.826665958843646951e-24 7.046730509361366357e-01
3.518573004760514565e-03 4.793873202525395900e+06 3.265996186532207765e+06 1.432611022216449957e+06 2.485188871467694516e-01 4.392535488081844555e-24 4.918135126814154229e-24 1.126804987091963933e-24 6.434819292302134119e-01
6.114579083688004638e-03 1.613537933324506506e+06 8.737423479576297104e+05 8.671070624157736311e+05 3.716264934279556176e-01 1.712363202049721374e-24 1.719809443800240029e-24 5.321807327251820477e-25 6.368522903332831664e-01
1.062592059908660722e-02 3.635258950058988994e+05 4.839989242637620773e+05 1.991333679581675678e+05 5.046024486016368327e-01 7.050761145368081392e-25 5.293620800443328714e-25 1.730836282855619482e-25 6.602422762240861553e-01
1.846573362331777393e-02 6.890367851701982727e+04 8.798843790230722516e+04 2.529808695411380177e+04 4.716202957750463831e-01 3.338670706142357756e-25 2.689033516528352200e-25 6.129371391927152411e-26 5.515283457522273114e-01
3.208976719406681638e-02 1.419188618310383936e+04 1.199380803883021872e+04 5.881749187026063737e+03 3.796538713324605352e-01 1.568796544008358927e-25 1.055486336874488259e-25 2.363511463376846342e-26 5.092070471059477743e-01
5.576562402422385878e-02 5.051065415090804890e+03 3.387604384787437084e+03 2.231096054299248863e+03 3.384615783839225456e-01 8.668438313763199745e-26 6.415627127954527709e-26 1.136826504113434530e-26 5.187160398122109273e-01
9.690954764502224261e-02 2.200768419622281726e+03 1.653761340957888251e+03 8.666282897060341384e+02 3.217762926210766539e-01 4.309960381039689779e-26 3.362679428765160804e-26 6.444891306083421380e-27 5.712150327141024553e-01
1.684094922112467918e-01 9.217159665623956926e+02 6.484386134121382383e+02 3.163155490504438490e+02 3.130018365789355439e-01 1.745414629267725953e-26 1.424630428888039732e-26 3.514782676572641722e-27 6.267391251340060920e-01
2.926621551339660399e-01 3.859000961508881460e+02 2.802178303796612795e+02 1.262114862376996314e+02 2.993843960662345705e-01 6.856620160918892297e-27 6.701050090065827573e-27 1.674921164735550200e-27 6.526891167786111891e-01
5.085885357353842062e-01 1.745292449935511740e+02 1.248677995660775935e+02 5.570140941846388216e+01 2.737084476465055372e-01 2.914849045744937516e-27 2.778209478887838274e-27 1.040430190341602578e-27 6.595664186970259246e-01
8.838255788933832013e-01 9.022985275054529097e+01 5.800251511002585403e+01 3.396272867281786745e+01 2.607466005129904785e-01 1.713384993857377657e-27 1.961114094997347428e-27 8.251210424619215758e-28 6.529013768081554092e-01
1.535912823470817035e+00 5.611974361716834636e+01 3.182008812105249973e+01 2.615309621395594775e+01 2.479585086048534115e-01 1.062351020729679921e-27 1.043780458325835804e-27 6.672837598601375579e-28 6.187312945246276064e-01
2.669110577514377525e+00 3.840159356096134502e+01 2.124351993056152565e+01 1.690071015741180105e+01 2.284870821298519983e-01 7.724204405369399369e-28 7.077527684696474421e-28 4.529324717420917617e-28 5.554247696672029999e-01
