# R (Mpc), rho (Msol/kpc^3), errup, errlow, std, pth (Msol/kpc/s^2), errup, errlow, std 
#  nprofs 455, average weighted mh 1076168827828.266724
6.704502643857072897e-04 1.576098590233415365e+08 1.647074837583140135e+08 9.286753230967535079e+07 4.498131374311487574e-01 4.802705583607888807e-22 8.796906672851664037e-22 5.719924899646250702e-23 9.270858955734057050e-01
1.165109025084719785e-03 5.670526783218750358e+07 5.283366168661672622e+07 3.969791116248842329e+07 4.605841369424857890e-01 3.169398511653165021e-22 5.241362716070830052e-22 1.029627384271387894e-22 1.137517006415410314e+00
2.024727429375604119e-03 1.501581055748354830e+07 9.884238355847548693e+06 9.829511618350178003e+06 3.979016212449879575e-01 8.103243982011089397e-23 9.860706436352048186e-23 3.606985530714964194e-23 1.030083198198561867e+00
3.518573004760514565e-03 4.971778971090052277e+06 2.726379275417617522e+06 1.970173740702160634e+06 2.578424469595743673e-01 1.282673287916921276e-23 1.621566159271631057e-23 7.583320489429527125e-24 7.837072541063156983e-01
6.114579083688004638e-03 1.329739918424888281e+06 1.026448038781007519e+06 6.827570012058538850e+05 3.310696961569129515e-01 2.616007435491759385e-24 2.645895126770290552e-24 1.520104267933962889e-24 7.766407799944685664e-01
1.062592059908660722e-02 2.154184914948891965e+05 2.694089531731273746e+05 8.587291655890642141e+04 4.255911228471030983e-01 5.816620721457754000e-25 6.575203708764609843e-25 3.036005219631727807e-25 7.675573684439482847e-01
1.846573362331777393e-02 3.327187694555737835e+04 2.975458048524806509e+04 1.534246768889040322e+04 4.299597681136969607e-01 1.614766348897092396e-25 1.951445239833065359e-25 7.797363394523960201e-26 6.454030055574203617e-01
3.208976719406681638e-02 9.232053145956004300e+03 7.758164677615355686e+03 4.723151146343795517e+03 4.200730517968675470e-01 7.197934835991777301e-26 7.276779301664926171e-26 2.196654548694808269e-26 4.942535022179215809e-01
5.576562402422385878e-02 3.239169670562112060e+03 2.445663756117118737e+03 1.672984225543406410e+03 3.882865743921878332e-01 4.099330494242726587e-26 4.000808106674410524e-26 1.067934317150525552e-26 4.474526864932362735e-01
9.690954764502224261e-02 1.141908933070852754e+03 8.057791204673860648e+02 5.370550072922582103e+02 3.109552744063106000e-01 2.457044448491795200e-26 1.995582070037261773e-26 5.998825535749953657e-27 5.145256967912438251e-01
1.684094922112467918e-01 4.424822286926176389e+02 2.976183909572085895e+02 1.661138348808613898e+02 2.748283720362282856e-01 1.568057123039967420e-26 1.478574927591114856e-26 4.123979330992204502e-27 6.385190931373234680e-01
2.926621551339660399e-01 2.067621471117774377e+02 1.557119959287519748e+02 8.240489805263945300e+01 2.735694194674197499e-01 1.030826574288854487e-26 1.061212219225192415e-26 3.102653537922651630e-27 7.260978829790257771e-01
5.085885357353842062e-01 1.240392128631197011e+02 9.988299325604100432e+01 5.171187263873686391e+01 2.985504070389529141e-01 8.212415728726717420e-27 8.919288726860830662e-27 2.382303317882233163e-27 7.853164356856833228e-01
8.838255788933832013e-01 8.867070284903309130e+01 7.156873267732768795e+01 3.106253566240249953e+01 3.443119106582204214e-01 8.318100681798097789e-27 7.352574401063836319e-27 2.149133613025074660e-27 8.571705040996632219e-01
1.535912823470817035e+00 6.456982232691265722e+01 5.643291702248661323e+01 2.073809950645324918e+01 3.506659956632658393e-01 6.868391875948842825e-27 6.458333352620298876e-27 1.972093697710784519e-27 8.201383810736487812e-01
2.669110577514377525e+00 4.573224318336011862e+01 3.171145620027104428e+01 2.003121712142282718e+01 3.089610631807491736e-01 4.279284622003047046e-27 3.979908210827788168e-27 1.786193569084475235e-27 6.396245566944969152e-01
