# R (Mpc), rho (Msol/kpc^3), errup, errlow, std, pth (Msol/kpc/s^2), errup, errlow, std 
#  nprofs 192, average weighted mh 1504899079052.351318
6.704502643857072897e-04 6.851274936392858624e+07 4.564282263141413033e+07 1.140459022867113724e+07 4.013823121954573359e-01 4.178121852230803759e-23 1.518349295346522696e-23 3.590107313576331743e-24 5.896857703907836257e-01
1.165109025084719785e-03 3.378076070939702541e+07 1.794578022045756876e+07 1.137869666400307789e+07 4.170738475112945598e-01 1.816715325064386910e-23 5.869754648667837295e-24 2.912593826108892657e-24 5.906543157509253072e-01
2.024727429375604119e-03 1.556348066434356757e+07 9.424355744900422171e+06 4.694964582337283529e+06 4.091360696708913891e-01 1.110071179815451716e-23 3.464716386496841463e-24 1.322137901816152044e-24 5.999492237293578834e-01
3.518573004760514565e-03 6.620872770828320645e+06 3.240344843907743692e+06 1.834856931465504691e+06 2.799071473325607795e-01 5.902903679179195861e-24 1.916084136846268193e-24 5.298706615669598116e-25 5.276950872070246268e-01
6.114579083688004638e-03 2.724227149014247581e+06 1.131630392907481641e+06 7.343823753568090033e+05 2.645642767210290014e-01 2.720475299241808296e-24 1.096873459076475967e-24 2.187573908283356769e-25 5.761834997171192407e-01
1.062592059908660722e-02 8.949951525748126442e+05 5.356202817967913579e+05 3.727156021649013273e+05 3.446266578169591144e-01 1.825937108194258545e-24 1.025989354633692296e-24 7.726422017031704721e-26 6.393795278597187437e-01
1.846573362331777393e-02 2.526802270153776044e+05 2.846420439586711582e+05 9.318018699301377637e+04 4.079424920721999581e-01 9.567430446009626402e-25 4.369493162218051489e-25 3.826927897179579420e-26 6.455999851458458227e-01
3.208976719406681638e-02 6.035464804188690323e+04 6.435008367007061315e+04 1.270780705938907340e+04 3.874633626078898829e-01 4.938516603326862470e-25 2.176952814976276058e-25 2.578548917358041690e-26 6.271806692526097349e-01
5.576562402422385878e-02 1.637085699161811863e+04 1.476837994670422995e+04 4.927458485965021282e+03 3.392755866662846564e-01 2.767833832710303321e-25 1.283450042166161204e-25 1.273000729393545944e-26 6.345445643118323709e-01
9.690954764502224261e-02 6.330233665072401891e+03 6.389877234100615169e+03 1.420432430761737578e+03 3.510107843455811394e-01 1.365088420784472780e-25 4.845014757866184479e-26 5.945734194879675152e-27 6.862503916354868450e-01
1.684094922112467918e-01 2.336939915123864012e+03 1.987256477173293206e+03 4.879133114944838781e+02 3.547674259838230482e-01 5.526695486196182899e-26 1.352395882551658516e-26 2.093837324907170013e-27 7.158855640856648384e-01
2.926621551339660399e-01 7.345310766009638428e+02 5.064343860729787821e+02 1.709905997623433791e+02 3.019424050276913740e-01 1.504460117795705790e-26 5.081494489186950686e-27 6.268151724487744790e-28 7.109396774677507747e-01
5.085885357353842062e-01 2.609756193713311632e+02 1.534494424678090070e+02 6.206975254394271246e+01 2.656893163737465424e-01 4.189488901770132508e-27 2.605820100464951088e-27 2.620137821410785406e-28 7.079181003193025790e-01
8.838255788933832013e-01 1.209293524723497342e+02 7.577650834102276178e+01 3.815091889995586882e+01 2.778356969761142659e-01 1.939154664548986147e-27 1.534260207613738327e-27 1.669805917665315246e-28 7.884105142388464493e-01
1.535912823470817035e+00 6.744481558752477213e+01 4.581480931638498788e+01 2.719093978813592472e+01 2.847954959370497252e-01 1.062339504748454822e-27 1.345790184412867824e-27 1.799672596467948401e-28 8.757153283513244846e-01
2.669110577514377525e+00 1.943957590921211676e+01 1.082574295920659324e+01 8.430074980849209254e+00 2.433340188431688533e-01 2.554546082254759850e-28 4.703668557513081748e-28 9.231499672731206623e-29 8.398822774802133795e-01
