# R (Mpc), rho (Msol/kpc^3), errup, errlow, std, pth (Msol/kpc/s^2), errup, errlow, std 
#  nprofs 484, average weighted mh 2047410440961.002197
6.704502643857072897e-04 6.648126652806681395e+07 6.059338675326825678e+07 3.200718012240237743e+07 3.951225482571449343e-01 5.243141225498620096e-23 3.202982470344054929e-23 1.083737876179357485e-23 6.017857138234691261e-01
1.165109025084719785e-03 3.194704545734863356e+07 2.496745262968198210e+07 1.341613653485454433e+07 4.204315987319737213e-01 2.474445292954919251e-23 1.564887115941899452e-23 4.324728578719884673e-24 6.607228745288695748e-01
2.024727429375604119e-03 1.360100719392517209e+07 8.280577572902334854e+06 3.940949326635256410e+06 3.613469150100394600e-01 1.696715457825852114e-23 8.814874778673913904e-24 1.486444440965539235e-24 6.638447672148275469e-01
3.518573004760514565e-03 6.000695253940673545e+06 3.372633748062908184e+06 1.545023949814358726e+06 2.586794195216557402e-01 7.381812923410712528e-24 4.309619652124358097e-24 6.196814601598757493e-25 6.138247855951002308e-01
6.114579083688004638e-03 1.802717395008502761e+06 1.259809372044099029e+06 8.620099436998101883e+05 3.637364286922162293e-01 3.659806650452902948e-24 1.978935109425931260e-24 2.812785404099797613e-25 6.788792568626802471e-01
1.062592059908660722e-02 3.361337658971848432e+05 4.541074714128032792e+05 1.246113993579241360e+05 4.407861085483643637e-01 1.534213198838512702e-24 1.068078866705519247e-24 1.329537912237059181e-25 6.878774454831865226e-01
1.846573362331777393e-02 6.005427268579807424e+04 6.142320988723373739e+04 1.985762645612553388e+04 4.092358840184583957e-01 8.029109833282559416e-25 5.298675676546232311e-25 8.035378715025272803e-26 6.522928554564554338e-01
3.208976719406681638e-02 1.722810239508838640e+04 1.478624220356693695e+04 5.243400743381454959e+03 3.522480701209331766e-01 4.670263139757788066e-25 2.289823006760476441e-25 2.781977465848317953e-26 6.214846472640794817e-01
5.576562402422385878e-02 6.698729794495095121e+03 5.227000746554288526e+03 2.048306267547808602e+03 3.341998069309032870e-01 2.622197386520365025e-25 1.060328619498834911e-25 1.253582592575110093e-26 6.570444943866372567e-01
9.690954764502224261e-02 3.062108010682871736e+03 2.229584749202719649e+03 8.193409264624726802e+02 3.637596179140146213e-01 1.235895375615225108e-25 4.212821787225393439e-26 5.171308820448298629e-27 7.076112190526535617e-01
1.684094922112467918e-01 1.284467571507622324e+03 7.906052482073117744e+02 2.840719839929236059e+02 3.760084678443370576e-01 4.721829282600216870e-26 1.461946160720772733e-26 1.938315677600622073e-27 7.457119635595481633e-01
2.926621551339660399e-01 4.922878693423258483e+02 2.586461328594099314e+02 1.087938388643300698e+02 3.519562687725128480e-01 1.415831894064915760e-26 5.136247917821360509e-27 8.681472405695656962e-28 7.615710667139946599e-01
5.085885357353842062e-01 1.902464252469661403e+02 1.290762637043766858e+02 4.721256543736498656e+01 3.109905661692679013e-01 3.866680898001321832e-27 2.704151533450420557e-27 5.849699210851264856e-28 7.597182420166964656e-01
8.838255788933832013e-01 8.844906534444221791e+01 6.988229434826970987e+01 2.735073186612317642e+01 2.977607893129385896e-01 1.742752532098984039e-27 1.835270617819333507e-27 3.753112194795649529e-28 7.860943177231527468e-01
1.535912823470817035e+00 5.250283082686621583e+01 3.604340512867862856e+01 1.771501428292194547e+01 2.768218480425637118e-01 1.200812134582780021e-27 1.224202230386978926e-27 3.375792301207869102e-28 7.733868749902856887e-01
2.669110577514377525e+00 3.227792368231236964e+01 1.840419804136722348e+01 1.188742396986969396e+01 2.281938705851399019e-01 6.975107968752017409e-28 7.103274642102325234e-28 2.843031304568133643e-28 6.687908629793374304e-01
