# R (Mpc), rho (Msol/kpc^3), errup, errlow, std, pth (Msol/kpc/s^2), errup, errlow, std 
#  nprofs 657, average weighted mh 1342855486390.404541
6.704502643857072897e-04 1.327854174516027868e+08 1.416639561372610331e+08 8.225054688694456220e+07 4.844910902689271159e-01 3.212069276300501379e-22 6.673665538632174414e-22 4.268847835286022532e-23 1.021404222716701504e+00
1.165109025084719785e-03 4.062379926102270186e+07 5.393719253478792310e+07 2.166661259334227443e+07 5.305744209764627906e-01 1.506148577853990127e-22 3.161665189715290384e-22 1.021509522578758430e-23 1.177158078072886305e+00
2.024727429375604119e-03 1.119166939924792759e+07 1.018447211997080036e+07 6.252277061810696498e+06 4.210586064584283528e-01 4.227498403021510425e-23 8.055061926373772911e-23 4.535450950056295368e-24 1.064046898772084804e+00
3.518573004760514565e-03 4.340564869059897028e+06 2.780637694179212674e+06 1.899936327923331410e+06 3.016329167061820304e-01 9.826713827110449700e-24 1.127687500012296572e-23 3.539995726104616968e-24 8.277414827861407920e-01
6.114579083688004638e-03 1.201476413613830693e+06 1.256330721482798923e+06 4.933368901551685994e+05 4.032412290780041930e-01 1.919241316567248965e-24 2.407113921331986033e-24 9.837054016104363279e-25 8.053781865370496229e-01
1.062592059908660722e-02 1.936782337851826160e+05 2.682626122811692185e+05 5.909590858463454060e+04 4.691631853840990130e-01 5.825938914406890373e-25 6.545789487284119947e-25 2.420635434500539740e-25 8.203578979697890849e-01
1.846573362331777393e-02 3.193075303838434775e+04 2.959680764854391600e+04 1.299200835519386601e+04 4.638101863407331216e-01 2.235354515937327151e-25 1.738742823182768747e-25 8.457381915895036390e-26 7.248464212183637345e-01
3.208976719406681638e-02 8.722144127394354655e+03 6.826026868170027228e+03 4.149703475370848537e+03 4.513974799225961565e-01 1.131982972861893199e-25 6.261931420558425658e-26 2.394312249483283304e-26 5.525607461965824641e-01
5.576562402422385878e-02 3.213482329404305801e+03 2.302014600423749471e+03 1.505585063713055206e+03 4.210719314119487078e-01 5.648786328306910529e-26 2.648820504031051462e-26 1.020021582621627806e-26 4.833555673917871998e-01
9.690954764502224261e-02 1.208474895865254894e+03 7.165020516344136468e+02 5.639158350153550145e+02 3.579987462942308962e-01 2.760003240875939020e-26 1.265798928615254617e-26 4.179401293813336944e-27 4.854163771410762718e-01
1.684094922112467918e-01 4.788396964291466702e+02 3.162767826185989293e+02 1.759544701069228836e+02 3.113647399151841522e-01 1.274121723905628991e-26 8.151909592547586226e-27 1.937249785655878710e-27 5.157473689719286325e-01
2.926621551339660399e-01 2.091576591119046782e+02 1.263464927853653421e+02 6.376060066974048368e+01 2.845084559473157193e-01 5.908520583830845770e-27 4.907947405468038635e-27 1.389628460391372926e-27 5.296544981548064746e-01
5.085885357353842062e-01 1.041794658082548466e+02 8.096013762931033853e+01 2.998378525035300868e+01 2.746682858980416531e-01 3.243747421355774219e-27 3.258924468314824753e-27 9.620348243369036703e-28 5.083006499222915142e-01
8.838255788933832013e-01 6.019859350914138219e+01 3.868948692425035318e+01 2.076493034498080448e+01 2.624547032957000314e-01 2.347616558782869258e-27 2.191886755564748198e-27 7.991041664802038620e-28 4.765906586245660659e-01
1.535912823470817035e+00 3.993504575445533078e+01 2.555841431316697765e+01 1.434043191066334089e+01 2.499200645981114466e-01 1.692846321186541031e-27 1.530315887260021013e-27 6.215431498942316565e-28 3.984213174525066958e-01
2.669110577514377525e+00 2.914967993770087062e+01 1.582279558573958411e+01 9.077640272574729607e+00 1.997855816421995889e-01 1.231534311449500621e-27 9.610303450588277090e-28 5.100331280297162839e-28 3.185385564078085374e-01
