# R (Mpc), rho (Msol/kpc^3), errup, errlow, std, pth (Msol/kpc/s^2), errup, errlow, std 
#  nprofs 467, average weighted mh 1509765490410.606201
6.704502643857072897e-04 9.413236166567724943e+07 1.097689804103409052e+08 6.546153960360372066e+07 4.546875889629452550e-01 2.044341455980086258e-22 1.130884030606236817e-22 2.893471182924440154e-23 8.995101570887088505e-01
1.165109025084719785e-03 2.848088772974867374e+07 2.617889948391434550e+07 1.977774014457499236e+07 5.110717737877744637e-01 9.467547489366495596e-23 2.043906457854467155e-22 7.998675000719263058e-24 1.080960844828558143e+00
2.024727429375604119e-03 8.136592012563033029e+06 7.298517110817106441e+06 5.020590000658982433e+06 4.607574289831039560e-01 2.979967654823367976e-23 4.625260247663794998e-23 1.244878101055356148e-24 1.088195296096502895e+00
3.518573004760514565e-03 4.343597904565067030e+06 2.677944599592242390e+06 1.537300253252138849e+06 2.837367245370446267e-01 8.086839265705057641e-24 1.178917280795466583e-23 2.026129525553889965e-24 8.117957423475767875e-01
6.114579083688004638e-03 1.540960805298133753e+06 1.515967287228276022e+06 8.230770110785502475e+05 4.350731284161946655e-01 2.639200888376892895e-24 2.966053048956821091e-24 1.042622328022647948e-24 8.074696639212444182e-01
1.062592059908660722e-02 2.850982012727505644e+05 4.466798119748918689e+05 1.176140082637996384e+05 4.853531809633095384e-01 1.049194598321762841e-24 1.191019794243076677e-24 3.366058369114828107e-25 6.377573819983787251e-01
1.846573362331777393e-02 4.973617400404714135e+04 5.884584205204222235e+04 1.723291460281865147e+04 4.090003013932590470e-01 4.595295256337984459e-25 4.473167440126926790e-25 1.107675339001016366e-25 5.954602565350612942e-01
3.208976719406681638e-02 1.435465580028715704e+04 1.291475513395818962e+04 4.319673513341393118e+03 3.455212549089397012e-01 2.397445964365881080e-25 2.149588829930175539e-25 3.265848996042408759e-26 5.636867091309517575e-01
5.576562402422385878e-02 5.578032229296283731e+03 4.834045556500446764e+03 1.801745150490251945e+03 3.209017632941475462e-01 1.204510685818182204e-25 9.044322663996400552e-26 1.333792166063270897e-26 5.605871965429995996e-01
9.690954764502224261e-02 2.378776938325447190e+03 1.903360173375388058e+03 7.776669404077229046e+02 3.216093509262050176e-01 6.333786312966938048e-26 3.839285899398513923e-26 5.235578487579337657e-27 5.970258405364177179e-01
1.684094922112467918e-01 9.547371700151463756e+02 6.467741350446979141e+02 2.893302400564255663e+02 3.184954506661848983e-01 2.649887455073766132e-26 9.891541841990093976e-27 2.174612781170656023e-27 6.306204966618496055e-01
2.926621551339660399e-01 3.360678284015519353e+02 1.919823462184218954e+02 9.799971654761503714e+01 2.901465250028262277e-01 8.164726969688448477e-27 4.436757038941247404e-27 1.141073161019504698e-27 6.484996455127893800e-01
5.085885357353842062e-01 1.353232154975346475e+02 9.216097731462639331e+01 3.750147837300033871e+01 2.683257570871769859e-01 2.712712975228501228e-27 2.469349799926081638e-27 8.430921314227924575e-28 6.671182771482496721e-01
8.838255788933832013e-01 6.988166805876925025e+01 5.417781474523745544e+01 2.085608306587606720e+01 2.649944348403506234e-01 1.454266287075394110e-27 1.591576480821431817e-27 6.367813279489180365e-28 7.134247837358577149e-01
1.535912823470817035e+00 4.416129358305827424e+01 2.835716294583700403e+01 1.480603079785772636e+01 2.289917324774551344e-01 1.004797220497822547e-27 1.319786558984766474e-27 5.160038604854201971e-28 6.364725722088607762e-01
2.669110577514377525e+00 1.002917384121277777e+01 5.076713140321878370e+00 3.523656565446485089e+00 2.003939526196432119e-01 2.351186398830747095e-28 2.794791672804325041e-28 1.367705224991583887e-28 5.512599098865925695e-01
