# R (Mpc), rho (Msol/kpc^3), errup, errlow, std, pth (Msol/kpc/s^2), errup, errlow, std 
#  nprofs 573, average weighted mh 1530440999424.881836
6.704502643857072897e-04 1.641092447101748586e+08 1.591395874066951871e+08 7.457420384801903367e+07 4.596865436636926039e-01 7.248370579106629158e-23 6.863886962266730235e-23 2.831552237850778999e-23 5.658018117437808581e-01
1.165109025084719785e-03 8.342762316167394817e+07 9.308117035129785538e+07 3.637806336861079931e+07 4.885626020788712554e-01 3.801264731874565897e-23 3.259913759963490529e-23 1.097963885713707616e-23 5.527545036792684829e-01
2.024727429375604119e-03 2.766970935652739555e+07 2.799702459751400352e+07 1.175561103156818263e+07 3.981934983731309496e-01 2.177651269551587301e-23 1.174138462885977988e-23 2.471467438504698183e-24 5.662992528544943394e-01
3.518573004760514565e-03 7.702961856393881142e+06 5.189449473819096573e+06 2.564520325067526661e+06 2.882361134063993191e-01 9.660554734243410859e-24 4.238970916193210517e-24 8.124924852455819928e-25 6.219851069445073710e-01
6.114579083688004638e-03 2.060154837870695628e+06 1.666145636900582816e+06 7.945231439896629890e+05 3.835182823704994526e-01 3.567079635295209249e-24 1.929201576307687480e-24 3.617588472827894622e-25 7.077901772801765690e-01
1.062592059908660722e-02 3.609728278490165249e+05 4.604300862579509267e+05 1.502963822576361708e+05 4.495670037244556827e-01 1.533182293693819280e-24 8.487990806211929269e-25 2.250025329826956597e-25 6.862759139561410704e-01
1.846573362331777393e-02 6.966817510710378701e+04 7.925619117415229266e+04 2.398441234945191900e+04 4.474621962090328808e-01 6.502222934730403577e-25 4.654591888801414332e-25 9.012467094048379486e-26 5.987965545658509026e-01
3.208976719406681638e-02 1.842212748373782961e+04 1.977483810115523738e+04 5.396098677627405777e+03 3.931417202090788376e-01 3.263631267319693949e-25 2.099691030484583977e-25 3.417827232997466481e-26 5.498190041271462380e-01
5.576562402422385878e-02 6.373050225167642566e+03 6.448498942014472050e+03 1.850122354755711058e+03 3.569607974354501168e-01 1.613540244056958261e-25 9.188975562416751708e-26 1.747017723601792330e-26 5.924198506720110835e-01
9.690954764502224261e-02 2.380169494066849438e+03 2.148866129902871762e+03 7.206348243383413319e+02 3.503153443619531071e-01 6.998828979913061441e-26 4.348932589590339614e-26 7.273321224177790162e-27 6.234836102206026132e-01
1.684094922112467918e-01 8.796209083848308410e+02 7.256189634156614829e+02 2.822508982037235228e+02 3.380817683082206759e-01 2.466636166158052535e-26 1.805658204704939330e-26 2.905755581363159201e-27 6.917604716258688446e-01
2.926621551339660399e-01 3.571245572850812664e+02 2.742800310639457848e+02 1.059432592399971043e+02 3.295358420501831032e-01 8.951051869059271637e-27 9.200398292018321448e-27 1.509852564513311708e-27 7.655958212689517595e-01
5.085885357353842062e-01 1.590302056677804501e+02 1.512815283135989546e+02 4.624748510880431951e+01 3.265716964511128917e-01 4.174228570452034350e-27 5.657530791305982583e-27 1.006534105555887071e-27 8.042897072567167793e-01
8.838255788933832013e-01 9.025134662975068522e+01 8.876158494043141900e+01 2.905590522011375043e+01 3.414975268020326027e-01 2.906875756304530665e-27 3.462551644075431222e-27 7.532451430161414060e-28 8.176698789163310277e-01
1.535912823470817035e+00 5.482507349429474885e+01 4.435790658686737231e+01 2.086134761323415887e+01 3.212969064274718844e-01 2.162342758823142484e-27 2.091556289371110541e-27 6.303795232752727511e-28 7.196587377782054373e-01
2.669110577514377525e+00 3.495990297093776888e+01 1.858574651185927706e+01 1.387270798896920709e+01 2.485757693329740114e-01 1.198634897146747651e-27 1.007692480262112138e-27 4.751659538070410246e-28 5.384868780360247964e-01
