# R (Mpc), rho (Msol/kpc^3), errup, errlow, std, pth (Msol/kpc/s^2), errup, errlow, std 
#  nprofs 300, average weighted mh 1289661443286.863525
6.704502643857072897e-04 7.617141116299590468e+07 8.190104954005067050e+07 3.702863321120512486e+07 4.446152336975828234e-01 2.717198402395966291e-23 4.031097162969885347e-23 1.249657868972972588e-23 6.512005074619696687e-01
1.165109025084719785e-03 3.937713234338536114e+07 4.542184918780888617e+07 2.007786206601663679e+07 5.066192326330269946e-01 1.135633856964665635e-23 1.400810432695717746e-23 5.457751091343219490e-24 6.949902859829151236e-01
2.024727429375604119e-03 1.502590834477249533e+07 1.431711473483424261e+07 8.736177882117750123e+06 5.053475194957455230e-01 4.896083993758399546e-24 4.480098124829594657e-24 2.215476956513001267e-24 7.000411006654064794e-01
3.518573004760514565e-03 6.065109971875512972e+06 3.598438932992925867e+06 2.452011122775470838e+06 2.872356178637825441e-01 2.417556913933532263e-24 1.798746510142168307e-24 6.325462170938457732e-25 5.573654075440943600e-01
6.114579083688004638e-03 2.113968523825087119e+06 1.342441502524117241e+06 9.727203503345099743e+05 3.522066722036263364e-01 1.318505716044970567e-24 9.835796183335706121e-25 2.757187186371085860e-25 6.033720823606811834e-01
1.062592059908660722e-02 4.845057380361373071e+05 5.317249479285512352e+05 1.949760102104259713e+05 4.560700761455299124e-01 5.413723205125139940e-25 4.657700957619521597e-25 9.524445432853818199e-26 6.055398884998949294e-01
1.846573362331777393e-02 8.986537264047337521e+04 1.084147764152162999e+05 3.762981961967222014e+04 4.423770754902484059e-01 2.415058306091778410e-25 2.074319441643706688e-25 4.856373551570323081e-26 5.461717317605830901e-01
3.208976719406681638e-02 2.088219076041000153e+04 1.829831123140709678e+04 9.534799747629789636e+03 4.253319507718046899e-01 1.115026675587458299e-25 7.976186579582098269e-26 2.237662241740296764e-26 5.295205627108531266e-01
5.576562402422385878e-02 7.197127711185337830e+03 6.201599554828143482e+03 3.311698978454879580e+03 3.818917069741700199e-01 6.617104960011267646e-26 4.726274165894623445e-26 1.013861488707175391e-26 5.134637294791289941e-01
9.690954764502224261e-02 2.430624071067031764e+03 2.174555293383395110e+03 9.786088819676580215e+02 3.676804440966934262e-01 3.551184116454213223e-26 2.325543591779163574e-26 5.864866877866238285e-27 5.099439259435771810e-01
1.684094922112467918e-01 8.720410568191126686e+02 6.456645728117076715e+02 3.336343193744165774e+02 3.460499525036025426e-01 1.687211206760938711e-26 1.290665448145092925e-26 3.712107431763771049e-27 5.164447831983870474e-01
2.926621551339660399e-01 3.212178544266731706e+02 2.018551766984363098e+02 1.141810857570332871e+02 2.857921144296188820e-01 8.237636081794630604e-27 7.674413434075462442e-27 2.517547165698597800e-27 5.474428010184566595e-01
5.085885357353842062e-01 1.444493203877412952e+02 9.819520696372448754e+01 4.891788674544005033e+01 2.509528443241950124e-01 4.581388720680451278e-27 5.626127899727058365e-27 1.752912371009430522e-27 5.450522296097244368e-01
8.838255788933832013e-01 7.857703370604970416e+01 5.866921397433796415e+01 2.587400273292734454e+01 2.398725321578746572e-01 3.181376959257969984e-27 4.098164851203391203e-27 1.351551869016110683e-27 5.172776286587558170e-01
1.535912823470817035e+00 4.908217727454908186e+01 3.031749895339999767e+01 1.678721901926872206e+01 2.351596174422244945e-01 2.521775899875487890e-27 2.908729671700306233e-27 1.234252255168399920e-27 4.449405492438194276e-01
2.669110577514377525e+00 3.320531861333690671e+01 1.728853046809484795e+01 1.224151059915145368e+01 1.985870474449496215e-01 1.854636982613160419e-27 1.641158504758328539e-27 9.300975099548099297e-28 3.218397740431331311e-01
