# R (Mpc), rho (Msol/kpc^3), errup, errlow, std, pth (Msol/kpc/s^2), errup, errlow, std 
#  nprofs 380, average weighted mh 1390373773791.844482
6.704502643857072897e-04 9.153240979200349748e+07 1.224049875591224879e+08 3.379961362514309585e+07 4.602835390010394101e-01 6.495404356498903303e-23 7.447198566773875067e-23 1.553285748354222709e-23 6.676680624115671758e-01
1.165109025084719785e-03 4.677895581500076503e+07 4.995065460485783219e+07 2.281723789483340085e+07 4.818535602501511916e-01 4.165534656164823170e-23 4.085646122603971602e-23 8.781938582912835910e-24 7.219654535718103006e-01
2.024727429375604119e-03 1.788728742977528647e+07 1.874673709624526277e+07 8.871386520849607885e+06 4.375343941545894455e-01 2.035067292005667596e-23 2.046283078962647172e-23 3.616340680178724779e-24 6.835298656217231317e-01
3.518573004760514565e-03 7.361964673288270831e+06 4.181705718163058162e+06 2.237667718750973232e+06 2.352725069794100454e-01 9.993738869202224489e-24 1.106236724454887712e-23 1.374314560357959044e-24 6.084129161774930461e-01
6.114579083688004638e-03 2.473763279774114024e+06 1.408182392294672318e+06 1.136644241821388714e+06 3.373221539100313415e-01 3.462999031601658850e-24 4.434516167992185919e-24 5.362253412250576575e-25 6.089879483322111486e-01
1.062592059908660722e-02 5.168561603795773117e+05 4.459241385907345102e+05 2.368985710080138524e+05 3.778847353890844585e-01 1.255772555220043169e-24 1.344389660135126322e-24 1.736114550738870390e-25 5.738007666433481146e-01
1.846573362331777393e-02 1.078143511126295343e+05 1.155220373807318974e+05 3.282475272019751719e+04 3.782373518618608044e-01 5.433562503067506288e-25 5.663446101054604457e-25 8.275803349834961045e-26 5.403637099237925678e-01
3.208976719406681638e-02 2.491905401756347055e+04 1.897207829763117843e+04 7.636770112976344535e+03 3.170341375846691956e-01 2.625783833188275660e-25 2.084409575920135483e-25 3.254872930970609886e-26 5.298249283168754431e-01
5.576562402422385878e-02 7.825019103761846964e+03 5.720858598198768959e+03 2.775367416735571624e+03 2.815404060630246064e-01 1.274937566085516170e-25 9.548827953698926744e-26 1.598306590525953452e-26 5.465124671181177396e-01
9.690954764502224261e-02 2.897827621632432056e+03 1.985562754141060395e+03 1.006530771964689848e+03 2.799533401301795843e-01 6.291236091670383890e-26 5.248886357362746862e-26 6.396310333245591380e-27 6.061022685290478051e-01
1.684094922112467918e-01 1.067833972916041148e+03 7.635229178005242829e+02 3.042608645013914952e+02 2.779375337636074139e-01 2.555733877925057258e-26 1.891000767739339615e-26 2.784291938006480525e-27 6.553613343594042462e-01
2.926621551339660399e-01 3.962095169810369839e+02 2.393598951399195016e+02 1.143712115181749027e+02 2.774362796458909042e-01 9.630782593258770970e-27 6.676083634937562660e-27 1.652805173425283460e-27 6.924266192780325069e-01
5.085885357353842062e-01 1.640148584838628949e+02 1.055545396523929895e+02 4.981746470611190603e+01 2.658699668716204556e-01 3.851884937708711124e-27 3.134295205286418000e-27 9.569474455185637667e-28 7.168347715171098367e-01
8.838255788933832013e-01 8.469999422434410974e+01 5.404863284181857352e+01 2.835940135220484137e+01 2.701812940509016880e-01 2.173363846233188052e-27 2.312164049162582798e-27 6.334893370401467379e-28 7.372547776182359902e-01
1.535912823470817035e+00 5.145345123163871648e+01 3.148390396720482443e+01 1.454669219870503127e+01 2.513761217675359316e-01 1.396374937373765475e-27 1.641361748823440885e-27 4.111362938760293156e-28 6.611821097023778959e-01
2.669110577514377525e+00 1.420608211851709690e+01 8.660445978132486289e+00 3.027671335299244149e+00 2.335749593553708148e-01 3.782551486169895507e-28 5.343244732005687422e-28 8.712635226539006848e-29 5.705226921012560570e-01
