# R (Mpc), rho (Msol/kpc^3), errup, errlow, std, pth (Msol/kpc/s^2), errup, errlow, std 
#  nprofs 439, average weighted mh 1445330802385.109619
6.704502643857072897e-04 3.071208439461897016e+08 4.359940692574431896e+08 1.306523923226666898e+08 5.721372716582574514e-01 1.110403427841437700e-22 1.729767792798240702e-22 3.765845546428404664e-23 6.941436771357140101e-01
1.165109025084719785e-03 1.482730637596554756e+08 2.010706863111185730e+08 7.744684662635770440e+07 6.175209399338081884e-01 3.341050046531169657e-23 4.337153749160926812e-23 1.490996586849347034e-23 6.581720686685611499e-01
2.024727429375604119e-03 4.603000430077178776e+07 5.925164513615886867e+07 2.228510868145795912e+07 5.019479326409315156e-01 1.049668266990932375e-23 8.889144671185966672e-24 2.780883270344868191e-24 5.290447418107622202e-01
3.518573004760514565e-03 9.882974424546908587e+06 8.906811140358146280e+06 4.032034116444462910e+06 3.692265048602750288e-01 2.908247420999814500e-24 2.487005134608906498e-24 5.865373972722040072e-25 5.371290058694914160e-01
6.114579083688004638e-03 1.953316907069196925e+06 1.569956118796980940e+06 1.101961235143066151e+06 4.342276005849974863e-01 7.838194226578059962e-25 1.089844596821661717e-24 2.555582259372441025e-25 6.407713218580759484e-01
1.062592059908660722e-02 3.675329784150108462e+05 4.876114826977558550e+05 1.945649704589295725e+05 5.342019756030885747e-01 4.471641456727168313e-25 4.539100086823761580e-25 1.341119491089140093e-25 6.317001565593688417e-01
1.846573362331777393e-02 7.130418732809936046e+04 8.814728798172241659e+04 3.181449609171370685e+04 5.355582026772292004e-01 2.112928239584062137e-25 2.333189879977898662e-25 5.982576437154241831e-26 5.791530303493299670e-01
3.208976719406681638e-02 1.797467489873644445e+04 1.872751528559732833e+04 8.494334049155821049e+03 4.957320227994575501e-01 1.008995605047293917e-25 1.028687030414161663e-25 2.547133916480020283e-26 5.646966317283401704e-01
5.576562402422385878e-02 5.451319883662100438e+03 4.735249764490103189e+03 2.808123363949224768e+03 4.820198720920846891e-01 5.803912924651200021e-26 5.714038282250969318e-26 1.420882650960936000e-26 5.969999253215535484e-01
9.690954764502224261e-02 1.639739380066951753e+03 1.629840700870311139e+03 7.433831066753084542e+02 4.355746136530384560e-01 3.081164184807680102e-26 3.122156190975118233e-26 8.118805523236516103e-27 6.098088631597109455e-01
1.684094922112467918e-01 5.617221876102735223e+02 3.966891751925380731e+02 2.226836729872556759e+02 3.819090500252596554e-01 1.844681869916453413e-26 2.013883566084463595e-26 5.733804586076580067e-27 6.422790354116639788e-01
2.926621551339660399e-01 2.342474771948955095e+02 1.640905345799604333e+02 7.824356694240762522e+01 3.386356204698484640e-01 1.183891255521882381e-26 1.282048661575382541e-26 5.124926672206217066e-27 7.505063231949273828e-01
5.085885357353842062e-01 1.250277644703201503e+02 8.862056448410345411e+01 4.145878506281285780e+01 3.148569545743037379e-01 8.250722111381345415e-27 9.611298271182202972e-27 4.475855925388296312e-27 7.892812969035285509e-01
8.838255788933832013e-01 7.652279543512578641e+01 6.528743321204380834e+01 2.746600647087739588e+01 2.977088910976426472e-01 6.421331036999056122e-27 7.351352439580037852e-27 3.601804062201062211e-27 7.871081429018398357e-01
1.535912823470817035e+00 5.254081471769460876e+01 4.224283793775554585e+01 2.154607413787102033e+01 2.995638914916472495e-01 5.263379664783677645e-27 6.028589920094284855e-27 2.973396113097597449e-27 7.428197610593726408e-01
2.669110577514377525e+00 3.639717763943409778e+01 3.088358658372584031e+01 1.531742398308039377e+01 2.763394168114239324e-01 4.222870982302847032e-27 4.227520082383816850e-27 2.615729374153762548e-27 5.517304278803184525e-01
