# R (Mpc), rho (Msol/kpc^3), errup, errlow, std, pth (Msol/kpc/s^2), errup, errlow, std 
#  nprofs 557, average weighted mh 1126547305007.106201
6.704502643857072897e-04 2.740267215174465775e+08 3.124393423593114614e+08 1.612583786167086959e+08 5.053345777672945127e-01 1.220926921502760672e-22 1.858779993996113946e-22 4.340479776381158182e-23 6.564106280485251244e-01
1.165109025084719785e-03 1.249104463561012447e+08 1.563842658681998253e+08 7.078151873639470339e+07 5.093982115245406783e-01 3.241172478530037604e-23 5.322286507829359695e-23 1.550616668724430956e-23 5.748433467193702073e-01
2.024727429375604119e-03 3.518939892735013366e+07 4.584676660501147807e+07 1.731172085565400869e+07 4.290993653878055758e-01 6.556878953459806881e-24 8.178398222955229502e-24 2.454601058917597121e-24 5.176406610998826041e-01
3.518573004760514565e-03 7.070631638848418370e+06 5.810313433385843411e+06 3.419248621520840097e+06 3.403376289289364309e-01 1.849840327671652374e-24 1.737344102662456190e-24 4.329407464874833586e-25 5.635904336315894492e-01
6.114579083688004638e-03 1.399883732948349090e+06 1.097503383526572725e+06 6.795462659872006625e+05 3.916328231179703190e-01 7.829590230935429088e-25 7.870018255553483060e-25 1.829116956721743360e-25 6.680205730689859900e-01
1.062592059908660722e-02 2.315556783923257026e+05 2.933728893828910077e+05 9.475249673203942075e+04 4.406571740613647870e-01 3.712432230671480941e-25 4.021920133215539745e-25 1.149742490320776612e-25 6.840953127871004513e-01
1.846573362331777393e-02 4.129110655959721771e+04 4.524400209449881368e+04 1.754770845815147914e+04 4.654981106859475415e-01 1.630113717321356232e-25 1.736618315959682720e-25 5.754288878407262252e-26 5.846014741377957291e-01
3.208976719406681638e-02 1.045185781298846450e+04 9.366646430797800349e+03 4.705423045682631709e+03 4.637116280340221608e-01 7.574321942270046284e-26 7.167078970363221799e-26 2.375154524569797582e-26 5.549714362279655200e-01
5.576562402422385878e-02 3.512665988104184635e+03 2.948021534862120461e+03 1.834818611666190463e+03 4.109359064194286759e-01 4.038432551471940379e-26 4.728581540747478927e-26 1.263801556371448070e-26 5.244967298395117883e-01
9.690954764502224261e-02 1.200783684525124727e+03 8.710495642668106484e+02 6.277969711454093158e+02 3.852764309738500592e-01 2.208883919782380282e-26 2.704788031303190897e-26 6.280124676677731014e-27 6.065316094426876914e-01
1.684094922112467918e-01 4.474254919072594703e+02 3.156597409885148409e+02 2.214105245321083260e+02 3.755230110780297115e-01 1.402365183777300704e-26 2.106607069127744470e-26 3.650767820422382735e-27 6.838799659891761085e-01
2.926621551339660399e-01 1.967647194720360631e+02 1.889515525333057155e+02 7.616668601394081861e+01 3.523187767026242367e-01 1.020345998860464232e-26 1.489249264211891449e-26 3.160991540302300563e-27 7.624016556753061558e-01
5.085885357353842062e-01 1.218187767956978433e+02 1.024070314423079822e+02 4.923546164020265792e+01 3.484529212179137692e-01 8.176944277036225529e-27 1.066408477173987851e-26 2.594246220747632656e-27 7.544078997189065383e-01
8.838255788933832013e-01 7.840194780135695396e+01 6.961949298906276340e+01 2.974278564649401702e+01 3.434211975379949933e-01 6.473754332407173586e-27 7.764959879963012014e-27 2.105877140068639103e-27 7.204629570339965428e-01
1.535912823470817035e+00 5.349095599791977662e+01 5.006700670522575081e+01 1.950859656461163993e+01 3.357200840597106550e-01 4.969150074884091413e-27 6.373867025120783350e-27 1.808511577804154502e-27 5.951447062354464634e-01
2.669110577514377525e+00 3.680673265581980758e+01 2.881407510334147659e+01 1.561044907576309271e+01 2.907433328917881088e-01 3.511305403622167339e-27 3.712406963170468980e-27 1.469585750578937931e-27 4.451545409569164224e-01
