# R (Mpc), rho (Msol/kpc^3), errup, errlow, std, pth (Msol/kpc/s^2), errup, errlow, std 
#  nprofs 274, average weighted mh 1408462271737.929932
6.704502643857072897e-04 4.608153396560361981e+07 3.704387471321254224e+07 2.542024768040333688e+07 3.748147650343900406e-01 1.819597073691084735e-23 1.809518018734116702e-23 6.745442636387844509e-24 5.408626177702504645e-01
1.165109025084719785e-03 2.476677134125636891e+07 2.364990552088937908e+07 1.017841624094982259e+07 3.607662131348963186e-01 1.970763045817641954e-23 1.504344546291528504e-23 3.528487983360412212e-24 6.022009571311538467e-01
2.024727429375604119e-03 1.149193169085718133e+07 7.523898655542818829e+06 3.647280215626748279e+06 3.177379733384279592e-01 1.127569754553931962e-23 6.669206066424873491e-24 1.103353927681168370e-24 6.002770296742200307e-01
3.518573004760514565e-03 5.145808177747715265e+06 2.410927073330529965e+06 1.577941292109714821e+06 2.402497378481614210e-01 4.203578511385578572e-24 3.308062037494263088e-24 6.812185990432258106e-25 5.640158492839495441e-01
6.114579083688004638e-03 1.954475871588138631e+06 1.134020301497900160e+06 9.269482578261650633e+05 3.305748099106308735e-01 1.858836772966496355e-24 1.198310197797757165e-24 2.649594220491299426e-25 5.705905995730323754e-01
1.062592059908660722e-02 4.307827030847800197e+05 3.944406310798148043e+05 2.563178595460513607e+05 4.242656515008095819e-01 1.075707430034249195e-24 5.990210170819803588e-25 1.394334163563980624e-25 5.719620296900048695e-01
1.846573362331777393e-02 8.193225546049416880e+04 1.206854425667965552e+05 2.510875664449172109e+04 4.411040085987529280e-01 4.634469589812969685e-25 2.603110391145088892e-25 6.399265548412187262e-26 4.748889222084914929e-01
3.208976719406681638e-02 1.939282058685336597e+04 1.903539522664062679e+04 5.861647466250999059e+03 3.769747901407529134e-01 2.857186961697060430e-25 1.228402331712048885e-25 3.026591897458353746e-26 4.997978672362451413e-01
5.576562402422385878e-02 6.699619904365717048e+03 4.221635523690664741e+03 2.088990740686642766e+03 3.035115135371687645e-01 1.397404351015924760e-25 8.032130244020110857e-26 1.371807789569043398e-26 5.314723804405143692e-01
9.690954764502224261e-02 2.821652286167051898e+03 2.048640858216395827e+03 7.173377790753672798e+02 2.939112424946047075e-01 7.020289381939940319e-26 4.065669271576046900e-26 6.912422399784194903e-27 5.960620923486263933e-01
1.684094922112467918e-01 1.217927751730980617e+03 7.533134633152631068e+02 3.502674283047934978e+02 3.059210534243699264e-01 3.000490618039847327e-26 1.926705004226722959e-26 2.758795026760227437e-27 6.562290861096622407e-01
2.926621551339660399e-01 5.008057686940545636e+02 3.336791635377066996e+02 1.231793671486696553e+02 2.901135685854878132e-01 1.172319714809946937e-26 8.452632493428741860e-27 1.312025613266411029e-27 6.946993263966455556e-01
5.085885357353842062e-01 2.058195094814747961e+02 1.587011646679872854e+02 5.943898450983903103e+01 2.776248104479998591e-01 3.603966673256511681e-27 2.847361766040433460e-27 7.397158184335324053e-28 7.106154769285836226e-01
8.838255788933832013e-01 1.025613007574101943e+02 5.710521223590492923e+01 4.008683628541248822e+01 2.828264556194752810e-01 2.231423547077162700e-27 1.183287866063280603e-27 4.399735013284465885e-28 7.299388287457427849e-01
1.535912823470817035e+00 5.746657448370375221e+01 3.417039172021727467e+01 1.752315989054487488e+01 2.763446678834657888e-01 1.872565706890740885e-27 6.197845232536419023e-28 2.698297345249818184e-28 7.609572516113207730e-01
2.669110577514377525e+00 3.629560285597377600e+01 1.182637056131955688e+01 1.080497154542217331e+01 2.455111529815051374e-01 1.183985056941747590e-27 3.404570778910522125e-28 1.464379901968429555e-28 7.044997322022493735e-01
