# R (Mpc), rho (Msol/kpc^3), errup, errlow, std, pth (Msol/kpc/s^2), errup, errlow, std 
#  nprofs 749, average weighted mh 1108614051641.455566
6.704502643857072897e-04 2.335456001553618908e+08 2.333793352100881338e+08 1.661301845639231503e+08 5.398461121579232191e-01 7.589742833299145149e-23 9.230368233326030365e-23 4.728221581236834594e-23 6.720203659738289703e-01
1.165109025084719785e-03 9.366672866370981932e+07 1.002419990456554592e+08 6.261974587777251005e+07 6.165622016463141453e-01 2.688334619414089904e-23 2.604671474117358920e-23 1.279283329480155537e-23 7.197997950128711686e-01
2.024727429375604119e-03 2.233175366732561961e+07 2.218585284556579590e+07 1.346164676982864365e+07 4.732745021580745948e-01 6.780827477034838950e-24 6.596282953054318168e-24 1.802434108449169833e-24 6.431217268780640151e-01
3.518573004760514565e-03 5.315258388761959039e+06 4.404085522841215134e+06 2.548252625088257249e+06 3.648687678735106354e-01 3.229222183753913166e-24 3.874624467822369603e-24 4.999672154546739305e-25 7.276439935094757283e-01
6.114579083688004638e-03 1.330032000063775573e+06 1.316439267050527036e+06 5.925191820133880246e+05 4.494668072588376417e-01 9.863920041081232912e-25 1.241199064377447172e-24 2.319643485209168536e-25 7.553930740164420676e-01
1.062592059908660722e-02 2.057005034496973385e+05 2.255871743271093001e+05 7.214608617660849995e+04 4.685330823937901012e-01 4.099979407110904465e-25 4.541655457197374067e-25 1.296371371890685347e-25 7.261628751223456746e-01
1.846573362331777393e-02 3.595511098264535394e+04 3.935810445948479173e+04 1.488808881992809802e+04 4.863975887370189377e-01 2.122668078658068807e-25 2.019769229043631733e-25 6.422650803600616183e-26 6.468997868360093495e-01
3.208976719406681638e-02 1.008886428161441108e+04 1.006873292067130387e+04 4.365768374410903562e+03 4.625344026429127897e-01 9.567328442934707662e-26 8.029570483360243919e-26 2.531502109243862049e-26 5.624505702416757735e-01
5.576562402422385878e-02 3.295619678882726021e+03 2.888510743992871085e+03 1.492739594476071034e+03 3.926424220599516457e-01 4.951337073506766550e-26 4.242024462611463359e-26 9.307946810140482016e-27 5.635418970018242213e-01
9.690954764502224261e-02 1.140969837216740416e+03 1.003947076357280594e+03 4.222937204241322320e+02 3.531107874023611259e-01 2.273451856656205692e-26 2.093998049563572588e-26 4.678441590709550720e-27 5.711789185404749780e-01
1.684094922112467918e-01 4.269676188806091091e+02 3.542232609562664720e+02 1.545035901791235347e+02 3.320352112049674287e-01 1.078093744633690662e-26 9.718030193130680883e-27 2.952826293013814382e-27 6.071293249547424775e-01
2.926621551339660399e-01 1.890021065267314668e+02 1.500104046100879032e+02 7.268009497300182886e+01 3.201734106822186066e-01 5.357354397689185228e-27 5.672411499419366766e-27 1.870186730363196343e-27 6.323545131707219991e-01
5.085885357353842062e-01 1.007296506646470817e+02 8.459282860542559490e+01 3.823411057307349381e+01 3.161125793275442741e-01 3.625824943021528414e-27 3.336982935572140679e-27 1.347937291236322088e-27 6.355042171316646060e-01
8.838255788933832013e-01 6.575532839124488760e+01 4.702516114303158190e+01 2.706791620766041717e+01 3.316466703371735991e-01 3.284532318620239461e-27 2.685534689995968678e-27 1.044262370147425341e-27 6.134663615923986457e-01
1.535912823470817035e+00 4.431015542968942356e+01 3.247256907827045325e+01 1.685340494635205744e+01 3.090281269230206185e-01 2.469780947739021339e-27 2.026907516257645552e-27 8.499050928785543398e-28 5.431102602191538731e-01
2.669110577514377525e+00 3.177223930149867570e+01 1.896942274910750825e+01 1.259703989554322945e+01 2.476577005974937018e-01 1.716671228673778891e-27 1.349997319358476273e-27 6.644468683938023224e-28 4.282029256542156381e-01
