# R (Mpc), rho (Msol/kpc^3), errup, errlow, std, pth (Msol/kpc/s^2), errup, errlow, std 
#  nprofs 661, average weighted mh 1299037929847.822754
6.704502643857072897e-04 1.681272987050819397e+08 2.003731044980307817e+08 1.102304982558878362e+08 5.667014574615256706e-01 3.531726820702528113e-22 6.269539835988877827e-22 1.205783383397787071e-22 1.146649242039007977e+00
1.165109025084719785e-03 5.296773982103410363e+07 8.144189371410568058e+07 2.121856446742377430e+07 6.138571185095530458e-01 1.553991253199367971e-22 2.866967795111550517e-22 4.911841452071096979e-23 1.258187911423858774e+00
2.024727429375604119e-03 1.071502373773363419e+07 1.089559198448064923e+07 5.460036019334934652e+06 4.634584669349537389e-01 3.065421138156024715e-23 4.785406879026425782e-23 8.692095373913532569e-24 1.089070569799041044e+00
3.518573004760514565e-03 3.801927391732730903e+06 1.975376432786080055e+06 1.931667380406509619e+06 3.158393326773179521e-01 5.315106483188498525e-24 6.436029317934697354e-24 2.422867207586791749e-24 7.508204320834566126e-01
6.114579083688004638e-03 1.110717637573298765e+06 9.529301666351574240e+05 4.896810539992059348e+05 4.136456887619897604e-01 1.393462711177655925e-24 1.580648367763777968e-24 4.300281691921747089e-25 8.075163171725148192e-01
1.062592059908660722e-02 1.565467152201846766e+05 1.796840328385903849e+05 4.553528363147122582e+04 4.725335103169421291e-01 3.558464379966307526e-25 4.683780071768929550e-25 1.070311381248130541e-25 8.533026626716792018e-01
1.846573362331777393e-02 2.411326188224169528e+04 1.955850782606737994e+04 9.685110218513393193e+03 4.817053225828349383e-01 1.265558292105058587e-25 1.200513521367365868e-25 5.326981888062630226e-26 7.792372517718705316e-01
3.208976719406681638e-02 6.258478531679308617e+03 5.882776062507140523e+03 3.223281994801478504e+03 4.825732568738154704e-01 6.185308406688071762e-26 4.676747906228256065e-26 2.005635890394121312e-26 6.295010978365670473e-01
5.576562402422385878e-02 2.286121368753772913e+03 1.981935392225520445e+03 1.090598152391022040e+03 4.526898623735197691e-01 3.293800218007716667e-26 2.320104421418673119e-26 7.833205974873863300e-27 5.006584342599476045e-01
9.690954764502224261e-02 8.373972739507909182e+02 7.374864063255463407e+02 3.532409629314928452e+02 3.571389107178391531e-01 1.958569488506934301e-26 1.348622509731958101e-26 4.420952294335547361e-27 5.248860667854352569e-01
1.684094922112467918e-01 3.545787550481136350e+02 2.759540500364922764e+02 1.322543687136889616e+02 3.287531731250273870e-01 1.214854435995387948e-26 1.129127980506178714e-26 2.424907386732449407e-27 5.886903525504956214e-01
2.926621551339660399e-01 1.802560279815123465e+02 1.201025543594931548e+02 6.662519519971968407e+01 3.124451700287593781e-01 8.224221278700220674e-27 9.058714026043803808e-27 1.737534530101154334e-27 6.318206005938359349e-01
5.085885357353842062e-01 1.067107649808528862e+02 8.720330095187631514e+01 3.010717939878379923e+01 3.376023052017528836e-01 6.736069443488348387e-27 7.580250194048060610e-27 1.366841576457156480e-27 6.529534893007640228e-01
8.838255788933832013e-01 7.333007150157095566e+01 7.010594057487440978e+01 1.844284080766659883e+01 3.637490672872422670e-01 6.287942636912110246e-27 6.287069900830245396e-27 1.183448401504866469e-27 6.569563571508761912e-01
1.535912823470817035e+00 5.354285415163316486e+01 5.960191943111474444e+01 1.437686986315208415e+01 3.677631260289238035e-01 4.989528923296911277e-27 5.733697378881241791e-27 1.073524883495127895e-27 6.143070626732903827e-01
2.669110577514377525e+00 3.737851444619280272e+01 4.283098767299905774e+01 1.265590876778954410e+01 3.189733292914396778e-01 3.307754400848321148e-27 4.398207010284007890e-27 1.155845775001317581e-27 5.308015875621744373e-01
