# R (Mpc), rho (Msol/kpc^3), errup, errlow, std, pth (Msol/kpc/s^2), errup, errlow, std 
#  nprofs 455, average weighted mh 1007874078485.412231
6.704502643857072897e-04 8.759991284059041739e+07 8.502196180022202432e+07 3.994557460172167420e+07 4.231624739888581455e-01 3.736184670829756809e-23 4.482109114288013735e-23 1.337320039509626948e-23 5.674346322197177939e-01
1.165109025084719785e-03 4.806349005655034631e+07 4.733938570383214206e+07 1.890109925098185241e+07 3.790012490170895365e-01 4.046064179054427028e-23 2.284276641006666740e-23 7.332802382275632647e-24 5.421466218738714149e-01
2.024727429375604119e-03 1.970331628831983730e+07 1.928066990765272081e+07 7.024575916155166924e+06 3.419463957250569175e-01 2.625747450029841623e-23 1.106263489980727363e-23 2.058699403651263652e-24 5.355826567911837754e-01
3.518573004760514565e-03 7.091066817352668382e+06 4.340519156928731129e+06 2.120157889018319547e+06 2.444661512329923125e-01 8.310222949599595313e-24 3.854916793955698548e-24 7.423577565518651893e-25 5.626186507112621582e-01
6.114579083688004638e-03 2.191061700012194924e+06 1.475113052160668420e+06 9.072779234223570675e+05 3.069312032449609262e-01 3.472083614146550872e-24 2.074193730525205464e-24 3.088957301313230655e-25 6.042810925178130343e-01
1.062592059908660722e-02 4.552694533012782340e+05 5.926500125704554375e+05 1.956826914744757523e+05 4.213165783528979857e-01 1.553346648048044935e-24 8.045926331790789974e-25 1.646166236040906307e-25 6.263446184185810228e-01
1.846573362331777393e-02 7.997791340802310151e+04 1.114993984482969390e+05 2.977414409908109519e+04 3.879645293410966533e-01 6.297677690990082987e-25 3.652316773329883638e-25 7.333374541113319767e-26 5.499559263528153163e-01
3.208976719406681638e-02 1.969548023139473298e+04 1.626232760959396910e+04 8.436690056993320468e+03 3.181170197481700823e-01 2.782752176965902631e-25 1.856598310557576813e-25 2.865585006223138422e-26 5.393889051508552468e-01
5.576562402422385878e-02 7.246139354377639393e+03 6.244344598372847031e+03 2.785303607259808359e+03 3.047803622490125042e-01 1.349974942772395126e-25 1.031049884414500497e-25 1.400873660000403078e-26 5.622624529774866708e-01
9.690954764502224261e-02 2.881047612614281661e+03 2.417123067418170649e+03 9.642783775911931343e+02 3.231727323363154381e-01 6.377050900822028486e-26 4.120219268565340446e-26 4.725083299065338859e-27 6.249529393186626924e-01
1.684094922112467918e-01 1.027418409814456709e+03 8.395300766840089182e+02 3.206632957344407941e+02 3.243285621853765899e-01 2.060770937441548434e-26 1.349443472446809796e-26 1.286428058463061746e-27 6.857651993662039480e-01
2.926621551339660399e-01 3.589793813751800826e+02 2.565031496002887934e+02 1.035688791416438903e+02 3.091086959276856949e-01 5.471915637420724138e-27 4.042037762091727623e-27 3.522487719491840207e-28 7.301771401644430171e-01
5.085885357353842062e-01 1.451958684495555758e+02 1.215115234535638820e+02 4.083305056766052132e+01 2.870026717613435308e-01 1.491438266136360541e-27 1.797090856519442755e-27 1.512238688034595298e-28 7.551703629271672158e-01
8.838255788933832013e-01 6.970325134781739962e+01 6.184611384068080753e+01 2.305855133824788084e+01 2.801497211860528025e-01 6.520113957167630639e-28 1.027265636959945372e-27 1.188118831913965113e-28 8.063675720120967449e-01
1.535912823470817035e+00 4.051188181677615319e+01 2.969511756462983953e+01 1.149161888238948137e+01 2.506030054596245504e-01 4.922201362525021306e-28 5.125641620332379708e-28 1.202005504141162246e-28 7.948215025087621566e-01
2.669110577514377525e+00 3.107768890446561727e+01 1.839901148408023701e+01 9.958885493384212140e+00 2.373297463607219049e-01 5.585042167618256618e-28 4.292363592321800068e-28 1.001494523189729233e-28 7.688925931165851990e-01
