# R (Mpc), rho (Msol/kpc^3), errup, errlow, std, pth (Msol/kpc/s^2), errup, errlow, std 
#  nprofs 232, average weighted mh 1551760854051.374268
6.704502643857072897e-04 1.116863638203065097e+08 5.414392735826261342e+07 2.467030369422682375e+07 4.305358318982417942e-01 9.301165295704278500e-23 2.248092013780337636e-23 6.389743878691544041e-24 6.355457974893049533e-01
1.165109025084719785e-03 5.069021046572023630e+07 2.822287881644261628e+07 1.405461264433662593e+07 4.316763798116105555e-01 3.897925974656772083e-23 1.167699244668645133e-23 3.840202033987049859e-24 6.252985773165621319e-01
2.024727429375604119e-03 2.247045643824672326e+07 2.112097576613476872e+07 6.557482194798967801e+06 3.737817819516466855e-01 1.574635727315457166e-23 8.630571477331175500e-24 2.022976625602202495e-24 5.906105334967797216e-01
3.518573004760514565e-03 9.077119556467115879e+06 7.237950667743124068e+06 2.637330505312008318e+06 2.900547029165695956e-01 6.741423604146462601e-24 3.982681962389574701e-24 7.988318819867185508e-25 5.594209596293677755e-01
6.114579083688004638e-03 2.985931914459532127e+06 2.240201355212461203e+06 9.305255957445465028e+05 2.712138381185135172e-01 2.814922831686159628e-24 1.650159668107417417e-24 2.978268044561321198e-25 5.499939487939621285e-01
1.062592059908660722e-02 9.438747174689464737e+05 8.022911743480262812e+05 3.344054577979246387e+05 3.480194126885063355e-01 1.990571132003641588e-24 9.715357324984745178e-25 1.762917447597856769e-25 6.032193177856797206e-01
1.846573362331777393e-02 2.306828878285090614e+05 2.408849992761153262e+05 8.656373756456044794e+04 4.085971387102633190e-01 9.271409171120083281e-25 4.425430017330320695e-25 7.279718149989630292e-26 6.071130631960385271e-01
3.208976719406681638e-02 5.588864890372763330e+04 5.391377874010593951e+04 1.699529787438228959e+04 3.788285861960618561e-01 5.028179063150752571e-25 2.214485931052633537e-25 2.942384027832648776e-26 5.898539628058490081e-01
5.576562402422385878e-02 1.780691835188478581e+04 1.876017914217832731e+04 4.946390430692606969e+03 3.496951958957530970e-01 2.656020289400542760e-25 1.075246887591065885e-25 1.724992007900145155e-26 6.045477606926252800e-01
9.690954764502224261e-02 6.518669280976419032e+03 6.350972237191503154e+03 2.116187314992416759e+03 3.616298686069585600e-01 1.253901280452463090e-25 4.999024824531467594e-26 7.300549148959723641e-27 6.734455242365927630e-01
1.684094922112467918e-01 2.081260786488685426e+03 1.775077549641899168e+03 6.353240953707976360e+02 3.480547530230466147e-01 4.560458350552131682e-26 1.687622912665154331e-26 2.228974223788507800e-27 7.178251765601759704e-01
2.926621551339660399e-01 6.693654118181276544e+02 4.126828970647666779e+02 1.488387906113657380e+02 3.092023532700723387e-01 1.357720686298515628e-26 6.032204273618004001e-27 5.244113735501936472e-28 7.357323641001989323e-01
5.085885357353842062e-01 2.279246379604345805e+02 1.563405569784292766e+02 4.935337741737070871e+01 2.906744610549164554e-01 3.878810463558790597e-27 1.969327416976208137e-27 2.395074071690496083e-28 7.679614952392742611e-01
8.838255788933832013e-01 1.032712233387077276e+02 8.225096116364875343e+01 3.071259567780298738e+01 3.073424851044135875e-01 1.516789671907361178e-27 1.137153920367174082e-27 1.171318408120093142e-28 8.607944809775568418e-01
1.535912823470817035e+00 6.077779668282686742e+01 4.373974327407820795e+01 1.559757504133900596e+01 2.936143789958619021e-01 1.096001299611707996e-27 8.109181811036702222e-28 1.395422884967850630e-28 9.037118233390746269e-01
2.669110577514377525e+00 3.045846764933969908e+01 2.729580805573941404e+01 8.906773135966872701e+00 2.652778927312551827e-01 4.374237945514008384e-28 6.544009744449895624e-28 8.779891947576118221e-29 8.479605534444617509e-01
