# R (Mpc), rho (Msol/kpc^3), errup, errlow, std, pth (Msol/kpc/s^2), errup, errlow, std 
#  nprofs 693, average weighted mh 1596870035626.711182
6.704502643857072897e-04 1.150737110372733623e+08 1.195369456516077071e+08 8.172933934376065433e+07 4.777518110987593603e-01 3.158458223744978946e-22 8.057024257064616685e-22 3.763405329851028713e-23 9.644012735304103856e-01
1.165109025084719785e-03 3.368341852118688822e+07 3.684128681222502887e+07 2.159884197864162922e+07 4.678090600970999380e-01 1.595774411480847072e-22 3.143759176023837729e-22 1.732466095692899455e-23 1.094869384829892933e+00
2.024727429375604119e-03 8.918606844771523029e+06 6.736118585111670196e+06 4.709536527362251654e+06 4.109295203716644695e-01 3.952495592758455141e-23 7.810727762653053775e-23 4.978148209134090385e-24 1.076759292579896332e+00
3.518573004760514565e-03 4.027051723210507538e+06 2.958103664259640500e+06 1.853412125002447283e+06 3.254984194944195441e-01 9.413673087209216041e-24 1.200472159638270130e-23 3.345594238764709695e-24 8.310304593163142517e-01
6.114579083688004638e-03 1.103507722691119183e+06 1.313450597141455859e+06 4.812201998997154878e+05 4.279868748589122363e-01 1.897009757830705510e-24 2.492918208350290287e-24 8.406798974435384333e-25 8.218544554725999429e-01
1.062592059908660722e-02 1.790987696613472945e+05 2.486884733428852051e+05 5.498078493023932970e+04 4.827563224837783662e-01 6.481197999783797121e-25 7.168252936815363706e-25 2.828968256546691658e-25 7.978777769526798069e-01
1.846573362331777393e-02 3.053848739207620383e+04 2.863410133414979646e+04 1.377023267855975791e+04 4.431161917204354816e-01 2.843339115716215735e-25 2.740664219259406536e-25 9.502764117907724056e-26 6.412062947911117972e-01
3.208976719406681638e-02 8.858561345035477643e+03 6.795059907898148595e+03 4.413100669571225808e+03 3.854872186912821075e-01 1.241826185464825853e-25 1.007511247471663630e-25 3.292644389851728734e-26 5.562474346101085043e-01
5.576562402422385878e-02 3.365548941933378046e+03 2.851580631478615487e+03 1.465835857633824617e+03 3.565575646008566912e-01 6.622670623109374146e-26 4.837099275831126295e-26 1.315934335304154278e-26 5.350731777749263562e-01
9.690954764502224261e-02 1.370276156235868257e+03 1.253882696128830275e+03 5.392341703636109287e+02 3.400002590381393519e-01 3.276779009650046853e-26 2.598629968213072357e-26 5.107347178240310721e-27 5.752085317770119222e-01
1.684094922112467918e-01 5.487698931302444407e+02 3.954372867986450046e+02 2.105341550823646344e+02 3.196428336088665834e-01 1.530480149377068212e-26 1.283322718882855121e-26 2.257035955931409342e-27 6.151664044451186086e-01
2.926621551339660399e-01 2.420199544884012255e+02 1.674631131500942729e+02 8.504190226547464704e+01 3.071795416053394456e-01 6.923220447890259197e-27 6.360381246350115556e-27 1.566947079083643347e-27 6.520170056366028088e-01
5.085885357353842062e-01 1.184260442954987127e+02 8.710300849970334980e+01 4.094708407609625311e+01 2.986547349304270460e-01 3.512043770552224409e-27 3.115734159660976875e-27 1.049496901386245445e-27 6.648946825677524153e-01
8.838255788933832013e-01 6.787385602997578360e+01 4.482495696043899613e+01 2.825035087440911497e+01 2.942649734004190720e-01 2.540234312547872773e-27 1.930127705775940303e-27 7.982842939960589509e-28 6.569562859995968784e-01
1.535912823470817035e+00 4.679839663553588025e+01 2.888781267426056587e+01 1.795308654366517942e+01 2.907126654500448715e-01 2.477470993249822456e-27 1.393003856270134669e-27 6.639827616751447797e-28 6.188072039926373336e-01
2.669110577514377525e+00 3.315784110556629827e+01 1.882285715493165057e+01 1.091352718081447648e+01 2.405600344256430823e-01 1.566409522210135198e-27 7.649286387810454173e-28 5.003429472858808480e-28 4.856430142572376041e-01
