# R (Mpc), rho (Msol/kpc^3), errup, errlow, std, pth (Msol/kpc/s^2), errup, errlow, std 
#  nprofs 630, average weighted mh 1501408464770.187256
6.704502643857072897e-04 1.144402409954284579e+08 1.057485684076279551e+08 7.480911586311259866e+07 4.428075001020319590e-01 2.260027031602062207e-22 1.894688506277262449e-22 3.176229919483192668e-23 8.225114942764465420e-01
1.165109025084719785e-03 3.802736475044385344e+07 3.825903213598455489e+07 2.442618716086064279e+07 4.584847168024701047e-01 1.265846939887940429e-22 2.494915517100165035e-22 1.006670716228611057e-23 1.003854073752863396e+00
2.024727429375604119e-03 1.169204458578859642e+07 7.177020471521839499e+06 5.968369047842669301e+06 3.551382853017487906e-01 4.358006707800844428e-23 9.631803993950052732e-23 5.280931724783382844e-24 9.454087612390847939e-01
3.518573004760514565e-03 4.632650437551551498e+06 2.419987118557842448e+06 1.569395116589622572e+06 2.548314349096130749e-01 1.044568553721581597e-23 1.472717645094764549e-23 4.961806561936801888e-24 7.533648642196293377e-01
6.114579083688004638e-03 1.238738373882282525e+06 1.210069401069029933e+06 5.293343753176508471e+05 3.706545120693282014e-01 2.406973226703896845e-24 3.036060831170450817e-24 1.202358724168262819e-24 7.971879329961337746e-01
1.062592059908660722e-02 2.006281287376920227e+05 2.270474646845305106e+05 6.953855334870515799e+04 4.199294324650321708e-01 5.971321788640408381e-25 7.125753778214844233e-25 3.007198727226394443e-25 7.505235979879438801e-01
1.846573362331777393e-02 3.361758985880960245e+04 2.607904578873093851e+04 1.334456018498286721e+04 4.118244362609554954e-01 2.639164534214842403e-25 2.601611636279724038e-25 9.864221825063188726e-26 6.527345780958246912e-01
3.208976719406681638e-02 9.581238128490129384e+03 7.200427620174292315e+03 4.257269339468753969e+03 3.837143163954460090e-01 1.025768581964362467e-25 9.318577537866586727e-26 2.720047143143037782e-26 4.682804515859756433e-01
5.576562402422385878e-02 3.684176385280577506e+03 2.731391080207903542e+03 1.787744542566029395e+03 3.827053176242818378e-01 5.432972025684947253e-26 3.738708583313333111e-26 1.131666126117223779e-26 4.774332150582717982e-01
9.690954764502224261e-02 1.398661396284740249e+03 1.087716873475022567e+03 6.346021594878620817e+02 3.546867452848087576e-01 2.851452049136472375e-26 1.840978819259237905e-26 4.703657637878499849e-27 4.884047397628271114e-01
1.684094922112467918e-01 5.243547033363054197e+02 3.506065819168595681e+02 1.934829702361415116e+02 2.924446959640508159e-01 1.346432247936747458e-26 8.920872586904267385e-27 2.524993616893214456e-27 5.483466936642924505e-01
2.926621551339660399e-01 2.210001712896167589e+02 1.286394306084283130e+02 7.382496989656654307e+01 2.577873721867406376e-01 6.592453870164527379e-27 5.804997357081562673e-27 1.731831551085230695e-27 6.085195218938600492e-01
5.085885357353842062e-01 1.083549431604156865e+02 7.434235331406483738e+01 3.532541501463594358e+01 2.515077201362594939e-01 3.689266993425555463e-27 3.977012460463207215e-27 1.341882980647821033e-27 6.438353287885280052e-01
8.838255788933832013e-01 6.418976487905679562e+01 4.688298573860660667e+01 2.461762422954925000e+01 2.589699362754677159e-01 2.528921043397299659e-27 3.283765073036080624e-27 1.024251700478597448e-27 6.344435756614145161e-01
1.535912823470817035e+00 4.429531282202048459e+01 3.315759444152473634e+01 1.652676860150213756e+01 2.478028180321429352e-01 1.880099842882566597e-27 2.262428224765190343e-27 9.318645838921847443e-28 5.615886279841517670e-01
2.669110577514377525e+00 1.471551743996427319e+01 9.926417170631484765e+00 6.038887250799101380e+00 2.332227137276083606e-01 6.238244386282718119e-28 6.507953069710577010e-28 3.557767173943724569e-28 4.733410328585754834e-01
