# R (Mpc), rho (Msol/kpc^3), errup, errlow, std, pth (Msol/kpc/s^2), errup, errlow, std 
#  nprofs 175, average weighted mh 806447555846.694336
6.704502643857072897e-04 5.145220673538620025e+07 5.079285499603757262e+07 2.491290339118169993e+07 3.937319549505923777e-01 2.306859645873152952e-23 2.795779671514400382e-23 7.756522895691182312e-24 5.893130484314830220e-01
1.165109025084719785e-03 3.271782699827566370e+07 4.139447453895908594e+07 1.634641291254713945e+07 4.314437022195057314e-01 1.027889778364478831e-23 1.744490280473926473e-23 4.341357426985033547e-24 6.326792245943678727e-01
2.024727429375604119e-03 1.900093551415776089e+07 2.092240942219899595e+07 8.537107745068661869e+06 3.864297738545769412e-01 5.212139331762865027e-24 6.274315725624326258e-24 2.733397632873026570e-24 5.490857038331993234e-01
3.518573004760514565e-03 8.439183162942524999e+06 6.057688802436439320e+06 2.989101202138337307e+06 2.602143868268354532e-01 2.045567352243624184e-24 2.306272822724776900e-24 7.447000081489541542e-25 4.235659864959585574e-01
6.114579083688004638e-03 2.810190341043220833e+06 1.844018927041521762e+06 8.779355227933202405e+05 2.539677762989580589e-01 7.485398380292961882e-25 9.053440362110715558e-25 2.763940703259560791e-25 4.876856966710382824e-01
1.062592059908660722e-02 7.998958797575009521e+05 6.990630551330243470e+05 3.202121520213980111e+05 3.243860877113370900e-01 3.667030580853961545e-25 8.762009110732640177e-25 1.003277141899791434e-25 5.200052825902585774e-01
1.846573362331777393e-02 2.069352763397484377e+05 2.339496053754370078e+05 7.946304828805809666e+04 3.810515008611449761e-01 1.677576621537254973e-25 3.819636435116099791e-25 4.531987521289305973e-26 5.709539237747766061e-01
3.208976719406681638e-02 4.770910283785479260e+04 3.969487478976063721e+04 1.651225600795329228e+04 3.887936399082535521e-01 8.883794913487725184e-26 2.128073578004374906e-25 1.767759098886676787e-26 5.657574025971040532e-01
5.576562402422385878e-02 1.450561507191264718e+04 1.118675013521185429e+04 6.128295869348777160e+03 3.398105141305667876e-01 5.724431671901754540e-26 1.015746973970853353e-25 1.234607940207898359e-26 5.544485177775086981e-01
9.690954764502224261e-02 4.443752059785428173e+03 3.796872648184558329e+03 1.658031722240601084e+03 3.280294271929659056e-01 3.000760757922246169e-26 4.779117873591291416e-26 6.284711126931011484e-27 5.830760090642784776e-01
1.684094922112467918e-01 1.304622109101738943e+03 1.086742283447023510e+03 4.061365328004878847e+02 2.858057609608985472e-01 1.600792754175008709e-26 2.162184426730561657e-26 2.724872410712058558e-27 6.289315395500523209e-01
2.926621551339660399e-01 4.405741016535945391e+02 2.557362530875043944e+02 1.525279932875951658e+02 2.657637263268283201e-01 8.319108058584520524e-27 9.861983199785253898e-27 1.641767057477966903e-27 7.232934084612323566e-01
5.085885357353842062e-01 1.861776914049740412e+02 1.294031828289140265e+02 6.317378988979163523e+01 2.611856296184795201e-01 4.605302474563656325e-27 5.257568504489058845e-27 1.404423733585049693e-27 7.970891579188069676e-01
8.838255788933832013e-01 9.296197933536653579e+01 6.906047120314248389e+01 3.843927341663074770e+01 2.653577968785858499e-01 2.827724310703839290e-27 4.264561322609852505e-27 1.174454257231547756e-27 8.734772721406887097e-01
1.535912823470817035e+00 5.711637108009333730e+01 4.167628192944155074e+01 2.423314462214796450e+01 2.551117838868727783e-01 2.178959977377982569e-27 2.674022649374016927e-27 1.048550074228374539e-27 8.135672131236854066e-01
2.669110577514377525e+00 4.672289146014278138e+00 3.018667042663421007e+00 1.837109717783649732e+00 2.402238726697228932e-01 1.952213824633027636e-28 2.553336054263205200e-28 8.154781975611457276e-29 7.564383124388485147e-01
