# R (Mpc), rho (Msol/kpc^3), errup, errlow, std, pth (Msol/kpc/s^2), errup, errlow, std 
#  nprofs 595, average weighted mh 1116741717373.087646
6.704502643857072897e-04 1.200798559320830107e+08 1.022782564401751310e+08 7.790131128765681386e+07 4.270754953862412884e-01 2.827445178316177166e-22 1.136748076030215017e-22 3.421798180028986403e-23 8.064575422198387855e-01
1.165109025084719785e-03 3.686489394835842401e+07 3.650401348997169733e+07 2.271985586819671094e+07 4.475231928181897523e-01 1.584664853490604402e-22 2.920545545103681080e-22 9.238428434273423128e-24 1.020978753285798124e+00
2.024727429375604119e-03 1.122363105054103956e+07 7.218794885584305972e+06 6.154838950112117454e+06 3.591444111526213012e-01 5.531023960980671246e-23 1.131314276150919583e-22 6.592169577434650194e-24 9.970157044602032670e-01
3.518573004760514565e-03 4.532374768148761243e+06 2.702285507856518030e+06 1.902293105662096757e+06 2.900841942277657681e-01 1.152361576472618920e-23 1.599055614978405255e-23 4.883330343879332867e-24 8.436859808570614794e-01
6.114579083688004638e-03 1.176867940810867352e+06 1.157566101568617392e+06 5.692368483266163385e+05 3.914921987607782317e-01 2.426006360130436293e-24 3.118810190161847413e-24 1.056875568259434176e-24 8.266183896183513236e-01
1.062592059908660722e-02 1.857039781412547454e+05 2.289170488189689931e+05 5.938186336978701001e+04 4.257654634024913842e-01 6.826059815701275457e-25 9.646045529217990764e-25 3.295717354381174423e-25 8.188176681156231762e-01
1.846573362331777393e-02 3.288009083476566593e+04 2.809063710800601984e+04 1.332584245728400856e+04 3.834545928219059152e-01 2.596519746267880366e-25 2.939946891115309851e-25 1.066741772713748041e-25 6.529464293138356190e-01
3.208976719406681638e-02 1.042287298810259927e+04 7.624911285982434492e+03 4.801307941661571022e+03 3.776317476499869152e-01 1.138030811466000122e-25 1.081125421017106956e-25 3.819119837782341009e-26 5.157469383410661079e-01
5.576562402422385878e-02 4.215187537032063119e+03 3.414702179918121146e+03 1.863214471602570029e+03 3.623387269515735420e-01 5.495814837193498159e-26 4.968990971981179765e-26 1.499619358439200587e-26 4.956702678850964383e-01
9.690954764502224261e-02 1.574964785286321103e+03 1.333935987435733750e+03 6.098862566457678440e+02 3.285110886214753778e-01 2.784463659051476543e-26 2.353149052967727893e-26 6.739051292680087032e-27 5.273803248239281594e-01
1.684094922112467918e-01 5.764019963856708273e+02 4.253235226284191981e+02 1.915311975998185972e+02 2.886414880688205065e-01 1.329115146528804671e-26 1.122484178261668291e-26 2.957789056749464085e-27 5.880900367244390470e-01
2.926621551339660399e-01 2.335024093846000994e+02 1.761097227711856590e+02 6.863310622485765577e+01 2.616349663639364054e-01 6.030519236069498943e-27 6.932433879808879118e-27 1.844821547875616376e-27 6.457007221460986379e-01
5.085885357353842062e-01 1.173060703762921833e+02 7.401542167325773391e+01 3.756623630097928412e+01 2.545865636574754509e-01 3.539124159765253546e-27 4.822233650187097718e-27 1.408560437392793408e-27 6.739018880594614958e-01
8.838255788933832013e-01 6.848402666788223314e+01 5.762360548192082632e+01 2.302711727117654306e+01 2.715844577700706197e-01 2.630211208661448833e-27 3.391272598693990256e-27 1.227567430145272777e-27 6.854905691664127110e-01
1.535912823470817035e+00 4.447292917487283859e+01 3.604943740308956990e+01 1.743007250950653386e+01 2.647444859513428117e-01 1.825892109825855847e-27 2.410759566312029175e-27 9.449385100152220375e-28 5.683992865167500907e-01
2.669110577514377525e+00 3.231210032707425484e+01 1.964040944487514295e+01 1.183669404553412363e+01 2.184693789434625222e-01 1.310551326376312743e-27 1.295162717535208201e-27 7.252731189299792339e-28 4.237903787755982199e-01
