# R (Mpc), rho (Msol/kpc^3), errup, errlow, std, pth (Msol/kpc/s^2), errup, errlow, std 
#  nprofs 755, average weighted mh 1446587729843.869629
6.704502643857072897e-04 9.504274541883440316e+07 7.493473281118877232e+07 5.898613006579062343e+07 4.003482178290643234e-01 1.351370392404976952e-22 8.139693847392569426e-23 2.506301918761254769e-23 7.167428737391011717e-01
1.165109025084719785e-03 2.946957216287747771e+07 2.322582124815106019e+07 1.752656598889508843e+07 4.225411613572948588e-01 6.040862765886965551e-23 1.412276936557604892e-22 6.385696377630509040e-24 8.698737207145847972e-01
2.024727429375604119e-03 8.879140589783232659e+06 6.194489364005664364e+06 4.278209172504425049e+06 3.938973376294339634e-01 2.120693813723940951e-23 3.968746754809916485e-23 2.120802412255734140e-24 9.188845371710716581e-01
3.518573004760514565e-03 4.141767105672952719e+06 3.435919427076557651e+06 1.847957514901104383e+06 3.795054814246736075e-01 7.842387088700547253e-24 1.009255353261818380e-23 2.851345705305062935e-24 8.639180864802304960e-01
6.114579083688004638e-03 1.014327425414409372e+06 1.461152314788930817e+06 4.095396426628293702e+05 4.915390942525891815e-01 1.918930011820507233e-24 2.560927941079301937e-24 1.006934323461914498e-24 8.285482794278403729e-01
1.062592059908660722e-02 1.623588107406483323e+05 2.373698087573017692e+05 6.086682038192969776e+04 4.887668082050040108e-01 7.113638110846345946e-25 1.029830340525792383e-24 3.392789748241836468e-25 7.635869063774182175e-01
1.846573362331777393e-02 3.536203345373259071e+04 4.112292547858163016e+04 1.643821529408044080e+04 4.405107897905956582e-01 3.469946676976500254e-25 4.325117872047476022e-25 1.266749421905407099e-25 5.929738464409467502e-01
3.208976719406681638e-02 1.132009203592572521e+04 1.055528511228070420e+04 4.941598869867540088e+03 3.573270054721063849e-01 1.623461562687901872e-25 1.943479075945309170e-25 4.768277597522600741e-26 5.643654930143968684e-01
5.576562402422385878e-02 4.474364224907988500e+03 4.690953072225130200e+03 1.845272948106330887e+03 3.492152020129414280e-01 8.389877030190974890e-26 8.573291174354257850e-26 1.909218774235604014e-26 5.778707142441851241e-01
9.690954764502224261e-02 1.804376999235841140e+03 1.869915700462998302e+03 6.861579792780571552e+02 3.447118655452543479e-01 4.235913349203084651e-26 3.635328613414728066e-26 6.947250938427711454e-27 6.179789775352693137e-01
1.684094922112467918e-01 6.649840128047354710e+02 6.161347441650150358e+02 2.587352595506214925e+02 3.289586487079703137e-01 1.836887975559742025e-26 1.163329021673289121e-26 2.520135393391461583e-27 6.706276885274882193e-01
2.926621551339660399e-01 2.698581116597227947e+02 2.005973855357175069e+02 9.147740388806556666e+01 3.105500077550493732e-01 7.285853769464741336e-27 5.262949392956651872e-27 1.147711059182422302e-27 7.346802015205470271e-01
5.085885357353842062e-01 1.294328386709149186e+02 1.145913624717550192e+02 3.709757042169955810e+01 2.952229468146843616e-01 3.105565368452050019e-27 3.243853754171899674e-27 7.298000647894051238e-28 7.708195606423428048e-01
8.838255788933832013e-01 7.302092096928865317e+01 6.904080192318579634e+01 2.258658645425477118e+01 2.980789798970221449e-01 1.917004495784341863e-27 2.531356278841051659e-27 5.676645782941539189e-28 8.056160394479686682e-01
1.535912823470817035e+00 4.582581614889160448e+01 3.104527132676651746e+01 1.756538274143849065e+01 2.705958970583374201e-01 1.310450972927148028e-27 1.443742177709110696e-27 5.420547977748647061e-28 7.352157420085833062e-01
2.669110577514377525e+00 2.126289780778126826e+01 1.415109141749974242e+01 7.111178752010779647e+00 2.377495101667728150e-01 6.075126267055571307e-28 7.874818863822746004e-28 2.656800719610279279e-28 6.555455875099543972e-01
