# R (Mpc), rho (Msol/kpc^3), errup, errlow, std, pth (Msol/kpc/s^2), errup, errlow, std 
#  nprofs 379, average weighted mh 1477447696723.935303
6.704502643857072897e-04 1.654271894179357588e+08 1.619077487926067710e+08 4.453947011157229543e+07 5.119711507263180472e-01 1.060845069247661020e-22 8.349432538366099251e-23 1.471831301917966394e-23 7.249142829040230440e-01
1.165109025084719785e-03 8.633217130602070689e+07 1.119538474544847012e+08 2.756984361967342719e+07 4.930554121453717409e-01 5.789468516507725705e-23 4.701957150928041937e-23 9.312066992799010725e-24 6.807614323723898409e-01
2.024727429375604119e-03 3.376603856423121691e+07 4.113276102962382138e+07 1.283585918207274750e+07 4.389197143098820808e-01 2.476660687026140850e-23 1.454156629007053596e-23 3.304786744164266431e-24 6.154382448668082040e-01
3.518573004760514565e-03 1.031727398460285738e+07 8.937733645529257134e+06 3.041280078319206834e+06 3.173901160073021033e-01 8.754291114239803401e-24 4.556755766372965962e-24 7.360201220729880466e-25 5.866052982565947982e-01
6.114579083688004638e-03 3.104881446755717974e+06 2.112373098568855319e+06 8.827297196889000479e+05 3.023505912293572573e-01 4.650521210975313636e-24 1.849522265581047790e-24 3.150488225899738867e-25 6.305045609699110321e-01
1.062592059908660722e-02 7.263652660349534126e+05 6.074827290823427029e+05 2.205265492631292727e+05 3.743945387770882816e-01 1.725921506385125169e-24 1.049031895464276139e-24 1.879369363748730941e-25 6.522021584286978868e-01
1.846573362331777393e-02 1.642860497398945445e+05 1.537420036810765741e+05 4.497986407038330799e+04 4.073510933657853994e-01 8.229193208469068012e-25 4.639532502794543512e-25 7.605097718788484010e-26 6.128532210564473504e-01
3.208976719406681638e-02 3.953933615575414296e+04 3.800920214644235239e+04 1.105879936568483572e+04 3.738006231061924423e-01 3.764058210875636118e-25 2.126527839756917587e-25 3.022609975114223948e-26 5.846221680571128676e-01
5.576562402422385878e-02 1.192926866032176258e+04 1.220546584567834543e+04 3.857612478057722001e+03 3.402339077570948889e-01 1.819222613393079392e-25 1.016563113994454998e-25 1.566831626777290677e-26 6.072582097374619181e-01
9.690954764502224261e-02 4.155242022632286535e+03 3.789530669543814383e+03 1.277360737375880944e+03 3.405598536835229839e-01 8.522440944179329285e-26 4.537859958210584031e-26 7.207968476920326325e-27 6.737702234532216838e-01
1.684094922112467918e-01 1.389911016177011106e+03 9.844141785988955462e+02 4.281530776325589613e+02 3.408708541275232151e-01 3.098816872228148152e-26 1.960411904057787266e-26 2.350312466639270097e-27 7.517242721809780370e-01
2.926621551339660399e-01 4.749021264874562576e+02 3.470332246902436282e+02 1.240048106059217616e+02 3.139421377865561080e-01 9.700483235088047263e-27 8.916729436164989316e-27 5.907392590252571738e-28 8.205072638006289942e-01
5.085885357353842062e-01 1.886298177618337775e+02 1.567932640575188543e+02 4.404264267423057078e+01 3.184490249494682512e-01 3.176742970999719265e-27 4.059811889042755829e-27 3.091938831029419293e-28 8.842969802036740878e-01
8.838255788933832013e-01 8.459174569158633972e+01 7.452274700247313888e+01 2.653234343846802901e+01 3.166999715850551400e-01 1.499829638871481611e-27 2.169955483229793880e-27 2.443601270778289111e-28 9.520094486070225237e-01
1.535912823470817035e+00 4.934389896709967616e+01 4.181185674544273212e+01 1.530186926088676813e+01 2.962527987163622867e-01 1.253447375789749240e-27 1.343905279995943423e-27 2.654831287417767441e-28 9.149287622874892056e-01
2.669110577514377525e+00 3.116471079954986934e+01 1.695725034363793426e+01 1.093009072829516981e+01 2.214416930750811585e-01 5.794379314782894648e-28 6.462285953540016835e-28 2.247501415814346714e-28 7.124175421278186038e-01
