# R (Mpc), rho (Msol/kpc^3), errup, errlow, std, pth (Msol/kpc/s^2), errup, errlow, std 
#  nprofs 501, average weighted mh 1324319317852.733643
6.704502643857072897e-04 8.851411805438876152e+07 9.433126238311171532e+07 4.447986234347045422e+07 4.143740737778612848e-01 1.371906734451178936e-22 1.554971468380288167e-22 1.594715120125472819e-23 8.182241250152217926e-01
1.165109025084719785e-03 2.796183937681407854e+07 3.090510937366460636e+07 1.769238417985874787e+07 4.775611109809586585e-01 5.299825430141980709e-23 1.100364427893738562e-22 6.966160863311870878e-24 9.963267379076100605e-01
2.024727429375604119e-03 8.305426982863707468e+06 6.837652949641110376e+06 4.817817607575611211e+06 4.458338312740569576e-01 1.591810040938888696e-23 2.815311146784103054e-23 1.795368896648398031e-24 9.714325020691481072e-01
3.518573004760514565e-03 4.002175158225464635e+06 2.120573961590583436e+06 1.605180376437104307e+06 2.942702429961330801e-01 5.204994487858568974e-24 8.304857797055066971e-24 1.884733387431677932e-24 7.455271913232538461e-01
6.114579083688004638e-03 1.291865388279213803e+06 1.311399014479530510e+06 7.037327861337820068e+05 4.183186772962521061e-01 1.461296963642580570e-24 1.967081677887085830e-24 7.974244464382356301e-25 7.620692517258319532e-01
1.062592059908660722e-02 2.408465746411787113e+05 3.759219813658703933e+05 9.281956765235928469e+04 4.982427417841387429e-01 5.080545530092393786e-25 6.618223863641313283e-25 2.287136677954213287e-25 7.459253359653020832e-01
1.846573362331777393e-02 4.221732646427120198e+04 4.860485770597866940e+04 1.471467544327596624e+04 4.680747022396140045e-01 2.464301847231747199e-25 2.889709454226218566e-25 7.279157744434388154e-26 6.259484298472327568e-01
3.208976719406681638e-02 1.110570274247849193e+04 1.068618010907306598e+04 4.188123276149045523e+03 4.226321336961584296e-01 1.151607217874579856e-25 1.160467119588607169e-25 2.690427057892870919e-26 5.629636633116174016e-01
5.576562402422385878e-02 4.376238530913640716e+03 3.808643604365408009e+03 1.728889872053558975e+03 4.020935474776115015e-01 5.999616442920594993e-26 5.234005455747071559e-26 1.053658970497123141e-26 5.363915603678377497e-01
9.690954764502224261e-02 1.526896821742969450e+03 1.350258362484291411e+03 5.998035342357078434e+02 3.434934310562592907e-01 2.772249575065802741e-26 2.809389629391976413e-26 5.490850700486773731e-27 5.240176916710562738e-01
1.684094922112467918e-01 5.673822252935207189e+02 4.379226780931050484e+02 2.168476492398139044e+02 3.039097840419441310e-01 1.383438324725695582e-26 1.433566807975653060e-26 2.859238076713147427e-27 5.769077221932902289e-01
2.926621551339660399e-01 2.448199388596464985e+02 1.822580533025154068e+02 9.277257166010632261e+01 2.803614653414340796e-01 7.173356565172083852e-27 6.689688515294486639e-27 2.079607721516786599e-27 6.256140056746961609e-01
5.085885357353842062e-01 1.290480433399896754e+02 1.009611002286720378e+02 4.987429886186131966e+01 2.761007628345963916e-01 4.257880509740916061e-27 4.020317525112961406e-27 1.581992638582457207e-27 6.328270252412192542e-01
8.838255788933832013e-01 7.361210531798305112e+01 4.253943337403055835e+01 2.919153511554794278e+01 2.729349384307094839e-01 3.390378742630300268e-27 3.186646539561102769e-27 1.110036372329508243e-27 6.205255629408393814e-01
1.535912823470817035e+00 4.913150741064983151e+01 3.154043641324073377e+01 1.902538211442874783e+01 2.698341794456368681e-01 2.628048716214674744e-27 2.860379234387010128e-27 9.690239327326827330e-28 5.863194355905165800e-01
2.669110577514377525e+00 3.508138725804980851e+01 2.143842106132390057e+01 1.169293459867727947e+01 2.347013068881310394e-01 1.884675237676337120e-27 1.739122857532471107e-27 8.268467130359534992e-28 4.905978923823970939e-01
