# R (Mpc), rho (Msol/kpc^3), errup, errlow, std, pth (Msol/kpc/s^2), errup, errlow, std 
#  nprofs 291, average weighted mh 890489779582.945557
6.704502643857072897e-04 1.533176761647722721e+08 1.612780834406003952e+08 4.864041926234131306e+07 5.049476461006019434e-01 3.246237243811097930e-22 1.143062904382225099e-22 2.110729625446831124e-23 7.755388274092325229e-01
1.165109025084719785e-03 8.052396599041354656e+07 8.124408854252892733e+07 2.543868471899825335e+07 4.553778414281449693e-01 2.715484278531064407e-22 6.262946373975700491e-23 1.137116094827667476e-23 7.723602658773308649e-01
2.024727429375604119e-03 2.884417625802913308e+07 2.410526345253147185e+07 1.104888680803441256e+07 4.313835573984030614e-01 7.870671025398729946e-23 3.487189202755169904e-23 4.638858767218449647e-24 7.562551028674358022e-01
3.518573004760514565e-03 9.482528224982198328e+06 4.993331878013700247e+06 3.156247825643111952e+06 2.483879792910496653e-01 1.573580923514859134e-23 1.509757295286383827e-23 1.466045527531839093e-24 6.614339552309949077e-01
6.114579083688004638e-03 2.808409884440802503e+06 1.617999741082334425e+06 1.270854090827291133e+06 2.936534400582290760e-01 3.843431105700571222e-24 4.456280431420694591e-24 6.439558930678154780e-25 6.545987083779057913e-01
1.062592059908660722e-02 6.318837975429230137e+05 6.293548525348911062e+05 2.872017006550746155e+05 3.526311905871845620e-01 9.918074235068395973e-25 1.293559250912240281e-24 2.186837635672851713e-25 5.878998699593802613e-01
1.846573362331777393e-02 1.343018007426796539e+05 1.442097945544580871e+05 4.634043033112528065e+04 3.381286386772731634e-01 4.412475787413703039e-25 5.830741470138678255e-25 8.383999893595582888e-26 5.610298117159622233e-01
3.208976719406681638e-02 3.030197058766170449e+04 2.122502594008094093e+04 1.235202564018274279e+04 2.837070955704314446e-01 1.939776214841618213e-25 2.701020430275303853e-25 2.764898736754590596e-26 5.537080609066794556e-01
5.576562402422385878e-02 1.054598589875335165e+04 7.487067635612726008e+03 3.956441923013983796e+03 2.657865087074938737e-01 8.945533224475814822e-26 9.705028834338214634e-26 1.356080292659816489e-26 5.375044539456048653e-01
9.690954764502224261e-02 3.531123897753381698e+03 2.169559432336215650e+03 9.805319194541903016e+02 2.514757214756188075e-01 3.763693186256001188e-26 3.267649773785515910e-26 5.938692601619967456e-27 5.708044741294489022e-01
1.684094922112467918e-01 1.041385741630952452e+03 7.198751502284648041e+02 2.585366318600582645e+02 2.485412300979457090e-01 1.544144805573447592e-26 1.672991222984768284e-26 2.364104553640453976e-27 6.613367709180658638e-01
2.926621551339660399e-01 3.798520744051725160e+02 2.430150832515014372e+02 1.095175911442086090e+02 2.524688379473432054e-01 6.157019699181173832e-27 6.872576566129247599e-27 1.254463239676377059e-27 7.473391582817939804e-01
5.085885357353842062e-01 1.791613572584531937e+02 1.580416573831408869e+02 5.248819565971129464e+01 2.743270128036064959e-01 2.897417315314600965e-27 4.302043465917875924e-27 7.508574952795010019e-28 8.328561774814674523e-01
8.838255788933832013e-01 1.013522348156507462e+02 8.641896537685666146e+01 2.804462609497011982e+01 2.859767226164151577e-01 2.175028603482352540e-27 3.150763646132960758e-27 4.728050634047057234e-28 8.708026946572425819e-01
1.535912823470817035e+00 6.424571411921810693e+01 5.810974065692013824e+01 1.974370338326494334e+01 2.859441927550795959e-01 1.482030143768050800e-27 2.065757634520916030e-27 3.227762120020369945e-28 8.500310402524423603e-01
2.669110577514377525e+00 4.230845302987016510e+01 3.132039692366311101e+01 1.212692678395051260e+01 2.354066370339211456e-01 8.349656719955452985e-28 9.882501148756897975e-28 2.141989321453301459e-28 7.086459921614826074e-01
