# R (Mpc), rho (Msol/kpc^3), errup, errlow, std, pth (Msol/kpc/s^2), errup, errlow, std 
#  nprofs 829, average weighted mh 1390204827623.468750
6.704502643857072897e-04 3.459615677969978452e+08 3.331625397020945549e+08 2.560107826424890161e+08 5.384603749550304075e-01 2.354458305538787707e-22 2.394601818626359617e-22 8.198943906380217178e-23 6.969140047701297691e-01
1.165109025084719785e-03 1.365884414534412622e+08 1.311207463372817338e+08 9.979716017071017623e+07 5.548361000394144149e-01 1.073098554589484505e-22 9.220608891835506442e-23 1.880616301908823017e-23 7.506090255005585243e-01
2.024727429375604119e-03 3.212364235356044397e+07 3.126811173146796227e+07 2.024940687835833058e+07 4.891025401946006435e-01 3.013269495271230778e-23 3.397778420639005320e-23 2.558736967921298950e-24 7.828385984752500582e-01
3.518573004760514565e-03 6.908566926646798849e+06 6.092871569460051134e+06 2.837635679545974359e+06 3.778308075740353655e-01 6.383038455638560396e-24 9.160893493445204922e-24 7.667959071894200042e-25 8.101713205513914051e-01
6.114579083688004638e-03 1.388314084960342618e+06 1.419133694198840996e+06 6.374758909281308297e+05 4.401413175443669168e-01 1.671321682587341163e-24 1.904948085573862905e-24 1.883883473976367967e-25 7.922180185242493344e-01
1.062592059908660722e-02 1.982586202470689896e+05 2.156068716104808846e+05 8.078054182583566580e+04 4.568069462541382020e-01 4.255704342880500400e-25 5.423901493463622113e-25 1.116762307004761927e-25 7.851319302042581993e-01
1.846573362331777393e-02 3.371472746282308071e+04 3.538691167523944750e+04 1.374222727365050014e+04 4.791478329330272068e-01 1.820199938234724489e-25 1.765378817212858070e-25 5.880059467011715290e-26 6.654792460204914661e-01
3.208976719406681638e-02 8.460294386153396772e+03 8.509437589516108346e+03 4.275402432400795988e+03 4.522766425588439221e-01 8.184595821462369845e-26 6.217124311214139525e-26 2.164141966610127922e-26 5.866303420329301854e-01
5.576562402422385878e-02 3.039449745358740529e+03 2.454159568907636185e+03 1.454139836940598116e+03 4.212535122348186056e-01 3.927924237932033275e-26 3.229059899413520168e-26 9.675383742348361747e-27 5.450386489649883259e-01
9.690954764502224261e-02 9.164603277376079404e+02 6.721600823620824485e+02 4.016728280194401464e+02 3.687078870215351190e-01 2.140080047346956715e-26 1.945784823473725640e-26 5.116265549135346123e-27 5.703684413054984637e-01
1.684094922112467918e-01 3.173425920969958156e+02 2.297810708581096435e+02 1.123307635353364162e+02 3.018607321971710777e-01 1.210656729708015631e-26 1.085253848753251407e-26 3.596326488934537978e-27 5.753613766067433577e-01
2.926621551339660399e-01 1.603259776689281750e+02 1.340240066224848761e+02 5.225370298661753310e+01 2.964837720871077442e-01 7.434452523495181340e-27 6.595771665170027872e-27 3.020394317343453864e-27 6.159974295454180293e-01
5.085885357353842062e-01 9.026477952226176171e+01 6.698010878477749941e+01 3.394724660720294906e+01 2.770186928611085286e-01 5.203398725747801902e-27 4.584836138212961427e-27 2.520889231803642880e-27 6.103361945670655597e-01
8.838255788933832013e-01 5.520172856271167916e+01 3.213630928327722103e+01 2.169053222140719939e+01 2.575237162597266427e-01 4.135442653799959821e-27 3.240263400309709474e-27 2.156131912647860859e-27 5.387313327149734210e-01
1.535912823470817035e+00 3.764531007130370455e+01 2.092763864684391706e+01 1.700236892809081723e+01 2.377033581490313741e-01 3.291072685463032601e-27 2.780390121171067992e-27 1.725058852728200740e-27 4.150263487810860186e-01
2.669110577514377525e+00 2.484533450922721798e+01 1.034076346138148494e+01 1.166888086937365365e+01 1.969202954865684196e-01 2.372483311752445657e-27 1.468499905845419541e-27 1.396582552989541268e-27 3.156339806339588105e-01
