# R (Mpc), rho (Msol/kpc^3), errup, errlow, std, pth (Msol/kpc/s^2), errup, errlow, std 
#  nprofs 256, average weighted mh 1173643407559.231934
6.704502643857072897e-04 1.271445868037868142e+08 4.782062219597645104e+07 2.467555951540634781e+07 4.444842308659477381e-01 1.117102457110242673e-22 1.878937059790225484e-23 6.229580435043570598e-24 6.644105537751019419e-01
1.165109025084719785e-03 5.773893041785097867e+07 3.270485090317580849e+07 1.031306073265574872e+07 3.756006000176154713e-01 4.558161194015258592e-23 1.346725249536086798e-23 3.645213359438811060e-24 5.868740435875907657e-01
2.024727429375604119e-03 2.237614238856272027e+07 1.579103908786882460e+07 6.156477926504739560e+06 3.483587687154902635e-01 1.826526117430393510e-23 7.842292834846365170e-24 1.883161037518650960e-24 5.748018254666733551e-01
3.518573004760514565e-03 9.521373939553745091e+06 6.164396573424746282e+06 2.602026441754650325e+06 3.203690123448804106e-01 8.909235333938603216e-24 3.316062865159516260e-24 6.645970704166882289e-25 6.024668743301059282e-01
6.114579083688004638e-03 3.471025522186793387e+06 1.979172990631441353e+06 6.862583917230085935e+05 3.207080211032440897e-01 4.770923882329896991e-24 1.666914038500815222e-24 2.382697082014031651e-25 6.286820409409840105e-01
1.062592059908660722e-02 8.003036551487804390e+05 5.959555425360728987e+05 3.743745047435837332e+05 3.814998197425835125e-01 2.542489525494692702e-24 9.518517259494007884e-25 1.279814373903392654e-25 6.552178758029194583e-01
1.846573362331777393e-02 2.003831541029523942e+05 2.525982493466964515e+05 7.706121217682548740e+04 4.405332776043145437e-01 1.475053723607902636e-24 5.042508620942097933e-25 8.161708381394805400e-26 6.478372112025188034e-01
3.208976719406681638e-02 5.154301984208750946e+04 6.377545970832047897e+04 1.613908981799964022e+04 4.066101050030026531e-01 7.541039409264241204e-25 2.384090236645510712e-25 4.277283070540620892e-26 6.074890188555800430e-01
5.576562402422385878e-02 1.531144532918944242e+04 1.920824680702703336e+04 5.702534252662407198e+03 3.742770190805400632e-01 2.287090025019389564e-25 1.604879510709937539e-25 2.019385854837340828e-26 6.120453535479402074e-01
9.690954764502224261e-02 5.430879273525323697e+03 7.657874185733320701e+03 1.889730225190068722e+03 3.778296954350484627e-01 8.751064470063254694e-26 6.588651876395894133e-26 7.747805508785083564e-27 6.508713022336009013e-01
1.684094922112467918e-01 1.721862613295130359e+03 2.131313721471175086e+03 5.651116868737867662e+02 3.514242330241607593e-01 2.923643381330431430e-26 1.915646668023371366e-26 2.182726621816988250e-27 6.669064497906097566e-01
2.926621551339660399e-01 5.162803952347544509e+02 3.980488796315821673e+02 1.357100116317674292e+02 2.835249580322059537e-01 7.288119093584182538e-27 3.374098862748643879e-27 4.896313679913776604e-28 6.272244170510767880e-01
5.085885357353842062e-01 1.836631799790073387e+02 1.140564120967976862e+02 6.758324056562545934e+01 2.486584241654583860e-01 1.419472307873068554e-27 8.515426509278980088e-28 2.126014077970840001e-28 6.060327924853364800e-01
8.838255788933832013e-01 8.130773359166542491e+01 6.019012168933357998e+01 2.757076037193159834e+01 2.615575399585712835e-01 5.025558099709634760e-28 5.237760547066170871e-28 6.504771944963393482e-29 6.835745672465953771e-01
1.535912823470817035e+00 5.347577563392328415e+01 4.120537996960987215e+01 1.705971459649033051e+01 2.681868869384418930e-01 4.512358139631989277e-28 4.243793842264456367e-28 5.151666332131707836e-29 8.092261329524038649e-01
2.669110577514377525e+00 2.659040813527781921e+01 1.550078857990063952e+01 8.722575321766495193e+00 2.068584627678163312e-01 1.695757113170753202e-28 2.195186772990698833e-28 4.179097039369168972e-29 7.349994487078203020e-01
