# R (Mpc), rho (Msol/kpc^3), errup, errlow, std, pth (Msol/kpc/s^2), errup, errlow, std 
#  nprofs 523, average weighted mh 857503686264.054565
6.704502643857072897e-04 1.388748652339946628e+08 1.822009140117724836e+08 5.287873175633753836e+07 5.226845775609452183e-01 2.286522905152495587e-22 9.317771886140227073e-23 2.138926778861020259e-23 7.613308595261629730e-01
1.165109025084719785e-03 5.435036553099895269e+07 7.442458227142018080e+07 2.495089669018427283e+07 5.903987906259716700e-01 9.639158498956722850e-23 2.869102394217704039e-23 9.302707416683419692e-24 8.439384675025342064e-01
2.024727429375604119e-03 1.712215801518658549e+07 2.105473111304099113e+07 8.267380206301691011e+06 5.472059899284030804e-01 2.046863732946211967e-23 9.536856958299921444e-24 3.520488544882586390e-24 8.277865571109379594e-01
3.518573004760514565e-03 6.690145166725697927e+06 4.463874975607635453e+06 2.633282794570101891e+06 2.722424605081146254e-01 5.399722528135634662e-24 3.949809657283589927e-24 1.262832327151512641e-24 5.938070633923336894e-01
6.114579083688004638e-03 2.168985643777852412e+06 1.748054702806064859e+06 1.062341234749707393e+06 3.595992738085761475e-01 2.156366671096879191e-24 2.793548976615238924e-24 5.194282406307714508e-25 6.367567120660433400e-01
1.062592059908660722e-02 4.562945857353455503e+05 6.285570336903715506e+05 1.698193542320573470e+05 4.461931830232117591e-01 7.465975622888100251e-25 9.517410369134423773e-25 1.999233958709640018e-25 6.191702406350532151e-01
1.846573362331777393e-02 8.799495753914424859e+04 9.218094086736401368e+04 3.366778920962468692e+04 4.311047955770838103e-01 2.841595744457985097e-25 3.704551347217787285e-25 7.823842693693432585e-26 5.239687516179246662e-01
3.208976719406681638e-02 2.054991909730154657e+04 1.757666068052483388e+04 9.770504626427940821e+03 3.594095379375163990e-01 1.229105689535944322e-25 1.290228420739625513e-25 3.028486497135106426e-26 4.768409613999540775e-01
5.576562402422385878e-02 6.985065801259535874e+03 5.691123240245069610e+03 2.970259960647250864e+03 3.363689616079787448e-01 5.365156710608601990e-26 4.938860073580657650e-26 1.210206616695323993e-26 4.779126369665032681e-01
9.690954764502224261e-02 2.188775258782123728e+03 1.510699130540649548e+03 8.633137986955476890e+02 3.124637892737353595e-01 2.410255361411037146e-26 1.867484255816541940e-26 4.483829829739411748e-27 5.135548322314370528e-01
1.684094922112467918e-01 6.678260339063884885e+02 4.856583613068703471e+02 2.324113479788392738e+02 2.840457747244721776e-01 9.380771879029773817e-27 7.245670032584806532e-27 1.983770655131603167e-27 5.598853207540355204e-01
2.926621551339660399e-01 2.509349714717603774e+02 1.501900015844124709e+02 7.671130988189165123e+01 2.672048525380867345e-01 3.856382656676952277e-27 3.462908512973717023e-27 9.842766773570376192e-28 6.226707716257708913e-01
5.085885357353842062e-01 1.140521644588606165e+02 7.986805276477915072e+01 3.785538243601543229e+01 2.589908310777683798e-01 1.860181864414452490e-27 2.226220528603863737e-27 6.984937519639310777e-28 6.839349986151107563e-01
8.838255788933832013e-01 6.339425559470601002e+01 4.408307102405646560e+01 2.378805145277707922e+01 2.434248923237847528e-01 1.244242225438260993e-27 1.449395857326467491e-27 5.925538940287794947e-28 7.018722309305127638e-01
1.535912823470817035e+00 4.018631037736192724e+01 2.455393038711262932e+01 1.248674404577338493e+01 2.089459646795337189e-01 1.002912759957934177e-27 1.154387880425425373e-27 4.677725287677184944e-28 6.290362366255866089e-01
2.669110577514377525e+00 3.006046869520052667e+01 1.531854577698582531e+01 8.585719051501477850e+00 1.903251701721597189e-01 8.730927248212547734e-28 1.065765873163081910e-27 3.707497913335182254e-28 4.785531484511281741e-01
