# R (Mpc), rho (Msol/kpc^3), errup, errlow, std, pth (Msol/kpc/s^2), errup, errlow, std 
#  nprofs 275, average weighted mh 1242532083785.276123
6.704502643857072897e-04 5.156567236756045371e+07 6.077654900307246298e+07 2.099121286206752807e+07 3.806833438144533455e-01 5.477223221776051898e-23 2.952471438019484355e-23 9.109143927201725723e-24 6.790460167123900659e-01
1.165109025084719785e-03 2.276096553074430674e+07 2.828355966369239986e+07 1.143995641901025921e+07 4.637648991348381489e-01 1.072541545018127056e-23 1.139904319052239304e-23 3.276512011334154215e-24 7.650799930809412119e-01
2.024727429375604119e-03 8.138651393443815410e+06 8.109924883681772277e+06 3.705897156517473049e+06 4.222608149223009422e-01 7.908108482546517633e-24 7.067761448953897984e-24 9.764384730125664314e-25 8.364334487505366011e-01
3.518573004760514565e-03 3.709750181370148901e+06 2.072711611949522980e+06 1.536522725671466673e+06 2.711827755389564776e-01 4.171816644508351748e-24 6.424438666940771845e-24 4.771920375024945039e-25 7.390008573448035856e-01
6.114579083688004638e-03 1.226970738580688601e+06 8.846305779321114533e+05 8.303675714684122941e+05 4.156188325324111643e-01 1.041642899175165608e-24 1.652224035014395106e-24 2.743440586367889243e-25 7.161182236019260072e-01
1.062592059908660722e-02 2.787991288515770575e+05 3.506626922043251107e+05 1.442022375128079439e+05 5.170916661959092941e-01 4.365060063340263876e-25 5.391972100231570621e-25 1.795925014960193101e-25 7.652556216109621667e-01
1.846573362331777393e-02 5.756435623153290362e+04 7.369403076079473249e+04 2.517883653104183395e+04 4.756616864912519560e-01 2.025840603043008228e-25 1.829693731470729960e-25 8.035338110030428897e-26 5.348946866111825571e-01
3.208976719406681638e-02 1.413513208079387550e+04 1.385129512357277781e+04 6.204682148204479745e+03 3.896927665306326172e-01 9.619600431081358154e-26 5.882016088336860166e-26 2.923520987005488538e-26 4.150089899091168322e-01
5.576562402422385878e-02 4.845952027782658661e+03 4.260587371216708561e+03 2.096891890626039185e+03 3.294242572421281490e-01 5.034984749635517170e-26 3.092760282141926557e-26 9.901830897129616690e-27 3.932216904823725989e-01
9.690954764502224261e-02 1.943887688212281773e+03 1.303374912393700924e+03 8.881018464753587978e+02 2.879753280795430692e-01 2.996050475004061373e-26 1.561368133017377150e-26 4.073192674952041650e-27 4.438173966479491694e-01
1.684094922112467918e-01 7.831270328721076339e+02 4.570220096682951407e+02 2.637781801698098434e+02 2.423780632527358647e-01 1.613681320924498415e-26 7.641635688161298334e-27 1.970945216249917841e-27 5.019186138271304332e-01
2.926621551339660399e-01 3.567982736415594331e+02 1.647483721001131016e+02 9.351398334146998081e+01 2.261262741854738190e-01 7.706725195460246578e-27 4.364177098364344024e-27 1.091643559260074223e-27 5.340149300881325001e-01
5.085885357353842062e-01 1.663645864877954921e+02 6.848450989154741819e+01 4.317400660117814937e+01 2.151833118081766250e-01 3.245828951906104463e-27 2.677116532124527439e-27 7.763258083000214350e-28 5.336611211522693798e-01
8.838255788933832013e-01 8.499784931067215155e+01 3.852107860544003870e+01 2.490932707637556121e+01 2.087056884505296417e-01 1.645678174228322443e-27 1.505431222414411057e-27 4.963378258000659689e-28 5.494539123128834301e-01
1.535912823470817035e+00 5.178602169991036419e+01 2.985761621314698289e+01 1.782517634440120702e+01 2.039843517502181736e-01 1.116636553103669016e-27 1.382079951944031911e-27 4.297759844487085071e-28 5.195451344618663425e-01
2.669110577514377525e+00 1.120620909024180456e+01 6.278274086242255692e+00 4.130276133319325638e+00 1.976603019196928879e-01 2.467038431777677958e-28 2.474062048992960537e-28 1.175352221146967562e-28 5.064952845591516040e-01
