# R (Mpc), rho (Msol/kpc^3), errup, errlow, std, pth (Msol/kpc/s^2), errup, errlow, std 
#  nprofs 711, average weighted mh 1458723835026.734375
6.704502643857072897e-04 1.245458789913860410e+08 1.191144135781736523e+08 8.537919212142649293e+07 4.513508855676732767e-01 2.725800092576201998e-22 6.455689902064588269e-22 4.378324181659804421e-23 9.010244201677145570e-01
1.165109025084719785e-03 3.818929129110039026e+07 4.334260329354101419e+07 2.230246540843858942e+07 5.358372453666088164e-01 1.516154084183870131e-22 2.908218735106225947e-22 1.133542466097631821e-23 1.151338580372028186e+00
2.024727429375604119e-03 1.026471054891742207e+07 8.424332097419360653e+06 6.255657031969555654e+06 4.699601077459716891e-01 4.524604523512599716e-23 8.140003272710336960e-23 3.390048152537192490e-24 1.144422364885203658e+00
3.518573004760514565e-03 4.896225914689983241e+06 3.017918119178931229e+06 1.716616828877321910e+06 2.765465017562686589e-01 1.033743945987469679e-23 1.339978354045528746e-23 4.042786525673479621e-24 7.956436116142585613e-01
6.114579083688004638e-03 1.544575046538473107e+06 1.531659794903578702e+06 7.157315327184967464e+05 3.729188203006713054e-01 2.787792758976283303e-24 3.150892922843783251e-24 1.167750940000192718e-24 7.368228057879703252e-01
1.062592059908660722e-02 2.612513997594878892e+05 4.362006113467009272e+05 8.744284210523166985e+04 4.766437029653788904e-01 9.175517647467951664e-25 1.081708115609933494e-24 3.315012897904577806e-25 6.850387604279194464e-01
1.846573362331777393e-02 4.498250866097599646e+04 4.862826721430494217e+04 1.588410176465628865e+04 4.400047644537294356e-01 3.806269393238659408e-25 4.669988115647003422e-25 9.726376478665355331e-26 5.546797175756527087e-01
3.208976719406681638e-02 1.164134558019844735e+04 9.769458857766763686e+03 4.170607914079932016e+03 3.549342963126315142e-01 1.773129931905679403e-25 1.679564336108786952e-25 3.319186294774386406e-26 5.153752944809443237e-01
5.576562402422385878e-02 4.569103773365174675e+03 3.881790247159467981e+03 1.575321141318651598e+03 3.177718738077058847e-01 9.343460080530597158e-26 6.980310526214658959e-26 1.470173563063255869e-26 5.243211019449475208e-01
9.690954764502224261e-02 1.787080727002797630e+03 1.425655335284893908e+03 6.266536125842031879e+02 3.088674201615488890e-01 4.288997631258029901e-26 2.626793527074303186e-26 6.134211059488365966e-27 5.611954260036998710e-01
1.684094922112467918e-01 6.934082184689881387e+02 4.809928905626859432e+02 2.213458327377552735e+02 3.028795587093691122e-01 1.879207179413119860e-26 1.036842202574232109e-26 2.270778513686529067e-27 6.019547424211736386e-01
2.926621551339660399e-01 2.763413122402617432e+02 1.691231516282957443e+02 8.074686921082368940e+01 2.918955458732940267e-01 7.215397558222764062e-27 4.811575208958472350e-27 1.244548873418244307e-27 6.257639942516840525e-01
5.085885357353842062e-01 1.238877853839110941e+02 9.342061400535071414e+01 3.767943594771139715e+01 2.847018653431486745e-01 3.138514208516014081e-27 2.837180415740157385e-27 8.409336567548141151e-28 6.275206293603399210e-01
8.838255788933832013e-01 6.958025283624357371e+01 5.237591684716190343e+01 2.360893672402646715e+01 2.944284838342581256e-01 2.056949172624065384e-27 1.969320579094356456e-27 6.271465025822774101e-28 6.078930530637947083e-01
1.535912823470817035e+00 4.372286716989809463e+01 3.207750943497452312e+01 1.461912958083436820e+01 2.610153194558275658e-01 1.354456084318613282e-27 1.394734519710418405e-27 4.823201526568673620e-28 5.078299207206018462e-01
2.669110577514377525e+00 3.026151910875734430e+01 1.561519320856821125e+01 9.797862132163363214e+00 2.038306664689511494e-01 8.882450478762752160e-28 7.217640308972392261e-28 3.667921840680269262e-28 3.783538723811485371e-01
