# R (Mpc), rho (Msol/kpc^3), errup, errlow, std, pth (Msol/kpc/s^2), errup, errlow, std 
#  nprofs 717, average weighted mh 1523530288077.030273
6.704502643857072897e-04 1.328734326524433494e+08 1.834362460017108023e+08 4.984069116170810163e+07 5.035508071199203961e-01 7.522623944000602910e-23 7.872060002357228106e-23 1.932203347116551489e-23 6.963284862899866701e-01
1.165109025084719785e-03 6.184174503820893168e+07 7.830521153037503362e+07 2.796502881897047162e+07 5.060886015681721473e-01 4.139393325469544523e-23 3.384705895133060623e-23 7.983292091812577933e-24 6.887053941769748500e-01
2.024727429375604119e-03 2.146118963400172442e+07 2.335494987170305476e+07 8.884700214290905744e+06 4.132943554665171049e-01 1.658129125481875869e-23 1.009876693247952819e-23 2.062876245060516288e-24 6.104857231103986148e-01
3.518573004760514565e-03 7.183228617879499681e+06 5.441358829079231247e+06 2.448308323622711003e+06 2.993148377921717729e-01 6.600191526902658414e-24 4.695778962686754498e-24 6.666261585541131665e-25 6.281094197085579367e-01
6.114579083688004638e-03 1.925929649983532727e+06 1.487426874550749548e+06 9.488029534266133560e+05 3.789726757488503517e-01 2.384108218528114356e-24 1.943792636754497501e-24 3.847852458773508282e-25 6.647029680850273792e-01
1.062592059908660722e-02 3.557327759469905868e+05 4.129450804554803763e+05 1.618597320143772813e+05 4.376369498711377148e-01 9.045255463632782199e-25 9.833974156357594506e-25 1.995037318384892511e-25 6.432962662185984781e-01
1.846573362331777393e-02 7.113542824118651333e+04 6.980687453031694167e+04 2.413355090059674330e+04 4.062515371301344547e-01 4.514621592588153914e-25 4.006905523205244374e-25 8.004950851034647072e-26 5.566318275616986000e-01
3.208976719406681638e-02 1.837633276799939631e+04 1.677852929089072131e+04 6.421301108782583469e+03 3.436464507138654589e-01 2.238768146131610713e-25 1.956556390876627271e-25 3.101335475055719097e-26 5.362098903915326620e-01
5.576562402422385878e-02 6.120403142401760306e+03 5.510338784012975339e+03 2.046104135866692104e+03 3.096387221795973144e-01 1.198644435081457518e-25 8.529376373345377941e-26 1.395431953272824597e-26 5.630584109884689825e-01
9.690954764502224261e-02 2.160234207086461083e+03 2.156876115085721267e+03 6.982839221076042122e+02 3.201103331884873615e-01 5.898914624628254837e-26 3.456599238671205110e-26 5.416188039882435021e-27 6.349751282743137937e-01
1.684094922112467918e-01 8.136278713234659108e+02 6.443547952302160411e+02 2.141741175372031876e+02 3.228397154835888627e-01 2.377150468263481361e-26 1.323420111359886273e-26 2.378372279554775290e-27 7.095667594073329365e-01
2.926621551339660399e-01 3.151354228884051736e+02 2.306908321109513054e+02 8.531976706526874921e+01 3.138293633091006618e-01 8.873760899167882646e-27 6.661821914343551486e-27 1.467380630552975025e-27 7.811218507528824295e-01
5.085885357353842062e-01 1.404641202559267867e+02 1.173318000082470576e+02 4.114440028706619046e+01 3.089786085564877882e-01 3.818739112454966343e-27 3.905285708866866047e-27 1.098348899922540905e-27 8.500214715861234005e-01
8.838255788933832013e-01 7.598462738139831174e+01 6.482452044729888030e+01 2.584249160624601416e+01 3.044833790818642361e-01 2.309468011480860418e-27 3.037662499583669831e-27 8.778777420911757352e-28 8.517443984358973319e-01
1.535912823470817035e+00 4.697588846020376963e+01 3.849967121402926296e+01 1.590950358192381842e+01 2.660521249644937081e-01 1.578646195195513116e-27 2.250046100489895632e-27 7.074154701350150362e-28 6.935156625435250355e-01
2.669110577514377525e+00 1.369326884748818074e+01 9.169494999538134294e+00 4.931283210074332679e+00 2.267840995172321350e-01 4.525794782892335729e-28 5.584601576524604403e-28 2.071696405594570120e-28 5.565302124067039724e-01
