# R (Mpc), rho (Msol/kpc^3), errup, errlow, std, pth (Msol/kpc/s^2), errup, errlow, std 
#  nprofs 497, average weighted mh 1296097768137.233643
6.704502643857072897e-04 2.350901547856714427e+08 2.832226855839738846e+08 9.266924931796728075e+07 5.459681028370512168e-01 9.251992499846761508e-23 1.262034820467883991e-22 3.223550503174447049e-23 6.877841475559524076e-01
1.165109025084719785e-03 1.176474399308986664e+08 1.531537108003751338e+08 5.231708971525177360e+07 5.872764983607146050e-01 3.574971440975232593e-23 4.127833162745906350e-23 1.520987527879328261e-23 6.723127659003846901e-01
2.024727429375604119e-03 4.093518362136647105e+07 4.557427185467122495e+07 1.993852690519700199e+07 4.914029559101951161e-01 1.207620366476494716e-23 1.033153309216548350e-23 3.198927589230875076e-24 5.665845374609758123e-01
3.518573004760514565e-03 1.008589626344491355e+07 6.844727228307383135e+06 4.420671465446575545e+06 3.370128613114646843e-01 3.548685439372652017e-24 3.317322557390125121e-24 7.220605935450979304e-25 5.602798772911469216e-01
6.114579083688004638e-03 2.317374922245274764e+06 1.760763409668749198e+06 1.074585569356506923e+06 3.597386219213172254e-01 1.078152822177646385e-24 1.069847520939258958e-24 2.698245609238544548e-25 6.038287122607802759e-01
1.062592059908660722e-02 4.360094274251754978e+05 5.310512791153513826e+05 2.027188571164463065e+05 4.612350561674669058e-01 3.484052524110662013e-25 3.756024709499893962e-25 1.278648285942687621e-25 6.112411609793578782e-01
1.846573362331777393e-02 8.333517100731951359e+04 1.044767293649728526e+05 3.590751046236952243e+04 4.921552085802147758e-01 1.809417312415123294e-25 1.802945367339969785e-25 4.940162461241230288e-26 5.689221514626062737e-01
3.208976719406681638e-02 2.031699470555313746e+04 2.388166077065891295e+04 9.642224985566655960e+03 4.660936994516658438e-01 9.093028348412086347e-26 7.833310137734071767e-26 2.129405119072770116e-26 5.319897459959295194e-01
5.576562402422385878e-02 6.238809317915814063e+03 6.229878229457361158e+03 2.938160384341305416e+03 4.599868869925360371e-01 5.174628618035603848e-26 4.268648264668937798e-26 1.035148521171039867e-26 5.612669365190380288e-01
9.690954764502224261e-02 1.831030710017919091e+03 1.823293753157242008e+03 6.905798769909849852e+02 4.194396639734706000e-01 2.506809903673637833e-26 2.436805024373916371e-26 4.894678080268206226e-27 5.385113400793315463e-01
1.684094922112467918e-01 5.223076811085792315e+02 3.846506564102676862e+02 1.933784567632312701e+02 3.495833392454602007e-01 1.438946741140907446e-26 1.310879718107957914e-26 3.030932134858163105e-27 5.740392956601232388e-01
2.926621551339660399e-01 2.131917577908645285e+02 1.213415077811789615e+02 6.419926520938857095e+01 2.883872551331775336e-01 8.914817334239818779e-27 7.313100990723268448e-27 2.109255011274586936e-27 5.991228751273381947e-01
5.085885357353842062e-01 1.091842626650752379e+02 7.103383817430045610e+01 3.430844403966197120e+01 2.486546179874606910e-01 4.926841045064223693e-27 4.809234333959603899e-27 1.628926442369539957e-27 5.497047435353669131e-01
8.838255788933832013e-01 6.246521807148818084e+01 3.715418623365333417e+01 2.123944762981111012e+01 2.378278920745051372e-01 3.236960768913402376e-27 3.040685842908686003e-27 1.379900195231046961e-27 4.787944242959369379e-01
1.535912823470817035e+00 4.003265098787889542e+01 1.738213843980227580e+01 1.226328345035105016e+01 2.088970056103614803e-01 2.587917782207068242e-27 2.338336378604889731e-27 1.077167963533280927e-27 3.749167903699881510e-01
2.669110577514377525e+00 2.934985594877945303e+01 1.015809178073304153e+01 8.317243560683650117e+00 1.603092220662249712e-01 2.013451438317988717e-27 1.303860810474540326e-27 9.584666252689509532e-28 2.733182359769429359e-01
