# R (Mpc), rho (Msol/kpc^3), errup, errlow, std, pth (Msol/kpc/s^2), errup, errlow, std 
#  nprofs 710, average weighted mh 1311849494045.333008
6.704502643857072897e-04 1.013961192542756498e+08 9.776160921816152334e+07 5.428141946484028548e+07 4.153878309682872971e-01 7.390314794805594035e-23 6.254060760747644774e-23 2.251264346644992975e-23 5.989783736174933981e-01
1.165109025084719785e-03 3.915949134771993756e+07 3.625914061448117346e+07 1.587500385693117604e+07 4.111419544774666535e-01 3.143401780768031318e-23 2.367292323875671667e-23 8.069074910667256117e-24 6.188575022464811726e-01
2.024727429375604119e-03 1.183395671219156124e+07 1.122789651873870753e+07 4.378283885297978297e+06 3.646684294123830328e-01 1.028493743365029830e-23 8.196313044795903583e-24 1.880918433040540641e-24 6.118360448671398277e-01
3.518573004760514565e-03 4.261386042337301187e+06 3.018915888821152505e+06 2.184111867047165520e+06 3.586414550633911236e-01 3.510454415516966590e-24 3.740330278860785076e-24 6.034313460654438367e-25 6.714561363268279903e-01
6.114579083688004638e-03 1.031798104698343668e+06 1.162590939085409045e+06 4.705515319140423089e+05 4.322537736844050960e-01 1.384135074037042950e-24 1.701213502115507952e-24 2.834547844387408749e-25 7.409895526943574007e-01
1.062592059908660722e-02 1.749210861917044094e+05 2.276908081511602213e+05 6.342657574282195128e+04 4.858375990238826270e-01 5.701634182149572223e-25 8.061773401771713218e-25 1.554310751507838312e-25 6.980412417636505662e-01
1.846573362331777393e-02 3.377923477543965419e+04 3.978780698850384215e+04 1.399891340048913116e+04 4.604187321424709767e-01 3.504837450472644963e-25 3.636865044855373600e-25 8.192280164170968694e-26 6.233054043825244639e-01
3.208976719406681638e-02 9.766890484206314795e+03 9.635035403877560384e+03 3.911710030372147230e+03 3.877068576214432460e-01 1.784442427311336671e-25 1.677997128137688066e-25 3.254963663100216628e-26 5.213931372184261726e-01
5.576562402422385878e-02 3.705653880085008495e+03 3.398152908596777252e+03 1.399721427781451439e+03 3.270320857941105830e-01 9.679789889370471515e-26 7.286187704068748142e-26 1.315799128497499285e-26 5.648036178016633269e-01
9.690954764502224261e-02 1.552914050731838188e+03 1.420440617171846952e+03 5.157057140973920468e+02 3.233030451712562425e-01 4.707377461282603431e-26 3.581082043993836362e-26 5.360542908489854128e-27 6.311223679945411336e-01
1.684094922112467918e-01 6.585845757272657011e+02 5.100885254054577445e+02 2.132842094079383628e+02 3.348655126141448779e-01 2.079698873985366005e-26 1.390988725129252463e-26 2.300149447209538557e-27 6.974294780479379785e-01
2.926621551339660399e-01 2.826397881925910269e+02 2.168854369878529837e+02 8.613426207312097915e+01 3.354093938229941729e-01 8.277986098683797939e-27 7.590438958529511352e-27 1.204860493289798142e-27 7.534913648010141962e-01
5.085885357353842062e-01 1.419310797707687186e+02 1.245232074686752526e+02 4.340474904024021185e+01 3.410860424823742854e-01 4.807924357083673993e-27 4.047315632165942505e-27 8.998017057069167269e-28 7.822744241989074698e-01
8.838255788933832013e-01 8.098027527129295322e+01 6.410629403711534735e+01 2.706108683947350357e+01 3.412674681933589582e-01 3.929664489041142807e-27 2.895823198537709116e-27 6.159061673411342447e-28 7.631023198187266710e-01
1.535912823470817035e+00 4.974730529037863391e+01 3.608073176048378627e+01 1.781853273940956228e+01 3.233029630694758128e-01 2.273398608581960360e-27 1.961045688701627924e-27 4.953977863119294347e-28 6.895172813596626149e-01
2.669110577514377525e+00 3.438312785731167764e+01 2.766277028423744611e+01 1.092123423376130376e+01 2.584497875809483869e-01 1.551059250887897978e-27 1.684283863633953171e-27 4.090119035956278549e-28 5.415434506425593764e-01
