# R (Mpc), rho (Msol/kpc^3), errup, errlow, std, pth (Msol/kpc/s^2), errup, errlow, std 
#  nprofs 53, average weighted mh 5587646535546.691406
5.932158538165270469e-04 5.438274803404122591e+08 2.733833384431124330e+08 4.179826683195344359e+07 5.925181687039192679e-01 7.209107604048405377e-22 3.175801963076533387e-22 2.519540385051068880e-23 8.883984487769488458e-01
1.030891002389629219e-03 8.761130495354180038e+07 8.006939295433226228e+07 2.366907787296230718e+07 5.695801468735165463e-01 1.093840194368089036e-22 1.191095938399011651e-22 1.430275943005827903e-23 7.847821215926951144e-01
1.791483238302971287e-03 4.192492125052009523e+07 5.117571438107866049e+07 1.267512146672257781e+07 5.720718572158574045e-01 5.480425686182686262e-23 3.645446479465809640e-23 6.456212633154493107e-24 8.386181335284723648e-01
3.113241056213520049e-03 1.534199772950438783e+07 1.053941839371679537e+07 5.446130746298534796e+06 3.347418541248277646e-01 2.760920931011845968e-23 1.521696374776520682e-23 3.894963638660417453e-24 5.081731944813664414e-01
5.410192887584432467e-03 5.594569905166307464e+06 2.676756414748772979e+06 1.895768722078889143e+06 2.719846669704021336e-01 1.200659327687274261e-23 6.737683535846997365e-24 2.206116165932649719e-24 4.390506309202643065e-01
9.401837683738208107e-03 1.091227804022125900e+06 8.543064172475598752e+05 8.584562000817488879e+05 3.995161184807291543e-01 7.113240395289864418e-24 2.932827737748169867e-24 1.142521105500720374e-24 3.832584310914646797e-01
1.633852131856735820e-02 2.590696503036034410e+05 2.972619652286257478e+05 1.794887293328762171e+05 4.204465864016215249e-01 3.987026338775147813e-24 1.277733237454214724e-24 4.451589317294234214e-25 3.438437482671103385e-01
2.839309588794570668e-02 5.775985905638412078e+04 3.915334856907561334e+04 2.559100446242057660e+04 3.012241504240139034e-01 1.759223734549224179e-24 5.540172706669738170e-25 2.251851376184582993e-25 3.175301898938590051e-01
4.934154556483250076e-02 2.459636710593359021e+04 1.329616304309323459e+04 7.618843548834964167e+03 2.489887387042593325e-01 9.730036265776409942e-25 5.067027228886332386e-25 1.011291710002557583e-25 3.146956488182887091e-01
8.574577877434103046e-02 1.252638302212799499e+04 6.042066475671259468e+03 2.419166494359608805e+03 2.219408454206947268e-01 5.078219736854030238e-25 1.751668457139670786e-25 7.497574976291808794e-26 3.457769475832818684e-01
1.490090854158103439e-01 5.561691269313675548e+03 2.883897242861744871e+03 1.156854657032963132e+03 2.097711330485544090e-01 2.227143216655146253e-25 1.029687590001463481e-25 2.995546594831517345e-26 4.098931748320147062e-01
2.589481121267818153e-01 1.959410251966261740e+03 6.896431166271106576e+02 3.299494842761775999e+02 2.129796662950808883e-01 6.486281742188030357e-26 4.186353964065184353e-26 8.634788395277637191e-27 4.807701224252980965e-01
4.500002438570074315e-01 5.182937843830164866e+02 2.816758946380986686e+02 8.947974601204637679e+01 1.994125375804358391e-01 1.189084470492837755e-26 4.261428058323259071e-27 2.167735087766909411e-27 4.943402405092210961e-01
7.820107967121281423e-01 1.603378662570795257e+02 7.731341023972731819e+01 3.647530717013654566e+01 1.943078614483767785e-01 2.189692602350376508e-27 1.905484775223559221e-27 4.503923012131592815e-28 5.881782600027614105e-01
1.358979010617297423e+00 5.933391510593432372e+01 1.719264843568856094e+01 1.728376777035551015e+01 1.942255067615634712e-01 5.541881550175592002e-28 4.101855287944181849e-28 1.534940667587792371e-28 6.215979957574051529e-01
2.361634850903744809e+00 3.293191418230701117e+01 1.401227449546657411e+01 1.038945609438013662e+01 1.908963653413395245e-01 2.671767458220580148e-28 2.307018284079153071e-28 8.999938775827522650e-29 5.503379771886670602e-01
4.104051001103932172e+00 2.404791834420383267e+01 6.689665021626645114e+00 8.189954512590912117e+00 1.418766018656722194e-01 1.636318167742181012e-28 1.105666015792657012e-28 8.265796945131619223e-29 5.005283178201603844e-01
7.132023230948114190e+00 2.229316032170104478e+01 8.660590300569221966e+00 2.428804714933956888e+00 9.526305201792012456e-02 5.328532026215388607e-28 1.270391837098545226e-27 3.688551744682552024e-29 5.544746609924845471e-01
1.239403588140144663e+01 3.823979125300470461e+00 4.874766637434504446e-01 3.484229972753167814e-01 6.029102456501122392e-02 5.493671131579435885e-29 5.267305484057539781e-29 6.367168602448137930e-30 4.262133325760392166e-01
