# R (Mpc), rho (Msol/kpc^3), errup, errlow, std, pth (Msol/kpc/s^2), errup, errlow, std 
#  nprofs 726, average weighted mh 1497185933758.383789
6.704502643857072897e-04 2.085430882944727838e+08 2.784093588284785748e+08 1.140202098484548479e+08 5.178242627891397332e-01 8.502725841148124404e-23 1.160072652760241104e-22 3.825356988439543214e-23 6.552534642326481862e-01
1.165109025084719785e-03 1.011921510391074717e+08 1.389740717928880453e+08 4.992006471590913087e+07 5.520368524305548918e-01 4.009318797643514407e-23 4.198709215418680810e-23 1.298975504374520233e-23 6.369430108761534592e-01
2.024727429375604119e-03 3.162081416442025825e+07 3.793953657897059619e+07 1.575722352705142274e+07 4.665602112872800356e-01 1.136391607810296608e-23 1.014680823467153604e-23 2.630680233563545173e-24 5.572531513468710340e-01
3.518573004760514565e-03 7.668844539806065150e+06 6.587306453592265956e+06 2.913905370277764276e+06 3.219508837030680137e-01 3.944143846359944719e-24 3.817306449776506825e-24 6.911320224030651055e-25 6.057989870884906702e-01
6.114579083688004638e-03 1.662514470481321216e+06 1.344486823132873978e+06 8.611439972779389936e+05 3.924877446916399393e-01 1.283076417436787301e-24 1.204332228475737971e-24 2.803931204709075524e-25 6.515599995363691166e-01
1.062592059908660722e-02 3.013978115097244736e+05 3.726721986879930482e+05 1.207604772859140794e+05 4.461502696287535374e-01 5.385550231298171414e-25 5.048696096821465762e-25 1.757102991428442766e-25 6.296729453603118198e-01
1.846573362331777393e-02 5.624066754082406260e+04 6.433848435402267205e+04 1.994988851707364665e+04 4.542930080100193724e-01 2.596476489083011267e-25 2.181031250441010750e-25 8.047456675136114080e-26 5.880315275437442146e-01
3.208976719406681638e-02 1.393117359870389191e+04 1.457053717462403256e+04 5.245796924582214160e+03 4.249353206084022783e-01 1.439105276921811570e-25 1.040346816739115194e-25 3.083662764165098210e-26 5.329987875171913192e-01
5.576562402422385878e-02 4.792277811279324851e+03 4.624942436392075251e+03 1.824711162988110800e+03 3.996307604662784341e-01 7.460226753090191361e-26 5.776606617334385081e-26 1.360489441696682302e-26 5.539329581715449757e-01
9.690954764502224261e-02 1.591284338606273195e+03 1.283541311170145946e+03 5.695518693128107088e+02 3.972527570627033544e-01 3.639626773135439050e-26 2.716814058319663672e-26 6.173786696426747358e-27 5.604039455645137835e-01
1.684094922112467918e-01 5.374575837702498120e+02 3.887203934643297885e+02 1.956294445090167642e+02 3.508217642502819977e-01 1.707604974284849353e-26 1.332352340633067477e-26 3.068061924033213885e-27 5.944031226785485567e-01
2.926621551339660399e-01 2.232717096638012322e+02 1.607518508794071010e+02 6.893340363186155173e+01 3.127236577269016382e-01 8.594423926780546133e-27 7.183217319936313039e-27 2.649474933775262235e-27 6.429683689323639761e-01
5.085885357353842062e-01 1.077958545053036232e+02 8.159777064675088809e+01 3.373754805058470652e+01 2.854054387729468845e-01 5.033665041972232521e-27 4.861001584174239488e-27 1.847217685509602922e-27 6.422100013129266038e-01
8.838255788933832013e-01 6.182682240958217079e+01 4.327219914127543632e+01 2.142540063047248822e+01 2.658523888442791971e-01 3.426758686700213046e-27 3.680523732184800910e-27 1.488305124839380036e-27 5.779998907428403054e-01
1.535912823470817035e+00 3.907379764861084226e+01 2.811643228170768083e+01 1.303880694666618822e+01 2.372654016545149847e-01 2.587863531275004155e-27 2.555983071744909689e-27 1.115511547443682683e-27 4.506928414472891053e-01
2.669110577514377525e+00 2.239886174305495814e+01 1.124614553926780047e+01 7.700796042488768478e+00 2.024167156064141382e-01 1.644479932132385996e-27 1.269428595243610649e-27 7.666630805253710082e-28 3.257660491071373565e-01
