# R (Mpc), rho (Msol/kpc^3), errup, errlow, std, pth (Msol/kpc/s^2), errup, errlow, std 
#  nprofs 413, average weighted mh 1757468741235.953125
6.704502643857072897e-04 9.873557965417446196e+07 1.342870622888025641e+08 3.961078508847369254e+07 4.751122455795344646e-01 2.779825457306203797e-22 5.809740348693715883e-22 1.767733160792021586e-23 1.026791139081377757e+00
1.165109025084719785e-03 2.839772915603572503e+07 4.231409269137130678e+07 9.391515448191359639e+06 5.187590972853208804e-01 1.210734612124687315e-22 1.981612204486297657e-22 5.069598375335322583e-24 1.185209932335902883e+00
2.024727429375604119e-03 8.567650823533399031e+06 8.247455771552491933e+06 3.529513525747672189e+06 3.824475049213794664e-01 4.613718977076323533e-23 6.452280515583708784e-23 2.331709522081776096e-24 1.050011676836911434e+00
3.518573004760514565e-03 4.279687819309250452e+06 2.573489332272078842e+06 2.122101632504181936e+06 3.445414634426962608e-01 8.985304675161375593e-24 1.100554959443054733e-23 2.482706397915987468e-24 8.493173602144589163e-01
6.114579083688004638e-03 1.435141037740233121e+06 1.172816979444708209e+06 6.360103241559534799e+05 3.993545589161711651e-01 3.090334625776679912e-24 2.449685627276145813e-24 9.821915311560033660e-25 8.298615044084953762e-01
1.062592059908660722e-02 2.226193853872616892e+05 2.579687012884140713e+05 7.200727548731806746e+04 4.777662246924623823e-01 1.074573547358953545e-24 5.882284605028786532e-25 2.379884110243596921e-25 8.084715341443016179e-01
1.846573362331777393e-02 3.823579149074275483e+04 2.736934502559748216e+04 1.362098771065353503e+04 4.607281693810840184e-01 3.882626029151131708e-25 2.081611682807586840e-25 6.460331906871645590e-26 6.516686902946716708e-01
3.208976719406681638e-02 9.816378486768786388e+03 6.825434674242838810e+03 3.695989084098027888e+03 3.711242493501928918e-01 2.061726921584845754e-25 1.113690237513643106e-25 2.205079510243182654e-26 5.313723178769829136e-01
5.576562402422385878e-02 3.959404716945631208e+03 2.332459043882060541e+03 1.502281154099263858e+03 3.346277116874195046e-01 1.160903720259301008e-25 4.805663287759939252e-26 8.809430142923841881e-27 5.057671744262470792e-01
9.690954764502224261e-02 1.595550949876115737e+03 7.629399780897024357e+02 5.544813993970819865e+02 3.021422262344483634e-01 5.912532171841266307e-26 2.587707776423179739e-26 3.977358147887306924e-27 5.484262623258120417e-01
1.684094922112467918e-01 6.945462469834230887e+02 3.868733861429184344e+02 2.098196640038671603e+02 2.928511849097462094e-01 2.673404312760864190e-26 1.240702690209711585e-26 2.161430392763633917e-27 5.808289099267529565e-01
2.926621551339660399e-01 3.146360027553097325e+02 1.700350444828370087e+02 7.673183466650755236e+01 2.906157828569352897e-01 1.120048258698252298e-26 6.371005143645190813e-27 1.530072631887406046e-27 5.800288347267180677e-01
5.085885357353842062e-01 1.495806099787981793e+02 9.661994082376324400e+01 3.530033783380503110e+01 2.855062586041248185e-01 5.308205568903690735e-27 4.135516601935895505e-27 1.019560593342920879e-27 5.630394185984284317e-01
8.838255788933832013e-01 8.046500031627903127e+01 5.958794662781340890e+01 2.097475719719387399e+01 2.869379878590167521e-01 3.246618856486297983e-27 2.991283074884713096e-27 7.677802706129074360e-28 5.639724516619525341e-01
1.535912823470817035e+00 5.561593914238015657e+01 4.131549476950722521e+01 1.461304358171928186e+01 2.845997963738272629e-01 2.854178717057732051e-27 2.254864436907455703e-27 6.294355022282831141e-28 5.420027921402155169e-01
2.669110577514377525e+00 3.860757761382151187e+01 2.787541660838259361e+01 9.955624113748623216e+00 2.530103166847263441e-01 1.892975235200993284e-27 2.175241152689907825e-27 4.733470165224731213e-28 4.712565281992179278e-01
