# R (Mpc), rho (Msol/kpc^3), errup, errlow, std, pth (Msol/kpc/s^2), errup, errlow, std 
#  nprofs 52, average weighted mh 5511748031989.934570
5.932158538165270469e-04 5.884137770632605553e+08 3.581916430401395559e+08 6.772988486317054927e+07 6.874549093314428205e-01 3.337105579479056083e-21 2.540012278484462363e-21 7.211436643311884749e-23 1.133900494825832439e+00
1.030891002389629219e-03 1.478711874449962080e+08 1.470433323438252509e+08 2.584473875510929897e+07 6.874255613726448777e-01 1.850063061018675459e-21 6.210700271589113480e-22 2.557114685487148725e-23 1.086864251303064410e+00
1.791483238302971287e-03 4.043729226832336187e+07 4.438650063246326149e+07 1.882252651521490514e+07 6.718595721648608077e-01 5.988972366012216194e-22 2.488793547028036989e-22 1.003218572151571703e-23 1.063847760066321424e+00
3.113241056213520049e-03 1.030545230069469102e+07 9.239925447646347806e+06 4.450024945724358782e+06 4.725616256130316661e-01 1.212482773597077838e-22 5.870719548102494856e-23 1.088382340650085845e-23 8.163850704572470640e-01
5.410192887584432467e-03 6.160337313448201865e+06 2.704084415331322234e+06 2.010092116401495412e+06 5.062608504526528996e-01 2.452288693487250287e-23 1.804578099617177687e-23 4.872874651360508073e-24 7.594444402183726517e-01
9.401837683738208107e-03 7.476725525246416219e+05 7.105011191031975904e+05 4.370530466975189629e+05 5.252542607244664596e-01 7.623421645535601405e-24 2.009533986244963421e-24 1.532635441996939083e-24 7.148925308886608931e-01
1.633852131856735820e-02 1.274821241959333856e+05 1.860324117383373086e+05 9.957841543944271689e+04 5.190335592762755912e-01 2.162300030440347539e-24 8.459050586854598278e-25 5.606869180829153881e-25 5.379896069135047254e-01
2.839309588794570668e-02 3.425355676813176251e+04 3.952185289381702023e+04 1.181256714964873754e+04 4.270029262253854929e-01 1.260934300925065721e-24 5.288732471339334608e-25 2.007796760857507238e-25 4.982498732250593143e-01
4.934154556483250076e-02 1.292788001075428110e+04 5.960262263974680536e+03 4.452721411070238901e+03 4.192884021709710751e-01 6.164910825677922793e-25 2.866025477958494072e-25 1.136915970404014485e-25 5.131965539783339691e-01
8.574577877434103046e-02 5.791734793400132730e+03 5.255364636698089271e+03 1.948143480006344362e+03 4.209327436443123793e-01 3.026793657331367158e-25 1.440838152934799578e-25 4.177182299674424109e-26 4.661809391961608262e-01
1.490090854158103439e-01 2.868945281556528698e+03 1.380192378168934738e+03 7.405866055396821821e+02 3.738520549815337324e-01 1.282168677343167120e-25 6.568319112612616735e-26 1.906800562918014516e-26 4.268325102449585517e-01
2.589481121267818153e-01 1.099546226895484551e+03 3.439506394478640914e+02 2.983447380517525289e+02 3.191427573198762357e-01 4.060472683360378172e-26 2.632631361023340781e-26 5.757091033219771344e-27 3.982721418584994066e-01
4.500002438570074315e-01 3.525975805131803895e+02 1.439149938864981095e+02 9.621208105782588405e+01 2.338757496143709924e-01 1.002776565168548246e-26 6.505621120032501565e-27 3.439489994891147001e-27 3.731238548973438429e-01
7.820107967121281423e-01 1.299359904887554080e+02 6.631326804819568110e+01 2.958114498916219759e+01 1.861404510039764149e-01 3.008504258116266471e-27 2.253108116720303720e-27 1.786553011168186418e-27 3.805323803360637358e-01
1.358979010617297423e+00 5.644560071933052825e+01 1.654983784965958193e+01 1.600725885833090700e+01 1.996336065374308411e-01 1.323807684774027210e-27 8.494032592009921486e-28 9.649313036779484718e-28 4.248084069358469828e-01
2.361634850903744809e+00 3.287117287817144273e+01 1.156096717866153512e+01 1.237819418811812255e+01 2.030453137090032500e-01 8.384829693409066649e-28 6.924555899669203081e-28 4.514925864331507971e-28 4.029576712945749928e-01
4.104051001103932172e+00 2.376664704163996689e+01 6.771864979084558200e+00 8.319520491948697583e+00 1.343433619401981638e-01 5.226309043472835946e-28 2.615806981575740628e-28 2.190512761489140227e-28 3.055813623376372745e-01
7.132023230948114190e+00 2.191103308292137797e+01 7.128532624045167410e+00 2.024190094560552211e+00 8.515744303206301824e-02 7.326160158205767500e-28 9.710917855789916741e-28 8.947053814385350397e-29 2.792916057812661057e-01
1.239403588140144663e+01 5.264841649793352119e+00 8.198706830260409362e-01 5.523703270121336217e-01 5.216706469333839968e-02 1.368901020283128094e-28 1.548187573907298891e-28 2.583249089379127180e-29 2.235189308268452635e-01
