# R (Mpc), rho (Msol/kpc^3), errup, errlow, std, pth (Msol/kpc/s^2), errup, errlow, std 
#  nprofs 453, average weighted mh 1477596969999.608643
6.704502643857072897e-04 9.774074085468576849e+07 1.109908726366462857e+08 5.314106099832452089e+07 4.927429251179659686e-01 3.554698191949761008e-22 4.252555293749536060e-22 2.269460679130193803e-23 9.993956596862643149e-01
1.165109025084719785e-03 2.955216591867253929e+07 4.287725930430489033e+07 1.209895795335425809e+07 5.497639313184460308e-01 1.414444908095727534e-22 2.169820081043092161e-22 4.663363907983770772e-24 1.201064410374058644e+00
2.024727429375604119e-03 8.553320396991321817e+06 1.013296302369630896e+07 3.751674699947800487e+06 4.743646271824217830e-01 3.578580167500601189e-23 6.905218119138843167e-23 1.454361559722239434e-24 1.171378256679044050e+00
3.518573004760514565e-03 3.994164374042897951e+06 2.418538752373219468e+06 1.661560519889296032e+06 2.804373192788861546e-01 8.042866839690857124e-24 1.366812593451779427e-23 2.082969970183718207e-24 8.534288820265303332e-01
6.114579083688004638e-03 1.382313582366955001e+06 1.109996277129563037e+06 8.338874480466775130e+05 4.189022176060828162e-01 2.360045956889245703e-24 3.359149481927071965e-24 1.082298695304301899e-24 8.252974640383935467e-01
1.062592059908660722e-02 2.743155396694449009e+05 4.262688061209472362e+05 1.090153565278938622e+05 5.070600575670309862e-01 6.534408561038458668e-25 7.162328196388665424e-25 3.248751816579200122e-25 7.490251709256710022e-01
1.846573362331777393e-02 4.557052317483247316e+04 5.124030439549193397e+04 1.565284039086320263e+04 4.485288141509995996e-01 2.709164501144267496e-25 2.866364302206060268e-25 8.289292428707590922e-26 6.010611446937936808e-01
3.208976719406681638e-02 1.060801286228542449e+04 9.529027292859827867e+03 4.649532122635245287e+03 3.692924806010304262e-01 1.269333284088141485e-25 1.006794457694703311e-25 2.251167495620380570e-26 4.893909572159580446e-01
5.576562402422385878e-02 4.079088846236417794e+03 3.206638569242968970e+03 1.685256612276444912e+03 3.700182891332540192e-01 6.204818937814367699e-26 4.286513355158434415e-26 1.051134915379095319e-26 5.049899735214099517e-01
9.690954764502224261e-02 1.595618742493164063e+03 1.225725390305148267e+03 6.083588353428449409e+02 3.555465643158095546e-01 3.406022547851112971e-26 2.195415723427378860e-26 5.182980859802342037e-27 5.266857209777815463e-01
1.684094922112467918e-01 6.326023857861415536e+02 4.479890336551250130e+02 2.108439983073063217e+02 3.147001424131015690e-01 1.771950911208724257e-26 9.495684140895344185e-27 3.240079960941936708e-27 5.445029212584375777e-01
2.926621551339660399e-01 2.623386505666676953e+02 1.515307173436488029e+02 8.433808797244394384e+01 2.746215356499651650e-01 8.292861323478531046e-27 5.821048257657167869e-27 2.154748609813174214e-27 5.708112674762644279e-01
5.085885357353842062e-01 1.232086377555073256e+02 7.909559907905824616e+01 4.548806364127025859e+01 2.623666532089624082e-01 4.185934678962653300e-27 3.853102454521176251e-27 1.574593307385141326e-27 5.769905201195457689e-01
8.838255788933832013e-01 6.803904479049785436e+01 4.323397375883695304e+01 2.629486829776757162e+01 2.489667581564901366e-01 2.827975897423999012e-27 2.352905915159790871e-27 1.251530998308051638e-27 5.565709395411649885e-01
1.535912823470817035e+00 4.717266810513487485e+01 2.846528459960570956e+01 1.713184077928085358e+01 2.430617394958744237e-01 2.350468962495472335e-27 1.948684294638198530e-27 1.069250472255747575e-27 5.168452838697312757e-01
2.669110577514377525e+00 2.701879512441205833e+01 1.830522078824895260e+01 9.751660362362891021e+00 2.276183937959895820e-01 1.428200263958776069e-27 1.438089051828978467e-27 6.495826407999335242e-28 4.628771971524452966e-01
