# R (Mpc), mean rho (Msol/kpc^3), errup (Msol/kpc^3), errlow, std, median rho (Msol/kpc^3), mean pth (Msol/kpc/s^2), errup(Msol/kpc/s^2), errlow, std, median pth (Msol/kpc/s^2), mean gas-mass-weighted metal (fraction), errup, errlow, std, median metal, mean gas-mass-weighted temp (K), errup, errlow, std, median temp  
#  nprofs 415, mean mh 1228005995407.504150, median mh 1202072896148.813477 
#  Mass range 12.00 - 12.2 
#  Nhalos 27
1.633852177236155140e-02 1.957505026180221175e+05 3.866862063627068419e+05 5.003968363520150888e+04 5.534394712703776253e-01 7.617975240848815884e+04 2.209739953999324383e-25 2.065563589587832994e-25 1.102948468760195909e-25 7.009198594268254423e-01 1.518221847666280557e-25 1.298918938205670046e-02 9.709508432116892990e-03 5.446395700561742007e-03 2.625658528373472356e-01 1.104489234350940902e-02 1.265924315873113519e+05 1.980387029007179081e+05 3.886637012005437282e+04 4.773364004647669967e-01 7.105222658975608647e+04
2.839309667654963537e-02 2.266293517191875799e+04 3.185456694897876878e+04 1.088940646333694713e+04 5.324868509513437376e-01 1.374216356795671345e+04 8.214147725810349126e-26 9.049928407734411681e-26 3.550084377955360193e-26 7.497750876043013379e-01 4.567934941237409425e-26 1.163696499290489683e-02 8.637256487246369394e-03 4.372624026385449683e-03 2.320010899400932747e-01 9.635523904892391925e-03 2.655604893273710622e+05 3.692021147362415213e+05 7.220463628582928504e+04 4.143879140358526225e-01 1.768061529988488182e+05
4.934154693526905666e-02 5.090425454721890674e+03 6.627856343949137226e+03 1.889878696265641111e+03 4.659161966963468737e-01 2.769609047555153211e+03 5.077435517733565704e-26 4.423740083600124237e-26 1.066712208571636531e-26 4.841713497256458498e-01 2.091954012954632494e-26 1.045197893843288067e-02 8.150085479782104292e-03 2.283449268357885288e-03 2.121567994610289443e-01 7.575688640581067050e-03 6.834991226960499771e+05 4.745658200878521311e+05 2.522040125063009327e+05 2.762234019027058340e-01 5.177636749139184249e+05
8.574578115588683824e-02 1.581581894198963937e+03 2.592061439197843811e+03 5.147787773459743903e+02 4.820431462099641906e-01 8.645617756471924622e+02 2.130373503647196647e-26 1.634135281662692947e-26 4.503955512838793208e-27 5.150828175872342873e-01 9.402236892273967836e-27 8.153257025694660501e-03 6.274863866501539239e-03 1.336999065370090591e-03 2.248333687203969977e-01 5.895208326601782817e-03 9.858738542626968119e+05 3.948614731434306595e+05 2.853755516658101697e+05 2.919128045006100236e-01 6.961533226418404374e+05
1.490090895544625982e-01 5.601653009751082664e+02 8.903923019834937804e+02 1.643521789785963563e+02 4.426358940673311149e-01 3.129070058370818970e+02 6.970306357335486657e-27 6.674749035105306246e-27 1.684391571131404792e-27 4.770343039998263257e-01 4.149004877688729601e-27 5.984539384718972482e-03 3.319982126348330204e-03 2.118073672103287352e-03 2.103488796915177483e-01 5.223500252855155929e-03 1.148956152242404409e+06 4.714648697541547008e+05 6.024233653125738492e+05 3.300252515483407811e-01 9.738869747232426889e+05
2.589481193189351327e-01 1.801894872442225051e+02 1.904395101906012826e+02 6.923708154966475092e+01 3.862577681010964104e-01 1.413345689734281621e+02 2.391022662553877409e-27 1.689195957473678389e-27 1.036240919591565237e-27 4.665213993466410525e-01 1.958974919198596126e-27 4.309447522967481056e-03 1.971419896050963325e-03 1.529345605934026141e-03 2.383345777744619587e-01 3.682377715078583285e-03 1.050912880872633075e+06 4.687975679142121226e+05 6.587223261138268281e+05 2.832187987283307784e-01 1.071043928801629227e+06
4.500002563555373647e-01 6.608064970922656300e+01 4.062176580607830090e+01 3.450671567338081047e+01 3.654144354789902738e-01 6.467217137603184085e+01 9.777842097614552132e-28 1.059611893132254665e-27 2.870844363477513400e-28 4.159772440973886209e-01 6.762870237209019590e-28 3.022748821176037340e-03 1.900398409930795663e-03 1.117500925629059299e-03 2.449815450068762446e-01 2.560698211695764791e-03 1.077643784199947026e+06 5.317029207611489110e+05 3.838255163298782427e+05 2.272042605425409756e-01 1.017283907676032977e+06
7.820108184320838651e-01 2.875496245784434279e+01 1.580537292832955742e+01 1.234687653248653305e+01 2.841993196343799433e-01 2.653121067810632283e+01 5.303180463939040506e-28 5.165216322732976176e-28 1.978207942167617922e-28 3.537059857203711521e-01 3.919038274518883976e-28 1.636225628398975916e-03 7.666694884625707262e-04 8.898602095899134801e-04 2.673993499059621470e-01 1.586993345962485523e-03 1.276413549099760363e+06 4.674066436534763779e+05 4.478818174958596937e+05 1.711999365505569859e-01 1.247937856321621919e+06
1.358979048362254582e+00 1.574383580672225769e+01 1.233747701702308674e+01 2.810666861844991260e+00 2.231678993104858622e-01 1.249003146227551042e+01 4.063575045282466307e-28 3.506951840790950066e-28 1.356197414608153323e-28 3.460289406820162839e-01 2.797303340820612703e-28 1.408753972446164394e-03 1.064362730393367002e-03 4.490059252963145460e-04 2.580590260246612422e-01 1.161744097907082326e-03 1.855751749740540050e+06 1.186895127872502198e+06 5.715442077986929798e+05 2.222612954204002678e-01 1.534401866995769786e+06
2.361634916496962333e+00 9.357506248457424292e+00 4.193730737608936110e+00 2.337942954464280021e+00 1.788654161778072682e-01 8.320343052681151264e+00 3.349388474535031408e-28 2.761680471109418773e-28 1.356458318478090520e-28 2.961415164847283621e-01 2.815018829048580113e-28 1.214446382584487847e-03 5.606364794721069734e-04 3.374508419163149741e-04 1.826576139818429645e-01 1.058121691644315363e-03 2.608348078924883157e+06 2.131114374227664433e+06 6.128459104775716551e+05 1.959908854476928586e-01 2.085517150538753020e+06
4.104051115091881030e+00 7.595406856386084371e+00 3.518721496204362253e+00 1.228740220135152050e+00 1.785069111934903530e-01 6.153118204103517286e+00 3.198365625130447858e-28 1.818192060439748414e-28 9.790665389606748529e-29 2.714994878188188299e-01 2.659235199943854731e-28 1.238044691106139975e-03 4.369030022534383089e-04 3.568444993847517998e-04 1.517469521764609475e-01 1.201611042756075155e-03 2.957068309662632179e+06 8.533090790360709652e+05 5.120178169614877552e+05 1.405993729492557853e-01 2.885623205515125766e+06
7.132023429036466133e+00 6.400218893986317603e+00 1.532020005935610385e+00 1.522798026203858512e+00 1.577188311418656619e-01 5.899808513693761469e+00 2.989621884457901040e-28 1.207457695491605832e-28 6.734485451592068191e-29 2.703044915161816886e-01 2.230938782569025084e-28 1.220122059227553117e-03 2.495651715905893801e-04 2.176136083291025508e-04 9.290164061457732714e-02 1.190527109969118915e-03 3.051527464304310735e+06 3.067766076539210044e+05 6.216679030167111196e+05 1.198433542285287645e-01 2.963766650747888722e+06
1.239403622563954954e+01 3.789877995819619372e+00 8.328842309456949700e-01 5.833071468329191767e-01 7.825995116703569898e-02 3.746440186019002194e+00 1.485992056730693571e-28 3.337937748039656921e-29 1.964456322917811135e-29 1.424043224117379769e-01 1.340959457137063958e-28 1.140330287914242090e-03 1.176663807049547518e-04 9.786245666668102507e-05 4.866226856932319433e-02 1.143667118719066816e-03 2.835385841598156374e+06 3.396708452616832219e+05 2.522874845022559166e+05 7.332750273550847631e-02 2.673530865088580176e+06
