# R (Mpc), mean rho (Msol/kpc^3), errup (Msol/kpc^3), errlow, std, mean pth (Msol/kpc/s^2), errup(Msol/kpc/s^2), errlow, std, median rho (Msol/kpc^3), median pth (Msol/kpc/s^2) 
#  nprofs 446, mean mh 3667942583801.682129, median mh 3602569402729.660156 
#  Mass range 12.41 - 12.8 
#  Nhalos 19
1.633852131856735820e-02 2.521754151278503414e+05 3.908315164526406443e+05 1.352566688021194132e+05 5.028192336124988060e-01 1.988475619969945615e-24 1.472101633034656310e-24 6.422740262568935585e-25 3.678487348983704996e-01 1.778760401760095265e+05 1.284845463836440816e-24
2.839309588794570668e-02 6.811020494352423702e+04 7.723363475143941469e+04 2.756645148626684386e+04 4.366021998624427525e-01 1.059099262866529211e-24 9.604993299039777394e-25 2.928570662981496545e-25 3.825812988020708127e-01 4.364950803978243493e+04 5.607452617501430092e-25
4.934154556483250076e-02 2.228007276563119376e+04 2.169238671157541830e+04 8.402832254213933993e+03 4.171904853990501261e-01 4.694954774595903910e-25 3.970852061305129856e-25 1.038351080021800617e-25 3.124710862450144067e-01 1.453582742244743895e+04 2.943277062673429794e-25
8.574577877434103046e-02 9.654250769103209677e+03 1.288370483740807322e+04 3.983459838604761444e+03 3.688577662035888993e-01 2.361394094666015659e-25 2.176364219992115436e-25 5.603684490635082720e-26 2.874327617197863227e-01 7.053295393660897389e+03 1.670794362180700839e-25
1.490090854158103439e-01 3.807516666027439442e+03 2.482189954429265981e+03 1.810002217060660996e+03 2.901782208151893472e-01 8.562808313124522152e-26 7.320478067117233242e-26 2.033773398578977655e-26 2.189286124263349620e-01 3.503452284071242048e+03 6.361469243841669959e-26
2.589481121267818153e-01 1.195708850557867891e+03 3.425699845227577498e+02 5.388110803965037121e+02 1.788534524301879647e-01 2.363811902638195790e-26 1.189159920466289964e-26 1.191551364642421348e-26 2.133062363929388305e-01 1.248120852330121579e+03 2.358930618206869449e-26
4.500002438570074315e-01 3.161185628995267507e+02 1.149441147627567830e+02 4.954131540611976448e+01 1.330180222477669871e-01 5.974601103196245684e-27 2.624972982106114847e-27 2.405018890615991034e-27 3.218369066902820874e-01 2.905380943689838205e+02 4.669345210851727224e-27
7.820107967121281423e-01 1.161130446802157365e+02 7.121140005856382516e+01 2.223084567692404789e+01 1.584477217985673647e-01 2.442115496795982764e-27 2.039021613128803748e-27 6.739582963612659331e-28 4.518238670396477752e-01 9.892131073747729886e+01 1.195624070233241279e-27
1.358979010617297423e+00 7.303726933905973340e+01 2.670552017754168617e+01 1.155181506381448742e+01 2.272088142726538251e-01 3.513530485748228198e-27 5.375901365855475765e-28 2.933673557786049770e-28 6.147629579076070439e-01 5.282896580639547324e+01 5.031852039980868753e-28
2.361634850903744809e+00 3.981580749980580691e+01 9.669703443861529024e+00 1.356162372891416723e+01 2.235075751050323856e-01 1.510133342653338911e-27 1.748032616704414823e-28 1.683913476998376426e-28 5.967914117552355346e-01 3.448491245584945375e+01 2.757748619063923120e-28
4.104051001103932172e+00 2.503616195950793966e+01 5.560834659640988775e+00 9.536530764034829133e+00 1.239283256225747337e-01 2.263946350587915348e-28 1.305585232807841629e-28 1.305739996844995078e-28 3.579839968118118665e-01 2.589161627812132593e+01 2.090166579465256722e-28
7.132023230948114190e+00 2.145628138015099395e+01 8.568525624834922638e+00 1.786134628704193261e+00 1.017652676828401104e-01 4.489010900569674628e-28 1.199788911399852865e-27 5.652952875455479987e-29 5.172863225776760387e-01 2.022277315579119161e+01 1.437870210784323172e-28
1.239403588140144663e+01 6.886164265782947602e+00 1.302387292971715738e+00 8.822988825527273704e-01 6.152065242898496072e-02 1.202460232893679815e-28 2.290159448485136600e-28 1.694799839723948986e-29 3.884698683411151321e-01 6.726983911498008339e+00 5.147502355702724268e-29
