# R (Mpc), mean rho (Msol/kpc^3), errup (Msol/kpc^3), errlow, std, median rho (Msol/kpc^3), mean pth (Msol/kpc/s^2), errup(Msol/kpc/s^2), errlow, std, median pth (Msol/kpc/s^2), mean gas-mass-weighted metal (fraction), errup, errlow, std, median metal, mean gas-mass-weighted temp (K), errup, errlow, std, median temp  
#  nprofs 469, mean mh 3823031582408.622559, median mh 3596069581496.912598 
#  Mass range 12.41 - 12.8 
#  Nhalos 15
1.633856137514670334e-02 1.189597488356708345e+05 8.650863426443743811e+04 8.030145640995178837e+04 5.156267386124406826e-01 1.024163232072458632e+05 1.573859157427643498e-24 1.912975987354272227e-24 6.800838291044321436e-25 4.056148301394561506e-01 1.040301893965245645e-24 1.541144689074134579e-02 6.386121646576682631e-03 7.115618013669913061e-03 1.978404036679020650e-01 1.510770617804413352e-02 1.496636303941815626e+06 1.672772754028014606e+06 6.377439217601004057e+05 3.937277440755030389e-01 1.132543681624548277e+06
2.839316549830248754e-02 3.377971253799198166e+04 1.779263211148591654e+04 2.527643684006920375e+04 4.446547912766237176e-01 3.364468017128367501e+04 7.061267245138398218e-25 3.332129915870794662e-25 3.275537816170584396e-25 3.408912201204198911e-01 5.833141011037358655e-25 1.275180805553385865e-02 5.643105681495076340e-03 4.984606175886733062e-03 1.692966492596300332e-01 1.316838715121512217e-02 2.147926951152147260e+06 2.350444388629459310e+06 5.567478153897125740e+05 3.174900797254016083e-01 1.373105602796607651e+06
4.934166653376820949e-02 1.190223069871476764e+04 7.652904080708646688e+03 4.475289234042087628e+03 3.714976339943982242e-01 8.095433230958841705e+03 3.543293950839188232e-25 2.639342508364474350e-25 8.234515968076272716e-26 3.293860365580175142e-01 2.164969325622620589e-25 9.120835086907801148e-03 4.358735568472592650e-03 3.560442565796787494e-03 2.006085599720692225e-01 9.096353871606101260e-03 2.507488513896170072e+06 2.327477121750214603e+06 6.291067547926667612e+05 2.153453716298044940e-01 2.041658555074957665e+06
8.574598899425776855e-02 4.164769456988680759e+03 3.736047371515519444e+03 1.659968578975830042e+03 2.486800542024922289e-01 3.514738253075675857e+03 1.612700803436557560e-25 5.044646473479123612e-26 6.493122181714928893e-26 2.437894181566132024e-01 1.449845502619162577e-25 5.171286622627950698e-03 2.873617978642544792e-03 8.006999507038110170e-04 2.903885129533507747e-01 4.224635542037071499e-03 2.892384224179882091e+06 5.765547896207249723e+05 1.149228695878678001e+06 1.709544086364219173e-01 2.839771190012617502e+06
1.490094507361558740e-01 2.093255447401771562e+03 1.055245223975836552e+03 6.500138705891458812e+02 1.918253588390474718e-01 1.939253714520433505e+03 6.486138517183877974e-26 2.598881159057048615e-26 2.323709367308208444e-26 2.062181488747471536e-01 5.859618334409587298e-26 3.651732661828350785e-03 1.118177814010596922e-03 1.319339615886163351e-03 2.389206811254408480e-01 3.680681086544547020e-03 2.228875996390730143e+06 6.775183333260449581e+05 8.863665507853804156e+05 1.458909467306604701e-01 2.259712393888217863e+06
2.589487469807810194e-01 8.621396449685390735e+02 1.887189431044328103e+02 2.915077493395873489e+02 1.520066245546169148e-01 8.654483557359935730e+02 2.309210937305745366e-26 1.506603288836091523e-26 7.864007819125787021e-27 2.084698207459314834e-01 2.077309357659340994e-26 2.704047022608642176e-03 1.049285143095844697e-03 7.603532180140563142e-04 2.183483229986048491e-01 2.524621310649983498e-03 1.855530855166579597e+06 7.872827491057487205e+05 2.909397384155681357e+05 1.127646659403210155e-01 1.738085422376570292e+06
4.500013471068133319e-01 3.109626611461045513e+02 1.993749681638645370e+02 5.551330145088945756e+01 1.517742074760008719e-01 2.741223746394406362e+02 7.494125117324834061e-27 8.480422208251473504e-27 2.334691783602120618e-27 3.220701779559084210e-01 5.420737579379702628e-27 1.685672653718046530e-03 6.610656799165830644e-04 4.053622927826798679e-04 1.544222378637368776e-01 1.568048509721952635e-03 1.557013739264227450e+06 8.351136740948625375e+05 4.140484330007978715e+05 1.962995201748273522e-01 1.392326385403769789e+06
7.820127139405553818e-01 1.157326841894229545e+02 4.894007634540254514e+01 2.189294981827622166e+01 1.615167221502360750e-01 9.842080172732802623e+01 3.062669061227111238e-27 3.952578135869390537e-27 1.046167542153868758e-27 4.072586048011915816e-01 1.919828710886727134e-27 1.551868187264183194e-03 3.984326985155995249e-04 3.029356505246914594e-04 1.163804353963948934e-01 1.425549126478846624e-03 1.686934679192005191e+06 1.914999539094952168e+06 3.764975470532188192e+05 2.847069615119690589e-01 1.231968263009744463e+06
1.358982342378446839e+00 6.418199567422654184e+01 1.866764734843656726e+01 1.521270482546226077e+01 2.240728742367676940e-01 4.994011621706891191e+01 3.361633321468354977e-27 6.443927135389237011e-28 7.379359271980537213e-28 5.484953789230289090e-01 1.053684155706783606e-27 1.262277337717879720e-03 4.425644806582108241e-04 4.084092388931934072e-04 1.618441543755184397e-01 1.200096069524943417e-03 1.844327619896114804e+06 6.812830301443042699e+05 6.804550647732936777e+05 3.321185920707203643e-01 1.387112440962814959e+06
2.361640640841031757e+00 3.636956888510106012e+01 3.838332848675094056e+00 1.202026628834799027e+01 2.459617106903485007e-01 2.951666946888311571e+01 2.073164066295925004e-27 3.330991359369153351e-28 3.679120710732544257e-28 5.273278378371819564e-01 5.830479650835937620e-28 1.103859357758620909e-03 6.545664528177334851e-04 3.171620262901576155e-04 1.976433252799586482e-01 9.934420304735964991e-04 1.942540125345339533e+06 4.795980356283572037e+05 5.637343740532570519e+05 2.861744027686536906e-01 1.481814232637397014e+06
4.104061062861748432e+00 2.101420134443151255e+01 7.551512805794860839e+00 3.799041392122372685e+00 1.214866205428835749e-01 1.923495278650557694e+01 3.714606209804810756e-28 2.522768843836857441e-28 1.540870592080840625e-28 2.838925657775862588e-01 3.240098496453964047e-28 9.373110673390941784e-04 1.813011805447371783e-04 2.406822174390934070e-04 1.279567244361778100e-01 9.202652450947313746e-04 1.233146128023931989e+06 2.341327951353325043e+05 4.945937414680820657e+05 1.757902037891956037e-01 1.255651896815750981e+06
7.132040716279185233e+00 1.729272627852998667e+01 3.119727629066375130e+00 3.203453955644016915e+00 9.922316954827768709e-02 1.705371156788530485e+01 3.876364312253686034e-28 6.703290535647690374e-29 1.272268522809306252e-28 3.128276127280876229e-01 2.787777827880688769e-28 9.189009416995667966e-04 1.473461452610807468e-04 3.405887151703957359e-04 1.170457483006842603e-01 9.808016094850682126e-04 1.458120116599065950e+06 1.198175242510801181e+05 4.270751755133816041e+05 2.164264321264255664e-01 1.216388659103412181e+06
1.239406626742427164e+01 2.859800073595843983e+00 3.786118803299469704e-01 2.310905476313940277e-01 5.217556359634793750e-02 2.798290999269826163e+00 5.012125748346359703e-29 1.967010939381625703e-29 8.228949010786270821e-30 1.939193440307186711e-01 3.946441784268394548e-29 9.020024525052172714e-04 1.695726429963192701e-04 4.970834759911320865e-05 5.249945826829816725e-02 8.470205948972446162e-04 1.244506628939603688e+06 3.715666592084486037e+05 1.661342134408052079e+05 1.431533984119514047e-01 1.072962557989302557e+06
