# R (Mpc), mean rho (Msol/kpc^3), errup (Msol/kpc^3), errlow, std, median rho (Msol/kpc^3), mean pth (Msol/kpc/s^2), errup(Msol/kpc/s^2), errlow, std, median pth (Msol/kpc/s^2), mean gas-mass-weighted metal (fraction), errup, errlow, std, median metal, mean gas-mass-weighted temp (K), errup, errlow, std, median temp  
#  nprofs 477, mean mh 4177649116512.052734, median mh 4140133062643.188477 
#  Mass range 12.41 - 12.8 
#  Nhalos 21
1.633845543166654105e-02 6.453569282359060890e+04 3.055345682400710939e+04 4.491261426630859205e+04 5.576054960707114150e-01 6.046190017995378003e+04 4.126539090395122563e-25 2.653645384673627627e-25 2.120656764394690487e-25 8.060966421909077084e-01 2.998257846858745688e-25 2.453844079899904565e-02 7.546789620727870074e-03 7.878348278982847536e-03 1.472417221293610690e-01 2.512613427458066512e-02 9.353559485207609832e+05 3.242795091850429308e+05 3.107838359426594106e+05 6.848307170709138081e-01 3.948430486445955466e+05
2.839298138963486026e-02 1.193691081563089938e+04 5.111613339521441958e+03 5.935502982880821037e+03 4.769901939439911698e-01 1.078817098508320305e+04 1.681343715030970034e-25 1.658122987878097513e-25 6.664840931263675038e-26 4.642933087541721848e-01 1.054225476320084477e-25 2.261332140998711937e-02 9.892375340902898051e-03 6.362618793317566593e-03 1.816822643157864625e-01 2.161308199815503706e-02 1.561839101047765231e+06 1.763772915190759115e+06 4.466094211881358060e+05 4.550415101774715199e-01 7.776251730609972728e+05
4.934134658957302355e-02 3.250959306410848512e+03 3.385619961911638256e+03 1.054238759422472413e+03 3.894373411665273399e-01 2.466070412346384273e+03 8.938851423816132163e-26 7.198029474710207421e-26 3.257030212022817750e-26 3.793419101395902326e-01 6.303757996709275783e-26 1.906279145190516167e-02 7.939075992912724561e-03 8.947693913386067788e-03 2.235049443051606854e-01 1.926997757383199297e-02 2.336264298992914613e+06 8.868107813097212929e+05 1.001049586214432493e+06 3.099820004620599256e-01 1.858689261210532160e+06
8.574543299497019988e-02 1.580962915878766125e+03 1.397230182937834115e+03 4.763505844529763635e+02 4.089146465789625373e-01 9.117644533090626737e+02 4.880785901894714669e-26 4.636190654603107382e-26 1.907327160684154357e-26 3.526902664260986309e-01 3.526947782918904766e-26 1.433867730813351456e-02 6.344881749634505644e-03 7.031146640375360649e-03 2.818776091583571342e-01 1.429011307537715776e-02 2.951539798610105645e+06 2.009454844726912677e+06 9.808594941134117544e+05 2.825313942485135343e-01 2.159353696606001817e+06
1.490084845201332109e-01 6.500515128061458654e+02 6.435741661381709946e+02 1.712167624811458495e+02 3.286508914578993856e-01 4.120750570204768337e+02 2.450665881222804040e-26 1.412477891639545746e-26 8.408197375951844096e-27 2.710495023539843396e-01 1.787730180868844282e-26 9.378267204220372411e-03 5.734898041529245746e-03 4.248039290462138177e-03 2.655248682731606302e-01 8.396817199190633602e-03 3.399418699968736153e+06 1.016256979204453062e+06 7.707631390796280466e+05 2.426396278310271881e-01 2.608532933682388626e+06
2.589470678897760059e-01 3.035876141792037970e+02 2.016970081729788546e+02 8.339250596718068209e+01 2.463379126193226132e-01 2.537873482001946002e+02 9.104938842932825870e-27 2.477662531950941800e-27 2.005279142424049164e-27 1.744765658107076400e-01 8.181527575307373105e-27 5.564707139604427311e-03 3.149514664314541704e-03 2.334491276852695453e-03 2.191865264686453096e-01 5.246462745645389530e-03 2.566294013333721552e+06 1.358158327336622402e+06 1.032164911333400989e+06 2.149854924546672486e-01 2.416949296469076071e+06
4.499984291810734116e-01 1.382579970504822597e+02 5.229181028459311165e+01 3.208755473066958075e+01 1.749303993154908143e-01 1.286761893133070771e+02 3.745973390862935944e-27 2.459874247479360568e-27 1.115586058781657948e-27 2.177601838048543459e-01 3.089402791614630392e-27 3.727234634694734546e-03 2.455877866003696244e-03 1.563480834034593247e-03 2.393212957660357243e-01 3.390365779349327480e-03 2.059424391118246596e+06 1.309256395470778225e+06 6.658702703152101021e+05 2.094986078347222114e-01 1.757560342313849600e+06
7.820076431667862815e-01 5.927862165192529176e+01 1.462931953990786127e+01 1.049535596523290337e+01 1.326068867610684932e-01 5.728359535494188748e+01 1.387579765564033690e-27 1.030870881307017750e-27 5.213743678887614675e-28 3.199828392541141375e-01 1.088913413607780433e-27 2.418970397742898834e-03 8.394291230333712946e-04 9.582730481634974332e-04 1.831908333656616650e-01 2.457098172193031543e-03 1.552197054502882762e+06 8.220192916773392353e+05 5.280252397971899481e+05 2.403963284199681916e-01 1.296844118932324694e+06
1.358973530383588368e+00 3.017248519818139840e+01 1.198962897418105200e+01 8.454143841295525874e+00 1.793162676993010907e-01 2.680345650338262686e+01 7.770081326306012307e-28 9.327847092741060629e-28 2.300808228386658773e-28 4.308272141375530384e-01 4.271008472576632148e-28 2.049274726613740764e-03 8.272357616719134242e-04 6.780343883391155239e-04 1.870367401229783011e-01 2.013877589149471251e-03 1.542517601823991397e+06 7.209581718017975800e+05 7.794656930425553583e+05 2.940803223619102291e-01 1.345383428037894657e+06
2.361625327349063497e+00 1.629313175593394192e+01 7.453560428982902053e+00 4.705938472224303837e+00 2.085818259870427516e-01 1.398200753332484858e+01 4.036701487914067363e-28 3.755374141899733461e-28 1.756134633371702466e-28 4.265236544011349884e-01 2.855967847633910147e-28 1.586513779122822798e-03 6.667087080657323628e-04 7.732771376458403125e-04 1.949888547668456595e-01 1.625612714064054434e-03 1.509582240720639471e+06 8.428719762666090392e+05 6.113635301916665630e+05 2.481124520923388421e-01 1.441469412210724782e+06
4.104034451062715583e+00 8.951344418421966154e+00 3.435605322180341759e+00 3.112307680488727968e+00 1.552619026073995268e-01 8.938107257912488279e+00 2.188529158959325902e-28 1.728086671845137738e-28 8.004299399058219916e-29 3.579451970865997756e-01 1.885162078369031970e-28 1.386209227528694028e-03 5.336304546220741428e-04 1.649723524106841768e-04 1.418484577963488591e-01 1.328244485052127279e-03 1.661632102465916658e+06 5.225399597287864890e+05 3.395379229568075389e+05 2.245869865733493564e-01 1.674060637673344230e+06
7.131994470272771558e+00 7.787230561816399721e+00 2.117127887501685457e+00 2.495053355862325795e+00 1.567978816288004840e-01 7.315796777207931534e+00 2.805778740426726025e-28 7.985115730056408351e-29 6.207113927755691750e-29 3.830942503759026119e-01 1.664636881740890834e-28 1.391815198440014877e-03 1.386933890729993585e-04 3.480550475895047118e-04 9.878327582030395349e-02 1.429170297175597938e-03 2.061122362560660113e+06 4.486354601778788492e+05 3.674655782162363175e+05 2.294125225982797112e-01 1.667791892421233468e+06
1.239398590107599851e+01 4.426109871724030143e+00 1.201447820101503083e+00 8.509576918185954852e-01 1.046876325182944101e-01 4.428898518063061118e+00 1.524591528723273091e-28 2.398478249866864917e-28 1.823490181325590603e-29 3.155087850202251132e-01 8.158291694285989825e-29 1.329359972837678263e-03 2.816971965404460512e-04 1.624121933151744315e-04 7.575502111844353847e-02 1.294933678402863681e-03 2.237850591529498342e+06 2.410984531250675209e+06 2.124513629161305726e+05 2.098890538341326439e-01 1.528602352594030788e+06
