# R (Mpc), mean rho (Msol/kpc^3), errup (Msol/kpc^3), errlow, std, mean pth (Msol/kpc/s^2), errup(Msol/kpc/s^2), errlow, std, median rho (Msol/kpc^3), median pth (Msol/kpc/s^2) 
#  nprofs 453, mean mh 1951035097080.791992, median mh 1880617671779.541016 
#  Mass range 12.21 - 12.4 
#  Nhalos 24
1.633848482519974915e-02 2.179875821348015452e+05 2.664154541911433917e+05 7.048174074220698094e+04 5.928561828781638843e-01 7.226710321489860683e-25 5.971310520552850113e-25 3.279156092845675098e-25 4.876289937303594502e-01 1.059347230106807838e+05 5.505453792618891082e-25
2.839303246974122716e-02 4.304077792744454928e+04 7.734659402231517015e+04 1.379213081843099280e+04 5.089211384458639520e-01 3.984717734287720051e-25 2.159419745504476726e-25 2.056274425416562477e-25 3.883565913172215001e-01 2.112772179043060169e+04 3.232235976803551061e-25
4.934143535662420532e-02 1.192362246428906838e+04 1.808179822223727388e+04 4.930968575034312380e+03 4.217100359004886112e-01 1.891143565265672748e-25 1.294000409427200530e-25 9.627012401023007843e-26 3.513045682352651800e-01 7.660212035994694816e+03 1.577041237991972167e-25
8.574558725442532614e-02 4.978107173648257231e+03 6.500395435576905584e+03 1.955365646412452861e+03 3.616510426763392960e-01 8.926316367947562842e-26 4.071024570534291943e-26 4.724399039956581156e-26 3.089402672557367557e-01 3.394183615847639430e+03 8.280844707772121838e-26
1.490087525923421141e-01 1.892503187034992379e+03 1.590170680683981118e+03 9.127666328918360250e+02 2.818199610166761682e-01 3.581739396771380365e-26 2.657062882115063720e-26 9.123315886189811686e-27 2.882779383488754399e-01 1.611787144807100958e+03 2.952068812057280274e-26
2.589475337458828630e-01 7.116428187731821708e+02 3.207758683505005592e+02 2.485743058048100238e+02 1.995044553199334658e-01 1.434499030619956811e-26 1.705988424183220600e-26 3.899317128591443767e-27 3.252899728187568229e-01 6.450990106985561852e+02 9.814723897887030975e-27
4.499992387462019017e-01 2.314930627071803144e+02 8.927276645750424677e+01 4.803974228427310322e+01 1.653292702324553054e-01 4.839971405133813644e-27 6.534380976506465990e-27 1.140176125439258075e-27 4.167706736144192181e-01 2.000899296880874090e+02 2.805235195009311692e-27
7.820090500297373071e-01 9.541240776768133003e+01 6.293514859536637118e+01 2.507249080907898531e+01 1.979253113519213736e-01 2.144507312915218341e-27 1.140861631567081609e-27 7.352366530663023639e-28 4.929276577891055222e-01 7.936050968461816524e+01 1.161169506870342414e-27
1.358975975231191180e+00 5.606963864422954202e+01 1.190321193360303909e+01 8.795098800797237715e+00 2.723093988939217502e-01 4.228364363297807140e-27 3.802960164828008602e-28 2.847306933422221555e-28 7.005505664763757023e-01 3.621404544299974759e+01 4.585161281548147094e-28
2.361629576007254094e+00 2.891615788879306237e+01 1.357077459038720235e+01 5.147542874266189727e+00 2.380755299334125774e-01 9.740412769478652988e-28 3.916437017364562863e-28 2.455497013681421305e-28 5.079909435418107355e-01 2.123095604945953596e+01 3.668256540934471610e-28
4.104041834384438481e+00 1.863120249910879167e+01 7.918107775121498548e+00 4.127173242004740672e+00 1.436724821270279340e-01 2.446781487399111403e-28 1.382396579853840559e-28 1.062440273647159116e-28 3.081361092921831024e-01 1.685164199299898513e+01 2.204542719817993529e-28
7.132007301015381273e+00 1.599847098877028095e+01 4.053525609484488257e+00 2.087258524809261218e+00 1.011497941716247018e-01 3.310455362261376651e-28 2.786985987460544265e-28 3.747489870922662033e-29 3.757056626392846765e-01 1.504383056916005046e+01 1.496404666124838169e-28
1.239400819835114298e+01 2.635994929074797266e+00 2.883552823951331945e-01 1.798283159541322895e-01 4.956772173936234427e-02 4.488575956596971573e-29 1.165294073717053686e-29 5.210922605742887197e-30 2.785212038330549533e-01 2.575250055099705726e+00 2.768529322128515146e-29
