# R (Mpc), mean rho (Msol/kpc^3), errup (Msol/kpc^3), errlow, std, mean pth (Msol/kpc/s^2), errup(Msol/kpc/s^2), errlow, std, median rho (Msol/kpc^3), median pth (Msol/kpc/s^2) 
#  nprofs 459, mean mh 3954836783297.564941, median mh 3657487514849.978027 
#  Mass range 12.41 - 12.8 
#  Nhalos 20
1.633848418974679848e-02 2.336253663595848193e+05 3.520312862068231916e+05 9.194486652356476407e+04 7.283932843380417355e-01 8.377284049164369275e-25 7.494903136445699765e-25 3.283427916329598688e-25 4.108052255070803183e-01 1.047519197583491914e+05 6.026739932868350241e-25
2.839303136545056824e-02 2.626719374002717086e+04 2.525498577362248761e+04 1.332266168543553977e+04 5.137926663910913350e-01 3.864438516450901670e-25 3.726853544960977453e-25 2.179131295538094617e-25 5.446493766442056517e-01 1.783622417401034181e+04 3.194085457210967507e-25
4.934143343758698452e-02 7.224919040517534086e+03 3.175333163278764914e+03 4.429502737792104199e+03 3.708147419300174552e-01 2.080290204712488092e-25 1.496165941754506073e-25 1.727042271536912929e-25 3.980942653183593971e-01 6.453652596611258559e+03 2.353166115978687959e-25
8.574558391952083469e-02 2.486563032064902472e+03 2.021161136970147709e+03 9.876198723517637745e+02 3.438323068636992552e-01 1.036270045669307224e-25 1.060241425463054125e-25 6.279929411993945770e-26 4.587908781031659888e-01 1.975169701401359362e+03 8.569233241115771693e-26
1.490087467969423429e-01 1.197078423391302977e+03 1.009242062137805078e+03 3.911645414589274310e+02 4.051711069767934825e-01 4.522778022860627911e-26 3.475208347857089418e-26 2.201738498427765024e-26 3.951447679147254144e-01 6.824857645948807203e+02 3.505447437775774459e-26
2.589475236746323628e-01 4.823718762170386185e+02 3.169409709243337261e+02 1.579459321202822935e+02 3.001621526443715160e-01 2.053306630030769575e-26 1.192481388774886884e-26 9.042123776399795619e-27 4.150320296611347270e-01 4.181342929615290700e+02 1.708976728891699622e-26
4.499992212443744144e-01 1.880127997804852100e+02 9.976914912110964906e+01 5.712523795189481746e+01 2.200180927481808213e-01 7.910691295704274973e-27 5.600154362016226131e-27 4.430103019380976868e-27 3.922869830019189985e-01 1.710975434844989422e+02 7.247477990398093623e-27
7.820090196150470963e-01 7.772966907406413384e+01 3.479626178315976404e+01 1.396940911089789950e+01 1.482206293554268195e-01 3.046353240502711495e-27 1.610923207232911539e-27 2.299893393464249353e-27 3.719566428340969066e-01 7.074710867736676789e+01 3.227627957196573047e-27
1.358975922376516987e+00 3.560279643306618880e+01 1.509218277139274988e+01 7.752308219754720398e+00 1.161288618125539684e-01 1.556648794467347563e-27 4.424769078951882437e-28 1.197988135357211652e-27 3.714001180459327589e-01 3.313791199242005803e+01 1.735084581221743439e-27
2.361629484156356984e+00 2.009003646524553943e+01 9.043496763295504337e+00 6.801959472048793032e+00 1.747642376431532696e-01 1.006154318147235182e-27 6.412684075497068572e-28 6.739545406683222050e-28 3.518304428702270226e-01 1.908914674411331447e+01 1.013971698993610785e-27
4.104041674765874781e+00 1.142689604507946832e+01 5.030587304552305739e+00 3.398595711185966373e+00 1.469599511769468236e-01 6.995956473786837246e-28 2.626021249174082077e-28 3.656035476454701340e-28 3.053778948583359409e-01 1.079672277604544561e+01 7.133243425079255325e-28
7.132007023630110076e+00 1.029352491594770136e+01 3.924352497652055405e+00 2.040950830047589371e+00 1.489450623675060703e-01 6.130974122060130596e-28 2.042830434264245473e-28 1.237191063247742049e-28 2.931703727659837888e-01 9.451017782750255947e+00 5.158633140969212821e-28
1.239400771631078335e+01 3.957049321425080812e+00 9.608808773897825617e-01 6.155008587468202563e-01 8.816443165390344672e-02 2.144226413795907442e-28 1.800213110899892775e-28 2.724261258169516974e-29 1.624065813529816937e-01 3.903416366745346977e+00 1.734678428872978933e-28
