# R (Mpc), mean rho (Msol/kpc^3), errup (Msol/kpc^3), errlow, std, median rho (Msol/kpc^3), mean pth (Msol/kpc/s^2), errup(Msol/kpc/s^2), errlow, std, median pth (Msol/kpc/s^2), mean gas-mass-weighted metal (fraction), errup, errlow, std, median metal, mean gas-mass-weighted temp (K), errup, errlow, std, median temp  
#  nprofs 450, mean mh 3778906370164.953125, median mh 3608219883975.178223 
#  Mass range 12.41 - 12.8 
#  Nhalos 16
1.633847555135692006e-02 1.830548653982610558e+05 3.192924668794621248e+05 5.409642801358141878e+04 6.361473406227264871e-01 8.347176602097586147e+04 8.766415585560568544e-25 7.983671416390013325e-25 3.115984115814626051e-25 4.986466562963126625e-01 5.724121761095672970e-25 1.136599834307716085e-02 9.849415824694885552e-03 5.055747220885954685e-03 4.183435216948634960e-01 9.581216710020847710e-03 9.537392478363584960e+05 9.108607688137962250e+05 4.898687023983126273e+05 5.776200681186951513e-01 6.186386690565278986e+05
2.839301635364948131e-02 4.364043303785821627e+04 6.982134744776012667e+04 1.176183377703900805e+04 4.862125740608826963e-01 2.022010340446197006e+04 5.143508413660522530e-25 6.895800797265208556e-25 2.601555769746631193e-25 4.519752525743600535e-01 4.071590578592339740e-25 1.002619494240598701e-02 9.976429527799725999e-03 3.136174365372470380e-03 2.843716335474283929e-01 7.206090479822735428e-03 1.496700648458878975e+06 1.372367885028646560e+06 8.106057847190841567e+05 4.054506756045003768e-01 1.182017199321805732e+06
4.934140735006660450e-02 1.040026502885663649e+04 1.019170800880978459e+04 3.381660812126228848e+03 3.617789497595839676e-01 7.250583175748293797e+03 2.232684943682355321e-25 1.793964342696022973e-25 1.410353533393545628e-25 3.916218847205027997e-01 2.015647549949624920e-25 7.968281233677237951e-03 6.641304247138536850e-03 1.748548670590892654e-03 2.716358754482208204e-01 5.928889826195933403e-03 1.700656626074661268e+06 1.056620494657136034e+06 6.383687323456375161e+05 2.477965795977852548e-01 1.566733324434965383e+06
8.574553858460631783e-02 4.106113807089909642e+03 1.982445882755630009e+03 1.717416682846614322e+03 3.205281042826708116e-01 3.414956112218787894e+03 1.137711381759321344e-25 9.594712001843562922e-26 5.790586971450790841e-26 3.092282048076712142e-01 9.954068645586338869e-26 5.361664474214954124e-03 2.582462732242026340e-03 1.670284535953162671e-03 2.656123654714896420e-01 4.689005188139770686e-03 2.254193282940329518e+06 1.302238364987633657e+06 1.227374525714531774e+06 2.407054170914103564e-01 2.229012003674080595e+06
1.490086680138903164e-01 2.003687865254634062e+03 1.340656623688221316e+03 5.904009028952309563e+02 2.704730417446806201e-01 1.535440722741174341e+03 4.985057544757567231e-26 3.295183020783199015e-26 1.767844888268107201e-26 2.521920534684261583e-01 4.191680946194405619e-26 3.983294836568288672e-03 1.155057657055716391e-03 1.881492162617764106e-03 2.699618656247723680e-01 3.897415088311192988e-03 2.023867565630617319e+06 9.951389782253494486e+05 7.477560192834008485e+05 2.155539966027459897e-01 1.826537843002464622e+06
2.589473867653792616e-01 7.114357585481416208e+02 3.289887948558722428e+02 1.828181405395045545e+02 1.536251959424253799e-01 6.505625611513105468e+02 1.805790310708300783e-26 7.472167900855921110e-27 5.699520504194802940e-27 2.257002828857967713e-01 1.666197849048406677e-26 2.742489604097386562e-03 9.894692130505027862e-04 9.427709187884501622e-04 2.343748498790414747e-01 2.623302950311713101e-03 1.820633282273839461e+06 8.255965025143267121e+05 7.958872255485795904e+05 1.803685802655380088e-01 1.809648602795190876e+06
4.499989833233608572e-01 2.630180938171931757e+02 1.210112279321040774e+02 5.100204517734920273e+01 1.423061517839004642e-01 2.405999223996738579e+02 6.476278847003285176e-27 7.021824427930869786e-27 2.479051445435307015e-27 3.528641640222346942e-01 4.481573168311339116e-27 1.740668741893979313e-03 6.987681964549146210e-04 6.282142311124414534e-04 1.924494822022147500e-01 1.594637619495065366e-03 1.563604616432532901e+06 1.029312944467092399e+06 5.095834421857122798e+05 2.350105274629223084e-01 1.271299077587239910e+06
7.820086061557125490e-01 9.694492636213571757e+01 2.562655259299512522e+01 2.045465199549178692e+01 1.192955272950589618e-01 9.338070246385140649e+01 2.094412582185542095e-27 2.441559837180325056e-27 5.880144381602289599e-28 3.882788110989201513e-01 1.136370705870457675e-27 1.263801108874588542e-03 3.604992160610733486e-04 4.868756973533639679e-04 1.449463629640157236e-01 1.319030592600689989e-03 1.407313558291861089e+06 1.701292270195357036e+06 4.275986579679746646e+05 3.073838396574778420e-01 9.172813526289603906e+05
1.358975203866542802e+00 4.086284126173884346e+01 1.008155267126109322e+01 8.076906263768577787e+00 9.866359452288393783e-02 3.954912008019761060e+01 8.616736574019517219e-28 1.155616435072975232e-27 4.152039596248851402e-28 3.878695141854275330e-01 6.859719948559755472e-28 1.043827271141344179e-03 3.134809563089186509e-04 3.981361966440466384e-04 1.575409100972514076e-01 1.053305082093757179e-03 1.453529548027043696e+06 1.300903410207891138e+06 7.912790959886010969e+05 3.218164469831387708e-01 1.304197665981342318e+06
2.361628235529128705e+00 2.327699624924797206e+01 7.310575240044389744e+00 8.275000529643374847e+00 1.648753404507406761e-01 2.293179747220580467e+01 5.249840480386003160e-28 5.589626760686687197e-28 2.761120334025556075e-28 3.993503972180983408e-01 4.432637064205699024e-28 9.630820403414447903e-04 3.712346404141907705e-04 3.887444597318679210e-04 1.839780157678539141e-01 9.450393848707256241e-04 1.508817753451166907e+06 8.535312532632076181e+05 6.712000902638956904e+05 2.674761661976327587e-01 1.455422091726311017e+06
4.104039504900442559e+00 1.577346742384908218e+01 4.092789256939239451e+00 4.024003301356058770e+00 1.184319766147220732e-01 1.557037325454299470e+01 3.425092612987988483e-28 1.570914891094200116e-28 1.758105037244786280e-28 2.805004813065094527e-01 3.484346814592434273e-28 8.074261173169367412e-04 2.147126204005678739e-04 2.387159986521043917e-04 1.382719680907963655e-01 8.271627242837466861e-04 1.528214802505187225e+06 3.212937539710584097e+05 6.622196252155354014e+05 1.736173621612877582e-01 1.628823050522669218e+06
7.132003252836161877e+00 1.520091221233312240e+01 5.176004571544504884e+00 3.397553416564747408e+00 1.417994821612237055e-01 1.430023322414446518e+01 5.373823541096801194e-28 8.902806367075251712e-28 1.598316848567400779e-28 4.169950035932720178e-01 3.113699419706434647e-28 8.849635875347318078e-04 1.916099642606402219e-04 3.282570251086208962e-04 1.475582629074689012e-01 9.403382006339506237e-04 2.184466695829520933e+06 2.467491471307521220e+06 7.084757101730130380e+05 2.728214233797933153e-01 1.679260535599482711e+06
1.239400116342193847e+01 4.415476467223192536e+00 9.450997526134834459e-01 5.763446309094235609e-01 6.451851224403840068e-02 4.299250766803146107e+00 1.117827901316689653e-28 1.199390625557151867e-28 2.308751548773823087e-29 2.376763673379490294e-01 8.117641803665335588e-29 8.280390094396746599e-04 1.136100592921316342e-04 1.247816940536125661e-04 6.697741441573361321e-02 8.170615317922714626e-04 1.743476115085946862e+06 1.363964920111614047e+06 2.294160378762816545e+05 1.682214810580161812e-01 1.383566918189128162e+06
