# R (Mpc), mean rho (Msol/kpc^3), errup (Msol/kpc^3), errlow, std, median rho (Msol/kpc^3), mean pth (Msol/kpc/s^2), errup(Msol/kpc/s^2), errlow, std, median pth (Msol/kpc/s^2), mean gas-mass-weighted metal (fraction), errup, errlow, std, median metal, mean gas-mass-weighted temp (K), errup, errlow, std, median temp  
#  nprofs 462, mean mh 1428717825970.509521, median mh 1341347146577.796631 
#  Mass range 12.00 - 12.3 
#  Nhalos 49
5.932173081830181089e-04 8.731925822894881666e+07 1.374227630949926972e+08 2.579645460258757323e+07 4.608022145216420506e-01 4.226008413870495558e+07 4.846929460027288721e-23 9.065136382657927178e-23 1.779011229553169769e-23 6.809390863676375583e-01 2.167742041913910328e-23 1.192828519627825955e-02 3.440704169605682955e-03 3.368406014527525021e-03 1.950534620389662577e-01 1.086706116000546798e-02 1.057298691548737552e+05 3.518726284036059951e+04 1.197264185510329844e+04 5.136727556086353452e-01 2.637915377630331932e+04
1.030893529788922541e-03 3.462266378999947011e+07 4.611778088639812917e+07 1.077216906930522993e+07 4.966416204290069469e-01 1.673015188781425916e+07 7.519163115520676360e-23 2.729616241279606634e-23 5.630693422631567841e-24 8.719710289828979111e-01 6.174176322968037797e-24 1.294053727591994683e-02 6.862125125676384399e-03 4.325744710936021281e-03 2.418324504681499398e-01 1.191773525796513238e-02 9.411879100689051847e+04 6.133230390084157989e+04 8.526649354269886317e+03 5.087969948142105903e-01 2.224889358649907808e+04
1.791487630419557730e-03 1.696252246376796067e+07 2.342295544913413376e+07 5.481432584842682816e+06 6.137329104741233721e-01 7.163296347089038230e+06 2.518486585811907554e-23 3.929860343187786739e-23 1.932980348736401456e-24 9.622522788220653212e-01 2.317564119531262489e-24 1.252476955264830889e-02 5.744071686879497624e-03 4.336971452813915065e-03 2.419816357274908736e-01 1.150827715576757324e-02 2.759546829838335980e+05 1.720256627229105798e+05 9.724169108031190262e+03 5.952664495217586671e-01 2.362981790893543075e+04
3.113248688837364202e-03 6.512261729923318140e+06 5.047878596439607441e+06 2.238262430166392587e+06 3.935596029605452073e-01 4.524267933947496116e+06 1.045113023149254870e-23 1.251297279779309974e-23 1.326751964838378766e-24 8.011419880356658307e-01 1.721027944335748489e-24 1.348573098167561712e-02 1.011175239883553741e-02 3.145043235057489242e-03 2.189850042886781756e-01 1.146794980004291718e-02 8.160404095130010683e+04 1.374605452084450517e+05 9.078129093263989489e+03 4.827532463604529700e-01 2.395562958594586962e+04
5.410206151564474382e-03 2.845122891947233584e+06 1.434912924681302160e+06 1.112129037866202183e+06 2.242092100624577256e-01 2.714616106841363944e+06 2.726465766284157615e-24 2.855536606396882039e-24 1.126488327741963810e-24 6.726329485728349544e-01 1.324685367554032444e-24 1.393857150991325948e-02 1.159928830067217739e-02 3.326188523596836782e-03 2.465314732258747921e-01 1.126517292033421547e-02 6.842508094427529431e+04 8.411872772975971748e+04 2.011134052701316250e+04 4.578558813193134291e-01 3.340398531387168623e+04
9.401860733893718097e-03 7.568094272221678402e+05 6.865826577985229669e+05 5.395237674255875172e+05 3.958015939972644448e-01 7.388015865228009643e+05 1.094102659052503336e-24 1.463206641431075065e-24 6.786712556756640171e-25 7.478797257984238778e-01 7.882683030565122648e-25 1.260881552304804996e-02 1.149183503800326432e-02 3.841870000545690063e-03 2.820057566542659711e-01 9.770225391114136307e-03 1.559569641016707756e+05 1.902927160805114545e+05 5.398198217236403434e+04 5.718113097382503396e-01 6.788725225160695845e+04
1.633856137514670334e-02 1.543813767630689254e+05 2.874349242168187629e+05 3.176358190310758437e+04 5.453855779609542154e-01 5.265771086409805139e+04 4.331741533228915308e-25 4.326701376476771999e-25 2.924109954296707379e-25 8.013340340683808849e-01 3.290383978339019035e-25 1.154866486086652752e-02 1.292961069609567006e-02 2.937638348397881953e-03 3.003532039486803695e-01 7.970859448398348243e-03 3.652711587219605572e+05 6.376481375417271629e+05 1.391461204720561800e+05 6.285310148228606675e-01 1.962896047853089985e+05
2.839316549830248754e-02 2.568447184373149139e+04 4.123625306365304277e+04 5.575206053464069555e+03 4.944666416933234943e-01 1.019254385242450735e+04 1.841490227795945786e-25 1.547027738585730046e-25 7.645744531832666187e-26 5.735662874292853930e-01 1.199768281180624873e-25 9.692174933620437485e-03 1.000530315544169782e-02 2.714874328818572997e-03 2.736654733482664081e-01 7.327044964932517140e-03 7.714551221938718809e+05 6.457562620353909442e+05 4.384742101174659911e+05 4.211265721117963823e-01 6.678000449781083735e+05
4.934166653376820949e-02 6.818605912433307822e+03 1.132898165150578097e+04 1.834445952551041046e+03 4.408533980395176188e-01 3.276885605617923375e+03 8.981194556319239531e-26 7.789759254505913784e-26 3.576809585499871441e-26 4.707862345196385800e-01 5.498408622159509718e-26 7.667787160288219023e-03 8.246486687271898167e-03 1.885573356518113405e-03 2.731575125380698021e-01 5.420749488869317304e-03 1.168146110505472869e+06 9.547754721153769642e+05 4.529785209744585445e+05 3.039786285491640205e-01 9.191208852442346979e+05
8.574598899425776855e-02 2.813498304102974089e+03 3.884245747641022717e+03 9.152836124751132729e+02 4.467928786523489570e-01 1.527889967542871773e+03 4.793656429115493334e-26 6.214437858903557034e-26 1.393921251762877540e-26 4.237055907470544946e-01 2.642311935159738142e-26 5.882885290850045461e-03 5.640510597777379301e-03 1.810712925964299939e-03 2.860108985616517385e-01 4.154772988371526268e-03 1.806603027548562270e+06 1.269982374263769947e+06 4.842264350976774003e+05 3.449223333183228934e-01 1.118626942614185158e+06
1.490094507361558740e-01 9.612462801858206376e+02 9.549307851064276065e+02 3.877507850279062609e+02 3.599535070844656626e-01 7.245005147127400278e+02 1.702741944191996239e-26 1.899059762538694827e-26 6.458398378009562708e-27 3.898063083975172316e-01 1.202793679347258709e-26 3.977181275848003066e-03 3.351822904598070890e-03 1.384393608819461030e-03 2.876536445611522219e-01 3.131268155623603833e-03 1.551820400231828447e+06 1.304765486112414161e+06 7.166754174074339680e+05 3.057572441082390124e-01 1.316358719165730989e+06
2.589487469807810194e-01 3.377447138854171840e+02 2.701031204522488451e+02 1.492551012684934904e+02 3.031603371000750058e-01 2.949797164624512789e+02 7.629130415382165242e-27 7.285733283687812903e-27 3.819125103023308389e-27 3.683925038061217627e-01 6.061401410429993477e-27 2.713784531533916175e-03 1.585426615256575310e-03 1.196037170992700089e-03 2.894384149334490730e-01 2.274333541852128181e-03 1.730198526978738140e+06 8.772723291692431085e+05 6.545859521846882999e+05 2.757886272494100566e-01 1.504078206280187238e+06
4.500013471068133319e-01 1.419086910978076332e+02 8.412394265153366746e+01 5.377957725075833650e+01 2.594902296507689554e-01 1.183754427258137696e+02 3.808446917957116328e-27 4.318972100610235287e-27 1.484727698392604410e-27 3.675721458388362950e-01 2.720929653145987564e-27 1.794772702118119104e-03 9.041209698679585245e-04 5.113267063945740095e-04 2.308814708399854476e-01 1.575085993362127738e-03 1.960252712646994973e+06 1.153351830935569480e+06 8.411024484144775197e+05 2.579849963232294097e-01 1.755643820774107240e+06
7.820127139405553818e-01 7.185856030118355875e+01 3.590347551289310246e+01 2.038390563465334537e+01 2.135294213419425824e-01 6.191487021418640069e+01 2.274059493096649093e-27 2.638912817718176944e-27 8.041906255066498448e-28 3.349617339828233620e-01 1.551909229079321148e-27 1.457443225565207461e-03 9.238821986641782089e-04 5.562617594036060311e-04 2.565033542940767797e-01 1.308298287841664622e-03 2.245900747326544486e+06 1.665587333241879474e+06 7.886669042374384589e+05 2.396234636297762677e-01 1.925978958338375669e+06
1.358982342378446839e+00 3.851165577303828513e+01 1.440066927662579133e+01 1.107489855383510147e+01 1.887105643739022121e-01 3.271642227275044945e+01 1.956491814265867304e-27 2.211215420232954582e-27 4.197749349549583471e-28 3.691871028573988078e-01 1.030028346377959236e-27 1.044206905389966989e-03 4.467153729422750248e-04 3.631234121339797479e-04 1.917901863958973996e-01 9.925835658682407268e-04 3.213905909740018658e+06 2.614478926251075231e+06 1.000127465493214782e+06 2.472468964535335656e-01 2.566944304908195511e+06
2.361640640841031757e+00 2.760269550554944118e+01 1.203323969123809078e+01 5.505804785275248747e+00 1.850229409138198500e-01 2.328731507964910818e+01 1.584992821147076815e-27 1.415656085369015753e-27 4.599025575891348319e-28 3.710077057418703084e-01 9.653628008836125243e-28 9.186575829405431914e-04 4.828987421362218851e-04 1.871837557396645877e-04 1.859682895459208452e-01 8.228599308825338202e-04 3.566101822488611564e+06 1.589473532746797893e+06 1.599510645850668661e+06 2.344820958594301952e-01 3.476455848873391282e+06
4.104061062861748432e+00 2.177833126528359031e+01 8.583640433327584418e+00 5.450474540396132994e+00 1.473658136598590129e-01 1.953834202278811105e+01 1.054592793458894739e-27 6.629660262744155714e-28 3.222601526298242989e-28 3.001413645308402267e-01 7.826892690350956299e-28 9.083191152189354009e-04 2.196607704644841985e-04 2.255144838542016148e-04 1.256269470985581227e-01 8.974174104437578287e-04 3.282707966211827006e+06 6.848871581155131571e+05 1.151113343097485136e+06 1.769124572313463262e-01 3.452027753063575830e+06
7.132040716279185233e+00 1.822462384728360618e+01 3.936384416100974448e+00 2.523114976798813913e+00 8.482037185261637191e-02 1.765720593931700222e+01 7.399680193323408710e-28 2.226048905628726019e-28 1.547426177433650613e-28 1.693945654621466512e-01 6.483977022018247434e-28 8.522816150069501863e-04 1.247476274395188829e-04 1.398369136828716110e-04 8.121974066602134779e-02 8.504351084795907329e-04 2.916844523236807436e+06 4.892863689991626889e+05 5.143640433661742136e+05 8.891051622882412131e-02 2.829510924194815569e+06
1.239406626742427164e+01 4.312718781753222430e+00 6.856916345229393528e-01 4.474798145883811529e-01 4.981792704632796720e-02 4.230049366498831453e+00 1.703844505276240934e-28 1.119991998519713158e-28 3.369267783415888905e-29 1.376904324419351844e-01 1.524231459116663081e-28 8.539234490441162655e-04 1.519935847627885452e-04 8.320199422515248827e-05 5.821389265942028546e-02 8.171387106144499014e-04 2.876773909391637426e+06 1.083687992050211411e+06 4.165810767104332335e+05 9.006640434925107519e-02 2.724281763752268627e+06
