# R (Mpc), mean rho (Msol/kpc^3), errup (Msol/kpc^3), errlow, std, mean pth (Msol/kpc/s^2), errup(Msol/kpc/s^2), errlow, std, median rho (Msol/kpc^3), median pth (Msol/kpc/s^2) 
#  nprofs 469, mean mh 2004846933127.964111, median mh 1926725885228.950195 
#  Mass range 12.21 - 12.4 
#  Nhalos 22
1.633856137514670334e-02 2.061619437912813155e+05 3.074462443311015959e+05 5.666252981845877366e+04 4.570716528804262269e-01 1.088125805010751808e-24 7.008023301674826690e-25 5.966121346922990050e-25 6.114224128099984279e-01 1.093424615816593723e+05 9.881865706610006291e-25
2.839316549830248754e-02 4.176992550971041783e+04 4.770288778956492024e+04 1.118927575615622482e+04 3.913710054248809023e-01 5.061327492803858915e-25 4.052641949669953181e-25 1.511570209073883083e-25 4.033864384124956071e-01 2.524844888626063403e+04 3.733548372067133906e-25
4.934166653376820949e-02 1.226708465495504606e+04 9.507640682791658037e+03 3.835006739692484189e+03 3.687325955738937622e-01 2.515412912432674729e-25 2.208810428746490235e-25 8.098729170838387608e-26 3.732179271743022997e-01 8.624791066042322200e+03 1.812670448338286798e-25
8.574598899425776855e-02 5.276695300270032931e+03 4.260576188031678612e+03 1.949528180332181819e+03 3.547899621913545021e-01 1.092711470774227659e-25 3.103471646656630498e-26 3.530479047184124170e-26 3.894464806891820841e-01 4.189748928751700078e+03 8.371560755285095390e-26
1.490094507361558740e-01 1.850163235595202650e+03 1.216894666116020517e+03 4.500477881631829860e+02 2.982114202972284689e-01 3.681226263328262012e-26 2.497468251062252200e-26 9.899942244492061280e-27 3.895097712869455275e-01 1.630641167601521602e+03 2.706857808773643126e-26
2.589487469807810194e-01 5.434901635725025244e+02 2.080806157531017107e+02 1.735683970529568114e+02 2.443566878396850883e-01 9.635155994848021996e-27 8.135440530061821075e-27 3.626780019962688002e-27 3.179917355502960841e-01 5.424977077650851243e+02 8.348791613047724755e-27
4.500013471068133319e-01 2.143238577288091449e+02 9.535093232780548078e+01 5.842772200707634056e+01 2.220437799442004922e-01 3.397593379837222349e-27 2.172818366728859313e-27 1.624657225686166655e-27 3.328655374859395000e-01 1.928234955108260351e+02 2.911058008086309926e-27
7.820127139405553818e-01 9.983453820048372052e+01 5.037824386559552181e+01 3.957279696441588612e+01 2.040721263188046142e-01 1.787941043809396253e-27 1.900083710235796920e-27 7.516680928330360772e-28 3.694950818704036966e-01 9.817551693137286861e+01 1.250157898350327104e-27
1.358982342378446839e+00 4.226721132197373265e+01 1.747436065998728338e+01 8.421186442480614431e+00 1.549098169296979077e-01 8.624493464006086716e-28 1.147599068112151136e-27 2.671192736583600749e-28 3.307097787355224305e-01 3.881462673356921300e+01 5.544060186644212846e-28
2.361640640841031757e+00 2.796114798867051832e+01 1.603163716390611881e+01 5.096875068860825309e+00 1.585013550550206096e-01 6.088479009680118230e-28 5.783492493236301809e-28 1.761359716017574211e-28 2.880452628489407751e-01 2.349325494984152130e+01 4.174024745067448928e-28
4.104061062861748432e+00 2.257989374527055304e+01 8.858487360959703238e+00 5.263627666754400636e+00 1.788455049578625278e-01 8.210438322397057300e-28 2.852187972827774338e-28 1.326525833401897994e-28 4.247756343111422916e-01 1.901049956409822528e+01 3.097401852555943763e-28
7.132040716279185233e+00 1.883734589486318356e+01 7.731137756584939069e+00 2.242676193612105351e+00 9.571254820826911869e-02 4.987201347888743119e-28 9.797507674090000860e-28 5.404162093820189951e-29 3.193753450298620344e-01 1.738776183626265137e+01 2.568445724046145987e-28
1.239406626742427164e+01 2.920584355161828238e+00 4.400630402933587426e-01 1.305811307189066461e-01 5.628947477987025078e-02 7.023373161009480840e-29 3.873037330569057124e-29 1.115801989344733696e-29 2.702095353788530052e-01 2.787689738623187807e+00 4.637174053272550226e-29
