# R (Mpc), mean rho (Msol/kpc^3), errup (Msol/kpc^3), errlow, std, median rho (Msol/kpc^3), mean pth (Msol/kpc/s^2), errup(Msol/kpc/s^2), errlow, std, median pth (Msol/kpc/s^2), mean gas-mass-weighted metal (fraction), errup, errlow, std, median metal, mean gas-mass-weighted temp (K), errup, errlow, std, median temp  
#  nprofs 465, mean mh 3990298660742.288574, median mh 3932064660631.798340 
#  Mass range 12.41 - 12.8 
#  Nhalos 17
1.633852131856735820e-02 8.423315022480380139e+04 1.067631005200670479e+05 4.477860664944318705e+04 5.708279439787961040e-01 5.564343080004303192e+04 1.117016930347048037e-24 1.670765960420652135e-24 4.105303126994838740e-25 5.386945911063524273e-01 5.992029010103288780e-25 1.643820854879139010e-02 6.083839834006135594e-03 7.300778252464255186e-03 1.989577343635956785e-01 1.653820975770287777e-02 1.085825069943737239e+06 3.329488594849130604e+05 4.367006412285517436e+05 2.576358852574583969e-01 9.498791629400691018e+05
2.839309588794570668e-02 2.833948429660544207e+04 2.063086848923685102e+04 8.745616017915088378e+03 4.682971393584679509e-01 1.466603664210407078e+04 5.309367392661690009e-25 4.547465648750810813e-25 2.264529047205586863e-25 4.108697753614541925e-01 3.432666945355133324e-25 1.273794748530821669e-02 6.667976737033745604e-03 6.426577830694258330e-03 2.257301691583482040e-01 1.260403432452852912e-02 1.726689400989712216e+06 6.936213765180781484e+05 7.582947934191261884e+05 1.758628201752433229e-01 1.752427459630905185e+06
4.934154556483250076e-02 8.610539683655473709e+03 4.692945539403043767e+03 3.830436178486921108e+03 5.144150368222697445e-01 5.704299939306268243e+03 2.553615010547149440e-25 2.582350739974510801e-25 8.408390099710946244e-26 3.486393789555058964e-01 1.576515570550680919e-25 9.761700187620814609e-03 1.002919304377483493e-02 2.950813683009230817e-03 2.643520497898922961e-01 7.844871912634844222e-03 3.842834571489764377e+06 2.151699846774840262e+06 6.308861479326281697e+05 3.216699137444006262e-01 1.940708889359928202e+06
8.574577877434103046e-02 3.582562492754012055e+03 4.649887501019644333e+03 1.478384530239932246e+03 4.840699065318382899e-01 2.438744677239545126e+03 1.569776596225744641e-25 1.781940496620500350e-25 5.732062857022034246e-26 3.664849790528162954e-01 1.033396694069128958e-25 7.266527951602324772e-03 7.493647562526013599e-03 7.319132387798065256e-04 3.295498654419344309e-01 4.739715820024044575e-03 4.454301281321915798e+06 2.990306264185867272e+06 1.005882626256507821e+06 2.507249580062178573e-01 3.278782212822030298e+06
1.490090854158103439e-01 1.717196438009243820e+03 1.400145849422989158e+03 8.724342727814470209e+02 3.432569064288040206e-01 1.394035418272338575e+03 7.608653356853025627e-26 7.040105258024245241e-26 3.408893634280199705e-26 3.126276708253930003e-01 5.995829056985053704e-26 4.192544025996027685e-03 3.240582951159896603e-03 5.625312299100638722e-04 3.066187620415645743e-01 3.137939369501783950e-03 3.942242326022445224e+06 2.004528167765045073e+06 8.599634490821110085e+05 2.412059466714862876e-01 3.003203915323978756e+06
2.589481121267818153e-01 6.831420496725926341e+02 2.045696788527707213e+02 3.444547321905633908e+02 2.236112230006880863e-01 6.980155859817630244e+02 2.794088673090212234e-26 1.989144710233148622e-26 1.655925458584193794e-26 3.137710462062213157e-01 2.577007123272760922e-26 2.540163603604542013e-03 1.303568062024399680e-03 1.117234385272897071e-03 2.784064824596150789e-01 2.513362471574260432e-03 2.867773083051977213e+06 1.405750023187657818e+06 9.139192244578150567e+05 2.009749520630055297e-01 2.515662506874352694e+06
4.500002438570074315e-01 2.494513359049533392e+02 1.183846259647949068e+02 5.031040830272522157e+01 1.589910789209784125e-01 2.212690197520086031e+02 9.898871393672930560e-27 8.520563740306364972e-27 4.743574175482308193e-27 3.841133456354792752e-01 7.896871197084432129e-27 1.917638054538397608e-03 9.843774750157364192e-04 5.019374852767621766e-04 2.175814102426031627e-01 1.720499838802284258e-03 2.698462515747083351e+06 1.623566423052389640e+06 1.317860083955045324e+06 2.946589550495293253e-01 2.518995908382622059e+06
7.820107967121281423e-01 1.136236870094185889e+02 4.767849026258556933e+01 2.451531097641405665e+01 1.588928353481574574e-01 1.022626989268847524e+02 4.712745562121037609e-27 5.605251946737277797e-27 2.026334367526642151e-27 4.588304977478022129e-01 3.170046780680037247e-27 1.400525445434979387e-03 5.823595188502897306e-04 2.986395908932044409e-04 1.485838320042516258e-01 1.295321137752986638e-03 2.650590652970339637e+06 2.335990123157409485e+06 1.139823128016445320e+06 3.333626199089603781e-01 2.216388103797934484e+06
1.358979010617297423e+00 6.893131288911158094e+01 1.848754503448862607e+01 1.853892050448903461e+01 2.064554129526539050e-01 5.701452428365342229e+01 4.076649202964851148e-27 1.530763796170189366e-27 8.502606421208213845e-28 4.970898371298246299e-01 1.593753152960129960e-27 1.064006670907390994e-03 4.250799017363503848e-04 3.740086404158182503e-04 1.697631541706621228e-01 1.052308930457129810e-03 2.628685594756084029e+06 1.067942038230477832e+06 8.965990287756817415e+05 3.074713828497760981e-01 2.169933407056383789e+06
2.361634850903744809e+00 3.806957793799326595e+01 1.107588023372144903e+01 1.387715563013446030e+01 2.125201792241249998e-01 3.432466939937933148e+01 2.047094783921358902e-27 6.047455676979172491e-28 6.819952139265141680e-28 4.225807729652236722e-01 1.253628207445969307e-27 9.502524111582294876e-04 2.861524265537771297e-04 3.396533578977631654e-04 1.702863469823652220e-01 9.415703551359320272e-04 2.830921435095979832e+06 1.264030166123991366e+06 6.265805376924634911e+05 2.297635238272539571e-01 2.346429085778461304e+06
4.104051001103932172e+00 2.517783391080561728e+01 3.647711556344955142e+00 6.941340062056625015e+00 1.172104644916736188e-01 2.615066117317107697e+01 8.645087766745192529e-28 2.907514645350399983e-28 3.507790484473580110e-28 2.733749212828414654e-01 8.406395857664880344e-28 8.546073031092405728e-04 1.653363467543035245e-04 2.432347129038071095e-04 1.310083089821338087e-01 8.889666770752584213e-04 2.432536825972706079e+06 5.029210435756715015e+05 9.528216669833362103e+05 1.702841552650087020e-01 2.577025934887647163e+06
7.132023230948114190e+00 2.140286070244295757e+01 5.143999436609021814e+00 3.349598855409080755e+00 9.122122442053505476e-02 2.126381241180001069e+01 7.803097170508498990e-28 7.786137971847023792e-28 1.668695948513023825e-28 2.326893500193991937e-01 6.121214534526208164e-28 8.303732396581126095e-04 1.911853636566498982e-04 1.900337126778622963e-04 1.081433766841423949e-01 8.344809278663313686e-04 2.545726935983796604e+06 1.481632269911469426e+06 4.622423132566134445e+05 1.447212819661287120e-01 2.264001096723380964e+06
1.239403588140144663e+01 5.608191783698009303e+00 6.274522961224775486e-01 8.810506035277505532e-01 5.694706020429243787e-02 5.685662105908015462e+00 2.008845911512867144e-28 1.238739867030126675e-28 6.222120818325155804e-29 1.733821116923227323e-01 1.741727874581847813e-28 8.727675185990728520e-04 1.229120443944713668e-04 1.612952020394536282e-04 6.138684269713039210e-02 8.860093851643859476e-04 2.569038110511956736e+06 1.071347856690242887e+06 5.059989922702030744e+05 1.150774332595428245e-01 2.297003547774720937e+06
