# R (Mpc), mean rho (Msol/kpc^3), errup (Msol/kpc^3), errlow, std, mean pth (Msol/kpc/s^2), errup(Msol/kpc/s^2), errlow, std, median rho (Msol/kpc^3), median pth (Msol/kpc/s^2) 
#  nprofs 462, mean mh 9069131468362.343750, median mh 9971542028712.189453 
#  Mass range 12.81 - 13.2 
#  Nhalos 5
1.633847555135692006e-02 5.874226472401009960e+04 3.533488201078719430e+04 2.582054444950706238e+04 2.486413594270868999e-01 1.744872366259608202e-24 1.426442952382185025e-24 1.301866138872424221e-24 5.264703499447763724e-01 5.452459079882922379e+04 1.583883530914758149e-24
2.839301635364948131e-02 1.810915397648415819e+04 7.332436526539599072e+03 3.977736210648992710e+03 1.899307944069741627e-01 9.101381639974052320e-25 9.516281475191197493e-25 5.146087020141402660e-25 4.840550290536965172e-01 1.632610908028829544e+04 7.436770310184073137e-25
4.934140735006660450e-02 8.584626148921113781e+03 1.129597183380565184e+04 9.145811237454381626e+02 3.426875964948926656e-01 6.458376862070859260e-25 1.369545001304321793e-25 7.720729685175559845e-25 5.001916959529901785e-01 4.460830951924294823e+03 8.951199184831043747e-25
8.574553858460631783e-02 4.974504213453621560e+03 2.603994525388445254e+03 4.066153588650659913e+03 4.265068886577559892e-01 3.637695760094045304e-25 2.007136736194122099e-25 2.566588080664977815e-25 4.128254256267029909e-01 5.492882894967509856e+03 3.686732595627605996e-25
1.490086680138903164e-01 2.003655704734021583e+03 1.041569891214533527e+03 8.080602070342013121e+02 3.962396530892585700e-01 1.499727932705556186e-25 1.884445170296126469e-26 9.702220813061199602e-26 2.244322240110201427e-01 1.857172039408625551e+03 1.821206322621333462e-25
2.589473867653792616e-01 8.692458085993901022e+02 4.749863192739272790e+02 3.328294181419175857e+02 2.328609237280383770e-01 5.058104823175184790e-26 1.953953134582733599e-26 2.596827943723000202e-27 1.320875276848546831e-01 8.060080043547756077e+02 4.201300269135467231e-26
4.499989833233608572e-01 3.756607475120800927e+02 8.320675157292606627e+01 9.890749551474834789e+01 1.151645738753992593e-01 1.412167502675959647e-26 6.963052130847918915e-27 2.663388557411614456e-27 1.923145620941073275e-01 3.792102580255962607e+02 1.251947919965977931e-26
7.820086061557125490e-01 1.416211511790135660e+02 6.829498064964076320e+01 1.144412730767608366e+01 1.407216429552509696e-01 4.222159468729321898e-27 3.249564097710349262e-27 1.382346441798825802e-27 3.142286067254481119e-01 1.157874035391911320e+02 3.447155290602540143e-27
1.358975203866542802e+00 4.765146551891412940e+01 1.833043914095480886e+01 3.190439229281921030e+00 9.845146904858398385e-02 1.369829107447316298e-27 1.356915210955170404e-27 3.569421155249579949e-28 3.559075156609973201e-01 4.107888497703100938e+01 9.464750256379043558e-28
2.361628235529128705e+00 2.410006662120795085e+01 7.250111152046912366e+00 2.428435579643146269e+00 1.024047881039923669e-01 7.384154818991543216e-28 7.141445688324495768e-28 8.160495191164950075e-30 2.181624981343568415e-01 2.157562823186981049e+01 4.391513731588985136e-28
4.104039504900442559e+00 1.896991749757019718e+01 2.467800371275203020e+00 1.576457496652786006e+00 4.923763277617498879e-02 5.693590378037701177e-28 1.290238111638370095e-28 8.388952715295322642e-29 1.101499224057005538e-01 1.846449545813323567e+01 5.554646837543727889e-28
7.132003252836161877e+00 1.643250472901405956e+01 3.714386538023024542e+00 5.270225840132631845e+00 1.203915317930428636e-01 7.658401338762359282e-28 7.670871027496760080e-28 2.414852195629924418e-28 2.975320344405860684e-01 1.691283550545410108e+01 5.469768744789753107e-28
1.239400116342193847e+01 3.681779779624013482e+00 3.565042943771623563e-01 2.481899342921853879e-01 5.286203159991709893e-02 1.220563835055422644e-28 7.269192170066071727e-29 1.976791794540874899e-29 2.077295109875900436e-01 3.638316509033402202e+00 9.484746270077758060e-29
