# R (Mpc), mean rho (Msol/kpc^3), errup (Msol/kpc^3), errlow, std, mean pth (Msol/kpc/s^2), errup(Msol/kpc/s^2), errlow, std, median rho (Msol/kpc^3), median pth (Msol/kpc/s^2) 
#  nprofs 431, mean mh 3976371157680.332031, median mh 3700691306134.517578 
#  Mass range 12.41 - 12.8 
#  Nhalos 21
1.633848418974679848e-02 3.821294276878511300e+04 4.051668068210311321e+04 2.507522079391076477e+04 5.562420396711761361e-01 4.230876802889143668e-25 5.517607706256084578e-25 2.281392579264307986e-25 7.912207456713171716e-01 3.277233853522991558e+04 2.686512002191036020e-25
2.839303136545056824e-02 8.759368772790083312e+03 7.514733026634761700e+03 5.617319047214864440e+03 4.981702964850397430e-01 1.855639172571452659e-25 2.197591387035444968e-25 9.652341235763151540e-26 5.294478351546193506e-01 7.292748581776701030e+03 1.310940277112578829e-25
4.934143343758698452e-02 3.411880186137957480e+03 3.572439445827661530e+03 1.869261564459975943e+03 3.934005379767134825e-01 1.108136980722192438e-25 1.532946372334281095e-25 4.131426171767650581e-26 4.769872059865472580e-01 2.825395740234305322e+03 6.661840056531701192e-26
8.574558391952083469e-02 1.926183904430160283e+03 1.287538418132948891e+03 9.202790648878362845e+02 3.781821535175198257e-01 6.078930629475669216e-26 5.362446945442827168e-26 3.585469889419174821e-26 3.447211387185328824e-01 1.389465733255735131e+03 5.604568286486386748e-26
1.490087467969423429e-01 7.709428650491687449e+02 3.967999339089898285e+02 4.594139770861493162e+02 2.890754908304908888e-01 2.215412527073627472e-26 9.328731718335776443e-27 9.200709523845366641e-27 2.274682987430344250e-01 7.180628774686996394e+02 2.093435134735911100e-26
2.589475236746323628e-01 3.588586759537048465e+02 1.391119822686003999e+02 1.936426139672355760e+02 2.436965145656692644e-01 8.677027825576760363e-27 3.200306887577824300e-27 2.557764618425820862e-27 2.005407216616109933e-01 3.655521782067669392e+02 7.905614741264233957e-27
4.499992212443744144e-01 1.455022869745860987e+02 2.801021310666746444e+01 8.422978618038624177e+01 1.858527973524349841e-01 2.684532781100413377e-27 1.501536081748451095e-27 9.419910444560928772e-28 2.196085396094633602e-01 1.565624547590477675e+02 2.411656188098300491e-27
7.820090196150470963e-01 5.910446627157666910e+01 2.153436691153113003e+01 1.263671712413996318e+01 1.440337019537582530e-01 9.222032100328932531e-28 4.896875741874085710e-28 3.341370763625226877e-28 2.619303394405887997e-01 5.539938804678634909e+01 8.251296172887181530e-28
1.358975922376516987e+00 3.157226234844801382e+01 1.880731904987317549e+01 5.592951456612535566e+00 1.510831070814514787e-01 5.323879959426560598e-28 3.087049918830465796e-28 3.083415497416878221e-28 3.870021468663954467e-01 2.757117177260386498e+01 4.801802467554666174e-28
2.361629484156356984e+00 2.017143233202777353e+01 8.555921254672107068e+00 6.984478524398671340e+00 1.965224126420198059e-01 4.046639169545586214e-28 1.368216198718016617e-28 2.881355000467630847e-28 4.455313878223872703e-01 1.839372258464472054e+01 3.971970906893341489e-28
4.104041674765874781e+00 1.215210033232416365e+01 5.383690128696354549e+00 1.851404367680766327e+00 1.370536375665896978e-01 2.216470405518159112e-28 1.252088149878402241e-28 1.243019607280629539e-28 2.966308940458718402e-01 1.086189223743155807e+01 2.215601196264419143e-28
7.132007023630110076e+00 1.054272375974682951e+01 4.050910452967114495e+00 2.626642621698139557e+00 1.497646579765326835e-01 3.315728521333605693e-28 6.303876079849512367e-28 7.651252050700916609e-29 4.264012061420350275e-01 9.622141081005155527e+00 1.654622221819402636e-28
1.239400771631078335e+01 4.709050965768359909e+00 8.218189124225965259e-01 8.216661950335160114e-01 7.510199833426051130e-02 1.224826026469562372e-28 1.804674811395061247e-28 2.606610159020765263e-29 2.823829738736299277e-01 4.704377498312704908e+00 7.832864513533818137e-29
