# R (Mpc), mean rho (Msol/kpc^3), errup (Msol/kpc^3), errlow, std, median rho (Msol/kpc^3), mean pth (Msol/kpc/s^2), errup(Msol/kpc/s^2), errlow, std, median pth (Msol/kpc/s^2), mean gas-mass-weighted metal (fraction), errup, errlow, std, median metal, mean gas-mass-weighted temp (K), errup, errlow, std, median temp  
#  nprofs 459, mean mh 557668627118.141357, median mh 527175587276.253540 
#  Mass range 11.50 - 12.0 
#  Nhalos 169
5.932162445594626674e-04 6.226328676442038268e+07 6.735491791190764308e+07 2.551426299848747253e+07 3.902247077136483111e-01 3.868920828374982625e+07 2.210803030943907783e-23 2.632435870640402665e-23 6.105444347219704192e-24 5.709156191615822884e-01 8.434313410160275151e-24 4.773108042287189240e-03 1.728849425569252765e-03 1.931043506592177838e-03 2.509671011113122074e-01 4.754511156917880926e-03 2.050260435471079472e+04 8.662507022129662801e+03 4.600455157781427260e+03 1.780939274440079545e-01 1.731695974347046285e+04
1.030891681423026437e-03 3.984380755353943259e+07 4.195063768741374463e+07 1.564493766198424436e+07 4.218292102226312013e-01 2.505429184405995905e+07 1.318760511530497060e-23 1.771807106597337124e-23 3.954851211657802749e-24 5.958405051097408478e-01 5.356128940253781307e-24 4.824465234404911283e-03 1.778061626866476314e-03 1.794868588804645910e-03 2.188732234965019008e-01 4.748581912516652501e-03 1.975683166894290480e+04 7.407388570804112533e+03 4.628685686825319863e+03 1.643322061529373934e-01 1.719393361055213973e+04
1.791484418327772034e-03 1.963756321210169792e+07 1.998042148778599501e+07 9.574958651510532945e+06 4.360561846274219611e-01 1.491533872831301577e+07 6.835855246592550355e-24 8.512705427750091356e-24 2.533183363369110804e-24 6.649192805756363178e-01 3.173388956075901758e-24 4.351379501149990267e-03 1.346284454832743192e-03 1.710685939081113636e-03 1.961447066079360924e-01 4.344128507222824558e-03 2.044449304275243048e+04 9.188635837555255421e+03 4.509760248070280795e+03 2.142909951828917137e-01 1.648546488309609776e+04
3.113243106861596308e-03 7.327459866187024862e+06 4.778451556962103583e+06 2.745045680862705689e+06 2.773178141295994381e-01 6.306422561652687378e+06 2.605794494727832508e-24 3.022007339152918975e-24 8.811838744796207765e-25 5.199497136525936813e-01 1.264196210608201989e-24 3.810274590966146457e-03 1.494982590751489562e-03 1.533469275891059976e-03 2.255086408060912595e-01 3.508072731193161240e-03 2.391108843134118069e+04 2.114254761464813419e+04 4.157611856980154698e+03 2.712080936193915215e-01 1.534682599504802420e+04
5.410196451202359258e-03 2.278378832697628997e+06 1.263534206004387699e+06 8.230801487551762257e+05 2.347516214883848817e-01 2.096332922471676487e+06 8.766069336102622417e-25 1.027467046052194863e-24 3.351328182489278362e-25 4.429691265475695361e-01 5.472316032870384051e-25 3.348369980604403578e-03 1.489078857532958721e-03 1.464861634808644480e-03 2.562977739845085923e-01 3.082361011418115627e-03 3.389120654929077136e+04 3.026585552564565660e+04 9.896770102240374399e+03 3.176468732055789945e-01 2.149892886699897281e+04
9.401843876596392702e-03 6.221382137980172411e+05 3.835432349295321619e+05 3.926111833221482811e+05 3.660130734205156444e-01 6.002097963935949374e+05 3.821759223552804329e-25 4.256433581424635989e-25 1.461673170584697280e-25 4.466864329480719764e-01 2.496941774495821299e-25 2.980501376595397645e-03 1.236281280699843676e-03 1.395203378246273520e-03 2.598122574708875421e-01 2.816600506056782683e-03 7.354196515828273550e+04 1.133341000804861396e+05 1.890814802932625753e+04 4.405884543128554820e-01 3.374028629973904754e+04
1.633853208052144651e-02 1.427329735223623866e+05 1.699612990531206597e+05 5.464978911115835945e+04 3.910965229910820518e-01 1.008042248316671030e+05 1.776618537216951129e-25 1.552182136886858028e-25 7.595201373145383515e-26 3.996524524386836918e-01 1.383955584544007808e-25 2.673297434402162939e-03 1.209490631446704084e-03 1.162183255368196217e-03 2.839061276776697618e-01 2.444577896581119972e-03 1.536844823322341836e+05 1.810739129706867388e+05 7.778175366127038433e+04 4.551250896278462021e-01 1.082729956878753146e+05
2.839311459007843805e-02 3.071699269730189917e+04 2.018342408051465463e+04 1.160111616190734821e+04 3.250185176890272309e-01 2.413210573715576174e+04 7.948287951237545406e-26 6.357962076533887125e-26 2.889196709234904257e-26 3.392397532830875861e-01 6.193530893000779712e-26 2.498121043319712683e-03 1.114368670841130605e-03 9.962911225546774042e-04 2.371541426841426436e-01 2.314042564587695701e-03 2.473504643451407028e+05 1.859750035102928814e+05 1.132563884111606749e+05 3.295586372350258753e-01 2.025309805911535223e+05
4.934157806541426133e-02 8.124923257764083246e+03 4.161426816880245497e+03 3.339625047688642553e+03 2.656354554228483322e-01 7.636064467425388102e+03 3.454454688730031559e-26 2.653129459833432106e-26 1.311621189675042008e-26 2.881926066987033352e-01 2.855484184788207561e-26 2.180205630726328534e-03 9.360535332326959043e-04 7.808354195493753987e-04 1.960603984997213722e-01 2.030233562202101057e-03 3.284928084088855539e+05 1.810644030844368972e+05 8.844713698459145962e+04 2.047841517543689260e-01 2.763604362073999364e+05
8.574583525387895200e-02 2.783257682958751502e+03 1.219889338268366373e+03 1.152474589476149049e+03 2.284947751368823221e-01 2.695269700195256519e+03 1.251199169503523421e-26 1.112175467609812720e-26 5.078407503944197814e-27 2.890262346363994816e-01 1.009869875219822709e-26 1.709945480111220786e-03 7.409535238755539724e-04 7.079589023241419053e-04 2.048597214342335326e-01 1.613120385581073585e-03 3.445622597228767700e+05 1.621172263780544745e+05 7.872469972712610615e+04 1.969350395012530730e-01 2.811586149052177207e+05
1.490091835659981823e-01 8.806040019344457050e+02 5.112902119865578925e+02 2.941600637983665365e+02 2.186451781776499181e-01 7.843810333514123840e+02 3.975023321332126573e-27 3.703873658528652318e-27 1.653978375920399178e-27 3.293679455372088838e-01 2.984331300566270734e-27 1.269393138524525354e-03 8.174778675234730275e-04 5.180830867509832616e-04 2.318105666592446823e-01 1.145474408133744524e-03 3.659274994826029870e+05 1.630052363954851753e+05 1.013988812613910704e+05 2.455615818848905785e-01 2.682925512120079948e+05
2.589482826922595571e-01 2.714112154759445161e+02 1.507031706965488524e+02 9.711318099458861752e+01 2.154444054086743221e-01 2.431110433773463910e+02 1.408348690168818887e-27 1.123475489852597432e-27 5.699302668175892322e-28 4.357511393195251936e-01 8.664650204814997684e-28 9.277116474678067000e-04 7.347974675048483430e-04 3.677589413344220168e-04 2.661442620327246211e-01 7.906685427434476370e-04 3.695357634940397693e+05 3.197287920355616370e+05 1.172281167019570275e+05 3.277739137984904683e-01 2.404532630538104568e+05
4.500005402658359133e-01 9.631245232687517444e+01 5.907427894995872464e+01 2.555830323056583353e+01 2.129728372145305304e-01 7.946085002817595466e+01 7.738329906677543802e-28 1.097617265252838520e-27 2.166908960061042529e-28 5.995265208741185070e-01 2.974534431854231134e-28 6.717792898385401652e-04 5.113040459411265226e-04 2.149556219859246426e-04 2.762754730577067774e-01 5.048589535889339008e-04 4.921843965068398393e+05 6.329845134506600443e+05 1.831496025404865504e+05 4.653675806152173799e-01 2.729680145447862451e+05
7.820113118116359674e-01 4.941005671696813550e+01 3.861910062208029615e+01 1.540377829571173507e+01 2.492033323908029452e-01 3.873115503797612291e+01 5.944811179216997106e-28 8.457378622203141285e-28 1.769157810630322773e-28 7.196472743415501805e-01 2.061969073483414789e-28 5.893802066354412051e-04 6.104004485901582755e-04 1.900275467954277043e-04 3.263612141477039708e-01 3.918506025613186687e-04 6.868082427738785045e+05 9.781577454490417149e+05 2.828629079263632884e+05 5.515818735529909311e-01 3.620834198995428742e+05
1.358979905757649043e+00 2.856115942981693578e+01 2.644542718836839867e+01 8.591219448853198770e+00 2.651439779905168659e-01 2.154403070616287152e+01 4.526057140038900746e-28 7.909560926890192252e-28 1.423841621928580213e-28 7.122232826198758859e-01 1.764951005884925234e-28 6.655484162948462155e-04 6.097213468794808943e-04 3.247898969417651336e-04 3.915276549576398035e-01 5.089241833178727173e-04 8.868397249636400957e+05 1.047482358622652362e+06 4.819245965879285941e+05 5.323179340535562076e-01 6.159006420155154774e+05
2.361636406479389549e+00 2.103541999459559975e+01 1.410685924921922840e+01 5.988099821495669772e+00 2.606469015340886486e-01 1.565862251781371306e+01 6.449934241236925307e-28 4.871322366770899134e-28 1.458598426248104515e-28 6.659719549204143885e-01 1.840276987831661357e-28 7.398786862632847176e-04 5.711172209424327526e-04 3.114897152449786670e-04 3.114375770818218481e-01 6.736131300395536590e-04 1.121187495484052226e+06 8.874659099808119936e+05 5.850447110232125269e+05 4.501311150809123030e-01 8.682081527699626749e+05
4.104053704384576839e+00 1.668563994494073555e+01 7.918544819015853165e+00 3.864790564026153064e+00 2.352831814032805835e-01 1.248852983084466928e+01 6.562756669447099139e-28 2.753209165481485427e-28 1.066192680132256695e-28 5.976376815473408710e-01 1.580848032379522749e-28 7.894048355534117852e-04 3.901174774401796686e-04 2.772049008918069796e-04 2.030569185871282933e-01 7.428103005890600427e-04 1.508827103595993714e+06 6.448941331848740811e+05 5.217444465631918283e+05 3.698776240146950944e-01 9.561540034844774054e+05
7.132027928711459630e+00 1.221299952366928743e+01 3.931519337269973491e+00 2.673418637246193441e+00 1.213381677850037393e-01 1.162678263247583743e+01 2.564317617906015937e-28 1.491861851166648784e-28 7.191887250656503519e-29 3.701858626900633720e-01 1.534382814116882363e-28 7.413634131418724753e-04 1.535623964880460535e-04 1.922327559434707693e-04 1.167578806514945888e-01 7.551103274324001214e-04 1.277546052818619413e+06 4.748436702602104051e+05 3.277881078416210366e+05 2.536204173758177527e-01 9.744468843400495825e+05
1.239404404517848235e+01 3.772981104925705598e+00 8.090101943574254939e-01 5.210601238046241868e-01 7.323604511344787571e-02 3.642603157533343516e+00 7.886223092037700548e-29 9.805913889350183372e-29 1.242766178921153467e-29 3.032470485009227668e-01 4.639564768256929441e-29 7.381264026227434948e-04 1.536307488759838802e-04 1.044944522085466563e-04 7.420670515192952232e-02 7.228786294627858634e-04 1.369575847746346379e+06 1.539859217106086202e+06 1.895624353511129739e+05 2.325431043336363413e-01 9.574463505358855473e+05
