# R (Mpc), mean rho (Msol/kpc^3), errup (Msol/kpc^3), errlow, std, mean pth (Msol/kpc/s^2), errup(Msol/kpc/s^2), errlow, std, median rho (Msol/kpc^3), median pth (Msol/kpc/s^2) 
#  nprofs 434, mean mh 1230458096690.125000, median mh 1190929728317.431152 
#  Mass range 12.00 - 12.2 
#  Nhalos 33
1.633855776443408903e-02 2.129661565943135647e+05 2.495868100527278439e+05 1.195886252319191117e+05 4.734002136881464984e-01 3.083897671380135478e-25 1.669857508116499945e-25 1.511024156138560245e-25 6.531986790819750421e-01 1.625101208370990062e+05 1.987734631396332327e-25
2.839315922360311981e-02 3.490957801168325386e+04 3.746998732598704373e+04 1.543435314051613022e+04 4.489959567329047108e-01 1.201364091882197298e-25 7.102052309292088809e-26 6.761417526498073582e-26 3.632405756869408475e-01 2.178345579768216703e+04 1.059952954400280210e-25
4.934165562959044737e-02 9.755308117087110077e+03 1.345782475321221500e+04 3.247859615827680955e+03 5.015049122812055282e-01 6.766906983735126220e-26 8.276093651633242520e-26 2.755000287739655232e-26 4.067746012270012090e-01 5.073274933507226706e+03 4.688824143146360010e-26
8.574597004496860297e-02 3.273350816825960010e+03 4.762626078859475456e+03 1.443502256787724036e+03 4.879513862393921042e-01 3.126353653709719571e-26 1.520349121550734521e-26 1.447896460739812262e-26 4.677033374726604631e-01 2.073570774304962470e+03 2.217914353280738476e-26
1.490094178060654695e-01 9.165746616230965174e+02 9.205877779864084687e+02 5.409660034241577478e+02 4.020770562581577612e-01 1.127325189871063427e-26 7.388793693092880253e-27 3.771250435893615794e-27 3.825588360407310984e-01 7.809039381456435649e+02 8.162125439925393266e-27
2.589486897548426425e-01 2.575525050245022953e+02 2.484913249492910268e+02 1.153450536216826094e+02 2.699607211749075475e-01 3.914987150797090293e-27 2.675465908071117000e-27 1.895683826714242085e-27 3.536215431920345931e-01 2.328783718940102858e+02 3.026703281988280811e-27
4.500012476595302013e-01 1.015495841059148461e+02 7.867725901471648342e+01 2.726501619760399819e+01 2.254497301487492777e-01 1.689684416551696182e-27 1.661454860956224159e-27 5.159943420052216975e-28 4.497391687067283095e-01 8.111768617548217719e+01 9.800559282078530497e-28
7.820125411209841726e-01 3.724748442353897104e+01 1.426411627964375839e+01 1.173984147982766046e+01 1.484795985478062075e-01 9.456085947498288706e-28 8.335473867144807000e-28 4.441647514169476905e-28 4.917059911319007770e-01 3.612905359829302654e+01 7.199749590388316953e-28
1.358982042052452988e+00 2.267452834096121705e+01 1.756276205717210814e+01 5.380173189795220523e+00 2.031520274988937169e-01 6.972852611511517932e-28 7.899954439766430327e-28 3.374057829587211843e-28 4.602984684896555545e-01 1.812160756044351473e+01 4.994881723196379268e-28
2.361640118934270394e+00 1.556889410201487145e+01 1.157693636803694126e+01 3.182518521943666912e+00 2.044767923118192832e-01 6.571723974664304004e-28 1.068078611039012364e-27 2.356564273701463618e-28 4.553159083919732231e-01 1.231620712261009309e+01 4.049613320389985358e-28
4.104060155891746220e+00 1.284678070481732348e+01 5.995004349686681167e+00 3.102184082066665738e+00 1.624228660583601769e-01 6.137014880647938511e-28 6.323362285483683398e-28 2.195432229998575443e-28 3.575637253232886725e-01 1.156382203398812791e+01 4.235516780809334136e-28
7.132039140145964851e+00 1.034421648849587072e+01 2.001826929354757922e+00 3.108712184836800674e+00 1.224023103663383211e-01 4.751442316921530469e-28 1.512499520833622717e-28 2.310879049424176740e-28 2.441113783295338346e-01 1.022140108513702117e+01 4.569875231857082019e-28
1.239406352841865555e+01 4.620570233420366435e+00 9.628747549965943620e-01 6.613995579178628681e-01 6.714365117025138108e-02 2.084754313251389902e-28 1.498533810931216814e-28 2.324410315852316663e-29 1.484896012476598637e-01 4.477147437939303920e+00 1.695548758004936988e-28
