# R (Mpc), mean rho (Msol/kpc^3), errup (Msol/kpc^3), errlow, std, median rho (Msol/kpc^3), mean pth (Msol/kpc/s^2), errup(Msol/kpc/s^2), errlow, std, median pth (Msol/kpc/s^2), mean gas-mass-weighted metal (fraction), errup, errlow, std, median metal, mean gas-mass-weighted temp (K), errup, errlow, std, median temp  
#  nprofs 434, mean mh 1213042293037.570312, median mh 1161692128631.223389 
#  Mass range 12.00 - 12.2 
#  Nhalos 32
1.633848418974679848e-02 2.187715062571990420e+05 3.418545039523544256e+05 6.376506351266743877e+04 5.002664186546725844e-01 9.771377754588497919e+04 2.710063039509907861e-25 3.982813314159917675e-25 1.370519735335099445e-25 6.309614037400946840e-01 1.825228218973154068e-25 1.142930872017089948e-02 1.139762633571166778e-02 5.832228373034193010e-03 3.176298897927411491e-01 9.782156822180983202e-03 1.415022134385853424e+05 1.175836263799707813e+05 5.646900827530140668e+04 4.584583523799442006e-01 8.490322774200633285e+04
2.839303136545056824e-02 3.651497221274406184e+04 5.347005954447105614e+04 6.948396417473541078e+03 4.780813875820592584e-01 1.429016964678107615e+04 1.701107308356541845e-25 1.532652693558103179e-25 4.779306104555746244e-26 5.756966949542551282e-01 6.639794873827995565e-26 1.079901753569216874e-02 1.118901397348175293e-02 4.419684732748568531e-03 3.073161900716323558e-01 8.143419537563459723e-03 3.470083153856030549e+05 1.901393943109660468e+05 1.029438059090997704e+05 3.833702950365354134e-01 2.217370155736764718e+05
4.934143343758698452e-02 9.754626411255023413e+03 1.263487580199426520e+04 2.022288956418758971e+03 4.950756401359145964e-01 3.913538667600026656e+03 5.966468573617432607e-26 9.049196657725344826e-26 1.341397071513861780e-26 4.643693329471199061e-01 2.720510341128058041e-26 9.280537705195393561e-03 1.032639755226508714e-02 2.755648799030216423e-03 2.917590675918762533e-01 6.579853148973311208e-03 5.833976206344580278e+05 4.280445119829925243e+05 2.498510686276124907e+05 3.257764306298619461e-01 4.691167456951116910e+05
8.574558391952083469e-02 2.913959534650757178e+03 5.653378596209744501e+03 8.865525419935029277e+02 5.026201465629990262e-01 1.306188331537159229e+03 2.095965180978119975e-26 1.149227928025376700e-26 1.105738703651535002e-26 4.315218332889282915e-01 1.726745489955233597e-26 7.217177699709504714e-03 5.427369995282249442e-03 2.653218896512316363e-03 2.544474251855975977e-01 5.830214010526133146e-03 8.782407599538518116e+05 5.122626599507929059e+05 4.364697343729010317e+05 3.487066820165217185e-01 6.744874909059872152e+05
1.490087467969423429e-01 8.720787065058426606e+02 1.083799533532456280e+03 3.845169153246781661e+02 4.534341656661882713e-01 6.040651432906454374e+02 8.046866392967074448e-27 6.417683021020689969e-27 3.953241055461513857e-27 4.224899790436092428e-01 6.695393756389959948e-27 5.066203874563657630e-03 3.108628368330784708e-03 2.035172755611026462e-03 2.544493205906631639e-01 4.626461815464516340e-03 1.023742885776679846e+06 6.227606828283478972e+05 4.297152096885284991e+05 3.445059922689567289e-01 7.348937421270254999e+05
2.589475236746323628e-01 2.275298294504091245e+02 1.514086050910340191e+02 1.239667557981956492e+02 3.690438272727343816e-01 2.148315925204331052e+02 2.824283522623982666e-27 1.087320466883725282e-27 1.249019859981033678e-27 3.001278682279774346e-01 2.369219156180064324e-27 2.958900493623212169e-03 2.914265363192715570e-03 7.930418084811073371e-04 2.966562270585406669e-01 2.190354593484718226e-03 1.125650630434173159e+06 7.949349828439950943e+05 4.563115780225063791e+05 2.967618620165217158e-01 9.234017927177913953e+05
4.499992212443744144e-01 8.172651625972117984e+01 4.431879906560915572e+01 3.107476430606870110e+01 2.835335307567858898e-01 7.582594205976246826e+01 1.247540430468519726e-27 9.950886380119207952e-28 2.399587356852143135e-28 2.991967123869475609e-01 8.120417776465157494e-28 1.844013246428855219e-03 1.582516384942174881e-03 7.367523498641654397e-04 3.074375728237178640e-01 1.499639122820688609e-03 1.386210390236516017e+06 8.908250240627205931e+05 2.300359786156621994e+05 3.245465049603258323e-01 8.575552099341121502e+05
7.820090196150470963e-01 3.616120633436011644e+01 1.225759123384645477e+01 1.473938138472355064e+01 1.955654213415456422e-01 3.594873349308521426e+01 8.645918669928127461e-28 6.422856951704587763e-28 2.624828979404082558e-28 3.609305689745155310e-01 5.714843831118968135e-28 1.141969816913417828e-03 7.295700963902195055e-04 6.636411939442282693e-04 2.964725499717660306e-01 1.059389719528549580e-03 1.794433766275340924e+06 9.837513470874759369e+05 6.338006793113780441e+05 3.261857771056884681e-01 1.368626392686858308e+06
1.358975922376516987e+00 2.113991942020859582e+01 1.058099533449935237e+01 5.201049787915950517e+00 2.053469568040302562e-01 1.750563653112867968e+01 7.131473524017753549e-28 8.764420782916803923e-28 1.882584553466522553e-28 4.169307878742208873e-01 4.515549393362860528e-28 1.092882662115138856e-03 5.120303936687450787e-04 5.820923633662141621e-04 2.582630656137684944e-01 1.038310885706046453e-03 2.326418143311454915e+06 9.591874680914259516e+05 1.039477227906758199e+06 3.061048473113358037e-01 2.175847285264018457e+06
2.361629484156356984e+00 1.433639861641186997e+01 7.985863623410576650e+00 3.522202973471371124e+00 1.999254685771102436e-01 1.204813762643757968e+01 5.776131714538764125e-28 6.430613625852230931e-28 1.892971304311514587e-28 3.794409984614143805e-01 3.960935359297717403e-28 1.012752048114404831e-03 7.030413314939556102e-04 3.333121402285546759e-04 2.401433268026169632e-01 8.565901506371850814e-04 2.759335901609251276e+06 1.557022083689121995e+06 9.499652241774054710e+05 2.300512395139911459e-01 2.538364066599274054e+06
4.104041674765874781e+00 1.203090941548793680e+01 4.709227787544016053e+00 3.079370759126721424e+00 1.859626653127809670e-01 1.033510900445342529e+01 6.250562955858655009e-28 3.602859899587802069e-28 2.075356525211367414e-28 3.560668121838385658e-01 4.340801528701738331e-28 1.128759283025476982e-03 4.165265543324267114e-04 4.272383524430955733e-04 1.554052259146856407e-01 1.087100557423341992e-03 3.123388830881499220e+06 7.972632645396403968e+05 1.003403294204052072e+06 2.005700439836125837e-01 3.104966209969249554e+06
7.132007023630110076e+00 9.022857135990243194e+00 1.680632222026709144e+00 3.217823000671653055e+00 1.296580413540252275e-01 9.238124134017407840e+00 3.855927137376359518e-28 7.947967878451459105e-29 1.716863479279938119e-28 2.362072660424020809e-01 3.897760263959541528e-28 1.071111979839510986e-03 1.285696766924187152e-04 3.693759301253238952e-04 1.067440590085358132e-01 1.128854914380139195e-03 2.995284146287186537e+06 2.690742853964548558e+05 3.767660569013580680e+05 1.212819308220727949e-01 3.076869504311112687e+06
1.239400771631078335e+01 4.675357627373632141e+00 1.032442799427371050e+00 4.748195187331782918e-01 7.088090918909982496e-02 4.511332189674218895e+00 2.057672196314647185e-28 1.654845969093758014e-28 2.844530269872014723e-29 1.699591544247391339e-01 1.629817693780582113e-28 1.080585733031037788e-03 1.400953733833847775e-04 1.525883880104553052e-04 5.363375620819285650e-02 1.080822427663522814e-03 3.134076421305481344e+06 1.569893894592197612e+06 3.050101174381612800e+05 1.014448011341385764e-01 2.756737351167970337e+06
