# R (Mpc), mean rho (Msol/kpc^3), errup (Msol/kpc^3), errlow, std, mean pth (Msol/kpc/s^2), errup(Msol/kpc/s^2), errlow, std, median rho (Msol/kpc^3), median pth (Msol/kpc/s^2) 
#  nprofs 468, mean mh 9207749302101.957031, median mh 9361691589309.994141 
#  Mass range 12.81 - 13.2 
#  Nhalos 5
1.633848418974679848e-02 2.475613519766305035e+04 9.550459667070237629e+03 1.412041081153281084e+04 3.692932286802537711e-01 1.705720780906075147e-24 1.820981881271423258e-24 4.507553590745190010e-25 4.565280609476782270e-01 2.633376405462806724e+04 1.043686729935880836e-24
2.839303136545056824e-02 7.239265022758935629e+03 5.041675117854139899e+03 1.866039296012013438e+03 2.134603683796911788e-01 4.667960375053787300e-25 5.271339931604199857e-25 9.832089441583587399e-26 3.285966153282765534e-01 5.833352881643466390e+03 2.879690342731034733e-25
4.934143343758698452e-02 3.432683010326856220e+03 3.689221570559151587e+03 8.027102545460040801e+02 2.977889965783070969e-01 2.250030478148445845e-25 2.209225505402415953e-25 7.915521454643417712e-26 3.564177037550549931e-01 2.169084019661673665e+03 1.516843729775932433e-25
8.574558391952083469e-02 1.762717744619596488e+03 1.907194379756031367e+03 5.454432456496018631e+02 3.071153226919361989e-01 1.131028340754840196e-25 1.003680112822445313e-25 1.709469691988748753e-26 3.258559394016429245e-01 1.216831066718523971e+03 7.078102280086610904e-26
1.490087467969423429e-01 1.322903068852605429e+03 1.839808552756058361e+03 2.393222311790729577e+02 4.071596401482199257e-01 7.969299306281079790e-26 7.261373760079436492e-26 2.781584195617990319e-26 3.735291209576616089e-01 5.887257851391691474e+02 5.512717817131661591e-26
2.589475236746323628e-01 6.597048999822520727e+02 5.016848187476293219e+02 2.052762268470248728e+02 3.147470339431481245e-01 3.882153765837712782e-26 5.432029610031287215e-26 4.960258723256617693e-27 3.535799639878332012e-01 4.910457624010243194e+02 1.828920086613852099e-26
4.499992212443744144e-01 2.534815350861270815e+02 1.021476382621818004e+02 4.659590865789519398e+01 1.492925399751307558e-01 1.133799117665142373e-26 9.536229061851492671e-27 1.609224289952318765e-27 2.213390301886431211e-01 2.218643630099197424e+02 8.326230079144196571e-27
7.820090196150470963e-01 9.588320475268457699e+01 3.382267690734911980e+01 6.069078377927723977e+00 1.054856327731206744e-01 3.222146330807020891e-27 9.538641102275531963e-28 1.141124003249376133e-27 3.022477396357685087e-01 8.271930950454458298e+01 3.291323849818614451e-27
1.358975922376516987e+00 3.459983035582195043e+01 7.688509834962580669e+00 2.958636259293889736e+00 6.398791939956356700e-02 1.217675713686369930e-27 6.390098520593083270e-28 6.291224660906307289e-28 3.222042742155647455e-01 3.262045189811178147e+01 1.158668114033518849e-27
2.361629484156356984e+00 1.951769800226283635e+01 6.110845692395646012e+00 2.432729262303505280e+00 1.122204334201804404e-01 7.625458666817639462e-28 4.478070819486370062e-28 1.488544581257727341e-28 2.093913950833265203e-01 1.759507645826992572e+01 5.966558723294184955e-28
4.104041674765874781e+00 1.350256409763124665e+01 1.852575432785094733e+00 7.574891056008379309e-01 4.939895090716939913e-02 5.001013955835266625e-28 7.746260935404722554e-29 6.490997345850896556e-29 6.874919688667006923e-02 1.301914979120139293e+01 4.884766193844704454e-28
7.132007023630110076e+00 1.135374757080041164e+01 3.080305738584307562e+00 3.299689401823833634e+00 1.301960033912888393e-01 5.984793386378307076e-28 4.509672879728187243e-28 1.237157098439460669e-28 2.443227921356432852e-01 1.119111403003411098e+01 4.291868424802358270e-28
1.239400771631078335e+01 3.951181436190741358e+00 4.602110672636330335e-01 8.687322183424619482e-01 7.572979502843099620e-02 1.773864098593317853e-28 1.363512597363810688e-28 4.001754269745771102e-29 2.132010024231587586e-01 4.108416337496849202e+00 1.374337137511917727e-28
