# R (Mpc), mean rho (Msol/kpc^3), errup (Msol/kpc^3), errlow, std, median rho (Msol/kpc^3), mean pth (Msol/kpc/s^2), errup(Msol/kpc/s^2), errlow, std, median pth (Msol/kpc/s^2), mean gas-mass-weighted metal (fraction), errup, errlow, std, median metal, mean gas-mass-weighted temp (K), errup, errlow, std, median temp  
#  nprofs 476, mean mh 1934178763469.024902, median mh 1860969735584.534668 
#  Mass range 12.21 - 12.4 
#  Nhalos 25
1.633856137514670334e-02 8.371486191388059524e+04 1.120894937547940935e+05 2.147568418136808759e+04 4.577802950463099596e-01 4.533367525498764007e+04 4.957446760682511124e-25 7.816357684023988080e-25 2.309131244965553385e-25 6.983322995640200981e-01 3.349752993230035980e-25 1.557474990396667640e-02 1.142531805122320651e-02 7.354056299029940874e-03 2.673074091828437915e-01 1.377826643263691322e-02 5.337980990497309249e+05 4.837962980281740311e+05 3.806966752832527272e+05 4.974490245178289083e-01 5.032047894485628349e+05
2.839316549830248754e-02 1.681841434797977854e+04 1.701599214460958319e+04 8.189181750427935185e+03 3.549783348258243043e-01 1.474608503805532564e+04 2.059664610357685999e-25 2.202717297247188819e-25 9.113058325481645062e-26 4.323356099569526934e-01 1.407960003154785346e-25 1.170806660956376540e-02 5.297290120539484282e-03 6.916960403229220622e-03 2.335536581803470957e-01 1.216427051688533101e-02 9.177925321517629782e+05 7.365509403507329989e+05 3.127563000762973097e+05 2.725348077145647863e-01 7.187330127775236033e+05
4.934166653376820949e-02 6.109733466399780809e+03 4.291812683119474968e+03 2.816112445834976370e+03 5.955675711827914665e-01 5.002571606964665989e+03 1.164634822787197584e-25 1.407994190823468647e-25 5.111756675410068618e-26 5.704156201698339368e-01 8.144715459035962781e-26 9.070585891859259120e-03 5.487469120793207061e-03 4.544634521336282824e-03 2.491263263280563411e-01 8.895171542075124699e-03 1.471745103525340790e+06 1.149460682576125488e+06 4.571005406908621080e+05 2.329042050813177056e-01 1.232227650396771263e+06
8.574598899425776855e-02 2.344472131407361303e+03 1.867900410712660914e+03 7.198807897430735920e+02 4.402551219199941634e-01 1.587910194339620148e+03 6.705681449265553061e-26 6.046986336772108772e-26 2.285398309133931658e-26 5.225207738665932355e-01 4.862949791208097723e-26 6.320304618454845175e-03 3.701041223278153311e-03 1.957754381778308971e-03 2.451392380037073770e-01 5.110817190918963068e-03 2.164369435326359235e+06 1.332845419421429746e+06 5.976769714721420314e+05 2.250244883420279007e-01 1.775188616580322385e+06
1.490094507361558740e-01 1.154979400724721700e+03 9.397341494331813010e+02 2.928684957549257888e+02 4.187056333347111692e-01 8.736288380295422940e+02 2.882620570474453130e-26 1.582109055618239162e-26 8.862645279764158100e-27 4.424779856446369175e-01 2.124729249813746995e-26 4.953876636394207583e-03 5.218431318842083749e-03 9.955286860099583392e-04 2.930128805537896564e-01 3.147867930069766802e-03 1.814320241728521883e+06 8.249711148140069563e+05 4.894684392280783504e+05 1.904728603967125178e-01 1.590870614756059134e+06
2.589487469807810194e-01 3.711153150478008911e+02 2.620945227023793223e+02 8.368394370034312146e+01 3.543891557996210473e-01 3.278558510589209618e+02 1.084567261499886795e-26 7.834010558865021328e-27 2.793405982039425934e-27 4.067836464329784851e-01 7.146815091296416261e-27 2.889187535450339975e-03 1.455268875475014545e-03 9.212083924134242038e-04 2.208395524963439049e-01 2.482723653525792558e-03 2.066179307373797055e+06 1.857270855429981835e+06 5.472012486359355971e+05 2.423465343397493976e-01 1.610126061977424193e+06
4.500013471068133319e-01 1.577998263345863847e+02 1.181800265151431688e+02 3.432768724444845532e+01 2.649478123854470679e-01 1.302990093045968649e+02 4.795595808765377110e-27 3.732667791374791891e-27 2.057023831864417482e-27 3.801050210046203470e-01 3.436944521048157563e-27 1.914942069437838065e-03 1.229992001795759786e-03 4.273391501081417326e-04 1.923622696997601134e-01 1.605814827812741645e-03 2.077176260408133501e+06 7.002793419399419799e+05 1.144925812026930274e+06 2.578110118075204737e-01 1.980982948990582954e+06
7.820127139405553818e-01 8.293554019822371970e+01 3.968071278734251450e+01 2.705962404723314307e+01 2.281138778673684475e-01 7.893194191218312028e+01 2.977912810743651570e-27 2.537560111319578689e-27 1.152934179877797393e-27 4.010975401944247287e-01 1.883940034509971886e-27 1.698970914857658113e-03 5.225314726773320779e-04 5.085305686615782059e-04 1.722205736126466435e-01 1.567527080597833728e-03 2.270505432066414505e+06 1.213326740473533748e+06 1.026554476716601988e+06 2.583471928474874724e-01 2.062549500367156928e+06
1.358982342378446839e+00 4.992187165403561266e+01 1.073138990564893192e+01 1.617228456410429160e+01 2.026915900136081472e-01 4.702305165079592086e+01 2.566833270495407006e-27 1.353150352863647974e-27 8.845599871561870486e-28 4.100514012346561654e-01 1.506465086565961972e-27 1.313370852061430429e-03 5.673661387541896993e-04 4.110689437819840981e-04 1.668508645095277687e-01 1.225715826597142347e-03 2.745196180381016806e+06 7.272511858583563007e+05 1.401168041908313753e+06 2.374411677026396772e-01 2.766807330104005523e+06
2.361640640841031757e+00 3.299833761028593671e+01 1.062977054313361691e+01 7.386279190888025425e+00 1.945636068074790004e-01 2.768092047037932701e+01 1.987466972365652157e-27 8.778958517276147278e-28 7.985749914227422146e-28 3.579612353621000609e-01 1.376431361908096793e-27 1.167712103024364650e-03 4.144784858543582896e-04 3.888882757768937198e-04 1.415293787900200051e-01 1.171334227615848048e-03 3.490769625050921459e+06 1.341814817462939769e+06 1.051300031417809892e+06 1.809763092011330010e-01 3.178334717676485889e+06
4.104061062861748432e+00 2.399198645428553078e+01 5.895895483045439533e+00 9.499717113101826982e+00 1.614639903798585907e-01 2.414541244095051908e+01 1.261257407297168637e-27 4.788267962000793145e-28 4.496693809622019170e-28 2.893155000388223930e-01 1.011827121681144151e-27 1.143419215851377690e-03 3.411409459648778036e-04 1.790251003630822938e-04 1.102209294569929388e-01 1.078908835476733970e-03 3.484229120269455481e+06 1.095120555574225727e+06 5.317000087173474021e+05 1.395360390285303454e-01 3.067237695516184438e+06
7.132040716279185233e+00 1.922870839128453113e+01 6.447525763403060495e+00 2.635743212196594243e+00 8.531710369487179035e-02 1.825309366194500882e+01 8.142978918527207996e-28 7.777760413406876698e-28 9.789664904106967110e-29 1.767799363114724853e-01 6.382834756821967980e-28 1.035891237021504792e-03 1.968040606989849770e-04 1.707622702563551392e-04 7.042041700979309593e-02 1.026794100429501231e-03 3.025102129806336947e+06 1.272542057621201035e+06 4.096060071070119739e+05 9.826174450223577883e-02 2.811861268611259758e+06
1.239406626742427164e+01 2.025715934240603922e+00 2.622097776725493823e-01 1.015137655125029070e-01 4.267100497315394481e-02 1.995479756370652336e+00 7.752795888726255608e-29 2.312824731381617065e-29 1.322092125604506776e-29 1.215735953663758251e-01 7.286109933878550001e-29 9.704279822085404641e-04 1.439907550486462006e-04 3.979071971673482817e-05 5.315377836415458024e-02 9.289309456465122796e-04 2.808796151910803746e+06 5.702076849240171723e+05 3.614522456124438904e+05 8.227708189502105918e-02 2.677877042066667695e+06
