# R (Mpc), mean rho (Msol/kpc^3), errup (Msol/kpc^3), errlow, std, median rho (Msol/kpc^3), mean pth (Msol/kpc/s^2), errup(Msol/kpc/s^2), errlow, std, median pth (Msol/kpc/s^2), mean gas-mass-weighted metal (fraction), errup, errlow, std, median metal, mean gas-mass-weighted temp (K), errup, errlow, std, median temp  
#  nprofs 471, mean mh 554031132763.569824, median mh 497644623671.287109 
#  Mass range 11.50 - 12.0 
#  Nhalos 182
5.932162445594626674e-04 2.467125522875856161e+08 4.684908782346324921e+08 6.019168510222618282e+07 6.102974577321872429e-01 8.381268842414307594e+07 1.059340572754285012e-22 1.996042132575479816e-22 1.754496321832857049e-23 8.672761895414820010e-01 2.074773102358342151e-23 2.835035891710899637e-03 2.282178171015064247e-03 1.229856205567915646e-03 3.603055771011310360e-01 2.189713947935151631e-03 2.065483614556560860e+04 8.618389938984037144e+03 5.812762081623010090e+03 2.464870331961958594e-01 1.879301795065676561e+04
1.030891681423026437e-03 1.248806552576542944e+08 1.664985391068289280e+08 4.847688715713931620e+07 5.446955423205287472e-01 6.680076010438519716e+07 3.109064637947780078e-23 4.684033431470366727e-23 1.228837937413843767e-23 6.859052640178924243e-01 1.489791696841830834e-23 2.977336314519144368e-03 2.179059180255007219e-03 9.242424758630642632e-04 3.544779010800309660e-01 2.065850783973968794e-03 1.808368362639438055e+04 4.368153307543932897e+03 2.865973373915870980e+03 1.716821343803242306e-01 1.645485278578046564e+04
1.791484418327772034e-03 6.097319819585835934e+07 7.504005856869111955e+07 2.822317711255171522e+07 4.191069728194457000e-01 4.285381646554230154e+07 1.043382210005883439e-23 1.017278620747757585e-23 5.686152166513605823e-24 4.631228532197177450e-01 8.038193132168818492e-24 2.813451804820398926e-03 1.891093242928084707e-03 1.049054923592741785e-03 3.590602969698631908e-01 2.046125020964940054e-03 1.658994368393346667e+04 8.060525725780200446e+03 4.884807004905373105e+03 2.344089274593003369e-01 1.425425663407140382e+04
3.113243106861596308e-03 1.908402855698574334e+07 1.507905740363934264e+07 8.360503933605987579e+06 2.934818967361576547e-01 1.598410379398754612e+07 2.961385260922285150e-24 3.445801669154756334e-24 1.305396532312924602e-24 4.234978267653083939e-01 2.031247563453607276e-24 2.752601636186129304e-03 1.765990710221882875e-03 1.142840873769795235e-03 3.588535653854518781e-01 2.046093860864787138e-03 1.395840161069218993e+04 7.913953894611833675e+03 5.741035206871736591e+03 2.550350057524372605e-01 1.279316828598590291e+04
5.410196451202359258e-03 4.134710664646171033e+06 2.376150803565127775e+06 1.202075284395525232e+06 2.128360105502554167e-01 3.681446240566116758e+06 8.176534894479873533e-25 8.401679785870126245e-25 3.757104622406759625e-25 4.027583892876657190e-01 6.095945253293490663e-25 2.702099392752380438e-03 1.973146944489215411e-03 1.142470123532959934e-03 3.866480665248789861e-01 1.952833808256912093e-03 1.721253009918096359e+04 7.572740638237359235e+03 6.036237124432440396e+03 2.475867606599775061e-01 1.569947831096088339e+04
9.401843876596392702e-03 9.012068452360722004e+05 6.021321384166061180e+05 4.092517157647197018e+05 2.983600591641526467e-01 7.898642341005400522e+05 3.113597197738370278e-25 3.261138233717464247e-25 1.397934168425108748e-25 4.547166897064494062e-01 2.299241608582330629e-25 2.712503454237192354e-03 2.344575929778136645e-03 1.081517804994615393e-03 3.995478006880873734e-01 1.779391058810271282e-03 3.278032651329936925e+04 2.904436239567375378e+04 1.111928043466827512e+04 3.277088305289760917e-01 2.273455429489425660e+04
1.633853208052144651e-02 1.758947839085391024e+05 1.672554223346875806e+05 7.966389487678665319e+04 3.914323893645828556e-01 1.385482477655054245e+05 1.362875016018024541e-25 1.269876228113978327e-25 6.345475745870478015e-26 4.555992569125480451e-01 1.048988413016557855e-25 2.660250900094358276e-03 2.123512331014547512e-03 1.068288985870526845e-03 3.897085499057198477e-01 1.728474124709876566e-03 8.107601040450239088e+04 8.524513017440725525e+04 3.307213727354730509e+04 3.803289414466311524e-01 5.617791195478943700e+04
2.839311459007843805e-02 3.912161347867526638e+04 3.413258171450204827e+04 1.860762397923201934e+04 4.305463325130222674e-01 3.172171489737716183e+04 6.267716128312593044e-26 4.521817530817048734e-26 2.424648407443097169e-26 3.915999839645918357e-01 5.116834774874828712e-26 2.528121575996407182e-03 2.126272670606504153e-03 9.139138696195841637e-04 3.773248540823240238e-01 1.600580405383047761e-03 1.736007630305396742e+05 1.337008962112898007e+05 6.425302739266224671e+04 3.328332242485599335e-01 1.245074964149732259e+05
4.934157806541426133e-02 1.079681840603083947e+04 9.432644108043044980e+03 4.434918201255537497e+03 4.501135560889780729e-01 8.462017069043198717e+03 3.407933647186095559e-26 2.127852690778217470e-26 1.452174808773647620e-26 4.489015372155334416e-01 2.742465331572904169e-26 2.291530102628282564e-03 1.938253237523930236e-03 6.812581247119470565e-04 3.783053928762718510e-01 1.267077508626043326e-03 3.889154581324065221e+05 1.695820383887243515e+05 7.850496953309248784e+04 3.481919911268218648e-01 1.948679601581743045e+05
8.574583525387895200e-02 3.024426959431651994e+03 1.960655013091494311e+03 1.539553957871620923e+03 4.362506770647157639e-01 2.807937255104687665e+03 1.367990189709729786e-26 1.083341905536648521e-26 6.820579204903392073e-27 5.004987119507685600e-01 1.079403441550946667e-26 1.792481101635206827e-03 1.514306447685987876e-03 4.253933657430069909e-04 4.198850086959353689e-01 7.978405920361839303e-04 4.342476097368291812e+05 2.546627851481820398e+05 8.324582852096823626e+04 3.308502117527687414e-01 2.399997036405589024e+05
1.490091835659981823e-01 7.445456290865377014e+02 4.258656143781242918e+02 3.316258812717493925e+02 4.193493983697784144e-01 7.003302847087481950e+02 5.022543217940325006e-27 4.046282428217863579e-27 2.298753588898438036e-27 5.013735222570137040e-01 3.321192244855770426e-27 1.284868355408999314e-03 1.004612824513217029e-03 1.710658176993176021e-04 4.801612301549147421e-01 3.772690799586083201e-04 6.450483676902332809e+05 5.417446735069953138e+05 1.589998198272789305e+05 3.972079966607814927e-01 3.219654684034850216e+05
2.589482826922595571e-01 2.143175887493087544e+02 1.343550476183930016e+02 8.040963081547145919e+01 3.792175233330530859e-01 1.875271703517539379e+02 2.491947310957454180e-27 3.108169633563566501e-27 8.621743145071826114e-28 5.500989207158204497e-01 1.153872652678678100e-27 8.084682301942948445e-04 7.939207968828324415e-04 8.756724741350745730e-05 5.043712638048790664e-01 2.039723230925796727e-04 1.062712771528428886e+06 1.452503344085348770e+06 2.650965377788732876e+05 5.200760892518969669e-01 4.039804639878527960e+05
4.500005402658359133e-01 8.504304247856698851e+01 5.929208929549569973e+01 2.598050533738822310e+01 3.125269229815765826e-01 6.707856890526271343e+01 1.757570126039755697e-27 2.024979893992436566e-27 7.112224274234824124e-28 7.022847455367091651e-01 8.095409856469081935e-28 5.494878245739665944e-04 6.993573370883840673e-04 8.996231329372419191e-05 5.236670619212839828e-01 1.629721875515093140e-04 1.695085778718457557e+06 1.519662535750013776e+06 7.566852960643754341e+05 6.294270641913455311e-01 8.868403548120502383e+05
7.820113118116359674e-01 4.566226649445675179e+01 4.026370198264636713e+01 1.516600493319447196e+01 2.869864772202136982e-01 3.383425825728906489e+01 1.563108111017469626e-27 1.859027745791866200e-27 6.787866199534661896e-28 7.921779950970269102e-01 7.784543397370622750e-28 5.165206462593612598e-04 6.423302933427719325e-04 2.269125856788746054e-04 5.390084478079719688e-01 2.871389231996660072e-04 2.202014796007305849e+06 2.575254652518688701e+06 1.226133925468168687e+06 6.580777120203293862e-01 1.471619188615850871e+06
1.358979905757649043e+00 2.967997560221101949e+01 2.731992525004329053e+01 9.270129385938936650e+00 2.959774721409709763e-01 2.080140933950288229e+01 1.504660755997492393e-27 1.338142090052123057e-27 5.429118039734977126e-28 7.543795410177570604e-01 6.525973601808655909e-28 6.542487229191310937e-04 6.311930548926409420e-04 3.187831480622657903e-04 5.173580323444866291e-01 4.591416214428383651e-04 2.725635965835610405e+06 2.608198144779487047e+06 1.624121896980389021e+06 5.921606603361784238e-01 2.202928059534104075e+06
2.361636406479389549e+00 2.107661979920368012e+01 1.466539801405497911e+01 6.840593841943057640e+00 2.678851315577427394e-01 1.607091283098070988e+01 1.129667307071858343e-27 1.076541883994948731e-27 3.995961375295292965e-28 5.850387163426182813e-01 5.426792683285335397e-28 7.869444831114525687e-04 7.027245294851139053e-04 3.370216693272055420e-04 3.407391189701934886e-01 6.818405400390803667e-04 2.857509158585409168e+06 1.888353906016661786e+06 1.627512103269100189e+06 3.968114226896679031e-01 2.616793504415276460e+06
4.104053704384576839e+00 1.621383098953881685e+01 7.903123943286846753e+00 4.112723036865178372e+00 2.349423360053578547e-01 1.244901418402675830e+01 9.538629573051013630e-28 6.043451462699186739e-28 2.934880489988012843e-28 4.574682636669525904e-01 4.666103769848375511e-28 8.976208633325259267e-04 4.036494238873434767e-04 3.132755620813567309e-04 2.099553889063831558e-01 8.429705493774217705e-04 3.135990833444555290e+06 1.348808564755536616e+06 1.491406609616534552e+06 2.480597611075974762e-01 2.890835825531772338e+06
7.132027928711459630e+00 1.227586950304622171e+01 3.845690056835310955e+00 2.883395161695712972e+00 1.230940537373430010e-01 1.175340587206864562e+01 5.294662311230462123e-28 3.196811651794729311e-28 1.528549025346558579e-28 2.474686835899581883e-01 4.240875257943698848e-28 8.157858947217544454e-04 2.075148617106891379e-04 1.844842991648417210e-04 1.163988086659603211e-01 8.061600108530146604e-04 2.948042868953756522e+06 8.338659396670805290e+05 6.072297417060020380e+05 1.333063805831752324e-01 2.737042967585694045e+06
1.239404404517848235e+01 4.340338174765323132e+00 9.490582870578387897e-01 4.965727847580110321e-01 6.595623009169443440e-02 4.173449841189956544e+00 1.856674587797511120e-28 1.490448776792921742e-28 3.253086504468398214e-29 1.695880612881577043e-01 1.514393645375304991e-28 8.362451876504627688e-04 2.010175755762723566e-04 1.178570746749469647e-04 7.879857980649025706e-02 8.079840367814132909e-04 3.045891958594564348e+06 1.521013115377942566e+06 4.117509696156145073e+05 1.066775247986577468e-01 2.769953248119044583e+06
