# R (Mpc), mean rho (Msol/kpc^3), errup (Msol/kpc^3), errlow, std, mean pth (Msol/kpc/s^2), errup(Msol/kpc/s^2), errlow, std, median rho (Msol/kpc^3), median pth (Msol/kpc/s^2) 
#  nprofs 436, mean mh 2063104973646.000977, median mh 2135771295385.200195 
#  Mass range 12.21 - 12.4 
#  Nhalos 22
1.633848482519974915e-02 1.275623680082677747e+05 1.873015461966177099e+05 3.117264055381345679e+04 4.887014874800327258e-01 6.297385936690986425e-25 4.975256645495020603e-25 2.589613710235338341e-25 9.449783528357215134e-01 5.439431930127951637e+04 3.054795258390363846e-25
2.839303246974122716e-02 2.778479675577975286e+04 5.408884071194002900e+04 9.873162128668900550e+03 5.705036383127430888e-01 2.282607347875062335e-25 2.463884966743837516e-25 1.000507012415788420e-25 6.873394171739284353e-01 1.304606180813613901e+04 1.319944738961257697e-25
4.934143535662420532e-02 7.642837652019505185e+03 9.754133135262265569e+03 3.192023695640379628e+03 4.606491830772495577e-01 1.153535013825121807e-25 1.399514127051007465e-25 3.217837585566441147e-26 4.479206690557850923e-01 4.743309259216493956e+03 5.710806673754983756e-26
8.574558725442532614e-02 2.739887242649009295e+03 1.668706335894594304e+03 1.202711366174591149e+03 4.222944894150507111e-01 5.967861300036398806e-26 4.394380613640246443e-26 2.171920513484756561e-26 4.476046136378515894e-01 1.818975809188416861e+03 3.279351327127102665e-26
1.490087525923421141e-01 9.982280646422361770e+02 5.818243345801751047e+02 5.140932621724175533e+02 3.834369675297618629e-01 2.252591886340484909e-26 1.392739876609344469e-26 1.622916247182869296e-26 3.585028684231593710e-01 8.149526414614916803e+02 2.397467321717564945e-26
2.589475337458828630e-01 3.743785226339409178e+02 2.558108395884090100e+02 1.964233585328252616e+02 3.013695100795042436e-01 9.867647258538203671e-27 5.050577058463774074e-27 4.643057872125315067e-27 3.089004930340281119e-01 3.429924675765416282e+02 8.483875926442264134e-27
4.499992387462019017e-01 1.442495356951434644e+02 7.879478126225848200e+01 4.030926950691772959e+01 2.042386171842346665e-01 4.476541735390999886e-27 3.116083966262154041e-27 1.477888752270962476e-27 2.929706357003576955e-01 1.321219415388904963e+02 3.577463683321438171e-27
7.820090500297373071e-01 7.204327683761844980e+01 3.093812774549181199e+01 2.121434751840315869e+01 1.533684884520069847e-01 2.625800010946409171e-27 1.965532703743424514e-27 1.284036269841248945e-27 3.081465557381280473e-01 6.689785618548648927e+01 2.351002892622674746e-27
1.358975975231191180e+00 3.750739367693731197e+01 6.698732817218640889e+00 1.152687251265098212e+01 1.341828704348658752e-01 1.880881439674122982e-27 1.207815892908512166e-27 9.908901076877200944e-28 2.960982227456248062e-01 3.922432664896980725e+01 1.811446848447128757e-27
2.361629576007254094e+00 2.547892696512258226e+01 4.971671691129451176e+00 1.014250911270743671e+01 1.347817181361457006e-01 1.551702996668955819e-27 7.684025656286313225e-28 9.641808642556040257e-28 2.664059367570096870e-01 2.757475125784159076e+01 1.670642502606067327e-27
4.104041834384438481e+00 2.006614862213708506e+01 4.089900664266064467e+00 8.482106526086070630e+00 1.337103041881742838e-01 1.103468563985508752e-27 2.622414484382363830e-28 5.962405632239940612e-28 1.900122610286647529e-01 2.167006041882847711e+01 1.248965717712189157e-27
7.132007301015381273e+00 1.672710648259116084e+01 5.163133214074637323e+00 2.916838780786008556e+00 8.927632323033019013e-02 8.031242815081057575e-28 5.313066355319316269e-28 1.050445797036051546e-28 1.497009967356005000e-01 1.634972087404909757e+01 7.006460043336252739e-28
1.239400819835114298e+01 4.808219685303937396e+00 4.163413447457298133e-01 8.373759540873022544e-01 4.862766731876522197e-02 2.314055218229128020e-28 6.308122321796466647e-29 5.357633163798350657e-29 1.098857264251783122e-01 4.895348447767278621e+00 2.246579586652677062e-28
