# R (Mpc), mean rho (Msol/kpc^3), errup (Msol/kpc^3), errlow, std, median rho (Msol/kpc^3), mean pth (Msol/kpc/s^2), errup(Msol/kpc/s^2), errlow, std, median pth (Msol/kpc/s^2), mean gas-mass-weighted metal (fraction), errup, errlow, std, median metal, mean gas-mass-weighted temp (K), errup, errlow, std, median temp  
#  nprofs 447, mean mh 4201871726399.974609, median mh 3178426111318.229492 
#  Mass range 12.30 - 13.1 
#  Nhalos 36
5.932145288224347380e-04 2.115854349258264899e+08 1.172875385945744514e+08 2.589899478608911112e+07 5.978240352243389122e-01 4.580034489093306661e+07 2.460660934147873123e-22 3.668921481026379747e-22 1.023639601200389910e-23 7.877949801715296019e-01 1.868686706947750373e-23 8.089151811154179569e-03 5.042003330773901955e-03 3.518219539868974559e-03 3.251395301004572080e-01 7.789728021086478153e-03 1.243587708052890812e+05 7.583050276866712375e+04 9.443592246226780844e+03 4.928117815156903836e-01 2.983441001403569680e+04
1.030888699813797393e-03 6.219381259397528321e+07 4.885479983063505590e+07 9.772503250087916851e+06 5.312282956297369463e-01 1.736334703555832803e+07 6.986684851247733444e-23 9.443293707448305455e-23 8.189386827873856614e-24 7.444419257902862297e-01 1.352343818316763326e-23 6.588898853975855459e-03 3.246515563778225658e-03 3.126805924124822535e-03 2.574006051084284374e-01 6.675828839527451000e-03 2.724907695258607855e+05 1.306345507482891117e+05 1.533801753310368076e+04 5.999717941563919021e-01 3.455337749468862603e+04
1.791479236884782524e-03 2.884513992842428759e+07 4.330747350780880451e+07 4.270541568040953949e+06 5.357259732231319793e-01 9.767588472250238061e+06 4.110952639476164312e-23 3.696754879274644639e-23 1.676958959701406015e-23 7.815100506620993315e-01 1.860020715939763919e-23 6.503568658392444232e-03 3.748105858948354990e-03 1.867604588635169392e-03 2.036526401961014088e-01 5.917425998250541719e-03 3.876771228091675439e+05 4.553301949467692175e+05 1.346074479693341709e+04 6.990012332517990812e-01 3.394495017113181530e+04
3.113234102545675390e-03 1.212357761032120138e+07 1.058223967958206311e+07 6.534624845747958869e+06 3.767977116628429823e-01 1.032741283449403569e+07 1.826025160673265961e-23 1.779141312132547984e-23 6.306525410985199063e-24 4.513738472877972252e-01 1.061210417892470244e-23 7.576609983329847878e-03 6.156694964137640266e-03 2.219721228679115161e-03 2.302968085837646672e-01 5.965346020134083480e-03 1.973446412704653630e+05 2.197711614213722642e+05 7.554926445304384106e+04 5.179428929170901696e-01 1.005504414624956698e+05
5.410180803494689730e-03 4.461266567894785665e+06 2.123928285666996613e+06 2.290755562645217404e+06 2.669836553696330883e-01 4.254169881568456069e+06 8.014984261993183065e-24 4.012454070320366568e-24 3.016459315196046533e-24 4.820827712569317192e-01 5.192022283290965410e-24 7.864989738847895373e-03 7.272196398266018991e-03 3.422620937647551098e-03 2.577603549734217014e-01 6.806535141923060819e-03 1.602806947892844910e+05 1.339851904543942655e+05 4.566759056322502875e+04 4.290479867402053338e-01 8.480988745851692511e+04
9.401816683997036433e-03 9.404160226391940378e+05 8.160808579033499118e+05 4.695984712970003020e+05 2.921915061250385248e-01 7.970630594580224715e+05 3.445040660803905858e-24 1.778338266065900517e-24 8.559811419330069469e-25 2.782467417755147276e-01 2.315624805243954516e-24 7.241052353287468282e-03 6.014849430840189110e-03 3.698834661568597883e-03 2.651124041866781411e-01 6.670882102781364523e-03 3.646476456293452065e+05 4.444654432640855666e+05 1.508740738453262311e+05 3.955910489336129099e-01 2.380703820780445822e+05
1.633848482519974915e-02 2.248860087588020833e+05 2.265355347054315498e+05 1.256684958134392218e+05 3.818819756101604068e-01 1.862287215238788631e+05 1.750765861575066169e-24 1.119163552832191097e-24 4.268999969215323599e-25 2.904981748324746427e-01 1.196150735719454764e-24 5.850119398785516740e-03 5.532371045639533289e-03 1.485668285052664517e-03 2.593472182893190037e-01 4.362419233914673414e-03 9.010380047197809909e+05 8.355578482251436217e+05 4.756482873893694486e+05 4.072155483927074049e-01 6.737051095377831953e+05
2.839303246974122716e-02 5.355107120020233560e+04 5.151920814758514462e+04 2.492730999410061486e+04 3.735972608036696174e-01 4.143143000041117193e+04 1.018901294147385697e-24 1.341270700145309535e-24 2.249306703428590253e-25 3.293532896573675428e-01 6.391501921117556652e-25 4.388006076242140924e-03 3.817860360713046849e-03 1.085107092041075801e-03 2.268944709944354376e-01 3.449216292390139185e-03 1.921266553958078614e+06 1.825942208723125281e+06 8.486634629100831226e+05 3.693068512813559301e-01 1.414830228052966530e+06
4.934143535662420532e-02 1.906775817620098314e+04 1.398144165189795058e+04 8.180153246087578736e+03 2.920231478416290272e-01 1.628444660050391940e+04 6.525165793229011397e-25 7.392779006362890029e-25 1.376205160254138902e-25 3.247815271836058670e-01 4.090397169561632833e-25 3.211872642911791243e-03 1.782491422368377449e-03 9.896873320285465292e-04 1.836637446385832595e-01 2.734949951947454865e-03 3.019366585805257782e+06 3.693276550419127103e+06 9.797980803483768832e+05 3.427350251754462396e-01 2.002154537168708164e+06
8.574558725442532614e-02 9.383194823874784561e+03 4.261761496910619826e+03 5.003408579964032469e+03 2.644597248381695964e-01 8.984249346796779719e+03 3.520910534572984877e-25 4.430996274599574311e-25 7.189890144309170466e-26 3.374660630907786452e-01 1.984997917356241441e-25 2.269898855733461750e-03 1.006597087618906622e-03 9.238440462353706209e-04 1.994610834357948281e-01 2.127870076323437609e-03 2.689308791665353812e+06 2.225898608294161037e+06 7.808053810445822310e+05 2.622842511864106330e-01 2.031235246255016886e+06
1.490087525923421141e-01 4.086660286695523610e+03 1.750369183737087951e+03 1.888733907860967520e+03 1.966349914790097020e-01 4.050328009789587668e+03 1.302355868500573653e-25 1.322281022933761041e-25 4.784247890949339753e-26 3.124479002239998193e-01 9.353355447990145372e-26 1.687351956582260797e-03 8.279816820649229733e-04 4.738530247683581456e-04 1.942080271939803371e-01 1.524585813137281642e-03 2.195511307584242895e+06 1.548606129929628922e+06 8.470050948531264439e+05 2.353268184688150633e-01 1.819055989252090687e+06
2.589475337458828630e-01 1.469424584948940719e+03 6.583360803657285487e+02 3.728886966381289767e+02 1.579100519407150849e-01 1.327036503744349147e+03 3.994685067768682752e-26 5.106299481989732966e-26 1.485341563748684278e-26 3.408262723501199742e-01 2.710414129040780099e-26 1.311334912801106556e-03 6.364300828172351696e-04 3.478093756006485956e-04 1.958905515967107047e-01 1.118493976127192015e-03 1.779395434687496629e+06 1.546581091764327604e+06 6.458009386622078018e+05 2.357119934732531397e-01 1.521491065536591224e+06
4.499992387462019017e-01 4.203233813284257394e+02 2.395688025389819700e+02 9.192849449292663166e+01 1.726197439373200471e-01 3.553623045649564460e+02 8.899400229295891186e-27 1.259471980512706983e-26 2.389794308126334561e-27 4.190912939492354439e-01 4.659606112342797827e-27 9.634602385838048066e-04 5.045097237861486273e-04 3.245540798540415750e-04 1.864429403850365041e-01 8.815824516721843581e-04 1.297659602467515273e+06 1.055536132165810792e+06 5.475695122295878828e+05 2.769218373252315679e-01 1.028636998130555730e+06
7.820090500297373071e-01 1.380851974494701153e+02 9.678682584483294704e+01 3.253268633395117604e+01 2.022802365075796194e-01 1.085518305810945776e+02 2.875937691716311089e-27 2.438645327335491955e-27 8.089617643875332783e-28 4.965697255451843595e-01 1.218666540805180466e-27 7.788806230203352155e-04 5.987540870684619852e-04 3.062541568955657657e-04 2.458723354767949065e-01 6.583965752046429254e-04 1.017309846563728526e+06 7.887282716078159865e+05 3.821392332281556446e+05 3.335982404186149108e-01 7.436209913154204842e+05
1.358975975231191180e+00 6.893939900505264973e+01 2.140858542526495256e+01 1.261523989107578814e+01 2.386303329390395689e-01 4.708420656561168727e+01 4.565283126266366802e-27 7.401165061158929374e-28 2.096712878978752754e-28 6.072510622676631220e-01 3.401991510389714582e-28 6.080353926987223240e-04 4.030575127710914977e-04 2.175736449669300548e-04 2.375639760337657502e-01 5.176974429226210116e-04 1.051136560216196580e+06 6.405181278448391240e+05 3.196206697205274832e+05 4.038214770747014515e-01 5.813329455331380013e+05
2.361629576007254094e+00 2.971772472063126713e+01 1.361275408553751731e+01 9.198448659600249044e+00 1.974232237174360916e-01 2.544809463518452475e+01 4.741343869123374449e-28 1.679128061001961132e-28 1.377451873921164568e-28 5.310821047926936878e-01 1.956807082057126371e-28 4.733866536641548241e-04 2.494460471138475015e-04 1.568453048471049908e-04 2.302690318209531239e-01 4.258596464383841620e-04 7.048045204207802890e+05 2.684472042979855323e+05 3.835842847242068383e+05 3.751498977452003003e-01 5.900475445492457366e+05
4.104041834384438481e+00 2.049315658494485959e+01 5.757425324841616288e+00 5.742385907410580970e+00 1.553798195067389587e-01 1.924298948396817366e+01 3.358371010003897208e-28 1.025221751748366558e-28 8.715833861804236684e-29 4.512211145481628827e-01 1.368055692383900219e-28 4.558832901635268041e-04 1.917515301906154651e-04 1.538627191000065900e-04 1.853752288585630292e-01 4.474398385003985597e-04 7.136522720066019101e+05 2.198040025230289903e+05 2.919684894325146452e+05 3.171877312530756443e-01 5.200738976594310952e+05
7.132007301015381273e+00 1.779657109159766293e+01 8.639145718229809034e+00 2.880417990716404475e+00 1.287212423563272590e-01 1.609015582742945938e+01 4.709966937215179537e-28 1.319040496840656230e-27 5.037054775721483815e-29 6.130234111438739308e-01 1.052820035029819515e-28 4.797057767827559317e-04 1.479951631845792884e-04 1.075926699790686388e-04 1.368824057097032254e-01 4.653890892832945967e-04 1.462713948944689473e+06 3.524799732879300602e+06 2.203438094104415504e+05 4.858085714113155040e-01 5.048455867625775281e+05
1.239400819835114298e+01 3.456320869207359703e+00 4.850698050745929635e-01 3.616773671071213947e-01 5.621729179903453555e-02 3.386613611123826306e+00 4.709808851047014412e-29 5.748531072613168036e-29 9.920030845305466575e-30 3.756360263494577523e-01 2.410355650760043977e-29 4.272112282327900751e-04 1.086011869177431100e-04 5.689879349723368221e-05 8.306700902936342557e-02 4.090950617124284607e-04 8.860724550129792187e+05 9.956278084119342966e+05 1.590777058567343047e+05 3.224975054089337934e-01 5.062268501784192631e+05
