# R (Mpc), mean rho (Msol/kpc^3), errup (Msol/kpc^3), errlow, std, mean pth (Msol/kpc/s^2), errup(Msol/kpc/s^2), errlow, std, median rho (Msol/kpc^3), median pth (Msol/kpc/s^2) 
#  nprofs 471, mean mh 1277837292924.631592, median mh 1204204260903.274414 
#  Mass range 12.00 - 12.2 
#  Nhalos 27
1.633852131856735820e-02 2.352856367624709383e+05 3.477803701188758714e+05 9.271285323548884480e+04 5.296109146814261814e-01 9.581715476733290880e-25 9.117037202697453377e-25 4.840250520939665178e-25 4.577093726050670552e-01 1.356366998314234661e+05 7.707087928560614967e-25
2.839309588794570668e-02 3.614630312280724320e+04 4.019747496106526523e+04 1.373243938775854258e+04 3.801432375280850984e-01 3.724331267387788757e-25 2.490700728325903919e-25 1.249605120756966305e-25 4.557014741623360843e-01 2.541171077523858912e+04 2.974410477219970066e-25
4.934154556483250076e-02 1.164767871138045848e+04 8.740894177473632226e+03 4.855705750072129376e+03 4.415478721047230715e-01 1.576980721331916321e-25 6.247949293149688653e-26 4.239568042620654882e-26 3.980336900984890458e-01 9.242493792076735190e+03 1.276507696066188532e-25
8.574577877434103046e-02 4.513039217165020091e+03 4.801373825269542067e+03 1.269285372746287067e+03 3.824032814026618876e-01 6.281346225211596641e-26 3.599401779718936427e-26 1.694521355440155357e-26 3.235945421919325105e-01 3.390573304214149630e+03 5.207851192195073159e-26
1.490090854158103439e-01 1.569502031546524222e+03 9.184597445420122312e+02 4.637853075163795893e+02 3.352123388395590875e-01 2.232663268645484642e-26 1.615569818165318104e-26 5.096930757623562109e-27 3.247607514038379772e-01 1.397472204018472894e+03 1.708828445247071482e-26
2.589481121267818153e-01 4.980474486411065982e+02 2.187783997650207652e+02 1.598983216627577235e+02 2.394399750355686030e-01 7.876250225290638082e-27 8.613607480048588668e-27 2.550933630594950112e-27 3.079941279846405422e-01 4.740506157010557331e+02 5.797389232414333023e-27
4.500002438570074315e-01 1.863439626502438102e+02 1.442265865704797534e+02 5.324467530238769086e+01 2.058261195571089164e-01 3.021690467335282143e-27 4.403919159465072266e-27 1.246432149404199217e-27 3.496215684379793687e-01 1.611077520311110902e+02 2.177257557077723657e-27
7.820107967121281423e-01 8.387630918534306090e+01 3.481019960227010301e+01 1.157747656499710587e+01 1.976714795576925698e-01 1.721095299373678760e-27 6.543047722445194473e-28 5.094155105920982122e-28 3.643757928456085593e-01 6.530224930714300058e+01 1.091739151017077593e-27
1.358979010617297423e+00 4.762359385521958899e+01 2.167443111583769166e+01 1.577712988525137305e+01 2.241473527333663618e-01 1.476696969049387657e-27 1.068288270898325948e-27 3.625927326341079118e-28 4.135117389819893963e-01 4.070461217419292410e+01 6.754498960291989905e-28
2.361634850903744809e+00 3.502560781529441414e+01 1.016441888414508554e+01 7.071218307795842151e+00 2.036242863119799851e-01 1.557539326353032196e-27 3.548916365741952676e-28 2.652286566657993496e-28 4.227507319802588093e-01 2.820099560837147123e+01 5.035897792401844566e-28
4.104051001103932172e+00 2.394312572807911366e+01 6.757895156564675432e+00 8.100794949926896749e+00 1.260515719102263676e-01 4.039555061048920855e-28 1.772329859884528903e-28 2.222513717970755086e-28 2.825025895865873049e-01 2.381120118786610718e+01 4.033709904208749938e-28
7.132023230948114190e+00 2.054524155985267697e+01 3.607278999831404320e+00 1.956144428241199051e+00 7.311093252130283771e-02 4.163347290708428262e-28 1.956642965788381632e-28 5.764622993222024869e-29 2.761081385480130823e-01 1.954803314036343664e+01 2.688337337961016239e-28
1.239403588140144663e+01 2.829658265724468880e+00 5.579085578184517225e-01 3.456162243036273729e-01 6.912343951373466078e-02 6.877583682956060469e-29 1.085255610257352722e-28 1.061569194595598994e-29 3.345616040841752903e-01 2.732248968287328328e+00 3.561903037882938230e-29
