# R (Mpc), mean rho (Msol/kpc^3), errup (Msol/kpc^3), errlow, std, median rho (Msol/kpc^3), mean pth (Msol/kpc/s^2), errup(Msol/kpc/s^2), errlow, std, median pth (Msol/kpc/s^2), mean gas-mass-weighted metal (fraction), errup, errlow, std, median metal, mean gas-mass-weighted temp (K), errup, errlow, std, median temp  
#  nprofs 455, mean mh 1359732510219.884766, median mh 1347595496782.334961 
#  Mass range 12.00 - 12.3 
#  Nhalos 47
5.932162445594626674e-04 6.265065151272051781e+07 7.979790235058055818e+07 1.768285636328134686e+07 4.142846790744215135e-01 3.168297580856011808e+07 2.433773650653243764e-23 4.203405988608778357e-23 5.145701973306626272e-24 6.492870933194255789e-01 6.946460299532813655e-24 1.125627005246082266e-02 4.528323875676809607e-03 5.527677339593998693e-03 2.809538451604813303e-01 1.136059286702027424e-02 2.964897733335453813e+04 1.255212176334140167e+04 5.121825715900349678e+03 2.991531605091380941e-01 1.769878342682890434e+04
1.030891681423026437e-03 2.761619116420867667e+07 3.768215811119115353e+07 1.024521657673454471e+07 4.756285421807638358e-01 1.480796865858322382e+07 5.291991596039665455e-23 3.444782225790375367e-23 4.232366996226703360e-24 9.414599764140777483e-01 4.726734777777981850e-24 1.158988224852996150e-02 3.325577046700459172e-03 6.155922986627390334e-03 2.826248221515202941e-01 1.146624724806034196e-02 1.005536334757498698e+05 2.659241751264513005e+05 8.244919418641169614e+03 6.169418379184951062e-01 1.911575640002938599e+04
1.791484418327772034e-03 1.569683241536732018e+07 1.292226876514026150e+07 7.110205454620797187e+06 4.088724759040280321e-01 1.070701253729474172e+07 1.446223777117674963e-23 2.002125721515754109e-23 3.538837786464645707e-24 7.877128778302109335e-01 3.975036629531990277e-24 1.104719219700549086e-02 4.712650760610210751e-03 5.248638684032086964e-03 1.892031793640043813e-01 1.151741200746560743e-02 6.916446384640294127e+04 1.003257735563212773e+05 7.883368211616922054e+03 4.998562817169689421e-01 1.979361364290676283e+04
3.113243106861596308e-03 6.895051895189635456e+06 6.194664774795600213e+06 4.247982060825010762e+06 5.276898186429545001e-01 5.640696601555344649e+06 1.335646810071795137e-23 1.461862028006238002e-23 3.362495930142582424e-24 1.050625814336618946e+00 3.636340949582114852e-24 1.151263280601221017e-02 4.779468404625140943e-03 4.003466093748279768e-03 1.898229552554778765e-01 1.150367060825311510e-02 1.470557876203900087e+05 3.749831437548112008e+05 1.665473180588828109e+04 6.742104843596365971e-01 3.014672354232858561e+04
5.410196451202359258e-03 2.711543664658973925e+06 9.459643476082417183e+05 7.863357189051131718e+05 1.714040233589751161e-01 2.652352982300926931e+06 4.320687564268498220e-24 5.082177023450541369e-24 2.305174598567162961e-24 6.384013879734858898e-01 2.576344148716699746e-24 1.139524803185297183e-02 6.606767047001648602e-03 4.854031631214465216e-03 2.166335576185553502e-01 1.091222763983037275e-02 1.186787930008888507e+05 1.495540470060429652e+05 4.475999667908793344e+04 4.899635577626760274e-01 6.048082582205044309e+04
9.401843876596392702e-03 8.052135061466719490e+05 5.027574475305026863e+05 4.383274750876009930e+05 3.236124705019027825e-01 7.213035357514300849e+05 1.154718730466997610e-24 1.212768673904536625e-24 6.481965275379503089e-25 6.100121926605481804e-01 8.935360916841459827e-25 1.047332600412291884e-02 7.910704764890797575e-03 3.947030452591839683e-03 2.435421434173848376e-01 9.322687691786471498e-03 1.306176345698150981e+05 9.794728692188601417e+04 6.747861531908786856e+04 4.740911374608794415e-01 9.600520909259510518e+04
1.633853208052144651e-02 1.884920327811751922e+05 2.472611863771043136e+05 1.089229067888387071e+05 5.680620778357816647e-01 1.347483251198529033e+05 3.977916751294592108e-25 2.173586932261744987e-25 2.111887712973233381e-25 5.914878982135410856e-01 3.190376057283927955e-25 9.006514923164867653e-03 6.588683691528687304e-03 3.253818644473605894e-03 2.394869377681563272e-01 7.671960681775831341e-03 6.799177933009976987e+05 3.458284750492791645e+05 9.132974196637257410e+04 5.765839534011696355e-01 1.423484847353229707e+05
2.839311459007843805e-02 3.175180959927757431e+04 4.559524629297653155e+04 1.316456555814115563e+04 5.170878754738064131e-01 1.788981942494594841e+04 1.906680074829965294e-25 1.411493333253181956e-25 9.933394407219429235e-26 4.141060817736182398e-01 1.468905538489496782e-25 7.746009675714320315e-03 5.308452175908928879e-03 2.086925509653991644e-03 2.207200091659051455e-01 6.136502870636057448e-03 7.866624009253080003e+05 7.920486369086736813e+05 2.463340009271464078e+05 4.033677772879579182e-01 4.846883099148962647e+05
4.934157806541426133e-02 7.753667665138444136e+03 1.039069829660289906e+04 1.736334868692612872e+03 4.290695751786380296e-01 3.989564520388820711e+03 8.593867030719977507e-26 6.453877681944847839e-26 3.553511071757023677e-26 3.782512289370860148e-01 6.147745150505163104e-26 6.026652478903630691e-03 1.876200215613778310e-03 2.398071785219325208e-03 1.893512800827775733e-01 5.697933136266689416e-03 1.057582521698385244e+06 3.838656831728380639e+05 6.881730039120799629e+05 2.969575724809104811e-01 1.097670310815215809e+06
8.574583525387895200e-02 2.790792947675150572e+03 3.472753884822707278e+03 1.004351658220817967e+03 4.110557922781917228e-01 1.662208274364782937e+03 3.434183648564075051e-26 2.072359762099455397e-26 1.726416191239262336e-26 3.604817122554773712e-01 2.846889017530338423e-26 4.399284268707847473e-03 2.343889048560661610e-03 1.698454075599482686e-03 1.878029212082306110e-01 4.082907908698851611e-03 1.222136168096048990e+06 6.238708891477207653e+05 6.904948329213210382e+05 3.040645179667500475e-01 1.119300593384138774e+06
1.490091835659981823e-01 9.334463556516205927e+02 9.966327718943033460e+02 3.723650354359557468e+02 3.642833080021975478e-01 6.984003883811961941e+02 1.163969272555771594e-26 7.331273008463665640e-27 5.963650231264091105e-27 2.781886205883429830e-01 1.077707206023816766e-26 3.136060312689786366e-03 1.833022372501307267e-03 1.077401872992366730e-03 1.784635591391252329e-01 2.938539844594861925e-03 1.198706654181721155e+06 4.563567626952936407e+05 8.784616014546069782e+05 2.765762427782308963e-01 1.266221380271479720e+06
2.589482826922595571e-01 3.088923534678827991e+02 2.194376273002129665e+02 1.311644726907103689e+02 2.699589662866493933e-01 2.782049547420978115e+02 3.966959779267429991e-27 2.450243109334817140e-27 1.605150653116014223e-27 2.759838568642014045e-01 3.306978697904891087e-27 2.331704804355186605e-03 1.103534775695760861e-03 9.764796396656452541e-04 2.086697636702364578e-01 2.215965927248203862e-03 1.043901768378247158e+06 4.839668657560088905e+05 5.825130443357371259e+05 2.577169772225647582e-01 9.855078888494431740e+05
4.500005402658359133e-01 1.097857692088421544e+02 6.499152035102120806e+01 2.224253073786817936e+01 1.853827652625485711e-01 9.548015392459713269e+01 1.656880311912091511e-27 1.481521477418665336e-27 6.725332113634674745e-28 3.497810618628022783e-01 1.267739417066149474e-27 1.713879437460308613e-03 8.155575894545172722e-04 6.102595294039672106e-04 2.146002209667800809e-01 1.626384137473452793e-03 1.088727682087544352e+06 4.961908435739339329e+05 6.882302177842725068e+05 2.944840782698686654e-01 1.088187365522085456e+06
7.820113118116359674e-01 5.276116624360880536e+01 1.855900379574606518e+01 1.447859417186941755e+01 1.910266863831579787e-01 4.852998683843890149e+01 1.047415317734924294e-27 7.884950305949626451e-28 4.867820142723613661e-28 4.225471614939003140e-01 7.285393632369056834e-28 1.401964728497278028e-03 5.681302949547362233e-04 6.828677820686186121e-04 2.698373134261196626e-01 1.346017218548314779e-03 1.354971572253119200e+06 1.214518798894360662e+06 6.026304533169687493e+05 3.269807720522018846e-01 1.065997829021430574e+06
1.358979905757649043e+00 2.776121176800764800e+01 1.756161460323242451e+01 8.124943217027723819e+00 1.968071802408168369e-01 2.398090727313514137e+01 7.464676744083101011e-28 9.818164120516707359e-28 3.606902034145979946e-28 4.093269410639719386e-01 5.360068317026553908e-28 1.016650282556407110e-03 4.204745010751398220e-04 3.706006075223645642e-04 2.214930688647429313e-01 1.022582802102399869e-03 1.853436954902161378e+06 9.435106152240957599e+05 1.221928669828159036e+06 2.922159853265083873e-01 1.944149458827236900e+06
2.361636406479389549e+00 1.889606420349194948e+01 1.185471815629145098e+01 5.693881750456379010e+00 2.018048630877417871e-01 1.605853265980176658e+01 5.843909113585656537e-28 6.944285982644350966e-28 1.965378955457793507e-28 3.740176719516357107e-01 4.055672505090539814e-28 9.641656912923155008e-04 5.158601277713867166e-04 2.667709532942059937e-04 2.123974823695294889e-01 8.575366683521018496e-04 2.065381748433981556e+06 9.657119425612154882e+05 9.413182378546223044e+05 2.189357486968827871e-01 2.022441144786408870e+06
4.104053704384576839e+00 1.673494866795703828e+01 7.452890939557008210e+00 3.592257945312134382e+00 1.920780478945411096e-01 1.352089198373407086e+01 7.192144906691480933e-28 3.458454506945753679e-28 1.770571238045839222e-28 4.089585409239346880e-01 3.508589575010915345e-28 1.069290012683472412e-03 2.557535956150213362e-04 3.363305324183746064e-04 1.275582323252892336e-01 1.090620588094659386e-03 2.303783368006504606e+06 6.268903802934060805e+05 7.780470215836709831e+05 2.299941836771361714e-01 2.063390843857630156e+06
7.132027928711459630e+00 1.228130313137951823e+01 3.487809816601121327e+00 2.068179795185850267e+00 1.136011348448252994e-01 1.156762680599355697e+01 3.546507440510195864e-28 1.612633708230310467e-28 1.208371048145143036e-28 2.679688358969881667e-01 2.911164484435709697e-28 9.456564402839479858e-04 1.039569767357169296e-04 2.851407903561731108e-04 1.057480616678867363e-01 9.990837756001038922e-04 1.939707571901039220e+06 3.515862754262820818e+05 4.869666929509765469e+05 1.570352203961188353e-01 1.850329378630082123e+06
1.239404404517848235e+01 4.291632164333909927e+00 9.088227158269974737e-01 4.600095522799225733e-01 6.688317907182116107e-02 4.107140622502771343e+00 1.282687554022043237e-28 1.500450914997424967e-28 1.617391549350583258e-29 2.170927651702231342e-01 9.116829120607916175e-29 9.556712290719258755e-04 1.980913150626700293e-04 9.258760617294786895e-05 6.252257280534090356e-02 9.211178389011661412e-04 2.077600547412987100e+06 1.719809167367924005e+06 1.944332388650057837e+05 1.493184681083205845e-01 1.683225642403363250e+06
