# R (Mpc), mean rho (Msol/kpc^3), errup (Msol/kpc^3), errlow, std, mean pth (Msol/kpc/s^2), errup(Msol/kpc/s^2), errlow, std, median rho (Msol/kpc^3), median pth (Msol/kpc/s^2) 
#  nprofs 456, mean mh 3998882104415.791016, median mh 3921721152480.535645 
#  Mass range 12.41 - 12.8 
#  Nhalos 15
1.633847555135692006e-02 7.621272268766313209e+04 8.425062919738070923e+04 3.543789281170954928e+04 5.094712107359713471e-01 5.116720361914342777e-25 3.265748399446043986e-25 1.985134178763430301e-25 5.553406760489479899e-01 5.115556522011796915e+04 3.624393810306283314e-25
2.839301635364948131e-02 1.952511996794452716e+04 2.841939957747034350e+04 6.807762050303756041e+03 4.381693916070143469e-01 2.826502506632432007e-25 2.669065874487724004e-25 1.346667187311376454e-25 4.859760488507169907e-01 1.174728892746913516e+04 2.335810759335982873e-25
4.934140735006660450e-02 7.024592497713710145e+03 8.158508635860662253e+03 2.735043291282995142e+03 3.955959205300793591e-01 1.225176141808916801e-25 7.051805347951925606e-26 6.022010267629722119e-26 2.958512860191908067e-01 4.740903394562099493e+03 1.070719658707139719e-25
8.574553858460631783e-02 2.502969318081477923e+03 1.371739506333450208e+03 1.757565339524219553e+03 3.540106277422167547e-01 7.568620427394293053e-26 2.135161962398975796e-26 3.685773731937833549e-26 2.834859336767246996e-01 2.459617134418580008e+03 7.232509245788200841e-26
1.490086680138903164e-01 1.208976186150588319e+03 6.032220780352340626e+02 6.835375673750626220e+02 3.139290880262186612e-01 3.999592276495957074e-26 1.639530450435392702e-26 1.683098853351797020e-26 2.295023597858653897e-01 1.144357110708709570e+03 3.868678721231044054e-26
2.589473867653792616e-01 4.937627000176278784e+02 1.268025716893513390e+02 1.831750485508424617e+02 1.327441224663379327e-01 1.870368721916848793e-26 5.293238370787807484e-27 9.259627329160226723e-27 2.739169208073266581e-01 5.094964751039921111e+02 1.795700935042195298e-26
4.499989833233608572e-01 2.126992488148230507e+02 3.935545886901439872e+01 1.141327681447836682e+02 1.932657182928160799e-01 7.013865016482400012e-27 4.885221229185867700e-27 2.931405776884790550e-27 3.954505220914306118e-01 2.338885730165791870e+02 4.911901286521548979e-27
7.820086061557125490e-01 8.452627018954561322e+01 2.526822533116303759e+01 1.895161223029309383e+01 1.150372866949899708e-01 2.231555935882670533e-27 2.316421640878747332e-27 5.148658759115568929e-28 3.353634066446096740e-01 8.139288957514152401e+01 1.406918517828841411e-27
1.358975203866542802e+00 3.921544485571539695e+01 8.231300006434885574e+00 1.409029160117709267e+01 1.196198076497618501e-01 1.304910614233357613e-27 1.518073184357623781e-27 3.455697454789379947e-28 3.777312329256893864e-01 4.130240425277537497e+01 8.404292306713796839e-28
2.361628235529128705e+00 2.401114425618880333e+01 8.227531294891758051e+00 1.156139964445966939e+01 1.727594635582928584e-01 9.173543843502425786e-28 6.809203723987046243e-28 4.796185447280214829e-28 3.938065494400868616e-01 2.556165692185593841e+01 8.311125005754947362e-28
4.104039504900442559e+00 1.611236668849223008e+01 4.718944682053724193e+00 4.450544827296621264e+00 1.220630740943436654e-01 5.770017098205583264e-28 3.644233276704396947e-28 1.906629347404139080e-28 3.053399493455673519e-01 1.573820089076110662e+01 4.988679360496012035e-28
7.132003252836161877e+00 1.524605486473590510e+01 4.669214995527365630e+00 4.183192156197995004e+00 1.385957932579163221e-01 6.512946964575361076e-28 7.144193377709775924e-28 2.643587338214563613e-28 3.183669995082301640e-01 1.453591007661257350e+01 5.113123477206131449e-28
1.239400116342193847e+01 4.201725618728821665e+00 7.737620044231627858e-01 6.280689708688407258e-01 5.921444273229124755e-02 1.546427260549380181e-28 9.234425910511755084e-29 2.518048202326846986e-29 1.536383710771872801e-01 4.142953324004137627e+00 1.278736340364586812e-28
