# R (Mpc), mean rho (Msol/kpc^3), errup (Msol/kpc^3), errlow, std, median rho (Msol/kpc^3), mean pth (Msol/kpc/s^2), errup(Msol/kpc/s^2), errlow, std, median pth (Msol/kpc/s^2), mean gas-mass-weighted metal (fraction), errup, errlow, std, median metal, mean gas-mass-weighted temp (K), errup, errlow, std, median temp  
#  nprofs 429, mean mh 2024868278667.592041, median mh 1932665808263.718018 
#  Mass range 12.21 - 12.4 
#  Nhalos 17
1.633848482519974915e-02 2.733966389465499669e+05 2.356430937883656879e+05 1.672877756431197049e+05 3.797667162310549016e-01 2.381931660359775706e+05 8.071312737969079476e-25 7.516093541379995578e-25 2.384139688001243180e-25 4.146960173828178609e-01 4.907475311518302537e-25 8.927081841932344927e-03 6.712931667369664845e-03 1.533662401437341574e-03 2.146665204647803804e-01 6.990112336790227365e-03 2.299811058795804856e+05 2.013427493991801166e+05 6.584254825477389386e+04 2.766659272589589991e-01 1.535963105396552128e+05
2.839303246974122716e-02 4.231860871667226456e+04 3.121762880920022872e+04 3.149983317887614248e+04 4.810805413575198197e-01 3.979810951770139945e+04 3.320348735774650418e-25 3.259592022480049205e-25 7.038011016121580552e-26 3.692521971765196365e-01 1.786730948260348709e-25 7.482739288950957315e-03 5.190727495550358575e-03 1.649861923689290716e-03 1.963578255065100142e-01 6.211902987285284825e-03 8.396115045967814513e+05 6.076117071265554987e+05 5.436672382247140631e+05 3.553890091134460083e-01 7.892643676994475536e+05
4.934143535662420532e-02 1.253761224572173160e+04 1.474453608946313943e+04 3.184219138514523820e+03 4.763649306211502621e-01 5.590614670181099427e+03 1.725011719427115875e-25 1.461742250510249159e-25 7.853736235133805622e-26 3.887451260776774165e-01 1.214690719222249949e-25 5.725836495059010052e-03 1.613499972339253394e-03 1.165825193692123646e-03 1.547693442980508649e-01 5.414144377136369951e-03 1.382856816049919464e+06 7.759437366590194870e+05 8.720465359927591635e+05 2.987534712039097706e-01 1.347704564457655651e+06
8.574558725442532614e-02 4.577632915923520159e+03 7.797437543552090574e+03 7.126351281899553669e+02 4.618347664122411933e-01 1.688904189772825248e+03 7.011742300337476681e-26 6.525937974681296939e-26 2.515066430741316017e-26 3.544806882444932472e-01 4.586527299893645217e-26 4.409565410388215437e-03 2.375048731245528802e-03 1.233811673710429914e-03 1.855925504615143773e-01 3.961622577084401679e-03 1.458882723620194010e+06 1.729187949578531552e+05 1.253651367554019205e+06 2.397538794132699769e-01 1.829058038527509896e+06
1.490087525923421141e-01 1.619792459867334628e+03 2.110247788987173408e+03 3.975503287207781113e+02 3.807738052340793877e-01 9.128430082633874463e+02 2.738076658663905638e-26 2.765982671755104387e-26 6.815122187140812802e-27 2.943367283176971383e-01 1.880742483242708476e-26 3.342379378145057291e-03 5.894282129898175369e-04 1.515624360513821624e-03 1.763126876717580338e-01 3.705182880805057370e-03 1.557975286699329270e+06 9.747069935156200081e+05 9.560042795558774378e+05 2.742377463185899922e-01 1.499855901038341224e+06
2.589475337458828630e-01 4.826280651357194529e+02 1.393766895184245413e+02 2.380623004588940148e+02 2.273886444537609741e-01 5.128371561707863293e+02 1.069588588128974269e-26 9.027888384761826267e-27 3.082569365909187290e-27 3.131421824944788934e-01 7.272519937539494622e-27 2.436931189040618916e-03 9.328896388421993070e-04 8.934901948876804688e-04 2.041399420024067324e-01 2.377050800904524901e-03 1.551030497575471178e+06 1.131530544354891405e+06 6.262210983877426479e+05 2.504419637062609283e-01 1.416957915511785541e+06
4.499992387462019017e-01 1.519779448887431386e+02 6.619475754316718508e+01 2.941712827618908932e+01 1.695193245450287434e-01 1.347259914197957755e+02 3.385807264178513409e-27 2.045587636465171179e-27 1.846650056370156494e-27 2.760208431007799001e-01 3.084435470769864951e-27 1.682492421754927265e-03 7.028161040082770220e-04 7.775925823932793458e-04 1.966630166902962051e-01 1.666451196747962323e-03 1.562837847415337106e+06 8.916333812806145288e+05 3.685323143765279092e+05 1.821767257320326128e-01 1.413076020512802992e+06
7.820090500297373071e-01 6.689462424937320861e+01 4.606104123749729240e+01 1.212225410589331176e+01 1.895164297450246671e-01 5.514634272343813848e+01 1.826978834782321105e-27 1.670889289713018830e-27 8.187504551348892579e-28 3.598455634264280389e-01 1.524922937245619508e-27 1.513969806227484505e-03 8.233270054685867378e-04 6.888143789096103347e-04 2.557194207368373440e-01 1.316992329853190454e-03 2.037412339453300461e+06 1.144416710168496938e+06 9.869976127597653540e+05 3.058490964153550151e-01 1.906780657833017176e+06
1.358975975231191180e+00 3.180929064528659822e+01 1.980565292928839938e+01 3.661892115139565362e+00 1.598147353362913969e-01 2.598528598696481140e+01 1.228634278733894631e-27 1.343775374441118158e-27 6.032875134900211636e-28 3.916216155987014003e-01 1.002669492250279213e-27 1.179156617237978391e-03 8.572449318997343078e-04 7.280836329518487315e-04 3.675396925035745999e-01 1.168193698735029784e-03 2.588442897568668239e+06 1.666308532195109874e+06 1.297745520566863939e+06 2.733686928392567439e-01 2.381221276741624344e+06
2.361629576007254094e+00 2.485567569972579705e+01 1.349915860950848057e+01 4.748962863289023062e+00 1.803400874735252568e-01 2.052138712919595420e+01 1.026206700734689547e-27 1.160475264072019956e-27 3.234087405564298057e-28 3.149211740163356255e-01 7.121416755377343398e-28 1.117277381957848884e-03 3.581285462607704338e-04 2.786773243524706244e-04 1.494308691460255190e-01 1.064517417864848043e-03 2.851681440905685071e+06 1.208431884829185903e+06 1.262153770980956033e+06 1.843223429923566414e-01 2.795378011260488071e+06
4.104041834384438481e+00 1.924342739581907225e+01 7.033592560329246623e+00 5.265852849770116251e+00 1.306273285636112558e-01 1.810672988968251929e+01 7.000983372837352671e-28 4.474985311015683003e-28 1.864492560185839091e-28 2.111679410797224488e-01 5.942742223821413282e-28 1.005979207649525557e-03 2.211318255083585642e-04 8.520211665967859609e-05 6.316165438505763619e-02 9.567099197384165352e-04 2.626531321283348836e+06 6.361279813201613724e+05 6.336965137444888242e+05 1.057130793200677654e-01 2.612028028872363735e+06
7.132007301015381273e+00 1.574800579441923709e+01 1.552222849951972350e+00 2.466200318864219199e+00 8.112931540796591845e-02 1.577159194684620225e+01 5.302456560701251677e-28 1.762800743431716292e-28 4.519465429215719568e-29 1.636476054863858220e-01 4.362843526171672564e-28 8.852191939800754068e-04 1.505841371788204340e-04 1.759473031274494392e-04 6.928565849564063961e-02 8.905969781249764225e-04 2.420112722288704943e+06 4.850248155047479086e+05 1.734139630708852783e+05 8.987659894145963446e-02 2.240441602996352594e+06
1.239400819835114298e+01 5.503362498838699324e+00 3.998817380561625612e-01 7.595324659423425828e-01 4.477208357426763069e-02 5.621537752184645242e+00 1.949920704249443124e-28 1.112493916503057612e-28 3.165262997542977362e-29 1.399670212140946834e-01 1.708898960997597811e-28 8.978525211197896632e-04 4.933306988663785538e-05 1.138858329732076466e-04 4.814988663954179737e-02 9.227774426930397287e-04 2.579475432260157540e+06 1.078876416348041035e+06 1.907461117624971084e+05 9.514992617898666849e-02 2.275574298302020878e+06
