# R (Mpc), mean rho (Msol/kpc^3), errup (Msol/kpc^3), errlow, std, mean pth (Msol/kpc/s^2), errup(Msol/kpc/s^2), errlow, std, median rho (Msol/kpc^3), median pth (Msol/kpc/s^2) 
#  nprofs 442, mean mh 9436259070055.226562, median mh 10132994614136.304688 
#  Mass range 12.81 - 13.2 
#  Nhalos 5
1.633853208052144651e-02 1.139129027491638844e+05 1.594779751063234289e+05 3.756923925952395075e+04 7.815209734705503841e-01 9.465691176066892231e-25 8.321190348347633731e-25 7.984594223471078470e-25 9.139218715069632459e-01 4.518422347180192446e+04 8.671299851645431543e-25
2.839311459007843805e-02 1.281439586988197334e+04 1.273366082858990740e+04 4.936301384895236879e+03 3.852191704976578590e-01 2.417549905601212776e-25 2.035722636906725311e-25 8.959460119297552916e-26 2.961986697480248343e-01 8.462211149352957364e+03 1.913257113718311026e-25
4.934157806541426133e-02 3.693743226987077833e+03 2.918354259050706332e+03 2.216926649256315613e+02 2.171099530874326111e-01 2.084001200510191271e-25 1.739150934444053400e-26 9.362608024610979241e-26 2.645771012552528001e-01 2.429219669456311294e+03 2.474243988296831052e-25
8.574583525387895200e-02 1.753125487589579961e+03 4.906359981924292697e+02 5.651991782504007915e+02 1.807515763201810177e-01 1.331109782055928864e-25 4.639878793314495093e-26 5.002695228127854301e-26 1.693739360308660624e-01 1.737835621526594878e+03 1.330476304287852518e-25
1.490091835659981823e-01 1.200423260459452194e+03 2.618864215440512453e+02 1.769222038460536623e+02 9.465219735591798300e-02 7.651767539028220768e-26 2.320633645152721254e-26 1.727951170501500347e-26 1.853562072006682826e-01 1.179393714958673399e+03 7.646647932979066454e-26
2.589482826922595571e-01 6.646975256322648420e+02 1.046401399834422818e+02 2.010454812453430691e+02 1.058627369651339578e-01 3.648309439216573151e-26 1.092306255946843244e-26 8.354687107901379004e-27 2.001997485526150200e-01 6.933316117072754423e+02 3.616290390207423374e-26
4.500005402658359133e-01 3.072266240425669821e+02 7.477254146395472389e+01 8.367260927693195072e+01 1.113604138253122683e-01 1.371156600109686172e-26 4.649085101597639978e-27 7.713592940629764379e-27 2.827650681276907552e-01 3.116316997240043065e+02 1.488283457542078176e-26
7.820113118116359674e-01 1.155131054389804177e+02 4.893144413449863350e+01 2.101568834893208759e+01 1.486443190383353874e-01 4.507203201202658828e-27 2.993876349824019182e-27 2.121720580545063002e-27 3.677477952710271336e-01 1.037690259762150049e+02 4.253747952832742056e-27
1.358979905757649043e+00 4.068417559579159359e+01 9.909015331573904461e+00 4.015024304585800508e+00 7.500556238719935376e-02 1.551139842171415913e-27 1.288919090479321376e-27 5.100711118302498110e-28 3.089542855168914692e-01 3.826252342069686563e+01 1.169344390764165118e-27
2.361636406479389549e+00 2.260528296380229207e+01 4.663799727550774321e+00 2.258893755985830865e+00 8.292231967281785132e-02 8.726161241134554526e-28 6.267441309183705360e-28 4.185137894492411167e-29 1.851940999346703698e-01 2.117002048953363058e+01 6.044521560517834180e-28
4.104053704384576839e+00 1.738418630911046847e+01 7.476409838143638353e-01 2.725919167449562863e+00 4.619441649728224519e-02 6.661565554857102724e-28 1.230238671427339757e-28 1.335926007320719433e-28 7.974246442252140576e-02 1.807492672636410447e+01 6.725712555649036624e-28
7.132027928711459630e+00 1.462367068924209867e+01 2.586453078486744772e+00 5.420776209274730917e+00 1.245391552420216097e-01 7.822002399008036257e-28 5.486116109471443674e-28 2.142355927393179140e-28 2.172686243769172409e-01 1.562181168364787354e+01 6.321229679334221917e-28
1.239404404517848235e+01 4.901517687331645057e+00 4.753707693345212704e-01 3.665940717935445292e-01 4.951829110213059465e-02 1.899181136053337034e-28 8.149435217666317784e-29 3.528184723338004552e-29 1.504682873460143899e-01 4.867073183355177690e+00 1.677418436087278816e-28
