# R (Mpc), mean rho (Msol/kpc^3), errup (Msol/kpc^3), errlow, std, median rho (Msol/kpc^3), mean pth (Msol/kpc/s^2), errup(Msol/kpc/s^2), errlow, std, median pth (Msol/kpc/s^2), mean gas-mass-weighted metal (fraction), errup, errlow, std, median metal, mean gas-mass-weighted temp (K), errup, errlow, std, median temp  
#  nprofs 453, mean mh 1361755417148.234131, median mh 1375618032115.242188 
#  Mass range 12.00 - 12.3 
#  Nhalos 47
5.932171770859670339e-04 1.398053867737408280e+08 7.748121782680299878e+07 2.041125178358030319e+07 5.301847396185422889e-01 3.817346969611038268e+07 1.359658868769642711e-22 4.769541215407951059e-23 1.001488841951866541e-23 8.626768998176530534e-01 1.193121726546173746e-23 1.359819117451908574e-02 8.367364307964249986e-03 3.774961562621159152e-03 3.226869965547313757e-01 1.004647294265399032e-02 6.738613668998013600e+04 4.752411368113075150e+04 1.202543041017114774e+04 4.639471402265406552e-01 2.297516109635912289e+04
1.030893301968358478e-03 2.773351313038713858e+07 4.908160789086499065e+07 4.729410286006986164e+06 5.163890646018307606e-01 8.822654170164041221e+06 4.080572417683207562e-23 1.344982398235385423e-23 4.958533285046159945e-24 9.854179230231900899e-01 5.262544055531691917e-24 1.207251054081448158e-02 8.114843689111186573e-03 4.715214410791767480e-03 3.018142646881951663e-01 1.067903073383186761e-02 8.870348778568101989e+04 1.509358725080228760e+05 6.612390327326727856e+03 6.431149631069202899e-01 1.916133086895884844e+04
1.791487234512792676e-03 1.104702275424730964e+07 1.250315828914207220e+07 2.270883136791352648e+06 4.168266824515194369e-01 5.667951339585513808e+06 1.350207016167320070e-23 1.409318616353740702e-23 2.836803736736141803e-24 8.891099622591893681e-01 3.001680408746609298e-24 1.264190483444951364e-02 7.461569431238624164e-03 3.681332157685133881e-03 1.945294706698248444e-01 1.099205884568990425e-02 8.941157133361692831e+04 9.195543935995321954e+04 2.670403882105045341e+04 5.856426554467608625e-01 3.745216867914065369e+04
3.113248000830259356e-03 5.634849960320591927e+06 6.247741436405919492e+06 1.835317216402869672e+06 3.471291664911573260e-01 3.680709819927051663e+06 7.215581729284844132e-24 8.558098875264562113e-24 1.484441561092062054e-24 7.640401709747161041e-01 1.813603376264650144e-24 1.315889426496306448e-02 6.341381684101886351e-03 4.806592962432827167e-03 1.978288031382845202e-01 1.261795196844716499e-02 1.118508114731612295e+05 2.076836759637372743e+05 2.715123666681495524e+04 5.749898466691785170e-01 3.809397074054626864e+04
5.410204955945158156e-03 2.448931460857673083e+06 1.308392671392233111e+06 1.233024631679103477e+06 2.396718799218204299e-01 2.372197221788574941e+06 2.660031747334049922e-24 4.127424319743503661e-24 1.116968314896902537e-24 6.715148161495602119e-01 1.284636440359138983e-24 1.394313490608536585e-02 8.088098838702650895e-03 6.267961041228157018e-03 2.365780589938794032e-01 1.323434838738095712e-02 7.702689563359266322e+04 9.991566239140977268e+04 3.041151005069958774e+04 4.639137008217054103e-01 4.404664677951016347e+04
9.401858656145479012e-03 7.219081158542255871e+05 7.029944811156054493e+05 4.133914522032301174e+05 4.052534848913290633e-01 5.773540349103631452e+05 8.486910750097675732e-25 1.001782829211989009e-24 3.528866043564197459e-25 7.535849694271299359e-01 4.153848604491438145e-25 1.366844800672460149e-02 9.905664218681260388e-03 6.140447784837086212e-03 2.644613795049781668e-01 1.267210367843509163e-02 7.834812171751864662e+04 1.221010959213139431e+05 4.384655584295776498e+04 4.648882941343109865e-01 5.702408390799923654e+04
1.633855776443408903e-02 1.494081664200321247e+05 3.091994271115160664e+05 2.862264795331473215e+04 5.472519859979569912e-01 4.915915779477549222e+04 2.813505359021770497e-25 2.361776778242765261e-25 1.199247448356564883e-25 7.399057437285356809e-01 1.781738578380174998e-25 1.242012043727273168e-02 1.007436168616996502e-02 5.626706225787122054e-03 2.821183581783113792e-01 1.097605450955204190e-02 2.103555626503934618e+05 1.898911753651738400e+05 1.221307969110947743e+05 5.450809598427684977e-01 1.576196888857698068e+05
2.839315922360311981e-02 2.363444780426286525e+04 3.003756150173543938e+04 5.806472264190673741e+03 4.635081790328542950e-01 1.128753405837927494e+04 1.125522393605054866e-25 8.446058879601542941e-26 4.385058019198056950e-26 6.628871074523801088e-01 7.195334316620083177e-26 1.092851647383708165e-02 1.006064790505960434e-02 4.639957410029442800e-03 2.850188783306090157e-01 9.185707660002919925e-03 4.640693784724855796e+05 4.399102735772382002e+05 2.690381994170739781e+05 4.714023137881235836e-01 3.801694168914740440e+05
4.934165562959044737e-02 5.493298196041900155e+03 7.313684955535865811e+03 9.674876210868198996e+02 4.505199451236863717e-01 2.624379495349134231e+03 5.306046687193876616e-26 4.696093073552583996e-26 1.807827153933326972e-26 4.496130787812700480e-01 3.260296713233337070e-26 8.497275353140298568e-03 6.711037380304781148e-03 2.153983819206388428e-03 2.515428797397416538e-01 6.372019588892055379e-03 8.526113092460819753e+05 6.573052344460453605e+05 3.554964159310820978e+05 2.935891402848375686e-01 7.341444509108421626e+05
8.574597004496860297e-02 2.070647629700672496e+03 2.843773888319813523e+03 5.150800300324606269e+02 4.396088392689757041e-01 1.131218327630114800e+03 2.444589943205754752e-26 1.744384578321160099e-26 9.379925567618697404e-27 3.763366569963537689e-01 1.848264457322870458e-26 6.038632716650694024e-03 4.359306752725004147e-03 1.451243628492221438e-03 2.385014620375802419e-01 4.591577926994487580e-03 1.232134875991209643e+06 7.881157717970297672e+05 7.229562344396970002e+05 3.208857397381002508e-01 1.073352859948393190e+06
1.490094178060654695e-01 7.428909031821183362e+02 1.076092001246970312e+03 1.723811793290066134e+02 3.858818298355041754e-01 4.267560501294903474e+02 1.158306958924953263e-26 7.587031478748013877e-27 4.123973483179606357e-27 3.581000654762044877e-01 8.122047027974604362e-27 4.110776622710942720e-03 2.122615338701697336e-03 1.347332257188187110e-03 2.460571873390275388e-01 3.458032542061981011e-03 1.497759427830259316e+06 6.330839287507222034e+05 6.997913722413922660e+05 3.086080615603842836e-01 1.197301549308131449e+06
2.589486897548426425e-01 2.547754062039150540e+02 2.082065242295524001e+02 8.995476628825724674e+01 2.843100774700146882e-01 1.978938091481954586e+02 4.664428096781316649e-27 4.289000191004112527e-27 1.289253550971987758e-27 3.875666029983685368e-01 2.922041003724925723e-27 2.751086600565767499e-03 1.354531475250371573e-03 1.289118598817977964e-03 2.496556399785112568e-01 2.654246655097493909e-03 1.334403575074505527e+06 5.795714823606286664e+05 6.079797182249554899e+05 2.734968820661055622e-01 1.191881097528831335e+06
4.500012476595302013e-01 9.908572882879460053e+01 5.826640080283226553e+01 2.450930453773079876e+01 2.329058308030852453e-01 8.665625290663820124e+01 2.100708182001498497e-27 2.414582012818219677e-27 7.690394505272717421e-28 4.257314131044863670e-01 1.461799276973517550e-27 1.936488867157748484e-03 9.100603962350097258e-04 8.058167404435669177e-04 2.139360184319037406e-01 1.904867322694828733e-03 1.493632875780834584e+06 1.201718179430953227e+06 5.223896035807378357e+05 3.147765736856407148e-01 1.202625689109562896e+06
7.820125411209841726e-01 4.596781827605828852e+01 2.442053313852416352e+01 1.039112959886513110e+01 2.139560396083892424e-01 4.155256807004501240e+01 1.269246413374143448e-27 1.733555351530316669e-27 4.817368410720084352e-28 4.700453778276161287e-01 8.200135985048236417e-28 1.525261054525431240e-03 7.276429335138269189e-04 5.143860436642082399e-04 2.704114090533332737e-01 1.393049914937504385e-03 1.857964381464552134e+06 1.776440580744535197e+06 7.653941716418967117e+05 3.469040313905240591e-01 1.418815465205698740e+06
1.358982042052452988e+00 2.537438266149344201e+01 1.731416868490787664e+01 7.734250199954123772e+00 2.118445325027464299e-01 2.085226113393044045e+01 8.468094188427485447e-28 7.921654971269239760e-28 3.784077253277174592e-28 3.989986259079926212e-01 6.254338305111265967e-28 1.202354651270400336e-03 6.898411630744802001e-04 4.421495726368242143e-04 2.163873405812771489e-01 1.137261842104614860e-03 2.250913093870088924e+06 1.984511334060840774e+06 6.725427363530164585e+05 2.663583231573375398e-01 1.747286134830262046e+06
2.361640118934270394e+00 1.760805504133614718e+01 1.061775898607136526e+01 3.796251432588263697e+00 2.103650296983342327e-01 1.428570011394642592e+01 6.823731315957348945e-28 6.647892442436995303e-28 2.912737561726301826e-28 3.450742875975753021e-01 5.117868647678786884e-28 1.063570171974962709e-03 4.248939779234583297e-04 3.745148250736005319e-04 1.981584097331733907e-01 1.022869711666203650e-03 2.613254964463069569e+06 8.775291396535974927e+05 9.579912209197669290e+05 1.741981321943200101e-01 2.627839640709084924e+06
4.104060155891746220e+00 1.503467080710730386e+01 7.459859356637085881e+00 3.077748692898717664e+00 1.961430949521692779e-01 1.196660905600527158e+01 7.913735910116322051e-28 3.566338125965933852e-28 2.341902459339785528e-28 3.793670561415158904e-01 4.693341809452987600e-28 1.182995092088560138e-03 3.221540727255613103e-04 3.900008572030983726e-04 1.278459667470712990e-01 1.191655085671995554e-03 3.050031087659989949e+06 8.590753934287209995e+05 8.456469458009018563e+05 1.997036466094551377e-01 2.794257923144305591e+06
7.132039140145964851e+00 1.087427219370209919e+01 3.046683460094632423e+00 2.628293563125950527e+00 1.199415742890463793e-01 1.041023510497003990e+01 4.394765288698669424e-28 1.872197715344217017e-28 1.484220472997256577e-28 2.461592931942266638e-01 3.683136741903782027e-28 1.039623247370910801e-03 1.188135012421122176e-04 2.742157276417181086e-04 1.001302228834543701e-01 1.062805519643162918e-03 2.783847874398892280e+06 4.932324417499410920e+05 5.630222912413110025e+05 1.333546361249700329e-01 2.682655299199044704e+06
1.239406352841865555e+01 3.916670818164492918e+00 7.543380020628469573e-01 4.901694469751265437e-01 6.176358773685486359e-02 3.861536411904050947e+00 1.463125551575446135e-28 1.149745448620997174e-28 1.658152031199603151e-29 1.562952255376741373e-01 1.201370204120343278e-28 1.017259692383077046e-03 1.812469620839859703e-04 9.511551219074901482e-05 6.178921708987220734e-02 9.862966500385694172e-04 2.687928806427549105e+06 1.258127896732292604e+06 2.413427669858010486e+05 1.003554044537741247e-01 2.414051114417511038e+06
