# R (Mpc), mean rho (Msol/kpc^3), errup (Msol/kpc^3), errlow, std, mean pth (Msol/kpc/s^2), errup(Msol/kpc/s^2), errlow, std, median rho (Msol/kpc^3), median pth (Msol/kpc/s^2) 
#  nprofs 436, mean mh 9536581913381.480469, median mh 9273384786579.402344 
#  Mass range 12.81 - 13.2 
#  Nhalos 5
1.633855776443408903e-02 5.269777737009459088e+04 4.687951120339861518e+04 3.439753837712337554e+04 5.281852366561298195e-01 6.283123211905840908e-25 5.793092220359032069e-25 3.552955993240083272e-25 3.588700603610943674e-01 4.248819093135855655e+04 5.351733586878577609e-25
2.839315922360311981e-02 1.703247583379546631e+04 2.120689439541415413e+04 1.928628354582800966e+03 4.297695557331179805e-01 3.359068843230617887e-25 3.761139284231455217e-25 7.710545713632795008e-26 3.209375677433971008e-01 6.408484071453619435e+03 2.044044947844333727e-25
4.934165562959044737e-02 4.269681121657957192e+03 3.065416448794321695e+03 1.471940473126634060e+03 2.939086843099605884e-01 2.336977746905584650e-25 7.280052236888295746e-26 7.617601815024138719e-26 1.808796133145870733e-01 3.244596560411882820e+03 2.381493956242609454e-25
8.574597004496860297e-02 1.596706225843718585e+03 9.008926607808095923e+02 2.627860782892394127e+02 1.524345313696487403e-01 1.310339113947269825e-25 3.106589530422146232e-26 6.591956365585327155e-26 1.813910000464377670e-01 1.349161453439957540e+03 1.431248111577634389e-25
1.490094178060654695e-01 1.012768307401150423e+03 1.728368265256542600e+02 2.986682384616024137e+02 1.168021711757775832e-01 7.880240236611006283e-26 2.393452852722522198e-26 3.985784759771631626e-26 1.913529008840587631e-01 1.073653336000893660e+03 8.425241332163818895e-26
2.589486897548426425e-01 6.745486138605136830e+02 3.102034999085446998e+01 1.296907518081691251e+02 6.960523089590554824e-02 3.394923808460171317e-26 7.874293489020869519e-27 1.094329549079719117e-26 1.821932499200466238e-01 7.177895750329962539e+02 3.480391874035872311e-26
4.500012476595302013e-01 3.055068761164383204e+02 1.389804468093120420e+02 3.092921773095332583e+01 1.436641908353428476e-01 1.099135054831109644e-26 3.762624881945294363e-27 3.917951688829867602e-27 2.171575943905335315e-01 2.558957613373803781e+02 1.135790946446398864e-26
7.820125411209841726e-01 1.034686109226129531e+02 3.416557393927914177e+01 2.278598153473502919e+01 1.324786062639431994e-01 3.498304898202747784e-27 3.280260702841891542e-27 8.790129304251942782e-28 3.100833728720915339e-01 9.700482625461168595e+01 2.527005077996191212e-27
1.358982042052452988e+00 3.675662640588880947e+01 7.992910447581799360e+00 3.815974690972890215e+00 7.071773689743514335e-02 1.333565482532775374e-27 9.832465412827784658e-28 4.364506556905958682e-28 3.179430960437880649e-01 3.524549936086416579e+01 1.034473024078470468e-27
2.361640118934270394e+00 2.055961770534319299e+01 4.833078784327948796e+00 2.007834794582876725e+00 8.647037404556054407e-02 8.043398042219774922e-28 5.339762439146874041e-28 3.530107124873883484e-29 1.892990484309475252e-01 1.902976511501562129e+01 5.655298118157274143e-28
4.104060155891746220e+00 1.558487795875689130e+01 7.898513997562979227e-01 2.309116700748514717e+00 4.567593052228696021e-02 5.908930134337205252e-28 1.178578155765810708e-28 8.482895432173323528e-29 7.459029208481762763e-02 1.612089013024128548e+01 5.787402493985103928e-28
7.132039140145964851e+00 1.291106508502203454e+01 2.311025272694489985e+00 4.798699562992727152e+00 1.277871470584220626e-01 7.054207122164118027e-28 4.775444070378417982e-28 1.688160755167175505e-28 2.134784285832616313e-01 1.373960242659153153e+01 5.589048254089644420e-28
1.239406352841865555e+01 4.814148244359826023e+00 4.510844094294403916e-01 6.089070397030784676e-01 5.624651307629034008e-02 1.989448508830888064e-28 9.368825827316956021e-29 4.430723494378752983e-29 1.609668493861909910e-01 4.883329861409068329e+00 1.764112990089693362e-28
