# R (Mpc), mean rho (Msol/kpc^3), errup (Msol/kpc^3), errlow, std, median rho (Msol/kpc^3), mean pth (Msol/kpc/s^2), errup(Msol/kpc/s^2), errlow, std, median pth (Msol/kpc/s^2), mean gas-mass-weighted metal (fraction), errup, errlow, std, median metal, mean gas-mass-weighted temp (K), errup, errlow, std, median temp  
#  nprofs 451, mean mh 215002605115.970123, median mh 200857609541.507446 
#  Mass range 11.00 - 11.5 
#  Nhalos 198
5.932162445594626674e-04 8.032730980612723529e+07 6.372583015149181336e+07 4.194363645263686031e+07 3.851412850451149672e-01 6.562041201668146998e+07 3.093953541558859913e-23 3.437259720714394922e-23 1.467163511171077523e-23 5.951162182547108381e-01 1.767213791568163265e-23 4.890131918695872666e-03 2.342185170545299337e-03 3.123891360348767486e-03 3.695987044277642686e-01 5.013344638502025864e-03 2.334885881804333985e+04 7.862966822480702831e+03 5.110029500638123864e+03 2.024576794950405101e-01 1.988779625443591067e+04
1.030891681423026437e-03 4.401434563174229115e+07 4.195214308495284617e+07 1.818301638675207645e+07 3.253309239988932400e-01 3.368701092690555751e+07 2.042086143808461777e-23 3.548040536723070745e-23 6.531272127291498504e-24 5.840096241399047594e-01 8.705341471099485954e-24 4.483153483756356292e-03 2.109433547958155380e-03 3.169362844236330370e-03 3.418634851618184145e-01 4.656634350857328207e-03 2.762227299176629094e+04 2.233877528930811968e+04 4.048731134351484798e+03 2.424204390394791575e-01 1.860377079621238954e+04
1.791484418327772034e-03 1.732529041658113524e+07 1.242959096780947223e+07 6.852593450735684484e+06 2.539965811881303437e-01 1.481008835990902409e+07 9.069552959857112704e-24 1.336532914919946604e-23 3.736340776395839790e-24 5.397014771656658549e-01 4.877777682196655222e-24 3.969158774562876052e-03 2.588808097121762190e-03 2.604877125551761062e-03 3.635066167552482019e-01 3.837573999474456262e-03 3.503013908581695432e+04 3.177442769577120998e+04 7.228832122476795121e+03 2.958613378943359962e-01 2.107943890762452429e+04
3.113243106861596308e-03 5.516569527695640922e+06 2.864051666425015777e+06 1.754098229360132013e+06 2.060648693814662591e-01 5.128696612719049677e+06 2.185937713962060351e-24 2.276113261002839847e-24 1.023425722222440298e-24 4.197550410052705572e-01 1.487753204842937628e-24 3.451244001728596446e-03 2.641649290465205961e-03 2.061513322829902628e-03 3.872611177645884917e-01 3.026301659185410588e-03 3.141313954086650119e+04 2.131798626482960753e+04 1.129415902416461176e+04 2.754411974227028437e-01 2.433306434739582255e+04
5.410196451202359258e-03 1.559536883475020295e+06 5.907484127730708569e+05 6.723309318188102916e+05 2.724805865992606102e-01 1.537825999300336931e+06 4.532085191304309654e-25 4.212783705773466225e-25 1.840607018930452692e-25 4.096514584978599993e-01 3.421389343130493039e-25 2.788200555862306931e-03 2.385226117758078735e-03 1.468404835558557216e-03 3.738679291659255388e-01 2.339403161655936782e-03 2.819351559567938602e+04 2.208565000752011474e+04 9.368197236882442667e+03 2.744560906654325283e-01 2.120278420702766380e+04
9.401843876596392702e-03 3.106881016089382465e+05 3.310690337830138160e+05 1.190878718623724271e+05 3.278117532671521728e-01 2.385612035712566867e+05 1.243010117624260301e-25 1.157362590959083978e-25 4.975336983563319284e-26 4.241279250945450552e-01 8.195122849053619852e-26 2.450702385400969734e-03 2.317828229831983815e-03 1.147409131730549271e-03 3.612452869475276662e-01 1.956737944873832447e-03 3.867042651908444532e+04 4.039413579072497669e+04 1.331900678969082219e+04 3.282141777568544638e-01 2.573560115778152249e+04
1.633853208052144651e-02 4.798980483657944569e+04 4.731440461470589798e+04 1.855908258262818345e+04 4.003877441252041702e-01 3.286670465726224938e+04 4.007282582487697258e-26 4.237550075696637923e-26 1.892878987861445804e-26 5.028381987984270607e-01 2.728649309902274358e-26 2.651176913421002777e-03 2.316236168794250008e-03 1.199753848100627504e-03 3.621806270093155256e-01 2.205096773072378388e-03 7.574325492229392694e+04 7.665886341668225941e+04 3.870907037707884592e+04 3.614532300722834712e-01 5.974208029939758853e+04
2.839311459007843805e-02 1.011581440160173952e+04 8.743958286317290913e+03 5.406305832022173490e+03 4.422081424089511215e-01 8.493397628733244346e+03 1.408309747560242361e-26 9.502730698874592432e-27 8.204064299885721049e-27 4.791274758123429400e-01 1.281257248506565034e-26 2.328790594852032068e-03 1.566684855939372376e-03 1.126615510696641308e-03 3.791859456271208240e-01 2.070914954427114252e-03 1.513570536554073042e+05 6.231687507592506881e+04 4.902834485215300811e+04 3.015776030733749447e-01 1.068369436970251118e+05
4.934157806541426133e-02 2.885981133354237954e+03 2.356864327353455337e+03 1.383073896314472677e+03 4.120459848820859361e-01 2.506000017700972421e+03 5.729147527201396875e-27 3.061010040334067461e-27 2.980046404179367209e-27 3.891697627725455577e-01 5.453630265658260698e-27 1.891704321886168456e-03 1.417688638603751324e-03 8.807371167166934195e-04 3.808009757959080477e-01 1.653676919156323293e-03 2.082505403163076262e+05 8.221442230562074110e+04 5.835266335345941479e+04 2.784602373761782546e-01 1.513074858216683497e+05
8.574583525387895200e-02 8.767990897590077566e+02 4.774414128927689944e+02 3.896264642058092704e+02 3.691138044039504185e-01 8.276969517183945300e+02 2.502382171139910358e-27 1.829265096220266926e-27 1.076499908170571809e-27 3.797978923157375730e-01 2.065700244997765731e-27 1.377106882149557298e-03 1.088359890117012114e-03 6.125213061028102939e-04 2.925714344085124097e-01 1.197311412213765891e-03 3.072739236705243238e+05 1.702054615946124250e+05 7.248439470897923457e+04 3.272273833307335345e-01 1.804907265455932647e+05
1.490091835659981823e-01 2.815582323400859082e+02 1.561531393991854202e+02 1.160129270154052392e+02 3.533310240408736314e-01 2.643576772576825533e+02 1.573051143526165437e-27 1.710935519769089378e-27 6.630526511315795053e-28 4.684024127868948728e-01 1.037746426032132262e-27 9.391919206649867666e-04 7.517074459620226318e-04 3.273053182529162735e-04 2.724079135069698010e-01 7.334705166306208345e-04 2.029934642049416201e+06 5.264902787790524308e+05 1.604613046237206145e+05 4.887162832629620146e-01 2.735750912870494649e+05
2.589482826922595571e-01 1.118429446469289559e+02 7.595819222895528355e+01 3.805574750292537800e+01 3.126632419043621214e-01 9.690050075999243973e+01 1.392395337698576346e-27 1.946053663174048113e-27 5.612591113581603161e-28 5.325440251933448721e-01 7.973185936723049726e-28 7.148621939373794214e-04 5.706364185374160044e-04 2.298148739216427944e-04 2.859636210665079115e-01 5.175310607920781880e-04 2.112960895252428949e+06 1.515431371302652638e+06 3.976487026239769766e+05 5.375243917784313652e-01 5.782166674177136738e+05
4.500005402658359133e-01 5.853927488640855614e+01 4.774693597664510492e+01 1.695227299464395543e+01 2.893925439763028740e-01 4.413656476226329062e+01 1.313359107508482698e-27 1.643815386808342184e-27 4.910978697329805752e-28 5.676971994362910445e-01 6.880616913360171447e-28 7.236231837078542202e-04 6.598473588916918368e-04 1.986577752472271237e-04 3.482097794394943269e-01 4.416361001917056515e-04 1.847645030863562366e+06 1.808043229504778050e+06 7.956627710900347447e+05 5.072344329207060243e-01 1.133654210536870174e+06
7.820113118116359674e-01 3.299125070411712102e+01 2.599656611006086848e+01 1.101780918798465692e+01 2.812530583700594833e-01 2.570158972094246508e+01 1.180263920025394151e-27 1.625349757259491908e-27 4.504191144791952254e-28 5.465710238154686262e-01 6.509595891912642882e-28 7.823845395289570018e-04 7.795032643261284432e-04 3.003629991758436616e-04 3.905119711067027155e-01 5.043207969120029090e-04 2.646290508703825530e+06 2.467182119722143281e+06 1.251267289422390517e+06 4.514868284103092377e-01 1.962087894033770543e+06
1.358979905757649043e+00 2.229603950622703579e+01 1.537482052653111708e+01 7.793325468831465486e+00 2.568693587428303449e-01 1.844363391803714336e+01 1.127527398349843604e-27 1.256154066292412852e-27 4.425803913083500629e-28 4.869379961231189990e-01 6.648357096865718284e-28 9.085565309179445158e-04 7.882813032446908024e-04 4.799114486816461649e-04 3.729869174274313970e-01 7.591798204740590446e-04 3.383076770418861415e+06 2.715457704325174913e+06 1.629763333307140972e+06 3.444612073537491326e-01 2.862872985350728035e+06
2.361636406479389549e+00 1.820463191624340737e+01 1.168571659120324568e+01 5.736340065044950975e+00 2.399548994072158714e-01 1.467917168925691129e+01 1.166833208445830129e-27 9.883438279519838444e-28 4.639434232251222587e-28 4.092639263403775041e-01 7.486264837175368665e-28 8.950131708733575142e-04 6.522583842484771816e-04 3.774887982528349144e-04 2.635640444919459258e-01 7.843653453697681330e-04 3.973394382348523010e+06 1.690791390731301159e+06 1.736737796423339285e+06 2.245450452409839537e-01 3.990519474613911472e+06
4.104053704384576839e+00 1.440913171956373873e+01 5.444853589887550527e+00 3.981516607078120273e+00 1.750180431553345350e-01 1.309259506766160541e+01 9.205877869052932989e-28 6.615300463040654328e-28 4.321975724782467409e-28 2.947208299777929197e-01 7.788282760859908953e-28 9.391304004327407197e-04 3.231497299385657600e-04 2.865175012265902023e-04 1.395259654418769812e-01 9.161362008500769250e-04 4.407967963092163205e+06 1.399109892094408162e+06 1.375506625655386131e+06 1.520626737325884714e-01 4.364885234173827805e+06
7.132027928711459630e+00 1.277329542686742947e+01 4.092750226482989362e+00 2.667835388961098175e+00 1.079424420243584454e-01 1.232587382445406199e+01 7.877035164328181875e-28 3.697351978303268692e-28 3.003473162922082710e-28 1.787972139896498724e-01 7.471827416458569748e-28 9.509848656000960366e-04 1.813876513826863726e-04 1.963332632113777478e-04 8.687230577463314618e-02 9.557527009046984639e-04 4.460326193842091598e+06 8.483054892612565309e+05 9.587440308451429009e+05 8.689071483385130135e-02 4.447553039135975763e+06
1.239404404517848235e+01 3.221047908669610216e+00 5.192769770065197577e-01 3.964190728126109065e-01 5.691849470560231966e-02 3.166409532100570523e+00 1.894594648833662901e-28 6.071672381243393377e-29 3.389901962224219462e-29 9.929176385121896153e-02 1.793719612879135541e-28 9.401027371290500249e-04 1.402625599011122831e-04 9.550093496414201362e-05 5.360763435233538432e-02 9.202791929592905569e-04 4.343737606987022795e+06 5.748159681721031666e+05 5.136820007946938276e+05 5.265959247484632705e-02 4.307387296222075820e+06
