# R (Mpc), mean rho (Msol/kpc^3), errup (Msol/kpc^3), errlow, std, median rho (Msol/kpc^3), mean pth (Msol/kpc/s^2), errup(Msol/kpc/s^2), errlow, std, median pth (Msol/kpc/s^2), mean gas-mass-weighted metal (fraction), errup, errlow, std, median metal, mean gas-mass-weighted temp (K), errup, errlow, std, median temp  
#  nprofs 445, mean mh 4175316742784.874023, median mh 3286097888494.635742 
#  Mass range 12.30 - 13.1 
#  Nhalos 37
5.932162445594626674e-04 6.662487916220524907e+07 8.261217470699633658e+07 9.395920916082620621e+06 4.100479666903908971e-01 2.628465443963421881e+07 3.265097903101988406e-23 5.204133872366580841e-23 7.043134006823928366e-24 7.011123327269195293e-01 9.412606283113635787e-24 1.020210951719757383e-02 5.353408935484747430e-03 4.359933071111577428e-03 3.392639905310938508e-01 1.001461086702855677e-02 5.015419942944159266e+04 1.630178753874494214e+04 1.288662787241900696e+04 4.169414162336515517e-01 2.462597095201136472e+04
1.030891681423026437e-03 2.598357887176072970e+07 4.763960690474107862e+07 3.719395037687793374e+06 5.202850098745025464e-01 7.677145033633342944e+06 2.924780566596240485e-23 4.141154387722026833e-23 9.508292268765942834e-24 9.353886885252457040e-01 9.946452073678457115e-24 1.286003567665901931e-02 6.883992399394880252e-03 5.365883367284511075e-03 2.423658035327439231e-01 1.150193708827001310e-02 1.289800509087049431e+05 1.989247661591867218e+05 2.247375735929254733e+04 6.338625805806366031e-01 3.175563693540410895e+04
1.791484418327772034e-03 1.760516580185960233e+07 3.806321903019312769e+07 2.695768420995445922e+06 5.780034821657517030e-01 5.359970531543011777e+06 3.426119867732061183e-23 3.697272741879395308e-23 4.562386640970775157e-24 1.100973147944437347e+00 4.747789358967953141e-24 1.482385551793915721e-02 7.047988836486347025e-03 5.513338001343463107e-03 1.957422736194722179e-01 1.363707449138022373e-02 9.861870978713249497e+04 1.832579298312927713e+05 3.060963789261154307e+04 5.797886646230290264e-01 4.017899497126396454e+04
3.113243106861596308e-03 6.695879030243736692e+06 9.638304363898437470e+06 2.388608609468782321e+06 6.174671104160984747e-01 2.881892072769832332e+06 1.307419173677065579e-23 1.601168035345855300e-23 5.016350342644952173e-24 1.062770605724192574e+00 5.174211226209993684e-24 1.583561876725297218e-02 8.511400981244209712e-03 7.376141356863666343e-03 2.285195340828146127e-01 1.466164162474726737e-02 1.756334350886689499e+05 1.300449372428225179e+05 9.154549929329883889e+04 6.228680397735439911e-01 1.060640725766260002e+05
5.410196451202359258e-03 3.185847303672416601e+06 2.184328442278798670e+06 2.512434250626724213e+06 5.893450895412182255e-01 3.246079533291618340e+06 6.559997071151566452e-24 8.272533941347442033e-24 2.692435735841602120e-24 7.605574726914291483e-01 3.139662160369520454e-24 1.592158172113507936e-02 6.612114036380473819e-03 7.836035107020576304e-03 4.195124748058920439e-01 1.606895869981608826e-02 5.968807712773019448e+05 1.484540679430887976e+05 6.157731089786438679e+04 6.805079174324144553e-01 7.878892072969643050e+04
9.401843876596392702e-03 7.322238578617372550e+05 1.104493164655004395e+06 3.643343808880081633e+05 6.044769401974214862e-01 5.096237399762774003e+05 1.979025590954641808e-24 2.913032699643554308e-24 6.549212667989078109e-25 8.109465096310158883e-01 8.400082170862602039e-25 1.525389569942256496e-02 7.150385943542886605e-03 8.097109975133888471e-03 4.546459727213706392e-01 1.542327733881325956e-02 6.837966680311134551e+05 1.956531453876215674e+05 9.364237634811658063e+04 6.951771731459246428e-01 1.255122797753942141e+05
1.633853208052144651e-02 1.851395244675101712e+05 4.068547831375482492e+05 4.669347657753344538e+04 7.101799542762166073e-01 6.107644641409149335e+04 8.793937190236776760e-25 1.006213474232417495e-24 4.460632743742857101e-25 6.379229915905991755e-01 5.669027650041971905e-25 1.335791113706130163e-02 8.406426093284218720e-03 5.148831157422782689e-03 2.508877703804485715e-01 1.203809271055023694e-02 1.146878189428819111e+06 1.050834781517459312e+06 2.774886452854276868e+05 6.241290064328545162e-01 4.040963591114620795e+05
2.839311459007843805e-02 3.051416000175842419e+04 4.808487607988980017e+04 9.271308814378751777e+03 5.161040880758513971e-01 1.325001761063808772e+04 4.551653139767007464e-25 4.780337197100631147e-25 1.275952058951821489e-25 4.655470700751945246e-01 2.332290429045983751e-25 1.124846603470918728e-02 6.016476820556792421e-03 3.981299888944406576e-03 2.506636552488706871e-01 1.000291946997021453e-02 1.641730459047061857e+06 1.487735276690904284e+06 7.087744905960957985e+05 3.858903459321088580e-01 1.200054684471271699e+06
4.934157806541426133e-02 9.571935853649703859e+03 1.513120882314944720e+04 1.790026923081743689e+03 4.621823669418057556e-01 3.637917026631153931e+03 2.283560358239646651e-25 1.883428120766433226e-25 5.943542406162973014e-26 4.187178865321017907e-01 1.202986095185649409e-25 9.148651626259572678e-03 6.040808608160970310e-03 3.057728244418294640e-03 2.359892882492984623e-01 7.805769276791270188e-03 2.227920878212188371e+06 1.351425710470714606e+06 8.713736186595107429e+05 2.851657198122365955e-01 1.875748241439002566e+06
8.574583525387895200e-02 3.333546599004317159e+03 4.486727447127224877e+03 6.466117197460523585e+02 3.836229403893229306e-01 1.749514420558413121e+03 1.033948101269900820e-25 9.617048239846087840e-26 4.390092570742044747e-26 4.012959361528002367e-01 7.046216374772909386e-26 6.228952726303331119e-03 2.378630191523785180e-03 2.474437906936436445e-03 2.251025924408839585e-01 5.663657170361544209e-03 2.790569921150131151e+06 1.751798058304714970e+06 1.073293100267478731e+06 3.127339151324302069e-01 2.063710874707589857e+06
1.490091835659981823e-01 1.341362947828036567e+03 8.681740920011486651e+02 6.822274051122582250e+02 3.366963134070807828e-01 1.182495953666928699e+03 4.439848512207183581e-26 5.513187005073516512e-26 1.314762004023727318e-26 3.565127976371950669e-01 2.728541259684492525e-26 4.362775589267803115e-03 2.316833360070518887e-03 1.418065500373074175e-03 2.381870801736188092e-01 3.846898415487231496e-03 2.602970931083796546e+06 2.337422427518900018e+06 1.158975975692476146e+06 2.871948760111821541e-01 2.244737960290791932e+06
2.589482826922595571e-01 5.075954099671033646e+02 3.423264010013810434e+02 2.062337357681196295e+02 2.483355492285170274e-01 4.593022759137664366e+02 1.722716609338851256e-26 1.806393080566138435e-26 4.345865077276523727e-27 3.456500525006423463e-01 1.022634544895478970e-26 3.030106911269423060e-03 1.680106245009422260e-03 9.443827531278163080e-04 2.287526358636676471e-01 2.519485338878551216e-03 2.313253573410992976e+06 1.963318737716189818e+06 8.558688539729102049e+05 2.759813799823749303e-01 1.932303635283688782e+06
4.500005402658359133e-01 1.946653392599354788e+02 1.325482542466687335e+02 5.771920802818439711e+01 2.203153068126492142e-01 1.653674148204859478e+02 6.241142606391147078e-27 5.615139189763850743e-27 3.016942519380743273e-27 3.824800192561070289e-01 4.616551761197671113e-27 2.277588264238121930e-03 1.480297729982905930e-03 5.180175188748963478e-04 2.345891876023353251e-01 1.951512313972067394e-03 2.032090777691678843e+06 7.936313226353658829e+05 1.062185004969084170e+06 2.448264776015053046e-01 2.052933562503636582e+06
7.820113118116359674e-01 7.660524438795540902e+01 3.694280602151145843e+01 2.150420825270424530e+01 1.909642831588761192e-01 6.630511622470248767e+01 2.209067095322066281e-27 2.271365788028190391e-27 5.703146978288823828e-28 3.447880145940664387e-01 1.545037336680959796e-27 1.765518033040989424e-03 6.520928589594497411e-04 6.855860377357747559e-04 2.418565388945946026e-01 1.659012208789276523e-03 1.953795541376458947e+06 1.168944804219361860e+06 5.005625398481050506e+05 2.265747560841676056e-01 1.744941045801971573e+06
1.358979905757649043e+00 3.646287253969128273e+01 1.356032135070265099e+01 8.431902226410603163e+00 1.304935235975464292e-01 3.576205978166242971e+01 1.160719774856898808e-27 6.104535224255986871e-28 5.312344648074005899e-28 3.445112543441123942e-01 1.078031584706030840e-27 1.348306848911532069e-03 4.098043115121762382e-04 4.230255119470038285e-04 1.894583966453328994e-01 1.360231629934328381e-03 2.266528766434902325e+06 1.418953692043433897e+06 6.125814035197384655e+05 2.647096262596898564e-01 1.975458792986885179e+06
2.361636406479389549e+00 2.223614139073785978e+01 9.156275531465226436e+00 8.036535978862332286e+00 1.675428920408248701e-01 2.182966143366243728e+01 8.482276297418402884e-28 7.033050377696298753e-28 3.700036777155991111e-28 3.702873702992424132e-01 6.881920078288202410e-28 1.126356742045230182e-03 4.004069437649193652e-04 3.759888610039947236e-04 1.622899239316074604e-01 1.105940025903158659e-03 2.610527717521549668e+06 7.627256259103915654e+05 9.839099813514142297e+05 2.355944894894187180e-01 2.689209110267902259e+06
4.104053704384576839e+00 1.626691403956625592e+01 4.362256800452875893e+00 5.789105439141419396e+00 1.508147328815537258e-01 1.585333399212914074e+01 7.070271374113074622e-28 1.927125104547480908e-28 3.021844051630210443e-28 2.902180949042924007e-01 6.503465205016753488e-28 1.013436362078793535e-03 3.031008886610513705e-04 2.052291329862595062e-04 1.166766987716732901e-01 9.850059627108120625e-04 2.921235663721962832e+06 4.269973480636402965e+05 9.878832536898602266e+05 1.637280886894455778e-01 3.019920321062209085e+06
7.132027928711459630e+00 1.333655371781983234e+01 5.129434622377791797e+00 2.569948653247967840e+00 1.209753331320022468e-01 1.242044103795501009e+01 5.786151601258074428e-28 6.010744043099411234e-28 7.899191833343044056e-29 2.353502915418868580e-01 4.501614614811043549e-28 1.031110453837234082e-03 1.413648242546182779e-04 1.787402819098965088e-04 8.941940854686974971e-02 1.062158292038463186e-03 3.010599528626817744e+06 1.523456728671516757e+06 4.534574610392409377e+05 1.240703517625825480e-01 2.769422642941931728e+06
1.239404404517848235e+01 4.772436898657043791e+00 6.220650210684386394e-01 6.140650224776997845e-01 5.429040393887164806e-02 4.704488649898209474e+00 1.766640436282139378e-28 1.098156004723100241e-28 3.091712793999051710e-29 1.422148664349971170e-01 1.516161499102670462e-28 9.762390858579795281e-04 1.017178870078778215e-04 1.005867142786781446e-04 3.935059283399491153e-02 9.849711979501764997e-04 2.694003325565483887e+06 1.065513316769554280e+06 2.874725028507364914e+05 9.460163109895956823e-02 2.471833868233040906e+06
