# R (Mpc), mean rho (Msol/kpc^3), errup (Msol/kpc^3), errlow, std, median rho (Msol/kpc^3), mean pth (Msol/kpc/s^2), errup(Msol/kpc/s^2), errlow, std, median pth (Msol/kpc/s^2), mean gas-mass-weighted metal (fraction), errup, errlow, std, median metal, mean gas-mass-weighted temp (K), errup, errlow, std, median temp  
#  nprofs 458, mean mh 1413432108159.840576, median mh 1374859640058.648926 
#  Mass range 12.00 - 12.3 
#  Nhalos 46
5.932145288224347380e-04 1.007233189003349096e+08 9.722055710304926336e+07 2.209103010846250504e+07 4.773327983101965932e-01 3.747364453458411992e+07 1.827117771606371183e-22 3.398237423548980051e-23 7.135600726218633472e-24 8.036914288156108421e-01 8.948669536855035053e-24 1.020712686101588398e-02 4.552755170229565163e-03 5.012597349851797418e-03 2.794456473734762136e-01 9.898566405760571979e-03 4.895857832342741312e+04 6.984841618111039861e+04 5.414890409898187499e+03 4.091322570728430086e-01 1.892255998385015482e+04
1.030888699813797393e-03 3.545565077843361348e+07 3.883878333690353483e+07 1.128900143063737080e+07 4.464033656984389142e-01 1.861660233953245729e+07 4.239604697824483106e-23 1.661801148803458724e-23 5.567046077815101618e-24 7.683896600793399534e-01 6.454607317028293659e-24 1.245665122236161090e-02 1.091171224707170734e-02 6.535074373921942112e-03 3.211597211563449461e-01 1.098591566210543879e-02 4.466485032564931316e+04 4.863806851808557258e+04 8.915200152359982894e+03 4.094954667218213551e-01 2.255470224513000721e+04
1.791479236884782524e-03 1.359941294185326993e+07 2.288866154005082697e+07 4.722820201660779305e+06 5.770491673143310907e-01 6.770669845145950094e+06 5.629074381762140704e-23 1.970646641075979266e-23 2.265807643928489568e-24 1.123425645798896699e+00 2.378961854333029192e-24 1.307266709397197739e-02 9.258142021591446100e-03 5.415965896989092393e-03 2.289823975074136153e-01 1.199846284796097541e-02 1.228012772850530600e+05 7.130422423148329835e+04 1.175430900098735947e+04 5.917097108805098316e-01 2.309133208449164158e+04
3.113234102545675390e-03 5.150295607172458433e+06 4.162992472798129544e+06 2.064032579212683253e+06 4.716992351261979910e-01 4.012658909074148163e+06 1.550323417199651287e-23 1.501419343267532050e-23 1.342327745187639253e-24 9.897624609426093345e-01 1.625492660451844533e-24 1.400645491161474354e-02 1.025978523646409873e-02 4.848956951890050042e-03 2.246645532260167499e-01 1.218693313803722103e-02 1.207652719306260406e+05 1.516325409747889498e+05 2.825911371774295549e+04 5.781370129252360046e-01 4.148489947695402225e+04
5.410180803494689730e-03 2.686495169849867467e+06 9.279891635185284540e+05 1.168247789887788007e+06 2.092688601179184260e-01 2.635962989102490246e+06 3.549268886515707709e-24 3.445735105124054553e-24 1.022436896693196476e-24 6.670892638703388444e-01 1.297098736937908229e-24 1.410468305430851409e-02 1.089439244853427843e-02 5.397411800661496700e-03 2.541583204050112399e-01 1.243511844057575491e-02 8.494819604320732469e+04 8.069531254108266148e+04 2.893418314622374601e+04 4.839060022299412345e-01 4.255543790905123751e+04
9.401816683997036433e-03 7.203806834068857133e+05 7.078060794960836647e+05 3.409122708237428451e+05 3.826314264186093106e-01 5.202271441737980349e+05 9.948573528973616004e-25 1.530926614882004297e-24 5.081578947703917838e-25 8.588346741345634916e-01 5.281165969857638028e-25 1.341303527184928464e-02 1.350142537930059186e-02 4.393310031176997713e-03 2.926776385963416049e-01 9.903676480848052494e-03 1.144952353773102659e+05 1.539972226033587940e+05 3.974783557918648148e+04 5.797177340702034387e-01 4.958392128427409625e+04
1.633848482519974915e-02 1.601409179369462654e+05 3.055881078568681842e+05 5.046122910789676098e+04 5.628625506799694866e-01 7.061838598689383070e+04 3.959352122774012982e-25 3.959547127814050470e-25 1.859918490528767653e-25 7.531936403224591681e-01 2.430597449976251691e-25 1.207568016457217716e-02 1.358485901465640924e-02 3.899240766566301752e-03 3.018755235013984017e-01 8.849942984957732961e-03 3.285557481787109864e+05 2.070357567521904712e+05 1.511552577061621414e+05 5.926078316344998154e-01 2.011069467207970447e+05
2.839303246974122716e-02 2.903296171588732614e+04 4.551563388950522494e+04 8.761826739093790820e+03 5.433462191603024571e-01 1.300178504053937650e+04 1.717618252674932052e-25 8.780715569135672375e-26 8.459679117252097097e-26 5.506441510969011244e-01 1.218331296464052696e-25 1.007549345201332394e-02 1.228871392823775374e-02 3.172593193569776121e-03 2.757633648940721049e-01 7.696728049912459485e-03 7.113989699891204946e+05 7.165013297802656889e+05 3.184403996265127207e+05 4.037640811944634978e-01 5.066485107242926606e+05
4.934143535662420532e-02 7.450848688584281263e+03 1.109880469979717418e+04 1.686310151136900231e+03 4.823942443950278158e-01 3.000334493818871579e+03 8.285692492437474457e-26 9.267976738783613677e-26 3.897205446764050463e-26 4.781719409919430452e-01 5.652300535984464860e-26 8.322513594331169481e-03 9.933523741920805700e-03 2.775162794303890311e-03 2.725827729559812673e-01 5.963044003120635504e-03 1.297307633708000882e+06 5.703429648533423897e+05 5.841817220685720677e+05 3.524033694472027411e-01 9.770788811921316665e+05
8.574558725442532614e-02 2.429525502115139716e+03 4.238777491362038745e+03 6.691500247212537715e+02 4.518175997176234193e-01 1.183432309531134706e+03 3.661271593183586876e-26 5.493974259255678911e-26 1.493329799246947293e-26 4.553394201965464960e-01 2.238277735680511479e-26 5.888355245509651302e-03 4.607615107569206815e-03 1.770211013285773356e-03 2.917328378200350625e-01 4.588156701862601376e-03 1.372662202086515026e+06 1.000682273173084017e+06 5.284198338577988325e+05 2.959715050673303871e-01 1.112626995651319157e+06
1.490087525923421141e-01 8.475981963797760272e+02 1.068337772428161770e+03 3.113219494799996028e+02 4.132273331472409716e-01 5.299325573281672632e+02 1.690231099993999737e-26 1.726323397656921297e-26 5.772645043305780070e-27 4.390644580010905074e-01 1.058439443723379864e-26 4.135662491817843414e-03 4.570164669669495028e-03 1.153595035180982574e-03 3.115333255284856162e-01 3.100586668146079056e-03 1.706379168949937914e+06 1.196022035805389751e+06 6.376787870356929488e+05 3.126171639812372338e-01 1.296877799655455630e+06
2.589475337458828630e-01 3.093388004341461510e+02 3.128387789033812396e+02 1.332111150170536575e+02 3.451134630005029957e-01 2.378072300008680031e+02 7.442566851743055811e-27 7.963034303028946420e-27 3.055609997359435442e-27 4.353504518591336248e-01 4.918329210032794739e-27 2.823089405759083431e-03 1.593019055573765413e-03 1.101241051494490511e-03 2.715049128010499357e-01 2.451330118909582530e-03 1.795488185017263750e+06 1.293152904709515162e+06 9.762733514336502412e+05 3.003953825237639097e-01 1.646075833998741582e+06
4.499992387462019017e-01 1.179542143265988017e+02 5.836271690748463925e+01 5.159835584622533133e+01 2.623531042606231378e-01 1.023272220898774947e+02 3.262793723516625875e-27 2.841362017549336764e-27 1.129390419171034345e-27 4.007762933276086126e-01 2.043759762113280291e-27 1.792437686493123872e-03 9.656390054428240499e-04 7.086594613194287760e-04 2.220595303393385622e-01 1.621413126898260063e-03 1.993581588731806027e+06 9.003566323760547675e+05 9.159020552479848266e+05 3.020723910130210799e-01 1.641287504597117659e+06
7.820090500297373071e-01 6.508753847592237207e+01 3.167581521005541845e+01 2.228278887643213579e+01 2.423223055814084925e-01 5.608714161585176328e+01 2.280054560383683475e-27 2.043348256582748483e-27 7.327936082960405274e-28 3.980232181786592660e-01 1.243233107083448402e-27 1.534230920368414870e-03 1.050207181891432088e-03 3.964939903954768250e-04 2.426506781410168734e-01 1.288111210410353841e-03 2.223966222972847987e+06 1.336227263219390297e+06 8.241601769031563308e+05 2.764963614511973811e-01 1.811857668148694327e+06
1.358975975231191180e+00 3.606763093442857837e+01 1.405816168950422451e+01 9.250201092613753673e+00 2.086405437252719652e-01 2.895608005998967371e+01 1.927568154501980859e-27 1.880801224227148328e-27 5.003602264905746619e-28 4.036483019092382829e-01 9.883206224119340842e-28 1.049196887894775568e-03 3.664382422246276888e-04 3.600194437094237461e-04 1.967148553275827327e-01 1.008653754037914987e-03 3.070994612017801497e+06 1.902870183854005300e+06 1.071107034599094884e+06 2.598573015356616112e-01 2.541094182550218888e+06
2.361629576007254094e+00 2.465863388271422352e+01 1.084698351193591748e+01 5.085846450633738414e+00 1.921057012712764633e-01 2.050905629837239985e+01 1.372242704477230011e-27 1.190721166395811837e-27 3.532806283401224807e-28 3.767545260310939392e-01 7.723294575467322514e-28 9.593660633709893536e-04 5.336062292275834751e-04 1.745148690273384427e-04 1.887132359854656327e-01 8.393724180053475795e-04 3.426561528057672549e+06 1.522016766216110438e+06 1.713035944472487317e+06 2.328641613035982716e-01 3.387258293526137248e+06
4.104041834384438481e+00 1.929841325792008178e+01 7.914741234356505117e+00 4.597752561715724440e+00 1.488367210113009653e-01 1.696273783824356940e+01 9.640401524536791843e-28 7.126445506781571322e-28 2.830403555792986213e-28 3.114610928003719859e-01 6.990602516623834147e-28 9.658188521295985604e-04 2.478683081303983049e-04 1.550598065831981613e-04 1.186341181637467629e-01 9.383712611011264153e-04 3.373309358633429278e+06 1.058887964275090955e+06 9.586056189470672980e+05 1.868737550152476112e-01 3.353968404093266465e+06
7.132007301015381273e+00 1.585110123882797595e+01 3.435900552655148488e+00 2.411442522331848082e+00 9.432322200497812725e-02 1.543404409825449974e+01 6.711945028844616219e-28 1.716839522252025204e-28 1.753431246095092432e-28 1.784184533427652652e-01 6.123651878012558628e-28 8.900519631561098740e-04 1.084269252603132540e-04 2.191557612703667977e-04 8.696914477034349555e-02 9.196254333874139333e-04 3.042496238592535723e+06 4.275524761877628043e+05 6.841713262444278225e+05 9.211863568418263148e-02 3.055987219325592741e+06
1.239400819835114298e+01 3.394809511477441699e+00 4.312662058143565957e-01 3.335194129781733352e-01 5.062671439239746496e-02 3.328133288369620857e+00 1.380404076373326700e-28 4.735098056330227185e-29 2.501266239513679020e-29 1.318675492897302959e-01 1.257486215185350898e-28 8.947278130589259590e-04 9.500782327209863955e-05 8.786492257165264257e-05 5.629756332514184586e-02 8.774397486813208637e-04 2.965277864717277698e+06 5.357460374230886810e+05 4.150363317587007768e+05 8.487206049586992762e-02 2.805930513017992489e+06
