# R (Mpc), mean rho (Msol/kpc^3), errup (Msol/kpc^3), errlow, std, median rho (Msol/kpc^3), mean pth (Msol/kpc/s^2), errup(Msol/kpc/s^2), errlow, std, median pth (Msol/kpc/s^2), mean gas-mass-weighted metal (fraction), errup, errlow, std, median metal, mean gas-mass-weighted temp (K), errup, errlow, std, median temp  
#  nprofs 447, mean mh 4291955365625.317871, median mh 3444207000618.736816 
#  Mass range 12.30 - 13.1 
#  Nhalos 34
5.932134616077487568e-04 3.469893069444519281e+07 4.173163101146740466e+07 7.286358507438939065e+06 2.856188002074620536e-01 2.165503106341435015e+07 1.807693062329984883e-23 1.282024851621811937e-23 4.052723584974885148e-24 4.623348494680589171e-01 9.628118806842829640e-24 1.189456779652113896e-02 3.384854547861179674e-03 6.813820085324783643e-03 3.034247734212743852e-01 1.183914345552385117e-02 1.111347760482909216e+05 1.075203158386144496e+05 9.470549700335368470e+03 5.776304142679717923e-01 2.303650259189921053e+04
1.030886845207231632e-03 1.099639880322764814e+07 4.229715007591388188e+06 4.139757212261080276e+06 3.354523211266066118e-01 7.354426773213376291e+06 1.121606657720980869e-23 1.027447924327476867e-23 3.378601927099078013e-24 7.818871352267682262e-01 3.677366074128619078e-24 9.491820825254163388e-03 6.825209677668185940e-03 5.613599591797520209e-03 3.803174253036815111e-01 8.066420530825983357e-03 8.603661462181585375e+04 9.965300977928117209e+04 1.142432645472590229e+04 5.649991226266223299e-01 2.304001796832589389e+04
1.791476013947955600e-03 6.156124712541591376e+06 3.696367885129328817e+06 2.201920887835055590e+06 2.646933429804202986e-01 4.972126005285741761e+06 6.120872206171261327e-24 5.270093709450621361e-24 1.785673845863965949e-24 6.970887858326131337e-01 2.059943706721255673e-24 1.365407070908992646e-02 8.154369820456612225e-03 4.211026444339892663e-03 2.511113646344471095e-01 1.230820147809861577e-02 9.640631995226879371e+04 3.905415295544350374e+04 4.654888897951024410e+04 5.288562407990212710e-01 5.928796601161827130e+04
3.113228501723386363e-03 4.121396682487479877e+06 2.627683827709350269e+06 1.718913599847569596e+06 4.061926757242210750e-01 3.000222656312758569e+06 8.651060383338419139e-24 1.701253838283414029e-23 2.644794310596526596e-24 8.304452612508549381e-01 3.126499632730857503e-24 1.405967530973183111e-02 7.506839640665157604e-03 2.963738795820416994e-03 1.718103003529401485e-01 1.251250838736086418e-02 2.437640079437356908e+05 2.716123844930228661e+05 5.888201064743287861e+04 5.915925067005720628e-01 7.792393101113884768e+04
5.410171070381073442e-03 2.823296983164302073e+06 1.121719821561202407e+06 1.137040162350466009e+06 2.861493044221625759e-01 2.734087174050205853e+06 4.237680872791161439e-24 4.138422682072652199e-24 3.162284263647424913e-24 6.869506636055172644e-01 3.588869593035505553e-24 1.720308060985624096e-02 4.419835623188383272e-03 5.629079095083309656e-03 1.271778812319052654e-01 1.737169616267442498e-02 1.075160919968150265e+05 1.034525981602608954e+05 5.344375111691289931e+04 4.230820809685418848e-01 7.584056916955996712e+04
9.401799769784129415e-03 7.647465617377081653e+05 4.669258415742429206e+05 3.884456956723226467e+05 3.805945505837030063e-01 6.371187422846156405e+05 1.556036659952344516e-24 1.212531598308341044e-24 8.000018428572057957e-25 5.548834907805791916e-01 1.187760562127914125e-24 1.693917677849162556e-02 4.812880728154979304e-03 6.277816479662435070e-03 1.375873111761062861e-01 1.772974117994986082e-02 1.817837691690126958e+05 1.505717058285325184e+05 9.581890649741285597e+04 4.411303382845198628e-01 1.498175420152091538e+05
1.633845543166654105e-02 1.163448809209922911e+05 1.060977958425687684e+05 4.087146394364014850e+04 4.987009334738771171e-01 6.958469592153554549e+04 4.958843799421009773e-25 5.637081309695759772e-25 2.229663464288766855e-25 4.910099926297954442e-01 3.377243148506928167e-25 1.578433441318898706e-02 3.490272581731013180e-03 6.056717573102882515e-03 1.604473076230182593e-01 1.685057325588507071e-02 5.157400218821459566e+05 4.397175416509401985e+05 2.534012746409607935e+05 4.682144912739254483e-01 3.637730264438691083e+05
2.839298138963486026e-02 1.890153127346034671e+04 1.228227774347169543e+04 7.633545011415934823e+03 3.612075883779154450e-01 1.378056403847147521e+04 2.268485821391940890e-25 2.814131437112883425e-25 6.987679242794391919e-26 3.581938771759753393e-01 1.574770124115923497e-25 1.314235934801106370e-02 6.048775310330784666e-03 4.336396266702544772e-03 1.683978059013682693e-01 1.240514712360279298e-02 1.160527309543167939e+06 9.759848677272370551e+05 4.523071547066172934e+05 3.780381273416379972e-01 9.265619040341889486e+05
4.934134658957302355e-02 5.056370134794829937e+03 4.729737978162075706e+03 1.623082066235608181e+03 3.069726694750737894e-01 3.527671340324838638e+03 1.207757894545470898e-25 1.259920055061738063e-25 3.080537823605841790e-26 3.147104450890812477e-01 7.600901193135131624e-26 1.054853174373194050e-02 5.612192351884589397e-03 3.887022519154818487e-03 2.171179420805876836e-01 9.642135631557316455e-03 1.827422122088745935e+06 1.310095263986462262e+06 5.148515635532296728e+05 2.251172219910457240e-01 1.518238467332570348e+06
8.574543299497019988e-02 1.869133652610839363e+03 1.977381517208768400e+03 7.585768458798240772e+02 3.025720965370984339e-01 1.421019656965523154e+03 7.114517629449733741e-26 5.815634994330145321e-26 2.527626258950505472e-26 3.572969935257457874e-01 5.157109448079539283e-26 7.106176678983962443e-03 3.065893566483051530e-03 3.217326786063691088e-03 2.523691315528202583e-01 6.447833494943384924e-03 2.710254402048388962e+06 1.799000269242740236e+06 9.287894271212038584e+05 2.238855100809334087e-01 2.329305469011292793e+06
1.490084845201332109e-01 9.287015001730251242e+02 7.446955863297753240e+02 4.458841798421331646e+02 2.844464084474608301e-01 8.009985317868265611e+02 3.620964650517022761e-26 2.816088793622147681e-26 1.405933257949114534e-26 3.340505002708359927e-01 2.775953557720864840e-26 4.294588844378833571e-03 2.435557142189214049e-03 2.093244019836348457e-03 2.650383353562658084e-01 4.012677575383784105e-03 2.928073870942592155e+06 2.226653482035618741e+06 8.786902780998274684e+05 2.471516317273776686e-01 2.307184111905719619e+06
2.589470678897760059e-01 4.777548939622408284e+02 2.406053807673836218e+02 2.043830255158019042e+02 2.603197037810913717e-01 4.427744176342480387e+02 1.348311328367296348e-26 1.099752038646278556e-26 7.081650702897454640e-27 3.434482638933146204e-01 1.143971128389542494e-26 2.991457276489582415e-03 1.719550686078256951e-03 1.184301490602967556e-03 2.522545287342942699e-01 2.561207837655191111e-03 2.017279022515399382e+06 1.535589561094049830e+06 4.929214735787331592e+05 2.335684554572655669e-01 1.542567996183444280e+06
4.499984291810734116e-01 2.111387531071933381e+02 8.216400390609672399e+01 1.109547323325800932e+02 2.274162195136813502e-01 2.048990427455855468e+02 4.744946856198120012e-27 3.782708724478838701e-27 2.052662137663565711e-27 3.350401539631319148e-01 3.518694906343762578e-27 2.156720533598915478e-03 5.032527439946649604e-04 1.038919545992634478e-03 2.133165149606358058e-01 2.158447288533141793e-03 1.540825989444844658e+06 8.842061335147053469e+05 5.214852983221721370e+05 2.183112429784812292e-01 1.345515290216747439e+06
7.820076431667862815e-01 7.449998736522809395e+01 3.588413241177930502e+01 2.059541431488366214e+01 1.682458965337032541e-01 6.883324197956351043e+01 1.414820904291791518e-27 1.118348903153196154e-27 7.634607250061577100e-28 3.269219435200086399e-01 1.189775176761759518e-27 1.603884933524189239e-03 4.790613715054416709e-04 5.119297593625194223e-04 1.815141762332702080e-01 1.507222190666760494e-03 1.330048803334144643e+06 7.160124046443752013e+05 7.004771660201393533e+05 2.436884836581188207e-01 1.270987195924262051e+06
1.358973530383588368e+00 3.231269300042084325e+01 1.210758756875201669e+01 1.027633727839090838e+01 1.545105826245601610e-01 3.126360946388174256e+01 5.594413177062208722e-28 3.677478086313459211e-28 3.842436788495497348e-28 3.725218834247770450e-01 5.525243882632252374e-28 1.335184525375931021e-03 6.714923804763616669e-04 3.841873869682463187e-04 1.835404383332943645e-01 1.245197599334210052e-03 1.224177933923944132e+06 9.071891873195697553e+05 6.125148378738447791e+05 2.825431533792974736e-01 1.142560777041690890e+06
2.361625327349063497e+00 1.765813640156020625e+01 6.749699939235238588e+00 6.813193848860377599e+00 1.871030628550132968e-01 1.674061328942373450e+01 3.407585947607870428e-28 3.008483151487576098e-28 1.207512105732070350e-28 4.102188612200580176e-01 2.400767027649801205e-28 1.101258383021702604e-03 3.647898583048045287e-04 5.103371411109602950e-04 1.749732516572501118e-01 1.163107094170627489e-03 1.243504023774529342e+06 7.123838325743945315e+05 7.449729316421843832e+05 2.607003900962825416e-01 1.299355705965553410e+06
4.104034451062715583e+00 1.006937108523872659e+01 3.567227664144105859e+00 3.365047328508602220e+00 1.524109655964278054e-01 9.919606977180990270e+00 1.863296159277300036e-28 1.718058159132645258e-28 9.106935851294563277e-29 3.162316980621027174e-01 1.646560627676884003e-28 9.643854862793894804e-04 2.954211136419063535e-04 2.074921134464563152e-04 1.442491972179744952e-01 9.408632251464374169e-04 1.283158804046001518e+06 5.019179027937112842e+05 4.447209068998910952e+05 2.009635007091837011e-01 1.271459246924306732e+06
7.131994470272771558e+00 8.220973687831351739e+00 2.653931918864247841e+00 2.187171380662992881e+00 1.535722197741611617e-01 7.652258102429137843e+00 2.690098691957158399e-28 1.430741276689369919e-28 6.680639028355031221e-29 4.360486470888694233e-01 1.399921981752438612e-28 9.659235457989075223e-04 2.011402503446029465e-04 1.305033225044514422e-04 1.100996709005198221e-01 9.778855874965556964e-04 1.823398221011440270e+06 6.840170792472183239e+05 3.226381314428604674e+05 2.832723703844974850e-01 1.347696027591034770e+06
1.239398590107599851e+01 4.534945051322563536e+00 1.387409253846212387e+00 6.187438994324856445e-01 9.295735801728252645e-02 4.354058976199801201e+00 1.195213593141149346e-28 2.270368854578780957e-28 1.433260595576664853e-29 3.251650283944797493e-01 6.356569798566818590e-29 8.989409125332054485e-04 1.351424503973914625e-04 1.204754182399433169e-04 6.937868570048155714e-02 8.972698730310446104e-04 1.702887456736807013e+06 2.303162172072290443e+06 1.581247371806290466e+05 2.336376197508354402e-01 1.106941591278061504e+06
