# R (Mpc), mean rho (Msol/kpc^3), errup (Msol/kpc^3), errlow, std, median rho (Msol/kpc^3), mean pth (Msol/kpc/s^2), errup(Msol/kpc/s^2), errlow, std, median pth (Msol/kpc/s^2), mean gas-mass-weighted metal (fraction), errup, errlow, std, median metal, mean gas-mass-weighted temp (K), errup, errlow, std, median temp  
#  nprofs 469, mean mh 542505000067.603210, median mh 496420095048.954712 
#  Mass range 11.50 - 12.0 
#  Nhalos 188
5.932141921095533113e-04 1.031816943404951543e+08 1.158827289953118414e+08 3.344035213654848933e+07 4.482786413634027300e-01 5.109155374522201717e+07 1.964451683605002103e-22 6.268247608605954264e-23 9.166531437646541527e-24 8.636087685144434589e-01 1.213667458969180628e-23 9.306483280341558070e-03 4.614747128681449817e-03 1.973586456378905417e-03 2.071891941803740700e-01 8.158289920196321043e-03 4.703758341251689853e+04 1.316694224780533477e+04 7.070423452556689881e+03 4.400152413703060650e-01 1.890656131178382202e+04
1.030888114673873032e-03 4.376746461084502935e+07 5.025928829899292439e+07 1.579907417690458521e+07 5.008368891250659649e-01 2.271434479977365583e+07 1.106020048052071662e-22 1.321161548539866663e-22 5.731560921403002828e-24 1.065804385123708453e+00 6.358435788338208113e-24 9.851522178038637362e-03 5.426560751294254650e-03 2.489615467391748278e-03 2.513364747622621742e-01 8.162575021819062221e-03 1.048696368059798842e+05 1.371853472853569547e+05 8.427492756476021896e+03 6.305445218505778548e-01 1.869356931832588816e+04
1.791478220028137197e-03 1.711598527240150422e+07 1.779600053066611290e+07 7.797892800042040646e+06 5.044009086543802534e-01 1.077057870171917044e+07 5.003143325457076648e-23 4.609866526322722831e-23 3.804484946043848859e-24 1.123790638023131727e+00 4.006300295955806923e-24 9.214383633668984941e-03 6.160963513207429014e-03 2.104340353764899869e-03 2.176612817478252027e-01 7.372405090461944636e-03 1.085058027187894331e+05 1.792540160024854704e+05 1.593816357095657440e+04 6.415509704101635124e-01 2.570379954511202959e+04
3.113232335451354259e-03 6.127844601545351557e+06 5.877983060570495203e+06 2.867610160044962075e+06 3.208783478205644024e-01 5.094431060630347580e+06 1.277737859797460409e-23 1.401164498398227664e-23 3.813689930992210906e-24 9.053620049078886511e-01 4.050785493494932769e-24 8.973282074532618752e-03 7.567873133853120562e-03 2.218176959769312291e-03 2.255699161696894939e-01 7.043857532172128136e-03 1.156607768765452784e+05 1.786086870758996229e+05 3.643973406535393588e+04 6.154935063822782881e-01 4.652653117557580117e+04
5.410177732636713838e-03 2.198352983339620288e+06 1.144153015609860886e+06 1.123464004097884055e+06 2.968710542516709849e-01 2.104316553979001008e+06 2.735878121103795258e-24 4.458349897623787228e-24 1.238763171953642054e-24 7.329918447031636974e-01 1.426462174512192080e-24 8.825601235684189805e-03 9.292775529861980327e-03 2.389533840283323066e-03 2.706336300430357555e-01 6.401952395090335264e-03 9.329572093301938730e+04 1.133967915907250572e+05 3.872450930068228627e+04 5.193750356632741427e-01 4.955540491929154086e+04
9.401811347457503243e-03 5.470518251319953706e+05 6.105083204253567383e+05 2.627647782518806634e+05 4.271825228596973778e-01 3.966430867222693050e+05 7.421556772310317785e-25 8.567476032144277459e-25 4.011741297183164228e-25 7.028600941086593501e-01 4.646831141279625826e-25 7.965830684398498077e-03 8.321989985287903471e-03 2.346040985986330533e-03 2.940438902992188464e-01 5.526477024160482768e-03 1.147296393099501292e+05 1.611126098103081167e+05 4.767507589688904409e+04 4.874240191730658256e-01 7.171847396751216729e+04
1.633847555135692006e-02 1.000810403167733457e+05 1.533618331760475412e+05 3.615909111218038015e+04 4.849418468177775776e-01 5.430966654027307231e+04 2.100565166923328001e-25 2.048715389720841362e-25 9.227733856765649364e-26 6.417241578522863144e-01 1.335209991148528010e-25 7.483375426898966273e-03 8.221835713314530961e-03 1.906038353385370535e-03 3.197501110690760262e-01 4.792244890772349303e-03 2.283495565566531150e+05 2.044615186543932068e+05 9.715873091328899318e+04 4.921195398234366469e-01 1.521601614334058249e+05
2.839301635364948131e-02 1.936839847943108907e+04 2.238268984588353123e+04 7.323271313081072549e+03 4.275840545064957254e-01 1.199694570536744504e+04 6.712919607449062676e-26 6.770528350082760825e-26 2.157317032822299684e-26 4.503023890064839496e-01 4.360331044854374101e-26 6.498591676496217294e-03 5.037806513382078744e-03 1.805376399581438279e-03 2.950500727222308273e-01 4.590509612267939035e-03 3.194597667570181075e+05 2.818344232624252909e+05 1.285778651874266798e+05 3.170321070507515215e-01 2.501898469199326937e+05
4.934140735006660450e-02 5.454651909484641692e+03 5.091536856287277260e+03 2.360690758496595663e+03 3.871864632233351089e-01 4.024296347707866062e+03 2.390881576007104429e-26 1.673816092753178895e-26 7.001350641116501820e-27 3.801664985776628258e-01 1.649156746192243762e-26 5.237907129994878556e-03 3.572858984734340014e-03 1.656368836959247644e-03 2.838448977174579113e-01 3.978292376571318859e-03 4.079344838848736836e+05 3.193994772581098368e+05 1.544613159558253537e+05 2.971856349445580747e-01 3.047186277065192116e+05
8.574553858460631783e-02 1.739950578390568126e+03 1.354086650869728601e+03 8.916962171739953646e+02 3.467580424672140893e-01 1.457077841493413416e+03 9.731096896412770663e-27 9.129071241169373570e-27 2.804719088412241458e-27 3.537304238298996095e-01 6.621065299780790829e-27 4.074608252307963113e-03 2.585931884099408780e-03 1.687948991961276020e-03 2.870802052239649904e-01 3.324332991319593408e-03 5.166633318946723011e+05 5.727331413802802563e+05 1.329533965077396715e+05 3.184873855736140569e-01 3.159169938107515918e+05
1.490086680138903164e-01 5.263339296218009622e+02 3.314073315647417530e+02 2.615569807820062351e+02 2.892190751889793798e-01 4.915750501382788116e+02 4.312019665686002901e-27 3.857880355029358217e-27 1.570268123924220418e-27 3.710278985920216765e-01 2.768270003282922397e-27 2.915194593401298443e-03 1.722442934843632437e-03 1.352667001051558902e-03 2.973411703470159040e-01 2.490342266445408695e-03 7.184187174305469962e+05 7.807135675358826993e+05 2.103929195974325703e+05 3.585729739499325941e-01 4.329141231388429878e+05
2.589473867653792616e-01 1.722041299134134533e+02 1.126067524134026314e+02 6.471429627538752527e+01 2.438089695720224714e-01 1.529413320727676080e+02 2.412955002367659904e-27 2.461482568629325155e-27 9.650655925518853535e-28 4.401892079791724366e-01 1.499764235088423272e-27 1.943445091598182189e-03 1.282356257770621158e-03 8.486867333407866138e-04 3.020730560033123013e-01 1.662260788014832897e-03 1.115830407525570597e+06 9.483660498275675345e+05 4.777502464096552576e+05 4.094607857433030240e-01 7.607024966338295490e+05
4.499989833233608572e-01 7.656506931655992787e+01 3.872612753139765118e+01 2.265689064266896224e+01 2.197973550928494224e-01 6.581564016713107890e+01 1.686473940238080016e-27 1.993655051630269584e-27 6.162362818211104144e-28 4.817982998326583166e-01 1.012528205095017969e-27 1.406816521997987556e-03 9.120321468650697053e-04 7.262248226685488750e-04 3.139444883916615581e-01 1.279133016910749716e-03 1.646459284822660265e+06 1.513150202864296734e+06 7.476667483676677803e+05 4.245885806810033580e-01 1.247446535752129275e+06
7.820086061557125490e-01 4.155454945823485957e+01 2.461394653808824273e+01 1.259217349963629573e+01 2.160706746207113893e-01 3.604845266026777750e+01 1.343538704825529359e-27 1.722784486367695895e-27 4.558387310275946690e-28 5.080547380157672821e-01 8.270378530177030265e-28 1.228388505129795159e-03 7.342058938313059894e-04 5.314477993546033383e-04 3.437691283587171465e-01 1.077897700304333590e-03 2.322300103163112421e+06 2.003426598175277701e+06 8.121475866697421297e+05 4.171157833392191705e-01 1.794400824558016146e+06
1.358975203866542802e+00 2.696444185347310452e+01 1.694351031582853295e+01 9.964753104967455144e+00 2.236157862856073819e-01 2.370581515495855029e+01 1.141629196081494690e-27 1.310162188944455273e-27 4.657042670780556281e-28 4.441514500285110856e-01 7.810384106501255288e-28 1.148860813261954553e-03 5.894838619025643146e-04 6.246738458953025484e-04 3.225453736198569121e-01 1.130345176535136383e-03 2.891051022730274592e+06 1.434471770791129675e+06 1.435812236139344750e+06 3.083123220109162954e-01 2.715970884294431191e+06
2.361628235529128705e+00 2.101120814514092672e+01 1.130245208957956393e+01 5.794555557168008519e+00 2.192839340065114440e-01 1.733489472453823765e+01 1.110738683612470928e-27 9.182748779632302088e-28 4.742111656212617914e-28 3.932100356776161432e-01 7.684777399353193546e-28 1.171529740023015669e-03 5.678083648000418950e-04 4.174782308155207660e-04 2.116393696895473853e-01 1.115858855227128002e-03 3.373675822749097366e+06 1.497059472516026814e+06 1.503953492255692836e+06 2.313622817809462551e-01 3.311380875876960810e+06
4.104039504900442559e+00 1.695969693964765312e+01 6.206899795833052735e+00 4.229102189816382307e+00 1.890224818831776066e-01 1.438002932045202087e+01 9.924604849846444804e-28 5.714191976066892216e-28 3.573524566883240938e-28 3.408759801989071914e-01 7.001661219278127036e-28 1.196325483115647566e-03 3.642242818861515883e-04 3.090402820817955394e-04 1.295546355874588051e-01 1.163959395614360282e-03 3.733544360640446655e+06 1.074399076963718049e+06 1.512616401405818760e+06 1.730914807428776681e-01 3.795988794793390669e+06
7.132003252836161877e+00 1.403160864357810311e+01 3.794512226707356106e+00 2.777679283245699793e+00 9.696081390328964433e-02 1.359771289185283472e+01 6.867253034543005437e-28 2.997194638559251753e-28 2.083373353910925837e-28 1.749712630427348314e-01 6.389967303229202856e-28 1.144151385791411122e-03 1.672751238354004168e-04 1.853676784700694895e-04 7.221247483593598582e-02 1.160047767164780041e-03 3.540714111471396405e+06 7.393696324977939948e+05 6.086980615750858560e+05 8.943489849080710208e-02 3.509599279619649053e+06
1.239400116342193847e+01 3.127281769746455886e+00 5.959634787838523629e-01 3.586329587244634354e-01 6.096967704716850511e-02 3.051515123803047125e+00 1.503961835469261212e-28 6.827295522507125459e-29 1.977841310937434246e-29 1.245316164536473952e-01 1.314400615971771645e-28 1.144461006223590266e-03 1.936254306321367243e-04 9.075449964694877990e-05 5.164916939420019504e-02 1.112498397489874958e-03 3.518252500089325942e+06 7.094157404953963123e+05 3.422410608180672862e+05 6.923084133553271402e-02 3.358090376853630412e+06
