# R (Mpc), mean rho (Msol/kpc^3), errup (Msol/kpc^3), errlow, std, median rho (Msol/kpc^3), mean pth (Msol/kpc/s^2), errup(Msol/kpc/s^2), errlow, std, median pth (Msol/kpc/s^2), mean gas-mass-weighted metal (fraction), errup, errlow, std, median metal, mean gas-mass-weighted temp (K), errup, errlow, std, median temp  
#  nprofs 451, mean mh 2006073163702.034180, median mh 1943861725894.869385 
#  Mass range 12.21 - 12.4 
#  Nhalos 21
1.633848482519974915e-02 2.630681628379722242e+05 2.499539597862962110e+05 1.018599988110207196e+05 4.380180093066741720e-01 1.671557335134680907e+05 1.017311340105735842e-24 4.677396404896888793e-25 3.778086008204323984e-25 3.501692552436199146e-01 7.560185727294086730e-25 8.153286631835099038e-03 7.095835800499047247e-03 2.778024009333090322e-03 2.756961029809598673e-01 6.234106275086481047e-03 4.207250682946106535e+05 4.341195797894498101e+05 2.052563218580072862e+05 3.500424204079490287e-01 3.402487900688116206e+05
2.839303246974122716e-02 5.453321422019485908e+04 6.037444677101443085e+04 2.010342962913642987e+04 4.098716328475116577e-01 3.478047466215004533e+04 5.535413612103004387e-25 4.787931093545625894e-25 2.050556037104413242e-25 3.615819938003608236e-01 3.940957994780296335e-25 6.545127145662558814e-03 2.555435814644555804e-03 1.889255466872945093e-03 2.473904617251098392e-01 5.117874992810643280e-03 1.035664704559590900e+06 4.718459610572237289e+05 4.178043882834874094e+05 3.269491751602326968e-01 8.191677680797207868e+05
4.934143535662420532e-02 1.610091638617075660e+04 1.628027951222877891e+04 6.536673733824946794e+03 3.608937973192119508e-01 1.135172415133825416e+04 2.522721204875602424e-25 2.546798427700336283e-25 1.080703099137941954e-25 3.293566124516055238e-01 2.021295109356016667e-25 5.575167529604501543e-03 3.461660291433991173e-03 9.001302366941216215e-04 2.567131233352833442e-01 3.697730411970946273e-03 1.489653303839029511e+06 7.432591871794678736e+05 3.184110758064509137e+05 3.346744794832691716e-01 1.122465240734394873e+06
8.574558725442532614e-02 5.509202535954191262e+03 6.077632642261859473e+03 2.480842423210011020e+03 3.468494150463406478e-01 4.158650542179720105e+03 1.089914092368691241e-25 8.307287897363245377e-26 1.764491409524164692e-26 2.667016367847752645e-01 7.103416321174397578e-26 4.444545859618652568e-03 2.975096323016477272e-03 6.921105560841953053e-04 2.789093369916497145e-01 3.062761786320139859e-03 1.995258255667868769e+06 7.177060741929460783e+05 1.087919809323200490e+06 3.502991221999998683e-01 1.809357327304401202e+06
1.490087525923421141e-01 1.807387574333265547e+03 1.188961431420180134e+03 6.902130580131082525e+02 2.666830692846394735e-01 1.620124734238401061e+03 3.285726586726654399e-26 3.451674217264514758e-26 6.010854365365253638e-27 2.456010976875289964e-01 2.276569905433796317e-26 3.199798499266388006e-03 2.629056218147544574e-03 1.252709093265299851e-03 2.665451708836411027e-01 2.766159005519073719e-03 1.594898781356906751e+06 1.054154469715185696e+06 9.208880854083016748e+05 3.104581532987873982e-01 1.443435910262040561e+06
2.589475337458828630e-01 5.414340189825658172e+02 2.265226703873482847e+02 1.882611902753724848e+02 1.974142635696981840e-01 5.247553709339030092e+02 1.316948552342363560e-26 1.702452765190597877e-26 2.778289244020375154e-27 4.029582128788770645e-01 7.499234672974668572e-27 1.921336673181986985e-03 1.282458119256239641e-03 9.237300146573829401e-04 3.006231221787388774e-01 1.735237200721897154e-03 1.810337774307378102e+06 1.421407215429358650e+06 6.602060355833538342e+05 3.498006905622147444e-01 1.391880748595460784e+06
4.499992387462019017e-01 1.761587798428087410e+02 3.089863803792530916e+01 6.173080947379995109e+01 1.784138143535942134e-01 1.709602677592303621e+02 5.171028437619378456e-27 7.266178798510863887e-27 1.827613711533655355e-27 5.085147866401422689e-01 2.873767185227803015e-27 1.172804518453472375e-03 9.482713518313514757e-04 6.919678658387670407e-04 4.428832279410858108e-01 9.516317323779641384e-04 1.822496054137774510e+06 2.363199476592586376e+06 7.364267078815554269e+05 3.713274958067856457e-01 1.413491980586268939e+06
7.820090500297373071e-01 7.119014358905083384e+01 5.798665801330519542e+01 1.738084078029422130e+01 1.871697734149953274e-01 6.180470315284572536e+01 2.247672862425693940e-27 3.019326618207449707e-27 8.580657672266421833e-28 5.283851873589414661e-01 1.412006253923753064e-27 1.093272008960490286e-03 7.552162338163288888e-04 5.671980562661064519e-04 3.913255728533468480e-01 9.486777797306927568e-04 2.296280867648048326e+06 1.621643071672075428e+06 1.766461618442997104e+06 4.580299787574854675e-01 2.164601155549394432e+06
1.358975975231191180e+00 3.425027069617548392e+01 1.617275400642801131e+01 1.262561457578926749e+01 1.860025546804231766e-01 3.169400137246065796e+01 1.161765512528169299e-27 1.308996182782862911e-27 7.363884104485691397e-28 4.789648783193967696e-01 8.965637823996755980e-28 8.256920641005894689e-04 6.331806004630554773e-04 4.449957891234226979e-04 3.184356860267458789e-01 7.379687423257777577e-04 2.282979286929336842e+06 1.396559093404400162e+06 1.639687410168154165e+06 3.648114002667177114e-01 2.261984099574918393e+06
2.361629576007254094e+00 2.449141890669172739e+01 1.254186682045929402e+01 4.065648156419527481e+00 1.736802172792306642e-01 2.042665185725823918e+01 8.986671839511998354e-28 9.994971847957775883e-28 3.379733523754068641e-28 3.883891905054621674e-01 5.843457403677367745e-28 8.447836349661329422e-04 5.545468115136217629e-04 3.332031054476784901e-04 2.104912680471867081e-01 7.947493523861620017e-04 2.461484034324550070e+06 8.858824144379859790e+05 1.658960117903600913e+06 2.777142041636255776e-01 2.578167874673305079e+06
4.104041834384438481e+00 1.895233588501010402e+01 7.792039927954029110e+00 3.760853733380596253e+00 1.280654065787515949e-01 1.724068283151490988e+01 6.640903018293559500e-28 5.155990942873689879e-28 1.684356073309126183e-28 2.309297583142285726e-01 5.109357841409663394e-28 8.691928570948814726e-04 2.470181030996314786e-04 9.450757606308446326e-05 9.433979496313982249e-02 8.149270475711361704e-04 2.526658869140386581e+06 6.873160604119179770e+05 7.472597813915114384e+05 1.510044811786444563e-01 2.597548994137001690e+06
7.132007301015381273e+00 1.610288696255982188e+01 7.194186825500180404e+00 1.644037837464560781e+00 9.936205569185371789e-02 1.473068127335202782e+01 6.259364080733265574e-28 6.490650917227397058e-28 9.640015497814226212e-29 2.098853472935829911e-01 4.550764045259377582e-28 7.955906807512496326e-04 1.695385255402864213e-04 2.004137037746589727e-04 8.990633914366091828e-02 8.142244715359279279e-04 2.708833718710110988e+06 1.062179035833244678e+06 5.216512688964377157e+05 1.135691022602788591e-01 2.566763274444419891e+06
1.239400819835114298e+01 5.380654892841344683e+00 7.183586031254822757e-01 6.327497908931922765e-01 5.138511783554750023e-02 5.339679245851654876e+00 2.091397114868659211e-28 1.419218877937068102e-28 3.558743623740709594e-29 1.627408971044344010e-01 1.678432464006983938e-28 8.481800386169960218e-04 2.358955364810110542e-04 7.727448540599242497e-05 6.699418904296411403e-02 7.907035830686069819e-04 2.796081579879251774e+06 1.395277955547036603e+06 3.634017026429851539e+05 1.104496672037771493e-01 2.437239940120750107e+06
