# R (Mpc), mean rho (Msol/kpc^3), errup (Msol/kpc^3), errlow, std, median rho (Msol/kpc^3), mean pth (Msol/kpc/s^2), errup(Msol/kpc/s^2), errlow, std, median pth (Msol/kpc/s^2), mean gas-mass-weighted metal (fraction), errup, errlow, std, median metal, mean gas-mass-weighted temp (K), errup, errlow, std, median temp  
#  nprofs 457, mean mh 4157848184784.803711, median mh 4086104989709.059570 
#  Mass range 12.41 - 12.8 
#  Nhalos 20
1.633845543166654105e-02 3.836315308884663682e+04 5.111192874958460015e+04 1.880579469441595575e+04 5.141161538377677642e-01 2.902780532172804669e+04 2.848315591416565436e-25 4.610172356077034467e-25 1.090153749281695156e-25 8.381991829319384024e-01 1.302736542208827356e-25 1.882314281484286089e-02 4.399281796686749235e-03 3.976140302938626844e-03 2.239213962913669809e-01 1.901715584055267000e-02 6.599487631520839641e+05 1.005018967038320610e+06 1.695935959429380018e+05 6.385381377826213622e-01 2.821786196562803234e+05
2.839298138963486026e-02 8.153966282423969460e+03 6.234632549531881523e+03 3.102786289280557867e+03 3.554525242694330789e-01 6.412413245095707680e+03 1.569207233938347969e-25 1.495647915398401379e-25 7.791474373451403738e-26 4.648446059585787382e-01 1.030916272797067135e-25 1.736456902912610067e-02 4.812180164289577705e-03 5.501532810379086702e-03 1.776886340807052322e-01 1.757931675688936130e-02 1.557231713304511504e+06 9.360358373486739583e+05 7.672886480436186539e+05 3.800890956378003560e-01 1.213525103710630909e+06
4.934134658957302355e-02 3.146814759492600388e+03 2.421038030792286008e+03 1.100722252726702663e+03 3.371029518082155341e-01 2.165865291486926253e+03 8.585107262875108135e-26 7.909105680338158281e-26 3.079889629678601348e-26 4.159376757915353440e-01 5.524340089433811956e-26 1.309968942806220317e-02 6.661372469982860395e-03 5.203656159625486520e-03 2.186658583108093690e-01 1.253673176915840598e-02 2.154003031177361496e+06 2.149768077538795769e+06 8.115929990308480337e+05 3.135599063921207241e-01 1.639753443253462203e+06
8.574543299497019988e-02 1.158104785790640335e+03 6.086047722510118092e+02 5.901429467356962277e+02 3.251588982708459308e-01 9.725497114876011437e+02 3.818607317778276092e-26 2.936473140113404931e-26 1.957146449927456169e-26 3.803784896660923343e-01 3.310735535091953348e-26 9.682010423640884100e-03 8.200445766054678676e-03 2.655411165077088166e-03 2.506273397356102439e-01 7.842035764710375556e-03 2.378420197303759400e+06 1.725989171981949825e+06 8.895918573632726911e+05 2.169401510533258970e-01 2.104452834936121013e+06
1.490084845201332109e-01 5.162318193131125099e+02 3.650390171829812971e+02 1.961340031953005791e+02 3.034613800898984803e-01 4.494089088531696916e+02 1.920285881682861416e-26 1.026122658162663842e-26 1.076237665612934958e-26 3.881821913935885049e-01 1.836446094399915972e-26 6.200923016117118602e-03 5.537942316327454373e-03 1.866652588393089354e-03 2.830128387317616956e-01 4.786184561781398061e-03 2.602824862666623667e+06 1.182504252754994668e+06 1.053668706845690962e+06 1.993067702325792001e-01 2.591175382378962822e+06
2.589470678897760059e-01 2.933408050192088012e+02 1.695061687262829651e+02 1.110570224389330178e+02 3.717084759990657572e-01 2.494413042966627927e+02 8.607077243515106218e-27 6.128856340266531348e-27 4.031913512285927396e-27 4.436631345169109175e-01 7.783310660857272185e-27 4.991661054190298617e-03 5.906710953166074626e-03 1.499248067231400035e-03 3.138761880202650123e-01 3.308908105804503341e-03 2.086117166799350176e+06 1.047285795336468844e+06 5.558289775847198907e+05 1.846344457126689043e-01 1.850844861147723394e+06
4.499984291810734116e-01 1.221914364964145534e+02 7.102815909138945472e+01 5.844411914137559450e+01 3.214205892310167401e-01 1.229008657352891589e+02 2.826252522889722181e-27 1.901443398746092526e-27 8.508057859928315908e-28 2.826836718054486774e-01 2.348252857538746840e-27 3.499483558043502748e-03 1.602873430961437862e-03 1.010086183818610390e-03 2.724881435868269364e-01 2.700072409329297429e-03 1.815619333865201799e+06 5.352463566239189822e+05 5.529587873828087468e+05 1.747735202315746916e-01 1.715094696219980484e+06
7.820076431667862815e-01 4.597405863203756837e+01 2.745641325243942532e+01 1.349954436160838966e+01 1.836320177687975341e-01 4.171697150027292622e+01 1.004657954566486018e-27 4.631144843380705370e-28 4.599507166903596091e-28 2.576680163048995498e-01 9.677084543331723466e-28 2.283711289623431041e-03 1.118633483192950882e-03 6.074283098458346710e-04 2.842066458231415349e-01 1.842482863511140084e-03 1.618684795248505194e+06 6.757370147936292924e+05 7.809946155670748558e+05 2.112148398985611575e-01 1.622555283012023196e+06
1.358973530383588368e+00 2.461716942698122423e+01 1.087847552496678816e+01 9.137732185372778204e+00 1.627837268435524676e-01 2.378018297065246855e+01 5.815383048902176115e-28 5.855868771903797998e-28 2.714632602364787268e-28 4.293989051278885860e-01 4.496519161424914231e-28 1.776828383898549930e-03 4.106376041278672444e-04 8.120458700035541790e-04 2.268287538055920871e-01 1.931229589467679114e-03 1.584291346746101975e+06 9.999542809314657934e+05 8.442281215994604863e+05 3.134838879106239262e-01 1.576646427947015967e+06
2.361625327349063497e+00 1.495138896844340692e+01 7.673811768770692154e+00 6.185575640938444586e+00 2.098111387357035340e-01 1.321757579109135072e+01 4.673617318991835534e-28 5.295747970101358295e-28 2.502532759827213475e-28 4.474494745655702155e-01 3.630756196648186857e-28 1.380877071122490465e-03 3.528073291147551006e-04 6.196141179086595008e-04 1.774624110632338769e-01 1.475524601638504183e-03 1.977142769529974088e+06 1.150971871483822586e+06 8.244563274048978928e+05 2.707264545130142475e-01 1.869433979924710700e+06
4.104034451062715583e+00 8.796174573014125642e+00 4.612311272880653235e+00 2.299089563775071454e+00 1.578506802348524085e-01 8.053998489157697449e+00 3.349534092684889197e-28 2.602518705503668136e-28 1.332431367448136164e-28 3.297857593876176718e-01 2.936246961697455444e-28 1.181612011369194285e-03 2.032547214399235778e-04 1.010700194238930288e-04 1.340836741890766015e-01 1.195953644561546531e-03 2.634058481628879439e+06 7.305763450753162615e+05 1.173425825427334290e+06 2.017950228097887821e-01 2.810532849948612973e+06
7.131994470272771558e+00 7.936140688669072851e+00 2.748729532204285064e+00 2.187626148851107288e+00 1.509258991501627456e-01 7.313288612843246383e+00 3.622862781544323045e-28 9.659420861467729315e-29 9.949581272059813700e-29 3.120892732528438573e-01 2.917778232142436021e-28 1.182003399645997765e-03 1.802449438709581488e-04 2.693111134381335038e-04 9.079493856534914809e-02 1.213203233310466153e-03 3.003531684751239605e+06 4.959778062651534565e+05 5.923362586933677085e+05 1.746649611603435515e-01 2.969711992480537854e+06
1.239398590107599851e+01 4.173167951367102724e+00 1.266057186284218261e+00 8.052555664050751183e-01 9.399107299324296894e-02 4.079871389748643828e+00 1.750351521403311940e-28 1.474476158696828263e-28 2.857889853538103615e-29 1.917347067823757523e-01 1.433229666588661105e-28 1.099050322635634859e-03 1.251903633310330784e-04 1.608905561191603922e-04 6.136840954862057829e-02 1.117290192007519209e-03 2.966703565678379498e+06 1.056343179579135962e+06 2.936572084903041832e+05 1.053416272937901382e-01 2.800943834486742504e+06
