# R (Mpc), mean rho (Msol/kpc^3), errup (Msol/kpc^3), errlow, std, median rho (Msol/kpc^3), mean pth (Msol/kpc/s^2), errup(Msol/kpc/s^2), errlow, std, median pth (Msol/kpc/s^2), mean gas-mass-weighted metal (fraction), errup, errlow, std, median metal, mean gas-mass-weighted temp (K), errup, errlow, std, median temp  
#  nprofs 467, mean mh 4188668576456.355469, median mh 3553164667849.426270 
#  Mass range 12.30 - 13.1 
#  Nhalos 33
5.932134616077487568e-04 4.302437616440065205e+07 2.016243793396826088e+07 1.354997406224744767e+07 2.684934620484822898e-01 3.263649207528153062e+07 5.100133244628454024e-23 6.108976942796910496e-23 1.816347402715544519e-23 7.224605021982590802e-01 2.104299921549624654e-23 1.942197693193688235e-02 7.308172205080520206e-03 7.108812536354335021e-03 2.029698579525013036e-01 1.918855943235119044e-02 1.408103853692049743e+05 1.982144731101357611e+05 3.714672112644051231e+04 6.124670336861182118e-01 4.886683716134128190e+04
1.030886845207231632e-03 1.067095500950098224e+07 5.931075546486226842e+06 2.806216878924247809e+06 3.446554348054818862e-01 6.121431399965936318e+06 6.491869078673796354e-24 1.385122685892551488e-23 5.577570278891552222e-25 7.539531991735259897e-01 9.758292361758947572e-25 1.481267280198262162e-02 1.082607062420970663e-02 7.137547898639654172e-03 3.108311706251943307e-01 1.271311005074588461e-02 9.340709869413453271e+04 1.599206614421899139e+05 7.439488972364923029e+03 6.294591922252698035e-01 1.865509413212919026e+04
1.791476013947955600e-03 6.539617053542912938e+06 2.782347090057245456e+06 1.832248600221679080e+06 3.182642587764792363e-01 4.384857028281868435e+06 6.509516571049987384e-24 3.953452465520950801e-24 1.798662099843888221e-24 7.877394162301273317e-01 1.987419153062329886e-24 1.896222954226501820e-02 4.463785142222512908e-03 5.206884033199320194e-03 1.687442652357935557e-01 1.961325994257934885e-02 6.918355321598367300e+04 7.019823598539155500e+04 4.463314211807298125e+04 5.770977458272907867e-01 5.369075149962290016e+04
3.113228501723386363e-03 2.567719284779867623e+06 9.657985783446165733e+05 1.443781486994280247e+06 2.402526377690846482e-01 2.651616233133296482e+06 5.207672863822889090e-24 5.055445754733221481e-24 9.393633100203793594e-25 8.504814238685031169e-01 1.013376883692766605e-24 2.005495569717794316e-02 3.503985553874471720e-03 6.614473513014614350e-03 1.216639128705733069e-01 2.084361548868746486e-02 1.354998655557546008e+05 1.503023263666934217e+05 3.898081437777127576e+04 6.520997575062268403e-01 4.929485638424056378e+04
5.410171070381073442e-03 1.605283000345919514e+06 1.987596300378601998e+06 6.998892039788989350e+05 5.744273746186573382e-01 1.074328350213800557e+06 2.317652548612843409e-24 4.175502931549860259e-24 2.454096976539317685e-25 1.004034780586702702e+00 3.018876388972828244e-25 2.111380863993620252e-02 6.429354649117577369e-03 5.706279838611005156e-03 1.300306775793880487e-01 2.053256071949998915e-02 3.649223829622040503e+05 1.760906857346565812e+05 1.872176340925337718e+04 7.322449614618976588e-01 2.824339980053421459e+04
9.401799769784129415e-03 3.902919148627211689e+05 4.871454653169872472e+05 2.204978708157890651e+05 6.988340916012395487e-01 2.461692999787860026e+05 6.165048163803950296e-25 9.250878581014182921e-25 4.837280941645146798e-25 8.568360362073892400e-01 4.972832729927869864e-25 2.079327116628638950e-02 6.235318481304583105e-03 6.216196642020698979e-03 1.571868654800815668e-01 2.110910427988226673e-02 7.612361635009530000e+05 9.951143801864540437e+05 6.783190022454297286e+04 8.722889342992959927e-01 7.731869877970812377e+04
1.633845543166654105e-02 4.345780909701382916e+04 4.732493457671010401e+04 2.731943830127887122e+04 6.843178777083355202e-01 2.924392487570675803e+04 2.015690306462828095e-25 1.929055598809469634e-25 9.396964332907449224e-26 7.305735428202266846e-01 1.232634844443734122e-25 1.828905269457362787e-02 7.256144423081908879e-03 8.686252475022941330e-03 2.450506463461764040e-01 1.838537333796061435e-02 1.407462730290624779e+06 2.019838960655594477e+06 2.548349319157362333e+05 8.067685278413768701e-01 3.325702303400903475e+05
2.839298138963486026e-02 8.246180298145831330e+03 1.031353066643837519e+04 3.348002451289087730e+03 5.717525460774629531e-01 5.003936794933229066e+03 9.660723357373145725e-26 7.906174096938617480e-26 4.431370813434719775e-26 4.240516081125747516e-01 6.646054578180158482e-26 1.708634089030360362e-02 7.091589483361367130e-03 6.560003088267443716e-03 2.070905917923335782e-01 1.746936967019418335e-02 1.817084897060806165e+06 2.028934751312155975e+06 6.888323336039015558e+05 5.349330280074413579e-01 9.689365103544311132e+05
4.934134658957302355e-02 2.254972668725192307e+03 1.544928178920773689e+03 7.840305822669979534e+02 3.309758836791913961e-01 1.825848309421454587e+03 5.937243071454507609e-26 6.386502583140998746e-26 3.067375541909974104e-26 3.338030800175672552e-01 4.951291836704136472e-26 1.401281526472093406e-02 6.916148102662222907e-03 7.364213210229088140e-03 2.177364681804004332e-01 1.426649270494302277e-02 2.285917055969757028e+06 2.501536921107979491e+06 9.092743608174551046e+05 3.248001925196035700e-01 1.696647546791421250e+06
8.574543299497019988e-02 1.035937537985934114e+03 4.539134404705935140e+02 4.401103135707774072e+02 2.847961570806358811e-01 8.464694694551574230e+02 3.406029249352537894e-26 2.973074563823032091e-26 1.350144986540943385e-26 3.359543963273655676e-01 2.550517814627355280e-26 1.000649513178809673e-02 5.119253646320034642e-03 5.934554418257979337e-03 3.175026230805164662e-01 9.713615089119977120e-03 2.659917622032949701e+06 1.416350203966855071e+06 1.534089510858362075e+06 3.074754828032810194e-01 2.598755013189050369e+06
1.490084845201332109e-01 5.220050043608544001e+02 4.309804412583878275e+02 2.595677667632869543e+02 2.916370521923974946e-01 4.588740254464325972e+02 1.699562776157058026e-26 1.446168263668391341e-26 5.190360606854311028e-27 3.211051401655365956e-01 1.333449897735809529e-26 6.854033680057008797e-03 5.430282429365097981e-03 3.241065329036329004e-03 3.163933252695710907e-01 6.201294287628966208e-03 2.526140021117905620e+06 1.645287792005825322e+06 9.926428244549459778e+05 2.616294781707764749e-01 2.359958053395235445e+06
2.589470678897760059e-01 2.749123010441424526e+02 2.092629814752717436e+02 1.297355841581203322e+02 2.714725119309273627e-01 2.362153319477453977e+02 7.301314489596657180e-27 5.097827429309845559e-27 3.164620706665390017e-27 2.760757225878542331e-01 6.294201801627949656e-27 4.475726677139373402e-03 2.200027758664842119e-03 2.133551707368965076e-03 2.774050254306517638e-01 3.998025218408677098e-03 2.047401113991489401e+06 9.490016011937598232e+05 5.671216027927829418e+05 2.062147872849572072e-01 1.811018731545693940e+06
4.499984291810734116e-01 1.266675481495706350e+02 7.668612851029776323e+01 4.200834712277942629e+01 2.216204655790808831e-01 1.132890055771005819e+02 2.932778757950180662e-27 1.931733608877302838e-27 9.847486526961380143e-28 2.563543165546738889e-01 2.391265570398559699e-27 3.063253408964771926e-03 1.330887816841441491e-03 1.244300767319995137e-03 2.365840451144389511e-01 2.797488535719421399e-03 1.736897374814248877e+06 1.144513044952015392e+06 3.969276420676214620e+05 2.147391479298286221e-01 1.479568325341656804e+06
7.820076431667862815e-01 4.963134571091327274e+01 1.443750889773568247e+01 1.817887052482863197e+01 1.562801461438090012e-01 5.094020239379581483e+01 1.173088745400178172e-27 8.276448747643650144e-28 3.888386561010664578e-28 2.889902077983824702e-01 9.287795294272295056e-28 2.095081212161957213e-03 1.072504099498483836e-03 6.554712532129819674e-04 1.980967667511148167e-01 1.954518122131591439e-03 1.771096960552871926e+06 1.311320188879536698e+06 5.032737396854022518e+05 2.605846079726564235e-01 1.388501067958676489e+06
1.358973530383588368e+00 2.515326732062302995e+01 8.647650002492397903e+00 9.414882677966687652e+00 1.546540400878973764e-01 2.467712888810762450e+01 6.270706961964258113e-28 4.803007285789610643e-28 3.214373091530728105e-28 3.402782973957517165e-01 5.631569529814888784e-28 1.724777550989411035e-03 4.733507202064838465e-04 6.040418649394922474e-04 1.547111296663038482e-01 1.736917354219252169e-03 1.776891661757192574e+06 8.233603152129100636e+05 7.521117936011097627e+05 2.613514896171690305e-01 1.660294012822212186e+06
2.361625327349063497e+00 1.490956296498180400e+01 5.452512537096843914e+00 4.321473959686066735e+00 1.649997517677406489e-01 1.406658146592657488e+01 4.530668404579694463e-28 3.761147564388513044e-28 2.035332644009882266e-28 3.811804591633971007e-01 3.862250238779832394e-28 1.505158227549582405e-03 4.805720116430813212e-04 4.962272383375540292e-04 1.480819606250932396e-01 1.465326818075548361e-03 2.065414199453854701e+06 7.142826960560134612e+05 8.412970404944396578e+05 2.569908332517527039e-01 2.016693217901893891e+06
4.104034451062715583e+00 9.491164841085861781e+00 3.228941221265072770e+00 3.338833987897217526e+00 1.410049381640127997e-01 9.478487818640974893e+00 3.387607064503390291e-28 1.543898809766586149e-28 1.827299007110825869e-28 2.843481708285374165e-01 3.567024189582189513e-28 1.236282382333488876e-03 3.616325561479664073e-04 2.106313404262871725e-04 1.125694716928077183e-01 1.234298814992630883e-03 2.514113810304207262e+06 3.852933431810373440e+05 8.037044105329751037e+05 1.674870068387953603e-01 2.702713351209120825e+06
7.131994470272771558e+00 8.177881906949673763e+00 2.571679878368020589e+00 1.922693075214889191e+00 1.513071767800964196e-01 7.428180357072254658e+00 3.618142334968993530e-28 1.801990607624604549e-28 7.184275960651687498e-29 3.175548497307725260e-01 2.686298245796650081e-28 1.248223571689734959e-03 1.063753934797651794e-04 1.782096501887488974e-04 8.186094975183552669e-02 1.284618157722994779e-03 2.854579728632899001e+06 4.935028165939250030e+05 4.657766755660874769e+05 1.694342611160365719e-01 2.706945222539137118e+06
1.239398590107599851e+01 4.275272044993650766e+00 1.431276994617627363e+00 3.359458849815930570e-01 8.885725870969983509e-02 3.891468723176617406e+00 1.660845451973633727e-28 1.775086562262536012e-28 2.005023398729174978e-29 2.044331687132447950e-01 1.215386155846777725e-28 1.165847172739215530e-03 1.730336158832371588e-04 1.308569946858830803e-04 5.873234525321090888e-02 1.147739233861034972e-03 2.707987086984368972e+06 1.646885975215499755e+06 1.830957346653500572e+05 1.171971652590577395e-01 2.304417667817598209e+06
