# R (Mpc), mean rho (Msol/kpc^3), errup (Msol/kpc^3), errlow, std, median rho (Msol/kpc^3), mean pth (Msol/kpc/s^2), errup(Msol/kpc/s^2), errlow, std, median pth (Msol/kpc/s^2), mean gas-mass-weighted metal (fraction), errup, errlow, std, median metal, mean gas-mass-weighted temp (K), errup, errlow, std, median temp  
#  nprofs 467, mean mh 212205166476.924469, median mh 198785652259.550385 
#  Mass range 11.00 - 11.5 
#  Nhalos 204
5.932173081830181089e-04 1.073587289887387753e+08 1.415832983198813200e+08 4.878032317804081738e+07 4.500970911807279928e-01 7.245674476128993928e+07 4.840798076658093583e-23 8.260010616606236112e-23 1.558019116042307256e-23 6.702457264641948909e-01 1.878341775290295565e-23 3.319765813589158412e-03 1.860101814156835988e-03 1.891305185106928509e-03 3.787693221228840001e-01 3.231873685012705104e-03 2.535285268352930143e+04 1.090693007751668847e+04 5.872041745815848117e+03 1.918924352667530087e-01 2.082724450951433391e+04
1.030893529788922541e-03 5.401449920565304160e+07 5.119240198936930299e+07 1.981034267502803355e+07 3.444851711554423046e-01 3.784408680429093540e+07 2.113602872112403317e-23 2.749575714194968206e-23 6.594599695125740044e-24 5.544221933812540914e-01 9.334024802283639466e-24 2.801110685171356168e-03 1.816233603517389272e-03 1.831103447438372535e-03 3.497304670134251947e-01 2.751763066294485478e-03 2.412410615158977089e+04 9.359817866559700633e+03 4.383606411943550484e+03 1.910741525422330611e-01 1.932664703690308670e+04
1.791487630419557730e-03 1.908017760340316221e+07 1.613633737749061361e+07 6.134436660833969712e+06 2.552734976077519202e-01 1.511645593017281964e+07 6.184232440720200965e-24 6.963213094090594845e-24 1.908797252334905569e-24 4.604924039728870988e-01 2.999256069075124655e-24 2.294819002940993394e-03 1.913796683387521212e-03 1.222453815107967098e-03 3.518306104832896186e-01 2.005121203894058655e-03 2.136801086918502915e+04 9.841011943601397434e+03 2.741352225400034513e+03 1.892222890859140971e-01 1.619600849716647826e+04
3.113248688837364202e-03 6.059522834260838106e+06 2.947164770375573076e+06 1.720385777090154588e+06 1.639751904188149201e-01 5.554724281363124959e+06 1.288746244441261728e-24 1.335112639683363851e-24 4.501157534411831185e-25 3.373889634733522325e-01 8.971371010984552799e-25 1.923480879296568264e-03 1.692801800814669640e-03 1.100917568965153722e-03 3.977359419337349045e-01 1.664883677315607494e-03 1.865815712948491637e+04 1.026805662740248408e+04 2.408724021272617392e+03 1.788818786169202868e-01 1.474870803084413819e+04
5.410206151564474382e-03 1.746337483998282114e+06 8.125995891350167803e+05 6.086345180831400212e+05 2.071184901172048176e-01 1.636496562284451909e+06 3.530628996143150369e-25 2.394532683280495701e-25 1.611135957373418720e-25 3.270748503984020616e-01 2.878086670508614646e-25 1.592000075748080000e-03 1.588590054495845521e-03 8.131644936824450852e-04 3.996763323101431564e-01 1.262667185286553981e-03 1.998729724645265742e+04 1.239863636779272019e+04 4.084584787659730864e+03 2.043363456921285237e-01 1.555332432678044097e+04
9.401860733893718097e-03 3.635030962998555624e+05 3.127242440631210920e+05 1.537135609924345044e+05 3.148792340938215140e-01 2.915135853240821161e+05 1.436621701637253448e-25 1.540131318683662157e-25 5.376286083877023229e-26 4.304318649951056619e-01 9.148133036532644110e-26 1.513895066938974240e-03 1.664903013768608778e-03 6.631953027379588290e-04 3.923423230723026567e-01 1.122192361891341267e-03 4.094251566053911665e+04 4.421740063207886851e+04 1.133972401730159436e+04 3.533411633844162902e-01 2.359677935274440824e+04
1.633856137514670334e-02 5.539425135952869459e+04 4.003150866385142581e+04 2.157720873239049251e+04 3.221339960970391880e-01 4.309965694797421020e+04 5.462142696507378654e-26 5.342900380913274440e-26 2.141055279377137849e-26 3.590179197029759739e-01 4.030762515935188980e-26 1.501136259510785611e-03 1.227223158772996429e-03 7.672765909275808521e-04 3.445246946124133069e-01 1.305195074475376700e-03 9.913896209657721920e+04 7.708931476078208652e+04 4.696714867384971876e+04 3.539616007988357071e-01 7.706117600400847732e+04
2.839316549830248754e-02 1.285489893841244157e+04 6.558103983104503641e+03 5.019740128012286732e+03 2.435864244498693876e-01 1.160747725151393570e+04 2.178088533417222564e-26 1.312032943257978323e-26 8.791885158577197707e-27 2.772570404424864465e-01 1.946758584135227500e-26 1.418798486654403168e-03 9.498759997110177260e-04 6.752522732162326161e-04 2.817479367135276580e-01 1.280323148946908938e-03 1.433244294350189157e+05 8.941167360549427394e+04 4.666336142688467226e+04 2.377668831704053132e-01 1.234165628073384723e+05
4.934166653376820949e-02 4.050743828521503474e+03 1.901118903743960800e+03 1.402461049390596600e+03 2.188453375352006902e-01 3.685833339490043727e+03 8.656116403530504852e-27 4.702265317197684669e-27 3.759324549677984057e-27 2.554969814998418465e-01 7.789140600547155121e-27 1.173130049008351506e-03 6.764074193521948594e-04 5.089942470431106040e-04 2.645782005398765735e-01 1.046245553426450835e-03 1.678421672942067089e+05 8.485675164111278718e+04 5.397482183187885676e+04 1.861013787594079649e-01 1.529873463198072859e+05
8.574598899425776855e-02 1.275587930075448185e+03 6.774180504209055016e+02 3.857205933830799722e+02 2.293121494598225341e-01 1.113794603046217844e+03 3.477698728344911543e-27 2.977941108488657937e-27 1.249245865670917803e-27 3.093318620702902311e-01 2.563923477035150638e-27 8.759311272512769388e-04 5.190399102305990123e-04 2.739722808228544303e-04 2.280966603383574876e-01 7.388920035037000421e-04 2.192936881235194451e+05 1.433075433663115255e+05 5.102598003835734562e+04 2.537769966292439672e-01 1.538617854623287567e+05
1.490094507361558740e-01 4.077041910081016454e+02 2.270701558627069971e+02 1.304367444416468516e+02 2.103930842001350832e-01 3.652928810771138615e+02 1.779932815981898582e-27 2.093121995544476111e-27 6.457724558371675895e-28 4.452190587661553067e-01 1.012195206290542085e-27 6.535569185443539835e-04 3.471275897191385650e-04 1.921938800441111601e-04 2.193899998545582319e-01 5.468318918024166458e-04 3.360993552048414713e+05 3.077054278935646871e+05 9.815411931968436693e+04 3.832315942021098376e-01 1.830366689948287094e+05
2.589487469807810194e-01 1.582091677646326389e+02 8.828543090045201325e+01 4.723419506770093790e+01 2.079598091386687941e-01 1.366891394394938857e+02 1.216932408948490220e-27 1.537961684846033455e-27 4.547597718538075349e-28 6.141428141766642756e-01 5.504152197979985613e-28 4.901586700220824993e-04 2.969003912581795620e-04 1.291090928560799486e-04 2.390395971564836797e-01 3.744584438576328161e-04 5.509196016843431862e+05 5.691352370552954962e+05 2.326223613379423041e+05 5.292093454191847401e-01 2.921486590068400837e+05
4.500013471068133319e-01 8.454485120917287588e+01 5.681550233188860943e+01 2.571830633502686680e+01 2.504664130878917483e-01 6.510293190629255378e+01 1.134028344575298542e-27 1.441716963781809656e-27 4.061645777741828480e-28 7.420526888002277888e-01 4.572765195787209629e-28 5.969089840264895763e-04 6.294576364708594565e-04 1.796360159825511108e-04 3.773784740058215292e-01 3.506611383875474566e-04 8.625954857403173810e+05 8.707544882696188288e+05 4.753232626062090858e+05 6.193452075818149938e-01 5.357704872989965370e+05
7.820127139405553818e-01 5.017040381075295841e+01 3.920832827156908706e+01 1.619472678016325773e+01 2.799499652321275622e-01 3.738480111443215037e+01 1.072088987282245382e-27 1.136728904155584682e-27 4.393395855803152004e-28 8.202071743477955534e-01 4.776397161869279931e-28 6.884768072545989276e-04 7.991666876956532699e-04 2.786903400167271795e-04 4.501133265500821823e-01 4.104466281537339639e-04 1.210040790910944110e+06 1.321502803144882433e+06 7.725302382713842671e+05 6.464392391964359774e-01 8.863225190001634182e+05
1.358982342378446839e+00 3.571267038285891715e+01 2.732217936236237676e+01 1.086428552995187324e+01 2.824829889851356302e-01 2.588889189743764518e+01 1.400979837091432593e-27 1.006706766450914816e-27 4.005325083643239957e-28 7.931686518884265569e-01 4.743449910593062851e-28 8.348129331849132298e-04 9.588909748653772283e-04 4.090259912076284893e-04 4.643842140092462323e-01 6.155879188297786603e-04 1.536241598571887007e+06 1.385904538206547266e+06 9.276625335752739338e+05 5.832878383595589966e-01 1.226663520916254027e+06
2.361640640841031757e+00 2.835637277010961554e+01 1.681528090558967392e+01 9.353129846774212552e+00 2.623499191062373948e-01 2.207340146141044102e+01 1.260910066635952240e-27 6.795347402774375729e-28 3.627544595231938262e-28 6.092774593579892706e-01 4.687906325986476051e-28 9.232237489655741643e-04 5.604042774929211346e-04 4.979317598682274360e-04 3.303583339964948351e-01 8.781534650917774886e-04 1.819124602625235682e+06 8.081167573818431702e+05 1.002417860059263534e+06 3.827458818981059330e-01 1.603168496332465438e+06
4.104061062861748432e+00 2.165144807392155002e+01 7.913977997418481181e+00 6.001278940446784560e+00 1.835574744083546816e-01 1.945591163106167087e+01 7.317044731133542398e-28 3.899809731533208593e-28 2.593335462926693011e-28 4.101512994642556587e-01 4.286960128012498883e-28 9.482371491015511959e-04 3.410506905914818636e-04 3.428063301744319275e-04 1.582614441319462883e-01 9.348769590865682599e-04 1.898167348463865696e+06 7.675179863632086199e+05 6.519816159775017295e+05 2.367024688554772993e-01 1.603474895477963844e+06
7.132040716279185233e+00 1.909370365751803433e+01 6.067699348687821015e+00 2.600950359256096078e+00 9.332191226722040545e-02 1.825270248499532855e+01 5.802375367863092579e-28 9.001208241338371378e-28 1.073060575855007768e-28 2.718184532440877099e-01 3.877875471601795642e-28 9.628070715329560851e-04 2.984808105967061333e-04 1.452998492110544422e-04 9.041813085821122364e-02 9.328654785832133766e-04 2.040377524543340318e+06 2.100385148112996016e+06 3.263917242058471311e+05 1.819412746033857997e-01 1.630662703657191712e+06
1.239406626742427164e+01 4.451884129803646672e+00 8.692351333282326564e-01 4.061012800532659561e-01 5.831890317442140620e-02 4.292295334423696929e+00 1.214592497920573933e-28 1.193272027676258159e-28 2.097866656687008680e-29 2.114181061007087692e-01 8.988769234493865232e-29 9.409048857445705735e-04 2.111700864030365259e-04 1.153113468321856870e-04 6.869933511128900605e-02 9.060967458952363159e-04 1.913839570221408969e+06 1.503849136225104565e+06 2.592376731203782838e+05 1.544487266413269722e-01 1.561388617700071307e+06
