# R (Mpc), mean rho (Msol/kpc^3), errup (Msol/kpc^3), errlow, std, median rho (Msol/kpc^3), mean pth (Msol/kpc/s^2), errup(Msol/kpc/s^2), errlow, std, median pth (Msol/kpc/s^2), mean gas-mass-weighted metal (fraction), errup, errlow, std, median metal, mean gas-mass-weighted temp (K), errup, errlow, std, median temp  
#  nprofs 465, mean mh 539499266941.439209, median mh 489770181309.429016 
#  Mass range 11.50 - 12.0 
#  Nhalos 181
5.932134616077487568e-04 4.181036116000171751e+07 4.025365157119902968e+07 1.133085467828133702e+07 3.277551752846044053e-01 2.621145418053498864e+07 4.086346071109252626e-23 1.781798547398765246e-23 1.050109492308246815e-24 9.038437785702544414e-01 2.046181153074661009e-24 1.055452284318250146e-02 5.108493242835191600e-03 4.556356582679397908e-03 2.711569546291413557e-01 9.948579933038322748e-03 3.428592676889767608e+04 8.426106227814379963e+03 6.038946720237770933e+03 6.506417998791191870e-01 1.335656251282594167e+04
1.030886845207231632e-03 1.685888088474377990e+07 2.322401864361987263e+07 6.154250301191369072e+06 4.154825938854112555e-01 9.400885523698644713e+06 1.658906010538427806e-23 1.204023469830528702e-23 8.754491558851074861e-25 1.055958593852489136e+00 1.077487433869885182e-24 1.052151943354123938e-02 5.617148510564043060e-03 3.249803339299652503e-03 2.050712545088237693e-01 9.604134349524617864e-03 1.005796219395444059e+05 4.703419901428023877e+04 7.440667888732027677e+03 7.616690607750284947e-01 1.294948813340811466e+04
1.791476013947955600e-03 7.185583832042207010e+06 6.620724254087685607e+06 2.589543346549591050e+06 4.334711322805921418e-01 4.353882633733824827e+06 9.991173210112726781e-24 1.808529674827498290e-23 4.300731966237353117e-25 1.119574755516285158e+00 4.768640844636117517e-25 1.093764748274886692e-02 5.943734441910519459e-03 3.493759024664346881e-03 1.990317875595407904e-01 9.736626167513350374e-03 5.965089776357824303e+04 8.901917261522522313e+04 7.807462344125611708e+03 7.064731720264469939e-01 1.258702696534437564e+04
3.113228501723386363e-03 3.270533473291269504e+06 1.998090731705110520e+06 9.955837484759334475e+05 3.185388256682484820e-01 2.365577724976629019e+06 4.284233753594169055e-24 6.512114368575026746e-24 2.434593500041311509e-25 9.797174035779196988e-01 2.871958873824966609e-25 1.059355321706441540e-02 7.236795240529860646e-03 2.916337779729986923e-03 1.876687071385790828e-01 8.956529983077009954e-03 6.131278658867348713e+04 1.141136097297288943e+05 7.301383777404812463e+03 6.511558509622901170e-01 1.210357881944629844e+04
5.410171070381073442e-03 1.445285679814500036e+06 5.969743465009182692e+05 7.843178511505707866e+05 3.628852097781677943e-01 1.455924501591329230e+06 1.239747123386798206e-24 2.090407331029161336e-24 2.106035904971137260e-25 8.412638282333653184e-01 2.448311364053275374e-25 1.055214464551568893e-02 1.107777937208633684e-02 2.633883859454148532e-03 2.531162720963194279e-01 7.915485545798937178e-03 6.706685818799611297e+04 1.113038588901865587e+05 8.800383003462660781e+03 5.929270903860692776e-01 1.571102644637746198e+04
9.401799769784129415e-03 4.621448115334991599e+05 5.201083554727279115e+05 2.367536922668885672e+05 4.608171069508142925e-01 3.502491540951773059e+05 3.663970617688461663e-25 5.759188627803754932e-25 1.760997377779825531e-25 8.730096429007977443e-01 1.837920240818433624e-25 9.997750907551406982e-03 1.189848643979263959e-02 2.010344807043143965e-03 2.664545376382357889e-01 6.643700051463412304e-03 6.200779342992347665e+04 8.767474394405019120e+04 2.628449402809979438e+04 5.486341461635150241e-01 3.359887415882822097e+04
1.633845543166654105e-02 9.143957382370700361e+04 1.570372206930051907e+05 3.121208439679299408e+04 5.648927319434280392e-01 4.296162515433647786e+04 1.109787208057073435e-25 1.491644317464701366e-25 6.574122645614687552e-26 8.465809737537117741e-01 6.768501266468758000e-26 9.438972582496298058e-03 1.183026613826959096e-02 2.555153432556732732e-03 2.943689979793722156e-01 6.496580052135539005e-03 1.147235053257707332e+05 1.336238051353979390e+05 5.377307892206542601e+04 5.492040324157795306e-01 6.678798340798694699e+04
2.839298138963486026e-02 1.579944621886691857e+04 2.489652936702197258e+04 4.836042472362299122e+03 5.751368590366756628e-01 6.789291704152185957e+03 3.441439547108608605e-26 2.751962344142488484e-26 1.899776428103744745e-26 7.047843198039837054e-01 2.165629042483649685e-26 8.695736078531473776e-03 1.089954475824763888e-02 3.009238477988724573e-03 3.421006402891437204e-01 6.083052370520006420e-03 2.414224543305183179e+05 2.258735724902847141e+05 1.171763776259826991e+05 4.537056593270642479e-01 1.703784491695051838e+05
4.934134658957302355e-02 3.399919369638161697e+03 3.849552747551338598e+03 1.444789312740097103e+03 4.837729352811943051e-01 2.085440091788473637e+03 1.115630619912327388e-26 7.827995670252858980e-27 5.632626913795253247e-27 4.971936485824765550e-01 8.955975841599299007e-27 6.965063765437413609e-03 7.422928721412323620e-03 2.580666382690921176e-03 3.410898657263000677e-01 5.042460952257567415e-03 3.274567811474204063e+05 1.830747854302655032e+05 1.133266348023122118e+05 3.066833703266684252e-01 2.564184870000417286e+05
8.574543299497019988e-02 1.032009060046948889e+03 1.139839603286669671e+03 4.912493657470876087e+02 4.879766688182403112e-01 7.397859086958421813e+02 4.345936841364270599e-27 3.535889460439405323e-27 2.080749023725309254e-27 4.123081866223836101e-01 3.405104428376950455e-27 5.449508233943536895e-03 5.166359466002709219e-03 2.152878429907002789e-03 3.397360441601393055e-01 4.131438929494744491e-03 4.845863309593556914e+05 2.354793571526436135e+05 1.319810292576198699e+05 3.088787983543303528e-01 3.149589423397694482e+05
1.490084845201332109e-01 3.249881284141055175e+02 2.818816899227960562e+02 1.702031742127526854e+02 3.940154911392431125e-01 2.702170750365744993e+02 1.956808614030237935e-27 1.639643944819103483e-27 7.558139708321701984e-28 3.852490222399884146e-01 1.353316339777882567e-27 3.932399357073479776e-03 2.923843538402612612e-03 1.432411184212057254e-03 3.279031991060009088e-01 2.908727801138319153e-03 6.394463549626884051e+05 4.940759122408798430e+05 1.344304324701129808e+05 3.399099285670950099e-01 3.458098448025740217e+05
2.589470678897760059e-01 1.139834287504557011e+02 7.769578751331920330e+01 5.809050303377117075e+01 3.150983681860987651e-01 1.026791561164316420e+02 1.096504425611011341e-27 1.053633917131642816e-27 3.704420092961543238e-28 3.960126694134690206e-01 6.705833641699238677e-28 2.808009580154198753e-03 2.024926224266065597e-03 7.740307652350851379e-04 3.049194993570129020e-01 1.952639451785930002e-03 9.144171041065617464e+05 8.493570680951764807e+05 2.171982005886593543e+05 3.823435883782079769e-01 4.671306549048238085e+05
4.499984291810734116e-01 5.061230340072312828e+01 3.593519490313742182e+01 2.201482773222693368e+01 2.763580289160326164e-01 4.408956828418748586e+01 7.982655109363223821e-28 8.442643806021713814e-28 2.546263400750070025e-28 4.413232138132749394e-01 4.490359615333870121e-28 2.102297920512851206e-03 1.242825276217563281e-03 6.890872881239703315e-04 2.827309772798320964e-01 1.726344109820710350e-03 1.255187647882821737e+06 1.116877460192206316e+06 3.823780332822528435e+05 3.811704597429864116e-01 7.373743808619185584e+05
7.820076431667862815e-01 2.711643620580230873e+01 1.828345849522010980e+01 8.364627888366548802e+00 2.644886104833192308e-01 2.167651199695662712e+01 6.889927260800587044e-28 7.598372344945034056e-28 2.098570466996301132e-28 4.491979610407909607e-01 3.579065149284987369e-28 1.663206396138549453e-03 8.499220584094080867e-04 6.110487363277768494e-04 2.606549466570891038e-01 1.445976359084983611e-03 1.775168392879776424e+06 1.635269619289780036e+06 6.854820842558927834e+05 3.462845068175857133e-01 1.275198470898284577e+06
1.358973530383588368e+00 1.796482667910166597e+01 1.052693428388815988e+01 5.649656593824083473e+00 2.695080987814555407e-01 1.352345016456163052e+01 7.614945310563904583e-28 6.567710874635847701e-28 1.792278018283390900e-28 4.538061028773145988e-01 3.253821590370909675e-28 1.422192941660976482e-03 9.293670796422135675e-04 5.793001959542669593e-04 2.550170240001101152e-01 1.283812355803238279e-03 2.348442136581141502e+06 1.376707700806040550e+06 1.024832252746052574e+06 2.913622643376017063e-01 2.005549542775091482e+06
2.361625327349063497e+00 1.344110087937618481e+01 7.518545380451161719e+00 3.906374506594858964e+00 2.681323343551684224e-01 9.714755875194125423e+00 7.246033783987009293e-28 5.319111254056160374e-28 1.821985334464914791e-28 4.356643430277607476e-01 3.170650939077666836e-28 1.398954422973550061e-03 6.517328362272624843e-04 4.354157988529594545e-04 2.056932043957565015e-01 1.333346100402921881e-03 2.776549351467678789e+06 1.231266504981161095e+06 1.248731823767081834e+06 2.288131296887950528e-01 2.633895518682219554e+06
4.104034451062715583e+00 9.966063352090060334e+00 5.597406714232612934e+00 2.124140819436727945e+00 2.391981345595197150e-01 7.172875159458155458e+00 5.512308025084091712e-28 3.335206310922304290e-28 1.549908327864347754e-28 3.866393856577960420e-01 3.054267587721640805e-28 1.391229784202836686e-03 3.777725415659977364e-04 3.662303423718580187e-04 1.336267592658076930e-01 1.379661376298872829e-03 3.239765902182147838e+06 7.868232150277402252e+05 1.118978792869130615e+06 1.775437892238872495e-01 3.219510954774582293e+06
7.131994470272771558e+00 7.401858576773240550e+00 2.452616157269713604e+00 1.815771245151847957e+00 1.397764673268503954e-01 6.957482694751448982e+00 3.425241181657693220e-28 1.545318715323875166e-28 1.252308484127546693e-28 2.371747066627935274e-01 2.965395292408150702e-28 1.334028946552237539e-03 2.147917338542091551e-04 2.365310033308407056e-04 7.532524939808503406e-02 1.335760042891153375e-03 3.213300664072354790e+06 5.686637281829505228e+05 7.200511260403529741e+05 1.101331902016019909e-01 3.236038473165823147e+06
1.239398590107599851e+01 4.284828076282912512e+00 1.025240050763111199e+00 4.888786928397546028e-01 7.034719897746441464e-02 4.126990291308276326e+00 1.900022139575576092e-28 1.089093973188114336e-28 3.788722480510017268e-29 1.385538091063125421e-01 1.693347026477090323e-28 1.312576822534680535e-03 1.695611663341412695e-04 9.354619117045437360e-05 4.242817781370681468e-02 1.291054389932421668e-03 3.215652591829007957e+06 9.445581388892950490e+05 3.139759559066221118e+05 7.237564173930723099e-02 3.054158502530948259e+06
