# R (Mpc), mean rho (Msol/kpc^3), errup (Msol/kpc^3), errlow, std, mean pth (Msol/kpc/s^2), errup(Msol/kpc/s^2), errlow, std, median rho (Msol/kpc^3), median pth (Msol/kpc/s^2) 
#  nprofs 447, mean mh 1213020330533.382812, median mh 1165483065749.969727 
#  Mass range 12.00 - 12.2 
#  Nhalos 32
1.633855776443408903e-02 9.987827206470446254e+04 1.719343096531100164e+05 3.656466799756610271e+04 6.155645241054711336e-01 3.009485659492597395e-25 3.849362906409941019e-25 1.010738966043277612e-25 1.014883739468117829e+00 4.940253985140303848e+04 1.058257669707900472e-25
2.839315922360311981e-02 1.400636374938125664e+04 1.707604253558369237e+04 4.734453305835470019e+03 5.099112088356910766e-01 1.077050293223349533e-25 1.315061905899072607e-25 4.320449224949447309e-26 5.789277930782389392e-01 6.844937866099998246e+03 5.554877426471608901e-26
4.934165562959044737e-02 4.060354911447614086e+03 4.233605555410422312e+03 1.160967627357837273e+03 5.343762328351430169e-01 4.309835764819665961e-26 4.953998044041128764e-26 2.051965946562323598e-26 6.686766563824075860e-01 1.874459761133517077e+03 2.781315751086801933e-26
8.574597004496860297e-02 1.742760892921189225e+03 3.051553929588092615e+03 5.639443438193923157e+02 4.965432570233735965e-01 2.034845834663692018e-26 1.511643097872628462e-26 8.495870363590146723e-27 4.946281872956483916e-01 8.343585711686496325e+02 1.304723095850697022e-26
1.490094178060654695e-01 6.376455512665671677e+02 1.036244566096485869e+03 2.607005166490158672e+02 4.307584262895780003e-01 8.986330031435411647e-27 4.958002810051899727e-27 3.968915013689247652e-27 3.863641883289758994e-01 4.107765237618617675e+02 6.428809038195916396e-27
2.589486897548426425e-01 2.239975834153485721e+02 2.324014782087519961e+02 1.059913248184532364e+02 3.332035576837761859e-01 2.554407418149201003e-27 2.773785477439572207e-27 7.392086076810272700e-28 2.544737180110178132e-01 1.854187949792357131e+02 2.014245953590667562e-27
4.500012476595302013e-01 8.234575476017833751e+01 2.162103427722009030e+01 4.045631401535373328e+01 2.253904999559329936e-01 1.040651972615104805e-27 6.657865046391753439e-28 5.171201785990193917e-28 2.659233799775391760e-01 8.737343050586378013e+01 9.499194018811721855e-28
7.820125411209841726e-01 3.978397206000652631e+01 1.025063584662364491e+01 1.124710187839254161e+01 1.755485040372835037e-01 6.415237567773352328e-28 4.771517796520152960e-28 3.621940675254704754e-28 3.598617148745832384e-01 4.057762558489990568e+01 5.564806204692450253e-28
1.358982042052452988e+00 2.403329135933010363e+01 1.171196747381208780e+01 6.298304278745595397e+00 1.942249082974625285e-01 5.234696052507364697e-28 5.294241096229823537e-28 2.045056927462642788e-28 3.831343108635993366e-01 2.066875885902885557e+01 3.728643675024380922e-28
2.361640118934270394e+00 1.649665331084584707e+01 8.372389567990001780e+00 3.285098193123388910e+00 2.025309863652503817e-01 4.410562032818061963e-28 3.401181378605265496e-28 2.000854024439443557e-28 3.655148243549626308e-01 1.378751155216792412e+01 3.515158572939823224e-28
4.104060155891746220e+00 1.512562948452037936e+01 8.321856359447545870e+00 2.488910995685134964e+00 2.147885403966579287e-01 6.646460478531908217e-28 3.087595526567277735e-28 1.031064881085145436e-28 4.649549037140526253e-01 1.087184710480588556e+01 2.319922788183726294e-28
7.132039140145964851e+00 1.111422209521350446e+01 3.141760539593416723e+00 3.490565381694659131e+00 1.301445030763670463e-01 3.130921655930058957e-28 1.497674304408476357e-28 1.260515271559476720e-28 3.267442454013306241e-01 1.082662194224602104e+01 2.396332441982900438e-28
1.239406352841865555e+01 4.739912092572670765e+00 1.109256586738437633e+00 5.186882469076348201e-01 6.820157582744811042e-02 1.355340549098202603e-28 1.675501513164533764e-28 1.490833243664949182e-29 2.425946215188073685e-01 4.526748923178748996e+00 8.741171035978165404e-29
