# R (Mpc), mean rho (Msol/kpc^3), errup (Msol/kpc^3), errlow, std, median rho (Msol/kpc^3), mean pth (Msol/kpc/s^2), errup(Msol/kpc/s^2), errlow, std, median pth (Msol/kpc/s^2), mean gas-mass-weighted metal (fraction), errup, errlow, std, median metal, mean gas-mass-weighted temp (K), errup, errlow, std, median temp  
#  nprofs 454, mean mh 1417699386987.503174, median mh 1390313682959.733643 
#  Mass range 12.00 - 12.3 
#  Nhalos 36
5.932158702927985659e-04 3.180892733169128746e+07 1.445564724680932611e+07 4.830528167494770139e+06 1.413828498563933223e-01 2.848369314351994544e+07 5.300110028831677877e-24 2.966591670160417233e-24 1.275644357413550510e-24 6.685132437446690279e-01 1.801770549705769791e-24 1.949207263422949102e-02 7.155741260872292703e-03 4.770059744576773605e-03 1.499265776563537822e-01 1.825036627384984608e-02 2.642119803723257064e+04 1.414380116050746255e+04 4.260148805705561244e+03 7.037149574771889293e-01 8.063647783617134337e+03
1.030891031022107118e-03 6.482660510481764562e+06 2.332797605055061169e+06 1.724343900202296674e+06 1.590144580603125579e-01 6.055562632756754756e+06 2.300732789254455314e-24 4.127399509882924810e-24 5.548647541933057063e-25 7.320659321569749078e-01 6.510608077354849916e-25 1.942252220011371489e-02 6.817522480963709303e-03 3.844054602329050746e-03 1.453838406296491248e-01 1.772392496606350898e-02 4.613346527287005301e+04 9.478248810727050295e+04 9.862860401252983138e+03 7.001317172397847344e-01 1.227015566526819202e+04
1.791483288060515293e-03 3.831148211088303477e+06 1.169936413494718261e+06 1.171603427713538520e+06 2.058493478308760227e-01 3.387274575251205824e+06 1.347918538081199667e-24 2.455732697618171030e-24 1.063613777189521600e-25 8.053626795389074999e-01 1.914737834845420514e-25 1.899658044749863092e-02 5.249771965328716566e-03 9.133093071607516905e-03 1.662371486402182130e-01 1.992399361881758493e-02 3.126914444755850491e+04 6.124103253524826141e+04 6.335457040825842341e+03 6.500472287544403205e-01 1.008603172685093705e+04
3.113241142682221171e-03 2.307950204860318918e+06 5.747952539371645544e+05 5.398536061561848037e+05 3.048926976744155137e-01 2.026050482088807737e+06 9.323030156980085202e-25 9.550043377226276034e-25 1.388750595772930102e-25 7.308976231358552678e-01 1.819052049945220852e-25 1.933448333655989407e-02 5.049471900511779549e-03 7.636570747577953178e-03 1.456622351700635198e-01 2.015712873576298511e-02 2.838988408211990463e+04 4.644508495946636685e+04 1.105431804329565057e+04 5.012860398168597076e-01 1.486447915578377979e+04
5.410193037849813334e-03 1.261412029926548945e+06 5.701325183753557503e+05 3.969562264946346404e+05 1.577934214105577992e-01 1.154695265284682158e+06 1.660728673604079993e-24 1.448578114934540155e-24 1.161362333108631763e-25 7.674145647726128283e-01 1.632835335607956616e-25 2.123514514649689489e-02 2.302287842669299006e-03 5.568675922013880536e-03 1.138020228750363100e-01 2.266455127547448850e-02 7.918596036340223509e+04 1.186296232858829317e+05 9.622577642055301112e+03 6.140855107226524945e-01 1.663749930353881791e+04
9.401837944869510452e-03 4.438182777981894324e+05 6.231783454986184370e+05 1.271034263419348281e+05 3.696443620599465518e-01 2.737581158915488049e+05 3.818581946520696405e-25 7.366882867756172417e-25 3.433353799322784578e-26 8.476813901761499626e-01 4.426659396166319701e-26 2.120426868510862095e-02 3.886532386199122863e-03 3.926090266550420760e-03 1.053678424555073989e-01 2.168568503078263654e-02 5.588209848237167898e+04 9.486185302100451372e+04 6.759157952972830572e+03 5.783969957650343385e-01 1.357531601873044565e+04
1.633852177236155140e-02 7.197675134467033786e+04 1.049954668066137965e+05 1.622371621602652885e+04 5.144805547017423653e-01 2.795050137891702980e+04 1.558176375836493736e-25 2.528085774536199747e-25 1.982634143533054166e-26 1.061853874825081645e+00 2.098141633656059348e-26 2.032944635693368501e-02 6.317734390233718800e-03 5.958633237952037920e-03 1.342405157211749023e-01 1.998802556262862726e-02 1.600809702625990321e+05 2.489539717784278328e+05 3.147732736109783582e+04 7.742097711367575963e-01 3.680394086181331659e+04
2.839309667654963537e-02 8.199879183129020021e+03 5.271975317355794687e+03 1.320628562317677734e+03 4.265293619769716660e-01 3.610878374746349891e+03 4.991919952043220244e-26 3.330749147583531447e-26 1.135861835512231237e-26 6.653769834094289681e-01 1.976575304222627234e-26 1.939685825146861275e-02 4.227862051762780460e-03 6.131277886811213954e-03 1.246258637777245548e-01 2.000354723439599219e-02 4.058299049844527617e+05 2.864167429426227463e+05 2.016561112188043189e+05 4.149337440057880855e-01 3.524023464229610981e+05
4.934154693526905666e-02 1.627005172616142545e+03 1.002475435672175536e+03 6.903297258883217182e+02 5.289396975581716065e-01 1.175350933453230482e+03 1.543152651598103869e-26 1.770075237736340918e-26 6.326406797763217516e-27 4.768579642785656381e-01 9.335585721673798310e-27 1.598449910354285061e-02 4.717445498716218294e-03 6.652812106395088187e-03 1.660572877464911445e-01 1.673285950934800051e-02 1.108203992421447299e+06 6.397620194061761722e+05 2.603226788888389128e+05 3.911853513637939539e-01 6.081845727936727926e+05
8.574578115588683824e-02 6.503164607072508261e+02 8.968092315183022265e+02 1.448920082222198289e+02 4.412249524510724052e-01 3.157880885472555974e+02 8.347060932051398631e-27 9.480434838587737039e-27 2.908599989639656235e-27 4.133870956644527528e-01 4.986002962593406312e-27 1.103368643042707681e-02 5.068286143410457092e-03 5.063518672796972139e-03 2.088016330764642936e-01 1.108273394277726510e-02 1.544790822466104291e+06 7.857254419643608853e+05 4.446032438664297806e+05 4.003369166151569680e-01 8.673633058359238785e+05
1.490090895544625982e-01 2.533816884186271068e+02 2.517052989507611187e+02 5.047048909462475308e+01 3.896305710286960822e-01 1.295053883306611056e+02 4.161756552219648910e-27 3.714007006756585513e-27 1.592005333714380979e-27 4.810116790306284140e-01 2.186870023426441920e-27 7.363838159500731353e-03 4.263192931605073316e-03 2.946643201494027718e-03 2.657045073149122971e-01 6.407682224944935556e-03 1.183106242430732585e+06 7.364396233906899579e+05 6.193757966917839367e+05 2.877514089019742594e-01 1.092006171485548839e+06
2.589481193189351327e-01 9.483240665739539565e+01 9.741141693099099541e+01 3.412652862723864189e+01 3.534471075206140345e-01 6.099861425873852738e+01 1.494027179064523322e-27 1.634835515773661118e-27 8.020329092334964930e-28 4.130457717746435775e-01 1.169203169243475509e-27 4.901785738566441161e-03 4.168580622462421739e-03 1.810863618104404694e-03 2.945771078326271941e-01 3.944579287172072721e-03 1.240669457558466354e+06 6.048232695149630308e+05 5.557133622509525158e+05 2.596210947378810863e-01 1.173441191434765235e+06
4.500002563555373647e-01 4.327503354733576657e+01 2.159349852755370591e+01 1.709569748007210777e+01 2.959875424096958252e-01 3.708677622622654724e+01 8.154939400671538063e-28 9.331099529039968660e-28 2.314314252231012433e-28 3.786166890932564644e-01 5.703017184301505829e-28 3.565984017692601631e-03 2.852808309240286236e-03 1.359309577087829731e-03 2.920477121707332757e-01 2.905878333353483466e-03 1.496067325089091901e+06 1.321062026748112403e+06 5.106535259395120665e+05 2.894749799981131133e-01 1.110970884145249613e+06
7.820108184320838651e-01 2.202770698569784003e+01 8.517622956682757263e+00 8.305472521312818657e+00 2.131584932265388199e-01 2.153791417219004956e+01 5.195366841115123445e-28 3.791994046511886441e-28 2.230484681576302776e-28 3.743186599845824136e-01 3.863991807619356152e-28 2.249331257248769408e-03 1.102655686772247273e-03 8.081418546601183521e-04 2.051589828579403751e-01 2.076225419647583295e-03 1.823385930656892946e+06 1.366071680217028130e+06 5.747652660116124898e+05 3.303274015407750008e-01 1.216925716413076501e+06
1.358979048362254582e+00 1.381730574448839732e+01 8.027443416701743217e+00 4.095352182112243611e+00 1.919498148670016613e-01 1.247916400929806002e+01 4.318808251433264970e-28 3.114168781087312165e-28 1.903697546890721576e-28 3.877052776934530876e-01 3.312112907776709724e-28 1.701461553274602814e-03 8.779266580137552560e-04 4.438381515597940134e-04 1.497254260734921794e-01 1.565682414348652709e-03 2.230068088373295963e+06 1.385169074705146253e+06 7.389084474744156469e+05 2.955115038201643340e-01 1.756622768957281020e+06
2.361634916496962333e+00 1.039579433749848114e+01 5.124669469236192043e+00 2.610748807114678272e+00 2.279038091984179615e-01 8.548244362158444076e+00 4.141844130965554905e-28 2.405819678753921002e-28 2.025144986445026114e-28 3.632087204853389761e-01 3.385426742980035381e-28 1.554720743868963492e-03 3.674047002850599694e-04 4.229424876424374338e-04 1.239156773266125583e-01 1.563854014695911310e-03 2.599646493676703423e+06 1.273089290380876046e+06 8.142622242105815094e+05 1.939764110802296992e-01 2.387649158798355144e+06
4.104051115091881030e+00 9.256290888983434328e+00 3.714777726739477259e+00 2.274495141162455880e+00 2.382294343898596345e-01 7.237710766511849414e+00 5.142313730430687885e-28 1.725488698403095210e-28 1.365690127781689263e-28 3.870905660920410662e-01 2.923973795583723338e-28 1.449553963144505249e-03 3.560855091990404800e-04 4.518139663536343935e-04 1.178698442538696489e-01 1.474480542297988868e-03 3.082564689424807206e+06 6.609819608165482059e+05 9.163414194170087576e+05 1.809739932948254137e-01 3.057269365935171954e+06
7.132023429036466133e+00 6.478712489499669047e+00 2.302376339172555575e+00 1.599390745882817377e+00 1.434636791792320565e-01 5.944849058479467985e+00 2.822112960756489316e-28 1.216824304066491171e-28 7.168939616105204142e-29 2.460973926273915535e-01 2.314577323172055091e-28 1.346154191017103407e-03 1.754602575373591725e-04 3.091561664934848984e-04 7.832841739530148339e-02 1.372322723761732009e-03 2.984993502606017515e+06 3.877092760312505998e+05 4.243636921695759520e+05 1.144330628126164207e-01 2.949067535826342646e+06
1.239403622563954954e+01 3.620006431309683137e+00 8.736917773913006613e-01 3.449656849254552071e-01 7.592767539134889776e-02 3.439350710620434626e+00 1.465567896169686363e-28 6.714039980360786552e-29 1.648929537793470189e-29 1.366415614425053326e-01 1.268792105043861887e-28 1.280524275671366058e-03 1.173174839775347270e-04 1.345087086652692419e-04 4.178083395131861055e-02 1.280956766827048236e-03 2.948262110241552815e+06 2.709178501198324375e+05 2.817371181329484098e+05 6.920310321635581019e-02 2.860026100965418387e+06
