# R (Mpc), mean rho (Msol/kpc^3), errup (Msol/kpc^3), errlow, std, median rho (Msol/kpc^3), mean pth (Msol/kpc/s^2), errup(Msol/kpc/s^2), errlow, std, median pth (Msol/kpc/s^2), mean gas-mass-weighted metal (fraction), errup, errlow, std, median metal, mean gas-mass-weighted temp (K), errup, errlow, std, median temp  
#  nprofs 469, mean mh 559074159467.266724, median mh 499580194583.825195 
#  Mass range 11.50 - 12.0 
#  Nhalos 190
5.932171770859670339e-04 8.022391553665612638e+07 9.025034272792702913e+07 2.684300426622482389e+07 4.129828844386307929e-01 4.499782519094663113e+07 7.927489162206775980e-23 4.463330837869125302e-23 9.891098408405870875e-24 7.410767705838773312e-01 1.154860969260095786e-23 7.979331556812688936e-03 5.345724092606946032e-03 2.637931079203265951e-03 2.356242404501756038e-01 6.943683371412929031e-03 2.720328291742925649e+04 1.050738827785689864e+04 7.552473424689967942e+03 3.546750055309976779e-01 1.899250442555398331e+04
1.030893301968358478e-03 3.594563568289746344e+07 4.725276098216456920e+07 1.497882644134992175e+07 5.263128432138903801e-01 1.873899132428942621e+07 5.116625439802640344e-23 3.013285438447349159e-23 4.840354829294666009e-24 9.454704091427713619e-01 5.110504348792896243e-24 8.259262444264201669e-03 4.297205584646046107e-03 2.691165976318844917e-03 2.256899819329663548e-01 7.507375368243915555e-03 4.589555113882190199e+04 3.414560235381058010e+04 8.252667757161150803e+03 4.640077172132706651e-01 1.819586586896688459e+04
1.791487234512792676e-03 1.429157914055665955e+07 2.115316572090160847e+07 5.204032865706764162e+06 5.445663464833554457e-01 7.806047092337479815e+06 2.298439519347065844e-23 2.274485392449928826e-23 1.221618599556764702e-24 1.036372356881817502e+00 1.378155799572736868e-24 7.613314419418933977e-03 4.527157943611759446e-03 2.521021433838548445e-03 2.544715159775209901e-01 6.776833193420878608e-03 5.144982595368993498e+04 6.095534066188922588e+04 6.203295175074930739e+03 4.946149653782050959e-01 1.579250875782067851e+04
3.113248000830259356e-03 5.419761733050391078e+06 4.483393528106425889e+06 2.625408605514070485e+06 3.405400424965961403e-01 4.595718260719168000e+06 7.872614041545260154e-24 7.549218493688316250e-24 1.327191748667700048e-24 7.964524550905441869e-01 1.514465206178241771e-24 7.731207971195951274e-03 5.852863670898199658e-03 1.897961073315662661e-03 2.404419054139586565e-01 6.044723425573425568e-03 7.696819858627783833e+04 7.347373379221717187e+04 1.443527645659588961e+04 5.067441124578168088e-01 2.484152349160831000e+04
5.410204955945158156e-03 2.057898309740377590e+06 1.267624168492867844e+06 8.967314669525758363e+05 2.895190434992659934e-01 1.883494460892132251e+06 1.554518523898250870e-24 1.559606433730533100e-24 7.087039563661728173e-25 6.354765640734238996e-01 8.423544198638898978e-25 7.225299047596056567e-03 6.367974275615716218e-03 1.868051424335581343e-03 2.753142612738342931e-01 5.149964204799257345e-03 6.248280162680819194e+04 6.035174308756002574e+04 1.990138870835585112e+04 4.528374525191292688e-01 3.033214326193005763e+04
9.401858656145479012e-03 5.497582740585514111e+05 4.659422470858074958e+05 3.338456086666040355e+05 3.976209138815592903e-01 4.848998643263342092e+05 4.662824681583806975e-25 4.620686355979615749e-25 2.433800327733260198e-25 6.266633209088873224e-01 3.160556293989888659e-25 6.732747438890629432e-03 5.529471919818980744e-03 1.798188643618218226e-03 2.955289049317673111e-01 4.790781867443558856e-03 8.604348873510837439e+04 1.124343457525829872e+05 3.503303869242379005e+04 4.747685144072077423e-01 4.760145628420547291e+04
1.633855776443408903e-02 1.265957707425513508e+05 2.117081935446607531e+05 4.438174652323227201e+04 5.237985932347289930e-01 6.370977972581675567e+04 1.620864471837334309e-25 1.624206163900817022e-25 9.129464330168130293e-26 6.078448396591794589e-01 1.231236696539089658e-25 5.987762876224669850e-03 4.269632213399042128e-03 1.527675643779355819e-03 2.933107875877270510e-01 4.169874620461684264e-03 1.629165184588137781e+05 1.985933656303012976e+05 7.096975132578218472e+04 4.817626564964647695e-01 1.048571786731534521e+05
2.839315922360311981e-02 2.345523269730290485e+04 2.608028838155634367e+04 1.039188287588459207e+04 4.902897390218978746e-01 1.534231674396208473e+04 6.603243333170486381e-26 6.226392084835464657e-26 2.473764161508055032e-26 4.676145424966379194e-01 4.297700100093437966e-26 5.563387891793907317e-03 4.410597040564215657e-03 1.543790769185078224e-03 3.022593913063123527e-01 3.946818882406487664e-03 1.333901028219965752e+06 2.201201240549770882e+05 1.109237097431810107e+05 4.223793699831085990e-01 2.131273680185521953e+05
4.934165562959044737e-02 6.207647890867491697e+03 5.359368164410863756e+03 3.530879343795174918e+03 4.597833787738934141e-01 5.059718609236697375e+03 2.405053154567600649e-26 2.266771436473923423e-26 7.082063261722502612e-27 3.891342610314487693e-01 1.630244154282908314e-26 4.791650254694653985e-03 3.198198391698466383e-03 1.440145762936184161e-03 2.809233408065340276e-01 3.654733311617019802e-03 4.111982369540721411e+05 2.618792686854772037e+05 1.315688643008335785e+05 3.179873145678091539e-01 2.846950844656329136e+05
8.574597004496860297e-02 1.936360761805602351e+03 1.583447224915219522e+03 1.170709063255067576e+03 3.946068463589024744e-01 1.674803452705348718e+03 9.061664545448811647e-27 8.322470449805159582e-27 2.633194709280308865e-27 3.384739394686666625e-01 6.237368875847060639e-27 3.728465224386630621e-03 2.424710547273051155e-03 1.187613341179566710e-03 2.882775374650580202e-01 2.945565077323091755e-03 4.845318793174892780e+05 3.415279421013279934e+05 1.193414905378218973e+05 3.117596825875310063e-01 2.980896533743165783e+05
1.490094178060654695e-01 6.152053227986335742e+02 4.689682513488023687e+02 2.967281892776542236e+02 3.819452149753779224e-01 5.241570872678869364e+02 4.010502625719277388e-27 3.066622337381125717e-27 1.499227053196659703e-27 3.707749157441372900e-01 2.646487244228850214e-27 2.675087614731679660e-03 1.660739118949639687e-03 1.060646821052109055e-03 2.838082415444918571e-01 2.309689546274451208e-03 1.402462939276443794e+06 5.061873890932832146e+05 1.471652669065970113e+05 4.040364955098980637e-01 3.360257775238641771e+05
2.589486897548426425e-01 2.025380257952417935e+02 1.392036058527702380e+02 7.453377849099723562e+01 3.071241523343734570e-01 1.691586299496925676e+02 2.079743423165247359e-27 2.085403450970612209e-27 7.509982826452288015e-28 4.269221551713099361e-01 1.173006073858541910e-27 1.882590329385718962e-03 1.364297966720694373e-03 9.569292526070570428e-04 2.934557382636867606e-01 1.677792318127667871e-03 1.554132441424011486e+06 7.491817758014075225e+05 2.354192685829159745e+05 4.333481152820889970e-01 4.480671953625954920e+05
4.500012476595302013e-01 7.767976446766290621e+01 4.644672210835899762e+01 2.503492894307107974e+01 2.513833527384940481e-01 6.548102314752090081e+01 1.442803913764859601e-27 1.608392196324662472e-27 4.757666062235857679e-28 5.026854391148060097e-01 7.069699895261140126e-28 1.347665641043706893e-03 1.018629523618180344e-03 7.455872650581009311e-04 3.205329486817629636e-01 1.185928057036988786e-03 1.341986621402230347e+06 8.202091508464772487e+05 5.410601399499905529e+05 4.273743405234913806e-01 8.617604205943696434e+05
7.820125411209841726e-01 4.264974707085921324e+01 2.885216700479541174e+01 1.373862292283861919e+01 2.603148565664746283e-01 3.323995080029628468e+01 1.319260063730580905e-27 9.617628981919619505e-28 3.916394289430805170e-28 5.350965220079546558e-01 6.013926332494024647e-28 1.067590267908260018e-03 9.286888963510829802e-04 4.642378273639401025e-04 3.272133355448746395e-01 8.842923453722779329e-04 1.689346276058672694e+06 1.111952692508842098e+06 8.223933183018092532e+05 4.099966535491979536e-01 1.374162912432593061e+06
1.358982042052452988e+00 2.790122682385260333e+01 1.905831448338157941e+01 8.970403468053142149e+00 2.740531606411575338e-01 2.062156518707514863e+01 1.269822557719348136e-27 9.963304040131172316e-28 2.986549212009502099e-28 5.289532624532615745e-01 4.781153422944885097e-28 1.115852612412067532e-03 7.424319723405227618e-04 5.676967524917520902e-04 3.220004332809667802e-01 1.027092208179737620e-03 2.118044790854298975e+06 1.270286885685338639e+06 8.791750974419304403e+05 3.562568341531801575e-01 1.889766836865131743e+06
2.361640118934270394e+00 1.969517404496402335e+01 1.105255363658947587e+01 5.200345522630525963e+00 2.706852095995366803e-01 1.427024205720852734e+01 1.013121570219771373e-27 6.883583060865679845e-28 2.879498108690050317e-28 4.769934865011195013e-01 4.610018946692296864e-28 1.143371715262288865e-03 6.634716512241814641e-04 4.197473964521423193e-04 2.475615358307539371e-01 1.063918743301560561e-03 2.573658332567793317e+06 1.165748302773884498e+06 1.031301397313846741e+06 2.590559544177025164e-01 2.450404274648517370e+06
4.104060155891746220e+00 1.501846577188859122e+01 7.853533109704883941e+00 3.318895512584768781e+00 2.379329874414345403e-01 1.130358726003004222e+01 8.219946915081524710e-28 4.369301316343811248e-28 2.402434850416227444e-28 4.345706189975343525e-01 4.164983183728478719e-28 1.159599644231530408e-03 3.180768916403930655e-04 4.002510759494028137e-04 1.544676998244754740e-01 1.169201344203939143e-03 2.981658749288747087e+06 8.464690664909025654e+05 1.174876387187179178e+06 2.133587105912329029e-01 2.790510886868907139e+06
7.132039140145964851e+00 1.095402838300671178e+01 3.397566331065235090e+00 2.551568930327448470e+00 1.225227257092205424e-01 1.040031850451852335e+01 4.243167177331356248e-28 2.073823300002959003e-28 1.460758734631891811e-28 2.512192261382285019e-01 3.550247448929529559e-28 1.072321692081178168e-03 2.149501693385637811e-04 1.887693632069190573e-04 9.057706604620491264e-02 1.073367122007300731e-03 2.651765892129667569e+06 4.853238598575806245e+05 6.230121326885300223e+05 1.358651297860826168e-01 2.556253645879793912e+06
1.239406352841865555e+01 3.403223523310177079e+00 7.674308616087133217e-01 4.008113506721189268e-01 7.141256949402238763e-02 3.272858435907187946e+00 1.260310664101394079e-28 7.891729603996151431e-29 2.031199911307487301e-29 1.715911146233041196e-01 1.032564923205241904e-28 1.050887148632895620e-03 1.502591828502191501e-04 1.174301179372196340e-04 5.982818044733444890e-02 1.041874972395020549e-03 2.634672180934090633e+06 8.689143929617698304e+05 2.550794890308883041e+05 1.027684115480982513e-01 2.385513675374536775e+06
