# R (Mpc), mean rho (Msol/kpc^3), errup (Msol/kpc^3), errlow, std, median rho (Msol/kpc^3), mean pth (Msol/kpc/s^2), errup(Msol/kpc/s^2), errlow, std, median pth (Msol/kpc/s^2), mean gas-mass-weighted metal (fraction), errup, errlow, std, median metal, mean gas-mass-weighted temp (K), errup, errlow, std, median temp  
#  nprofs 466, mean mh 1427308218731.168945, median mh 1389501517939.151855 
#  Mass range 12.00 - 12.3 
#  Nhalos 44
5.932145288224347380e-04 9.801586275524908304e+07 6.252740958235694468e+07 4.215068947514951974e+07 4.280836609092408818e-01 6.178700765698958933e+07 4.799912989731238399e-23 3.546345994860010961e-23 1.651720706031320973e-23 6.302856390375551898e-01 1.977560970435036115e-23 1.026254307792981262e-02 3.259806914218508697e-03 3.607314862466773700e-03 1.557571616803609116e-01 1.053260210133498062e-02 2.936846865230158437e+04 1.091332508319672706e+04 1.217567289143486050e+04 2.200985269876143124e-01 2.648698711268932311e+04
1.030888699813797393e-03 4.223346757803200185e+07 6.888238524235901237e+07 7.512196583815320395e+06 5.000029320554667533e-01 1.491549496238347143e+07 4.558810372212047511e-23 2.820492392609627822e-23 8.589578549504521574e-24 8.351933820438040001e-01 9.294375737960674662e-24 1.184957934867763088e-02 5.860538221862866826e-03 5.069506311575617402e-03 2.242168959512377824e-01 1.152775346887988800e-02 5.929770664553777169e+04 9.565042553345047054e+04 1.458661409281981287e+04 4.907755518803871841e-01 2.726541012743942701e+04
1.791479236884782524e-03 2.101131255916102603e+07 2.400928425841329619e+07 1.246331885695631057e+07 5.078979214410968002e-01 1.601804548654033616e+07 2.524678113774597468e-23 2.415375481109996501e-23 4.277001858526276763e-24 7.965871099829900936e-01 5.807334393323942143e-24 1.217734593028526636e-02 5.627715215011491398e-03 4.846895618065096001e-03 2.052791612223008599e-01 1.154737444623396038e-02 9.961789290459451149e+04 9.510000133153815113e+04 1.935743102699353403e+04 5.200571398791341560e-01 3.873124427453074895e+04
3.113234102545675390e-03 6.400302371508585289e+06 6.092999645828793757e+06 3.529774778728269041e+06 4.037795234285901369e-01 5.312631061506231315e+06 7.096150814466711955e-24 7.186501567540851614e-24 2.590003251001063145e-24 7.260226959926669998e-01 3.667659311570764643e-24 1.334181043702527270e-02 1.079528063002388807e-02 5.082800647184756472e-03 2.410256531423391191e-01 1.154038616311216583e-02 1.147075598984696408e+05 1.179834297604835883e+05 5.141445530573047290e+04 5.392144731640929889e-01 7.061330681130234734e+04
5.410180803494689730e-03 3.141012720376112964e+06 1.289896015445562545e+06 1.406094138787037693e+06 2.238166935062125273e-01 2.971848870836055372e+06 4.294843665836636458e-24 3.571522266208893916e-24 2.562553656862351994e-24 6.450125073361732131e-01 3.077604957897473650e-24 1.456593710506375906e-02 1.085777577725617268e-02 4.578154730430266696e-03 2.511595033237601915e-01 1.231548799640358807e-02 1.047755242136935703e+05 1.069129065004302101e+05 5.023126216201228090e+04 4.785596184893173843e-01 6.825813495535658149e+04
9.401816683997036433e-03 6.278526664770430652e+05 5.410650241071654018e+05 3.351593792267569806e+05 3.468567014183040476e-01 5.587661195865406189e+05 1.008004260606580456e-24 6.381957316342404253e-25 1.030351476951649859e-24 8.238263738316807805e-01 1.063175414942247527e-24 1.396580537462655675e-02 1.033907197300352326e-02 5.093700873461052235e-03 2.720997179943780431e-01 1.174381398658813636e-02 1.507609116922098037e+05 1.311988129270206555e+05 9.070266679412269150e+04 5.821629695358473411e-01 1.005033604598449019e+05
1.633848482519974915e-02 1.488683901303604944e+05 2.533082259602184640e+05 4.891042895613891596e+04 5.740297485161378610e-01 7.103121918236050988e+04 4.384160137725661412e-25 3.256876389196066804e-25 2.502271196111442297e-25 8.660500877694395916e-01 3.891592130593704855e-25 1.256722258696844202e-02 1.008329011995459309e-02 3.892737736789110038e-03 2.802779143996620981e-01 9.887845780661791428e-03 3.846764767272701720e+05 4.035219310206163791e+05 2.064899663686766289e+05 5.921219312712825422e-01 2.855620572031053598e+05
2.839303246974122716e-02 2.393083504979714053e+04 2.220951306706881587e+04 5.184812020784502238e+03 4.703074084409902267e-01 1.272966903248209564e+04 1.873246282777649117e-25 2.005092285302093932e-25 1.099625476023684090e-25 7.161316586760431147e-01 1.427275465417378276e-25 1.122009371281957289e-02 1.197901611974788380e-02 3.604758674281663064e-03 2.792435274705835080e-01 8.365401316955574373e-03 6.852676300525299739e+05 7.502415230289997999e+05 2.919409167877240106e+05 4.344923328591346334e-01 5.380446911507153418e+05
4.934143535662420532e-02 5.955741093398238263e+03 7.394893417003206196e+03 2.334439384435176635e+03 4.729646219281112840e-01 3.997341632515341644e+03 8.764579190392489783e-26 5.439853003314694637e-26 5.976224278489497690e-26 6.522646048874848335e-01 7.392697650947537576e-26 8.833743959902088175e-03 8.597606004687551387e-03 2.051049069399539168e-03 2.737156511420760774e-01 6.158121014321714728e-03 1.101111063183769351e+06 6.425554900473129237e+05 4.989633104808904463e+05 3.240210470924866915e-01 9.626675810457320185e+05
8.574558725442532614e-02 2.741203092627136357e+03 3.776469605136060636e+03 1.188699399100352366e+03 5.039548623068883515e-01 1.939361655166867422e+03 3.959439255060019412e-26 1.823977015804584002e-26 3.333127389956876932e-26 5.037753984055157730e-01 4.145018334008401855e-26 6.519709555907276209e-03 6.777995221322868219e-03 1.433346600730343780e-03 2.847888348861272179e-01 4.494942152004816754e-03 1.270287037283578888e+06 7.492351598812253214e+05 5.539049070518820081e+05 2.590090172389664103e-01 1.170536569307940081e+06
1.490087525923421141e-01 9.239650606814997218e+02 6.949500618262462694e+02 6.127400227405407804e+02 4.496471774614915762e-01 8.609759637034666184e+02 1.683297536919814431e-26 1.161017474621071201e-26 1.116803423420044506e-26 5.028406182310616312e-01 1.593094331943418570e-26 4.481662093936992705e-03 2.344444405162639765e-03 8.604573107351882501e-04 2.692901959117701138e-01 3.296527010419112239e-03 1.519263294572731014e+06 1.254664038671533577e+06 6.692845372297373833e+05 2.705167881524547235e-01 1.308379122374771163e+06
2.589475337458828630e-01 3.315130085627772019e+02 1.631952849485435308e+02 1.649549610721285831e+02 3.716733000972685663e-01 3.074908048821937427e+02 5.602738467789038290e-27 4.531547505193709806e-27 2.639198515306677789e-27 3.834653475345754514e-01 4.662498279343059400e-27 2.899474123843143614e-03 8.567002915741313285e-04 1.148308178622323974e-03 2.600506176749882714e-01 2.650211683657846019e-03 1.277697721986675868e+06 6.331592725227556657e+05 3.913064669412921648e+05 2.030153520747773055e-01 1.140384437949029729e+06
4.499992387462019017e-01 1.270236973829764935e+02 6.427862896272388582e+01 4.623683901633897619e+01 2.974269895695169641e-01 1.207042206616342952e+02 2.400672693349113594e-27 1.801740130429258447e-27 1.156429243319755179e-27 3.818694579760184005e-01 1.910526635383732541e-27 1.987639793657778198e-03 1.164827814582016863e-03 4.637202018745564987e-04 2.254785973947402433e-01 1.764005474460588136e-03 1.334531888103828765e+06 6.197430527111666743e+05 7.254201018649266334e+05 2.398236181870132266e-01 1.371412180113554699e+06
7.820090500297373071e-01 6.898776778858920977e+01 3.723844920650466861e+01 2.028072196242612080e+01 2.545991172016487947e-01 6.092967546553377645e+01 1.537635947063733398e-27 9.860429488371574547e-28 7.005675309041290565e-28 3.884922413898933002e-01 1.136220160572746762e-27 1.741729564960026264e-03 1.278484352286594298e-03 3.860960079881566292e-04 2.262510762055699454e-01 1.430812482625068872e-03 1.482600682743170066e+06 7.863235328216785565e+05 6.106118045557310106e+05 2.554760797422648833e-01 1.385041049219812267e+06
1.358975975231191180e+00 3.311398279804732425e+01 1.409570043094293368e+01 1.111290372739946619e+01 1.983644080285281164e-01 3.153247224630981549e+01 9.010082447326653759e-28 8.465918512087073429e-28 4.155136451617194449e-28 3.745596935994430776e-01 7.055206377183208971e-28 1.099579657585296813e-03 4.580385649379107096e-04 4.955286801568428105e-04 2.050527395941578179e-01 1.090261628432885946e-03 1.891250376178383594e+06 1.156063579423250630e+06 6.904054216560201021e+05 2.559747876303350989e-01 1.683625810069108848e+06
2.361629576007254094e+00 2.234242538219922025e+01 1.239017219961808891e+01 4.550273120467004162e+00 1.546057681711197618e-01 1.988740330168533532e+01 6.604903448243918427e-28 6.809751639187762724e-28 1.919334008924955789e-28 3.267996591783425275e-01 4.707119398782015245e-28 1.021746013360430409e-03 2.771778247664172506e-04 4.367015601558119856e-04 1.951426253683836431e-01 1.068915249479010943e-03 2.011990201618449530e+06 1.215391729995083064e+06 5.559429708811601158e+05 1.999487812384327656e-01 1.783128018221320584e+06
4.104041834384438481e+00 1.870670090674029140e+01 8.332751228144072542e+00 3.921730375542425762e+00 1.517001047462633867e-01 1.623305558387756520e+01 6.154539151689148818e-28 4.059841872082499633e-28 1.829417028530683497e-28 3.518450475427451485e-01 3.723737322841579906e-28 1.017513726608956217e-03 2.313828943790040456e-04 2.870630999505857303e-04 1.281486203130256796e-01 1.026216639747600749e-03 1.994308468869561097e+06 7.227082199589451775e+05 6.132756588279521093e+05 2.160855871888680835e-01 1.810188487058424857e+06
7.132007301015381273e+00 1.544537261812684648e+01 3.531134681328218505e+00 1.873487516125688757e+00 9.538073986030534690e-02 1.461823310295848799e+01 4.164368318751633754e-28 1.156174528113914153e-28 9.434163907510020881e-29 2.393813436977258180e-01 3.214126169410803484e-28 9.473847554275365056e-04 1.124330505872877216e-04 2.256975526655659444e-04 9.103836735725187590e-02 9.613826345707399135e-04 1.832228486908977618e+06 3.149995745341880247e+05 3.936482321637400892e+05 1.455930851046397800e-01 1.676733651512952521e+06
1.239400819835114298e+01 3.562551523608972204e+00 6.778005544121663561e-01 4.166783807664620198e-01 5.921603829322667073e-02 3.437146382149051327e+00 1.034406192161372371e-28 1.533446273216669256e-28 1.490381642971906486e-29 2.250553279886712832e-01 7.331892031100120478e-29 9.894243026031040653e-04 2.936717209010848272e-04 1.175218304434747169e-04 7.596590847786312273e-02 9.483774390020725722e-04 2.011735373116897885e+06 1.981402320623310748e+06 2.000147652252530679e+05 1.644956825911814136e-01 1.596920351048985031e+06
