# R (Mpc), mean rho (Msol/kpc^3), errup (Msol/kpc^3), errlow, std, median rho (Msol/kpc^3), mean pth (Msol/kpc/s^2), errup(Msol/kpc/s^2), errlow, std, median pth (Msol/kpc/s^2), mean gas-mass-weighted metal (fraction), errup, errlow, std, median metal, mean gas-mass-weighted temp (K), errup, errlow, std, median temp  
#  nprofs 416, mean mh 2007436502054.630615, median mh 2002433443758.672607 
#  Mass range 12.21 - 12.4 
#  Nhalos 18
1.633845543166654105e-02 5.296729964076561009e+04 5.378150678435213922e+04 2.641120298288490085e+04 4.014100401630518733e-01 4.031035631948205992e+04 1.572917143780171008e-25 1.115484431628983109e-25 1.408435839546997473e-25 1.012141350477237633e+00 1.423685880827876488e-25 2.087246976537703025e-02 3.854460722953090279e-03 5.991420888853939142e-03 1.258393371850457243e-01 2.233945460351779641e-02 2.167746756615281338e+05 3.550426764168130467e+05 1.333713655139378097e+05 7.451305323286381288e-01 1.429454304568498628e+05
2.839298138963486026e-02 9.206817386545850241e+03 4.661564877580662142e+03 4.048565142189103881e+03 3.044550286668755157e-01 7.847676200830061134e+03 7.972487446154565120e-26 6.592925769572177550e-26 7.020166605842935148e-26 7.313865019669295586e-01 8.018769296394013113e-26 1.822695496020687936e-02 4.476252142166185083e-03 6.789212587995139755e-03 1.668607990969972477e-01 1.934003728695175839e-02 6.461875239156835014e+05 3.483358648637537844e+05 5.582982513118186034e+05 6.079602409913607008e-01 6.808408023392381147e+05
4.934134658957302355e-02 2.496157301727786034e+03 1.749945735633008098e+03 1.376653729687138139e+03 4.327667780087470217e-01 2.017479196516518186e+03 4.297597136293508801e-26 4.044402394017569713e-26 2.260521836326856381e-26 4.148610133151423018e-01 3.234614835920574035e-26 1.377967979677559296e-02 6.277423124833054341e-03 5.640721335159257568e-03 2.101481635813923221e-01 1.343578778734496812e-02 1.283157414006266976e+06 6.412899711368500721e+05 4.910510330048338510e+05 1.758941994353054039e-01 1.183822727518589934e+06
8.574543299497019988e-02 9.357904422713850181e+02 1.131816829604803161e+03 2.698286983434822446e+02 3.635419711354741512e-01 6.121366760764146875e+02 2.021413027268128131e-26 1.446369109996096547e-26 1.110037447888105952e-26 4.295605416797479981e-01 1.624698195116873114e-26 9.260331138368358556e-03 6.298847177168514014e-03 3.782035231905614935e-03 2.278459822063567397e-01 8.190657039871943046e-03 1.440301452756795101e+06 7.681145528216366656e+05 4.481123696531265741e+05 1.844736317825849958e-01 1.288993204638759140e+06
1.490084845201332109e-01 4.068624390016802863e+02 5.437973360346802565e+02 1.456094668095624627e+02 3.711840785237974227e-01 2.752677361639259743e+02 9.213837035206127144e-27 5.210711865997644035e-27 5.585244552036709387e-27 3.929383657489087800e-01 8.102913981152455941e-27 4.863146270632816119e-03 3.094044723340507504e-03 1.047599012145641884e-03 1.942158753723047804e-01 3.821543841011179696e-03 1.665774917225942016e+06 1.721371516562357545e+06 1.744615974283525720e+05 2.036431453189849472e-01 1.232716384730798192e+06
2.589470678897760059e-01 2.027420997964053413e+02 1.940136435595230751e+02 8.517322178434969260e+01 3.211075099653514786e-01 1.627129358803544505e+02 3.895324629910166942e-27 1.162898563356185615e-27 2.565889650001449587e-27 3.426916470318310259e-01 3.768615691864337371e-27 2.763005061213915248e-03 7.139837167749888205e-04 4.535846634556041888e-04 1.188096425182614546e-01 2.593244712251651946e-03 1.526211730017978465e+06 8.724975249616345391e+05 3.581498882137277396e+05 2.256048024047656031e-01 1.192241948781059124e+06
4.499984291810734116e-01 9.658169950814584581e+01 5.880274429248098045e+01 3.250682912636250421e+01 2.606811625744468452e-01 8.527624385502559790e+01 1.654582586334267492e-27 1.188289579976292326e-27 4.726126359796068192e-28 2.835404863645833440e-01 1.229218865015697581e-27 1.871108310212618196e-03 2.530895795525328791e-04 2.727689501219258527e-04 8.888335138209763064e-02 1.831606245651686872e-03 1.301037096915791510e+06 1.150839137193483301e+06 1.966360326785051730e+05 2.200189561765837631e-01 9.387801116329864599e+05
7.820076431667862815e-01 4.334309062123816858e+01 1.371623208976987485e+01 1.170712736250246522e+01 1.870401735737660942e-01 4.169249342395156077e+01 6.968912277758731508e-28 3.909154463595541242e-28 2.619778493165283189e-28 2.989475566465193968e-01 5.581803923008450566e-28 1.655516772831466680e-03 2.381859270253906119e-04 4.253148775943426697e-04 9.889441256462443153e-02 1.651651758375865219e-03 1.160885563278580783e+06 2.928592253299390431e+05 3.791122222231606720e+05 2.335218517310012620e-01 1.018696485357386759e+06
1.358973530383588368e+00 2.261001706492256957e+01 6.323322905730396570e+00 7.577261636089112073e+00 1.525815788209224644e-01 2.268047751319477001e+01 3.951318976967621542e-28 2.155709884050889484e-28 2.842280010984736083e-28 3.487656552330786752e-01 3.870909494417955362e-28 1.454892515674039224e-03 4.919379102649094719e-04 1.797227677349821397e-04 1.173311621147008210e-01 1.337475772801072996e-03 1.232122704540471779e+06 3.815709291468113661e+05 7.845914213847799692e+05 2.694212448175460906e-01 1.282976897631127387e+06
2.361625327349063497e+00 1.592353197490425920e+01 7.323508075601649736e+00 6.238727309023438750e+00 2.116564349597868933e-01 1.530765622894129585e+01 3.309215184533575327e-28 1.749161603227992918e-28 1.952685250687363152e-28 3.657291919380265544e-01 2.990315791778871624e-28 1.394479034980051525e-03 4.859575227929538617e-04 4.265447370892686907e-04 1.305023881992426471e-01 1.359471835077299094e-03 1.407543966818217188e+06 3.771116624680384994e+05 5.456067050976023311e+05 2.112525975488897256e-01 1.451039435388959479e+06
4.104034451062715583e+00 1.241521970625260707e+01 3.156497209288838590e+00 5.496036347079530593e+00 2.174380647843436598e-01 1.147970595868357080e+01 4.795126782052118524e-28 6.449078196391756732e-29 1.190532247608779483e-28 4.448864457986293486e-01 2.238018167136676316e-28 1.266430951436211963e-03 2.239452868483013219e-04 3.415490506353805649e-04 1.123228537639540670e-01 1.312990024767596384e-03 1.754122844030386303e+06 3.128991900733716320e+05 4.742345295843244530e+05 2.570805468333247079e-01 1.450257085237242514e+06
7.131994470272771558e+00 7.730122818741018698e+00 1.815735535036636428e+00 3.161485505664513695e+00 1.470657154893838525e-01 7.666433378549659672e+00 1.841489309548309479e-28 8.739484502102032729e-29 4.389611102486784521e-29 3.328694975363682418e-01 1.171690791339710268e-28 1.093848040424395080e-03 7.137283248555802151e-05 1.967048622224076403e-04 7.735459301978515889e-02 1.126999676544319321e-03 1.485209898342731874e+06 5.648351325293150730e+05 1.560320764173354255e+05 2.008532498396107813e-01 1.170681323164030444e+06
1.239398590107599851e+01 4.225770799270867961e+00 4.219616681302893468e-01 2.672015260544480242e-01 4.641519331284479910e-02 4.121241833780444175e+00 7.117334849958585560e-29 2.029249768619646067e-29 9.089553535030097542e-30 1.836635580032996984e-01 5.586010120907643660e-29 1.008109382179770992e-03 2.368389605641747081e-05 5.850255627929258455e-05 4.013683257051079561e-02 9.991595441824719856e-04 1.191964300953541882e+06 2.654041547770334873e+05 9.978283740626368672e+04 1.405368198650842337e-01 1.003159440071823308e+06
