# R (Mpc), mean rho (Msol/kpc^3), errup (Msol/kpc^3), errlow, std, median rho (Msol/kpc^3), mean pth (Msol/kpc/s^2), errup(Msol/kpc/s^2), errlow, std, median pth (Msol/kpc/s^2), mean gas-mass-weighted metal (fraction), errup, errlow, std, median metal, mean gas-mass-weighted temp (K), errup, errlow, std, median temp  
#  nprofs 444, mean mh 544522344245.999634, median mh 473668987039.410522 
#  Mass range 11.50 - 12.0 
#  Nhalos 180
5.932145288224347380e-04 8.305088211260740459e+07 9.019188828031656146e+07 3.178986263097385690e+07 3.688893412467985078e-01 5.765422303226006031e+07 4.971106691293405554e-23 3.993361428304075158e-23 1.232879709923730089e-23 5.953476396014838468e-01 1.727062251964304678e-23 6.805142916311248368e-03 3.268807000910374516e-03 1.537215886203910364e-03 3.246488726252652612e-01 5.756041043832049037e-03 3.323763125686447893e+04 7.637047774935745110e+03 5.927058345450852357e+03 2.563727160789510684e-01 2.210654332279375376e+04
1.030888699813797393e-03 4.599839733845588565e+07 5.769295477259610593e+07 2.489807817054551840e+07 4.898058626840761098e-01 3.282568918289658427e+07 3.005636275315149146e-23 3.712359511884523382e-23 7.062104659298845907e-24 8.185250986403768136e-01 8.228225269087604921e-24 7.093508983537485935e-03 3.932833147427878227e-03 1.690042097150494353e-03 4.796010365475309456e-01 5.890787419243248384e-03 6.094862738316941977e+04 2.135738060277667682e+04 7.046258876912634150e+03 3.853150886720806967e-01 2.052014912305542384e+04
1.791479236884782524e-03 2.147326663950041309e+07 2.404285183272207156e+07 9.768332830673029646e+06 4.726374780921101526e-01 1.427932670528760180e+07 1.903391058732944049e-23 1.830599046685201509e-23 4.844712202417199128e-24 8.056452467510082371e-01 5.480795738623999528e-24 6.612089315320733747e-03 4.617661040337893083e-03 1.901738986860385550e-03 3.226327526958438496e-01 5.384259696011355067e-03 5.602218603799043194e+04 4.939907225502669462e+04 8.511341209202877508e+03 4.028270416725938108e-01 2.128192410852629473e+04
3.113234102545675390e-03 7.415025104858502746e+06 4.804547873167118058e+06 4.071481448306485079e+06 3.091381274541252222e-01 6.803571390598507598e+06 5.350673357166048681e-24 5.406511129305513139e-24 1.690581824780048761e-24 6.416924464466963185e-01 2.108570458143334960e-24 6.358753319548322673e-03 4.220448841759238609e-03 1.528011338885033009e-03 2.755354016251727600e-01 4.782283285953025168e-03 4.852833671378748841e+04 4.653085532189449441e+04 9.493930730459422193e+03 3.948993364688005991e-01 2.284570810522711690e+04
5.410180803494689730e-03 2.506693839509952813e+06 1.508054351796587929e+06 1.163714610165522434e+06 2.695298035534302583e-01 2.329616819802501239e+06 1.541473954607965844e-24 1.956473368913150783e-24 7.460905450577553983e-25 5.900143751565476435e-01 9.550053588706054407e-25 5.952318556119896506e-03 3.791780388957818881e-03 1.688248538630037973e-03 3.137509056767909810e-01 4.261519634490748207e-03 5.104350812879736623e+04 4.292736136464076844e+04 2.055311601492307091e+04 4.044858682737362265e-01 3.260464412965100928e+04
9.401816683997036433e-03 5.882477570136387367e+05 5.538576924548494862e+05 3.623471481564200949e+05 3.903257163036760735e-01 5.115636986655524233e+05 4.619680946945616929e-25 5.380196368840986600e-25 2.110028932529987491e-25 5.920108135654835735e-01 3.105521021652217330e-25 5.584671816230402097e-03 3.420007975279126637e-03 1.811233749077679860e-03 3.327380203069144060e-01 3.851650242071758337e-03 7.920583341174435918e+04 1.076124732687496871e+05 2.546234130128243123e+04 4.435198673249195478e-01 4.414339063079361222e+04
1.633848482519974915e-02 1.103207149776112346e+05 1.092400930814595777e+05 6.430695397562638391e+04 4.594529184094274799e-01 8.469191602377925301e+04 1.817673422147077922e-25 2.079427205360016377e-25 8.946076932519374860e-26 6.412858863942990650e-01 1.295333967573048771e-25 5.401563071476768799e-03 4.646564290484565818e-03 1.441409523810662213e-03 3.305156928226706814e-01 3.472629063237281811e-03 1.676190034996683535e+05 1.929985291693868930e+05 8.427229425659550179e+04 4.737683888720413128e-01 1.162198739596241503e+05
2.839303246974122716e-02 2.379644355088797602e+04 1.781163381579514316e+04 1.246519989762678233e+04 4.421040505918371610e-01 1.846202646799191643e+04 6.577195444139543013e-26 6.201041767728700872e-26 2.553748196113255449e-26 5.272249035002887219e-01 4.694303725595715378e-26 5.114069409254294249e-03 3.335614326763039570e-03 1.059388471433952289e-03 3.254257045954006000e-01 3.139598352384947565e-03 2.595815743879028305e+05 2.193014281121609092e+05 1.088090539330455940e+05 3.423766773585635859e-01 1.937227302417208848e+05
4.934143535662420532e-02 7.118754081459511326e+03 4.616922646436592004e+03 4.221044405770326193e+03 4.199015857354705950e-01 6.230936357487608802e+03 2.676416842247218437e-26 2.433650084051787844e-26 1.046906212398627350e-26 4.155613401106086902e-01 2.029783019078039607e-26 4.259129811620182907e-03 2.396284734743966451e-03 1.028786180656868004e-03 2.929258223187763410e-01 2.945504445674225653e-03 3.416151595420939848e+05 2.570511418470270582e+05 8.616439228186610853e+04 2.715929182528941110e-01 2.394663715027722646e+05
8.574558725442532614e-02 2.257370043163778064e+03 1.713916512576619880e+03 1.383834379045527385e+03 4.200838674374703929e-01 2.057022527172066475e+03 1.063841399423055546e-26 9.837505562285366994e-27 3.643890263426299854e-27 3.518630331972665837e-01 7.497453124735141861e-27 3.226962289700653543e-03 2.096768381006606629e-03 9.853112470424815229e-04 2.916749995370123139e-01 2.355336465570824055e-03 6.341196833183830604e+05 3.383068721812084550e+05 1.303527109987326257e+05 3.330942283560622830e-01 3.042590293483401183e+05
1.490087525923421141e-01 6.873373916345418593e+02 5.816087643751183123e+02 3.292284779946389222e+02 3.603713786085848136e-01 6.003824024670947210e+02 4.805001646759983887e-27 3.509075830101400325e-27 1.922513103926273112e-27 3.901057174307580033e-01 3.240847335023857861e-27 2.381438901919994897e-03 1.684412529060603202e-03 9.128994293570421095e-04 3.164977680165506624e-01 1.823306964643548866e-03 8.762641921588107944e+05 6.866738451127819717e+05 1.715370132199850632e+05 3.941424651158659254e-01 3.646561455161144841e+05
2.589475337458828630e-01 2.056317364096704523e+02 1.237540510880902787e+02 7.870832266129258414e+01 2.894942203250797652e-01 1.868024566213312312e+02 2.871088505303793301e-27 3.063349794855294401e-27 1.262400380028512675e-27 4.936518615467660465e-01 1.722134954268967176e-27 1.535232374487924050e-03 1.254353649816395723e-03 7.370693971960929920e-04 3.495574927357604778e-01 1.203308572176052353e-03 1.385959987045700662e+06 1.420382765932483599e+06 4.125126513005364686e+05 4.784440997020633080e-01 6.270156373457066948e+05
4.499992387462019017e-01 8.385594349408825110e+01 4.604209464294352472e+01 2.995685170082714421e+01 2.389899613226223185e-01 7.681145829195440911e+01 2.032521900314178768e-27 2.721188485603090402e-27 9.576699511079284500e-28 5.560257036307544309e-01 1.240053320551948087e-27 9.720973451705569590e-04 8.452641549604344344e-04 4.434358159910573288e-04 3.427484550947088038e-01 7.526370329151947777e-04 1.888492388252049452e+06 2.190952475387234241e+06 8.210872735071894713e+05 5.011814533235877667e-01 1.182526005768360337e+06
7.820090500297373071e-01 4.666672114173839248e+01 3.367795488650556024e+01 1.456230908188215878e+01 2.425471000949984690e-01 3.885556407613877639e+01 1.687925122197211872e-27 2.135516778070730611e-27 8.977728286054382891e-28 5.586720467699053394e-01 1.146557722064460581e-27 8.576142334083577783e-04 9.126126112202043693e-04 3.995529002249607236e-04 3.856302311097553059e-01 6.445611337106823754e-04 2.571448410798711702e+06 2.258171674153327011e+06 1.545753298271218082e+06 4.491991156937717999e-01 2.119311778574314900e+06
1.358975975231191180e+00 3.041930952968257529e+01 1.893026105347153276e+01 1.170622314338288916e+01 2.299368236859706538e-01 2.743670965596674449e+01 1.491542089838632004e-27 2.031915354401473606e-27 7.980577866930493266e-28 5.046833960678380748e-01 1.080450525816494823e-27 8.545033006970752590e-04 5.769374355861891027e-04 4.985071120075125614e-04 3.516127054690339482e-01 7.643474413839303466e-04 3.260496782227311749e+06 2.290199882191554643e+06 1.929827561063006986e+06 3.628287398351128235e-01 3.084847989876833744e+06
2.361629576007254094e+00 2.369077173073319642e+01 1.372561386755270263e+01 6.395225206952627417e+00 2.109159505288760172e-01 1.989108243846615665e+01 1.402150004225237405e-27 1.363130166850721380e-27 7.250746330777131110e-28 4.174891006440295538e-01 1.043295390250496656e-27 9.083615684306327494e-04 5.548046467989668122e-04 3.727329806009557637e-04 2.400708735611708222e-01 8.569272576504947470e-04 3.834311860169614665e+06 1.977493460434212349e+06 1.854597425044261152e+06 2.558384758419288141e-01 3.749489675955027342e+06
4.104041834384438481e+00 1.969264684395097831e+01 6.951454792531592375e+00 5.171868381702243056e+00 1.776923467846431015e-01 1.742208813957382318e+01 1.281969127184473628e-27 8.137331712610032731e-28 5.273672336521155001e-28 3.355732676817680948e-01 9.540482784601800868e-28 9.403307992804187240e-04 4.122334483142320056e-04 2.377001124110744582e-04 1.470093708912226793e-01 8.715871000951286394e-04 4.235277560538822785e+06 1.706689198595616035e+06 1.504255430672837421e+06 1.757781338731728704e-01 4.103444234268481843e+06
7.132007301015381273e+00 1.641804813271102503e+01 4.105038786451501664e+00 2.857923579822326587e+00 8.816163690041065037e-02 1.605975333413618955e+01 9.041929272630109313e-28 3.798878997441256128e-28 2.814730463923425295e-28 1.637129160656852767e-01 8.685735540362879838e-28 8.853960495795099766e-04 1.451372159769058912e-04 1.362825670665182478e-04 7.502004353686840543e-02 8.861555531126624578e-04 4.000266280074540991e+06 6.767675659582894295e+05 8.548760881350981072e+05 8.716359977673408810e-02 4.043268731678296812e+06
1.239400819835114298e+01 4.229031685078583180e+00 6.918621588916549214e-01 4.486935456838718750e-01 5.117513895986506439e-02 4.145251297919116951e+00 2.243530290426142867e-28 8.026577289710384518e-29 3.518061271126662073e-29 1.033101225725190087e-01 2.086775345205845381e-28 8.773896220278729063e-04 1.353498691424224153e-04 8.126035275622905778e-05 5.203339338833870564e-02 8.619267112743777756e-04 3.910526620886385906e+06 6.663723212532801554e+05 3.723134307314259931e+05 5.845319413524059649e-02 3.802970296958197840e+06
