# R (Mpc), mean rho (Msol/kpc^3), errup (Msol/kpc^3), errlow, std, median rho (Msol/kpc^3), mean pth (Msol/kpc/s^2), errup(Msol/kpc/s^2), errlow, std, median pth (Msol/kpc/s^2), mean gas-mass-weighted metal (fraction), errup, errlow, std, median metal, mean gas-mass-weighted temp (K), errup, errlow, std, median temp  
#  nprofs 457, mean mh 551264229941.630737, median mh 497212422052.166565 
#  Mass range 11.50 - 12.0 
#  Nhalos 176
5.932173081830181089e-04 1.625390237281973958e+08 2.063136775321395099e+08 5.987028441891434044e+07 5.017362788504008408e-01 8.412307734875693917e+07 7.126313350853991454e-23 1.009927696199348453e-22 2.072001453133042061e-23 6.952546856927781516e-01 2.468308096776669391e-23 4.149837796215610775e-03 1.580377900357055401e-03 1.630813837558293608e-03 3.340995937721056297e-01 3.721682670036071360e-03 2.437826900418365040e+04 8.999371991023581359e+03 6.022049952871078858e+03 1.985067146532830118e-01 2.216632407605446497e+04
1.030893529788922541e-03 8.896003286528889835e+07 1.055716154506322891e+08 3.922208786662943661e+07 5.277088331747424865e-01 5.352752076130770147e+07 2.891663665626139754e-23 3.893046762123067807e-23 1.221110814354002061e-23 6.642559727323317231e-01 1.465277773369346265e-23 4.145426801966702914e-03 2.013691819787984203e-03 1.373535394634374171e-03 2.878683159701357352e-01 3.413142707219105846e-03 2.224691604862868189e+04 5.578026460584245797e+03 5.006878794408574322e+03 1.438063890299539072e-01 2.066837616214417721e+04
1.791487630419557730e-03 3.782735887151180953e+07 3.793414879907280207e+07 1.817873108215345442e+07 3.918817870524127778e-01 2.816452044276738539e+07 9.305154690096193928e-24 1.120836871819786611e-23 4.734773946130764405e-24 4.816009258468619825e-01 6.461865187216862138e-24 4.023898724043875781e-03 2.053933425231869222e-03 1.587439067969372702e-03 3.087959406139680341e-01 3.257145603244635586e-03 2.388401779657094812e+04 9.415057869981108524e+03 3.782490747616076987e+03 2.343949143131809076e-01 1.688304850413648455e+04
3.113248688837364202e-03 1.170384536495320685e+07 7.220143721491888165e+06 5.024446734472159296e+06 2.635509377779273188e-01 1.035417053566503152e+07 2.792177102342437309e-24 2.781924260272823530e-24 1.319191652266862851e-24 4.022623969545135458e-01 2.037862097402369981e-24 3.754541048062443043e-03 2.086410013468446324e-03 1.390861998076883691e-03 3.308861257879867068e-01 2.874653425443456090e-03 2.189706310678522277e+04 1.301071694278001087e+04 4.114595611896949777e+03 2.478023841653517467e-01 1.548504941578336366e+04
5.410206151564474382e-03 3.134741715210352559e+06 1.612854113148109987e+06 1.055343020676210290e+06 2.354992830466802467e-01 2.848945176496259868e+06 8.323869073342346825e-25 9.355885447906681216e-25 3.470912498198166132e-25 3.904950370181620167e-01 5.790442135140788099e-25 3.538279614767738963e-03 1.594678410009040155e-03 1.498780513569774068e-03 3.574889064120240212e-01 2.693785558678784414e-03 2.439054159591381904e+04 1.469664750782771807e+04 6.020018020171792159e+03 2.490497173516734442e-01 1.760971905202934795e+04
9.401860733893718097e-03 7.117255178003502078e+05 5.580872299674155656e+05 3.231456541053195833e+05 3.251295710455305854e-01 6.043578474214263260e+05 3.565644699906726301e-25 3.659591806969463323e-25 1.557159618330888117e-25 4.248653906148111004e-01 2.588959077570817151e-25 3.339498120477308891e-03 1.567013477966080690e-03 1.378873101100390941e-03 3.638335694559201028e-01 2.400371263508333311e-03 5.279226355128501746e+04 5.417152777293251711e+04 2.044999988780554850e+04 3.637478909317432008e-01 3.543433911998118856e+04
1.633856137514670334e-02 1.361911486273890187e+05 1.151294249576024886e+05 7.269041767619800521e+04 3.266498472851315782e-01 1.197270223117955320e+05 1.568148927604934579e-25 1.526959950915597949e-25 7.178294973101941998e-26 3.539812990119666214e-01 1.248973561264364108e-25 3.139306126464191677e-03 1.894152853499711520e-03 1.141967262831953493e-03 3.524152372913831321e-01 2.172025560611439386e-03 1.203245532110950589e+05 1.078303031243795995e+05 5.821010518787478213e+04 3.852041438011695185e-01 8.603108078126711189e+04
2.839316549830248754e-02 3.115718124051392078e+04 2.144799992913189271e+04 1.455381191060489255e+04 3.025730297157567250e-01 2.815111371733985652e+04 6.810193705465723156e-26 5.181141100530871051e-26 2.781995890531718033e-26 2.933104362694879397e-01 5.698684457056696019e-26 2.898098639450325149e-03 1.759211242487386615e-03 9.449057704901768755e-04 3.135624754625414012e-01 2.052822773546098857e-03 2.103777783284685283e+05 1.269937887891948922e+05 6.192820991990831681e+04 3.037701707501112569e-01 1.496067923835962429e+05
4.934166653376820949e-02 1.001515647977409935e+04 7.281152907537360079e+03 3.879616211890264822e+03 2.860243644721959244e-01 8.699871464644302250e+03 3.358389358557627698e-26 2.863576618645677168e-26 9.404190696192706429e-27 2.909828166976794472e-01 2.486006333761791753e-26 2.451784454072623940e-03 1.624810922831758896e-03 7.038220505325909135e-04 2.962275403622601777e-01 1.751422521125902288e-03 2.951953766403636546e+05 1.415132810399683658e+05 6.068229794875791413e+04 2.525873704126394559e-01 2.066594341037372360e+05
8.574598899425776855e-02 3.110234853842588564e+03 1.742157078835210086e+03 1.334556833571181414e+03 2.785779317223461837e-01 2.801541115321641882e+03 1.307808001744500718e-26 1.096334601458090284e-26 5.148558841002503774e-27 3.397587529587453581e-01 1.027181502807359600e-26 1.866714271869227004e-03 1.166263977850414855e-03 5.970263803815458814e-04 3.230002762760270651e-01 1.262245949867120886e-03 3.580286138921045349e+05 2.125454460865047004e+05 7.067068866376188817e+04 2.716974048901573680e-01 2.415921459939644265e+05
1.490094507361558740e-01 8.210468268435463415e+02 4.455445937740646514e+02 3.508767104683328739e+02 2.483274706541704069e-01 7.664879237286197622e+02 4.523985686302025812e-27 3.740772921909449966e-27 1.890330003124595458e-27 3.656557119703736647e-01 3.267934721350644895e-27 1.251927172186978335e-03 1.066097507097101948e-03 3.754340123899784854e-04 3.356868575169151270e-01 7.580465996518419205e-04 4.430379808941425872e+05 4.082007494623158127e+05 1.480076412315242924e+05 3.115431808983326611e-01 3.047035215197199723e+05
2.589487469807810194e-01 2.448839087894695012e+02 1.276313455641384849e+02 8.274781537719439939e+01 2.164300953865400112e-01 2.164942017365326592e+02 2.330566690246807392e-27 2.840826803504495140e-27 9.072641856505233287e-28 5.134376157634081839e-01 1.265118730210306702e-27 6.995336756318540784e-04 7.931927977604121644e-04 2.011319440612474531e-04 3.492982642216086453e-01 4.223599704757874862e-04 6.936322568964733509e+05 6.095108618825201411e+05 3.182004245651330566e+05 4.392186512007689170e-01 4.640097472640701453e+05
4.500013471068133319e-01 9.371962533609676882e+01 4.167686576111192664e+01 2.722244009772852991e+01 2.022862902779438976e-01 8.193346604485145690e+01 1.515145184402571411e-27 2.104442184769846106e-27 5.997121113442388059e-28 6.082365043257063064e-01 8.372546234780307955e-28 4.772876353340716610e-04 5.274594015113816302e-04 1.572254681062715861e-04 3.510684245315652818e-01 3.077940440550318811e-04 1.187255557954237098e+06 1.224155243451696122e+06 5.155187017098804936e+05 5.369215048351928532e-01 7.141697137823174708e+05
7.820127139405553818e-01 5.302857487967949623e+01 3.939873741342161395e+01 1.724830917852177947e+01 2.375587172224934429e-01 4.423780039675105513e+01 1.182546868504987313e-27 1.584282282298433315e-27 5.174316441482037149e-28 6.703680671007805625e-01 7.103426910854697856e-28 5.805194376734643547e-04 6.071330188735953298e-04 2.515240944930400603e-04 4.234581819561728522e-01 3.993361212201672317e-04 1.624013192071976606e+06 1.572266383099530824e+06 7.901778895598163363e+05 5.668412390186206018e-01 1.150093554241484962e+06
1.358982342378446839e+00 3.566917758352099810e+01 2.774229287561345458e+01 1.208399645849014092e+01 2.475589369415418239e-01 2.927231940950213485e+01 1.038406169645520993e-27 1.158414901183122618e-27 5.106072513744878121e-28 6.657209602149752881e-01 6.913419355752630115e-28 7.090135656160234017e-04 5.778207763053754996e-04 4.192347252602367865e-04 4.501941076014796539e-01 6.154300060280641508e-04 1.976236969698825618e+06 1.554628837272985838e+06 1.240179766323106829e+06 5.226629393972278548e-01 1.787122542327946518e+06
2.361640640841031757e+00 2.739801946672720590e+01 1.540062342755811287e+01 7.933081903529808798e+00 2.196007928464170367e-01 2.254165754127643240e+01 1.064570691520702525e-27 9.086473476929297136e-28 3.983503429237637214e-28 5.109318921032464100e-01 6.080409745796927601e-28 8.270846553687323304e-04 4.737902313075875336e-04 3.491339198605742191e-04 2.981177099691962318e-01 7.693016578171231598e-04 2.195634065522948280e+06 1.307546636663436424e+06 1.095751162276761606e+06 3.408199639485900989e-01 2.053227202021137811e+06
4.104061062861748432e+00 2.278081262811557295e+01 7.947207820012472723e+00 5.676156943665869647e+00 1.905791223092831721e-01 1.953151926273726957e+01 1.030724911576437335e-27 4.549322566860315022e-28 3.048250375117929178e-28 4.060182717288909893e-01 5.703263578395601934e-28 8.681771688744806216e-04 3.559985960845527594e-04 2.737631859265963856e-04 1.623038250946453598e-01 8.208382508390426290e-04 2.512761198743094690e+06 9.790409755349722691e+05 7.449138655684706755e+05 2.257398688125414055e-01 2.139557556255135685e+06
7.132040716279185233e+00 1.850791864880613957e+01 3.929262077927329955e+00 2.768164975427948704e+00 8.489064780145397227e-02 1.808974759215353600e+01 6.240906320900517859e-28 3.278225862530564639e-28 1.648689552152457052e-28 2.189742307323413739e-01 5.117208485420031064e-28 8.152095851058589531e-04 1.922434993961670341e-04 1.232517653260489570e-04 8.952566545086029781e-02 7.904957070314827311e-04 2.357129654415892903e+06 8.861806376010072418e+05 4.945833738629212603e+05 1.385201238207689478e-01 2.162658491145900451e+06
1.239406626742427164e+01 6.908098452602123629e+00 1.152063434318070456e+00 6.310649164845347769e-01 5.153698045006213646e-02 6.733110201105631631e+00 2.287327347916277519e-28 1.593901246682122156e-28 3.871514509593328022e-29 1.581172184193855856e-01 1.903644211369468530e-28 8.366556427536111368e-04 1.672876980541250416e-04 7.321589053344967207e-05 5.504380289766717949e-02 8.106759410531451989e-04 2.382098799213204999e+06 1.149477698158899788e+06 2.668275004655832890e+05 1.064221272355972137e-01 2.106794221752638929e+06
