# R (Mpc), mean rho (Msol/kpc^3), errup (Msol/kpc^3), errlow, std, median rho (Msol/kpc^3), mean pth (Msol/kpc/s^2), errup(Msol/kpc/s^2), errlow, std, median pth (Msol/kpc/s^2), mean gas-mass-weighted metal (fraction), errup, errlow, std, median metal, mean gas-mass-weighted temp (K), errup, errlow, std, median temp  
#  nprofs 454, mean mh 1996193432342.524658, median mh 1957068274902.562012 
#  Mass range 12.21 - 12.4 
#  Nhalos 20
1.633847555135692006e-02 9.465116681420408713e+04 8.300622219717445842e+04 4.028227406423042703e+04 5.023860708985942169e-01 7.037380639634178078e+04 4.899263203942246593e-25 4.835096315232788404e-25 4.214727490868068420e-25 1.098338931535976171e+00 4.366579644020725135e-25 1.606311264927791360e-02 1.354497960012903193e-02 6.947741628949499586e-03 2.628100678093310827e-01 1.366920575771449209e-02 3.668152994995408226e+05 1.573679920080167940e+05 3.510869606241644942e+05 7.182495742558068219e-01 3.668872017120359815e+05
2.839301635364948131e-02 2.180255353933437436e+04 1.375920599354421574e+04 4.169543491993873431e+03 4.416214999642153471e-01 1.175439000717224553e+04 2.654619200421539615e-25 2.224314164612836012e-25 1.299737399728900233e-25 7.434086929179600789e-01 1.802098922126328150e-25 1.311049621202588743e-02 8.106111487604667626e-03 5.382073221255176745e-03 2.248093861741353172e-01 1.197848587510257773e-02 9.286892412321094889e+05 5.626765711632804014e+05 5.235103864422338665e+05 4.642769454042697252e-01 8.305910991356780287e+05
4.934140735006660450e-02 6.404506518430727738e+03 5.227317839096806892e+03 1.832375816863184809e+03 4.689523163278698781e-01 3.928828571603274213e+03 1.090803657060653563e-25 1.165333873615715654e-25 7.713605791339443861e-26 5.629818587070979374e-01 8.977158369775646491e-26 1.149193094419073344e-02 1.030641793431439496e-02 4.814027977437573824e-03 3.025648031977556385e-01 9.666256118025063487e-03 1.260246666115358239e+06 5.794189845131518086e+05 3.980892846814732766e+05 2.485068198421202801e-01 1.001111896439283504e+06
8.574553858460631783e-02 2.407179093536465643e+03 1.819051819350045662e+03 1.555206185897453452e+03 4.306934592320295074e-01 2.082004637791661935e+03 5.792157814697496524e-26 6.932123286873154532e-26 4.209409613547996821e-26 5.257897629497323422e-01 5.021117925848238546e-26 7.517903993635400781e-03 8.110848120412668047e-03 1.386127442258641186e-03 2.797492445080577150e-01 5.517817574005583897e-03 1.661505854435772635e+06 1.472603463356262771e+06 2.380571990790157579e+05 2.087299903882118557e-01 1.319600315392817603e+06
1.490086680138903164e-01 1.009922403763034026e+03 5.517648165071602762e+02 8.051016060640888554e+02 4.079688920213089820e-01 1.004341233017207742e+03 2.315454274632054813e-26 1.457888021825081815e-26 1.695292649298119409e-26 4.694728316623075215e-01 2.290382991628571433e-26 4.998674339728897617e-03 3.429200368647221560e-03 7.288381162984585923e-04 2.179457542214439658e-01 4.133205506480403663e-03 1.757507621879793238e+06 6.396362676753641572e+05 7.428868258895515464e+05 2.198232070214209688e-01 1.631713201918360544e+06
2.589473867653792616e-01 4.770541858312766408e+02 2.695993888009611510e+02 2.600804306396975676e+02 3.759570425527455906e-01 4.374871328680134184e+02 8.374702222973891009e-27 5.106042109215817780e-27 4.572420508748840235e-27 3.919069484902825140e-01 7.540090261578730120e-27 3.281830418532001060e-03 9.518024838789302701e-04 1.370192810934760209e-03 1.946283208980034984e-01 3.111793084379669335e-03 1.285738414008046966e+06 6.121587493046007585e+05 2.739673982361470116e+05 1.521854566588017599e-01 1.147602438282486517e+06
4.499989833233608572e-01 1.638263955493026174e+02 1.206247496614379884e+02 5.370776329077227729e+01 3.017191613017667917e-01 1.524018176515604068e+02 3.427645264537211547e-27 2.362285140038731581e-27 1.544188527694165076e-27 3.171009747863939299e-01 3.051928667137081023e-27 2.068738299096523243e-03 3.825913845169571711e-04 4.803514395483763841e-04 1.536131681628299661e-01 1.992187058914747077e-03 1.562442400350426557e+06 8.187824035791326314e+05 3.753021479175323620e+05 1.920959412941431743e-01 1.496412959717153572e+06
7.820086061557125490e-01 7.945412387210295435e+01 3.873602013169822555e+01 1.606738452300520237e+01 1.998373992189032000e-01 6.990392874275387669e+01 2.032311580666519413e-27 1.092290236629502497e-27 5.791987518391900752e-28 3.356030170908487764e-01 1.707451035076467715e-27 1.766681490097054500e-03 7.558202466925764522e-04 4.202853529043655122e-04 1.640020150635765339e-01 1.566056341958201037e-03 1.792388094066557242e+06 7.017747443396786693e+05 6.942134446907544043e+05 2.385059416502064711e-01 1.874500279176578159e+06
1.358975203866542802e+00 4.040231222211975393e+01 1.969271637744598991e+01 1.179882754970066472e+01 1.662870450343148510e-01 3.869061571801799460e+01 1.244046638383117051e-27 1.156767990472597845e-27 3.849218052265741861e-28 3.075069265965305609e-01 1.043213332110374927e-27 1.359483697866337940e-03 3.380320319713084592e-04 3.325113802500189331e-04 1.502632835871187678e-01 1.267519195238671955e-03 2.143549623670246452e+06 9.966802495579230599e+05 6.473050859944270924e+05 1.795355269343070215e-01 2.080821959495170973e+06
2.361628235529128705e+00 2.530261247139335623e+01 6.262400342762660443e+00 8.954551473327878597e+00 1.528671542789344362e-01 2.543948403765376298e+01 9.198346301712166874e-28 5.607859738664077437e-28 5.280385860300680750e-28 2.646533040726016806e-01 9.145002103975292021e-28 1.192116064905384245e-03 4.918894946801047330e-04 2.844495521266152474e-04 1.519474891375007519e-01 1.160906912625265033e-03 2.543291750425599515e+06 8.649208679629713297e+05 7.841933729868019000e+05 1.307084340308100334e-01 2.463473506895717233e+06
4.104039504900442559e+00 2.084320282300516070e+01 3.072599916005525955e+00 9.138448578615852469e+00 1.760072072108954111e-01 2.105681841349909078e+01 9.733695603854738768e-28 2.833173222430113195e-28 2.386838625834202412e-28 3.502818815277196074e-01 5.881664489571683985e-28 1.259809918834959479e-03 3.515680669322750630e-04 2.297285957576435285e-04 1.036381876506325544e-01 1.177890970325407060e-03 2.690218945324329194e+06 6.880547083277315833e+05 4.231138318217769265e+05 1.862278937283070035e-01 2.212205290985499974e+06
7.132003252836161877e+00 1.501833523195316467e+01 6.016842398700251948e+00 2.069661885746445051e+00 1.101048779129409350e-01 1.365760393034658549e+01 5.069012650840560695e-28 4.142808685208786082e-28 7.985453865074994943e-29 2.680206059075356251e-01 3.337561222034020425e-28 1.063689132005983659e-03 1.542561705025595215e-04 2.103058007890322391e-04 8.880010274371159806e-02 1.048767579275173330e-03 2.246369737344252877e+06 8.777530140439816751e+05 4.347591046409765258e+05 1.593513406229753737e-01 1.898799607236009557e+06
1.239400116342193847e+01 3.858069333049292116e+00 5.410835517271195272e-01 2.139055788266390756e-01 5.795718949346413684e-02 3.719431883581766130e+00 1.189220642217436899e-28 1.237042312380058329e-28 1.562130974383262273e-29 2.071073318789948547e-01 8.816112097497371572e-29 1.040179488601763015e-03 2.099392401199199568e-04 1.351408649473251995e-04 7.082322819321419660e-02 1.009826562829836249e-03 2.158307406624754891e+06 1.866733651981617790e+06 2.116061004173806868e+05 1.489500079726542303e-01 1.746327774284819607e+06
