# R (Mpc), mean rho (Msol/kpc^3), errup (Msol/kpc^3), errlow, std, median rho (Msol/kpc^3), mean pth (Msol/kpc/s^2), errup(Msol/kpc/s^2), errlow, std, median pth (Msol/kpc/s^2), mean gas-mass-weighted metal (fraction), errup, errlow, std, median metal, mean gas-mass-weighted temp (K), errup, errlow, std, median temp  
#  nprofs 462, mean mh 4132714218401.356445, median mh 3242541560293.966797 
#  Mass range 12.30 - 13.1 
#  Nhalos 39
5.932158702927985659e-04 8.345512910605503619e+07 1.677374243608172610e+07 1.309829494752128609e+07 4.875536510418320146e-01 2.650815183597272262e+07 5.086452892818589631e-23 3.644275533276874800e-23 1.023317936375557996e-24 9.078079035690239662e-01 2.264869891487623993e-24 1.306672508506814823e-02 1.156959160330025410e-02 9.088847248793337219e-03 3.915806512023451980e-01 1.173508702794458583e-02 4.051793505269391608e+04 7.480746257465689268e+04 4.613219379674193988e+03 5.878006115216691807e-01 1.381100622510727044e+04
1.030891031022107118e-03 2.154771876841257885e+07 4.717725300269445404e+06 3.150421036724675447e+06 4.559895817096599191e-01 6.596585058948600665e+06 3.078609626515419788e-23 5.060475229667110395e-24 4.334040878448250578e-25 8.543476387951364215e-01 7.604322229830746416e-25 1.541173112317893203e-02 9.622436293454206951e-03 8.019134177271004110e-03 3.417925795959840807e-01 1.415068107090467972e-02 4.292917509197225445e+04 8.289975759597627621e+04 4.802310892605077242e+03 5.405374493345914688e-01 1.470143309164004677e+04
1.791483288060515293e-03 7.972347948597439565e+06 2.414456759032657370e+06 1.755890901512332726e+06 3.867049685134371084e-01 3.788450230573400855e+06 2.533237743025390641e-23 3.879369961117043276e-24 6.212992183187642833e-25 9.125707280690898981e-01 8.180758894423343330e-25 1.731543872797396827e-02 1.156409050832959973e-02 6.305603476998366055e-03 2.388389127426615577e-01 1.595664713292517523e-02 8.359022494090891269e+04 7.467954730643308721e+04 1.874638301025066175e+04 5.597041305917876963e-01 2.904653897686255732e+04
3.113241142682221171e-03 3.174489737285937648e+06 1.527033151902576443e+06 1.617687580285649747e+06 4.174415017870550804e-01 2.541539136227484327e+06 8.046787345813370846e-24 7.041631561990689958e-24 9.186624240705258181e-25 1.078440007248584687e+00 9.815392707475899065e-25 1.823884658276580736e-02 4.779871701142308915e-03 9.890831105748558449e-03 1.836130009264223817e-01 1.987049382745306736e-02 1.259252535939622030e+05 1.317515982817658805e+05 4.116297089710559521e+04 6.680300481285079695e-01 5.179448499139965134e+04
5.410193037849813334e-03 1.575126487834001193e+06 1.058042826717772987e+06 9.000918679682451766e+05 5.461365410650090846e-01 1.356045922782773618e+06 4.141965895125137172e-24 5.580278405276604841e-24 9.048692641890039644e-25 1.207958585731820911e+00 9.783877374803390866e-25 1.986159994193761880e-02 4.301685515295573109e-03 7.956675471939088362e-03 1.433390584887013486e-01 2.163822671811416534e-02 2.206941542372632248e+05 2.266658556257199380e+05 3.615206229653530318e+04 7.664112986087382451e-01 4.791053685139765003e+04
9.401837944869510452e-03 7.435658627426967723e+05 6.552396893267002888e+05 5.691178512345447671e+05 6.114551319802611351e-01 6.630001708473628387e+05 2.167861122169457891e-24 1.315088836470624980e-24 1.001052895383707077e-24 8.994813963470472684e-01 1.043234195181865531e-24 2.000849594081339014e-02 3.737243838649179084e-03 6.041868770388970217e-03 1.361880400820313364e-01 2.073968428814800674e-02 6.504644601193349808e+05 7.006875064985018689e+05 1.057608078812368476e+05 8.187838181665431092e-01 1.178496916007971304e+05
1.633852177236155140e-02 8.360518864930550626e+04 1.137938181845593062e+05 4.520606733397510106e+04 6.694254443657736697e-01 5.187597194976416358e+04 6.677025248020756981e-25 3.503032695195791867e-25 2.271431463559987426e-25 4.065266211162879562e-01 4.026606971174741833e-25 1.892790549374367276e-02 3.931241010239026890e-03 8.550158125203105239e-03 1.555589817596397251e-01 2.105167227691990411e-02 2.365090405719820410e+06 4.297457365190118551e+06 3.029840094711158890e+05 6.451456862455465791e-01 4.801257250190039049e+05
2.839309667654963537e-02 2.063374545914538976e+04 3.059659040890478354e+04 6.826909596588786371e+03 5.211435260573802353e-01 9.893031379424093757e+03 2.919289949229822600e-25 2.370079298209639301e-25 1.087389462510020558e-25 4.579498879491116781e-01 1.779928604661914956e-25 1.703320066251284848e-02 4.728363610415869944e-03 6.550263533541917857e-03 1.590568626733464552e-01 1.717148285078985356e-02 2.607616719081652351e+06 5.180835881930625997e+06 6.371266159501359798e+05 5.548439419867172706e-01 9.666228576174394693e+05
4.934154693526905666e-02 5.068116870460850805e+03 4.350923927564024780e+03 1.090876294545940709e+03 3.813895502613708910e-01 2.757039714243483559e+03 1.480296594660424530e-25 5.547660223996591771e-26 8.491958988206859671e-26 4.561710391125249897e-01 1.167478890195453389e-25 1.352109432969067319e-02 7.349332478067075597e-03 4.510732758135236817e-03 2.076904580563649905e-01 1.287018954666955400e-02 2.848815857751159929e+06 4.194199600723343901e+06 5.349899743786455365e+05 3.934799381640864402e-01 1.435335109769303584e+06
8.574578115588683824e-02 2.069838104770688915e+03 1.723838465303807197e+03 6.152955656144746399e+02 3.558758499952086041e-01 1.343663688768957627e+03 6.892442549111663532e-26 4.560985819190830870e-26 3.321122859088289851e-26 4.593169943656731924e-01 4.657831215974137716e-26 9.637307083005759722e-03 5.832634119458345728e-03 4.003324243413712742e-03 2.417512185886069587e-01 8.757986839395126913e-03 2.369260605419958476e+06 1.837850137015849585e+06 8.378057953931303928e+05 2.849218729074905476e-01 1.832056255393446190e+06
1.490090895544625982e-01 8.731640612217685202e+02 4.924606753920597839e+02 2.430116148290740625e+02 3.052847885881495027e-01 7.218857197099559926e+02 2.748767866650392360e-26 2.125104171572100169e-26 1.188973410484699050e-26 3.667039432283230038e-01 2.021750919853910838e-26 5.880072960470244213e-03 2.743267666295694587e-03 2.657627187880170268e-03 2.471041254174227153e-01 5.526863350024970728e-03 2.203457570431577973e+06 1.081614605630654143e+06 8.138636018555152696e+05 2.539701769360375172e-01 1.971080460756480461e+06
2.589481193189351327e-01 3.931969159647534866e+02 2.006029531129524344e+02 1.179682183914580946e+02 2.665964945207730530e-01 3.291548755381872411e+02 9.806235134939885999e-27 6.489807203929552117e-27 3.206094434763837083e-27 3.133577101599780979e-01 6.679133157224082884e-27 3.914558902020639879e-03 2.689636052814020541e-03 1.226787741317952787e-03 2.306510686364113272e-01 3.219276254761474585e-03 1.788659002532136859e+06 7.986660611804896034e+05 5.940857781447417801e+05 2.282772730926980187e-01 1.595714918590529356e+06
4.500002563555373647e-01 1.608091635921465468e+02 8.818907495818422149e+01 3.116412799374822384e+01 1.942919298254261184e-01 1.451398711874156504e+02 3.170033819668234510e-27 2.432420171561942868e-27 1.132783524475858228e-27 3.062198364352056168e-01 2.422360406228889263e-27 2.789488975617164003e-03 1.796976748850304725e-03 7.783765135607287767e-04 1.845894600781172179e-01 2.368650840932503675e-03 1.350716222478489392e+06 6.287059485680514481e+05 4.455732787880763644e+05 2.212347064859744861e-01 1.297996054561397992e+06
7.820108184320838651e-01 6.256898790537869104e+01 3.377889100320030735e+01 1.875978141692043977e+01 1.679930992386591548e-01 5.907717973335963535e+01 1.121315312148705182e-27 9.074357089319959152e-28 4.508122763472171830e-28 3.247633202846518796e-01 9.315666505287243261e-28 2.186538435447883937e-03 8.836830073710262232e-04 7.557313404102578621e-04 1.582342449499774817e-01 2.147991174779322662e-03 1.229905901162430877e+06 3.843042179914398585e+05 5.281133090454167686e+05 2.230624029119975260e-01 1.237733448066806188e+06
1.358979048362254582e+00 2.839103018675981716e+01 1.184507771952191746e+01 8.198383899785397944e+00 1.657859347367386660e-01 2.590733727029714117e+01 5.295827384174097743e-28 3.868868671503538191e-28 2.717348196596976883e-28 3.746946836921929425e-01 4.270038969064969921e-28 1.810721572873940505e-03 6.919158486642213411e-04 4.830207871033300165e-04 1.545922000888444725e-01 1.753191906090318091e-03 1.245203711261725286e+06 7.019435957066586707e+05 5.816807817807721440e+05 2.527719342327986451e-01 1.147883259044637438e+06
2.361634916496962333e+00 1.498247793540434536e+01 7.037992549792166486e+00 4.788120309672322605e+00 2.033115668884905025e-01 1.302126790104421694e+01 3.209595034265452469e-28 2.695397690791056390e-28 1.865430629080972173e-28 4.289558097182618046e-01 2.737158222491641981e-28 1.588758643694918992e-03 7.599262038145860459e-04 3.348089848432740136e-04 1.626987856063041304e-01 1.488270872137893892e-03 1.342015442890446167e+06 5.703895698188303504e+05 5.834374156506310683e+05 2.469996584108171689e-01 1.363785808970452053e+06
4.104051115091881030e+00 9.910094781899054794e+00 2.751066956412044462e+00 3.101969850374222126e+00 2.122042733658142943e-01 8.770806515123394931e+00 3.987284209612655596e-28 9.291415629684219750e-29 1.230594880332645011e-28 4.788874201751857074e-01 1.959535066476640452e-28 1.406590122788751269e-03 3.017662147402572301e-04 3.252643145475284537e-04 1.272577704953002098e-01 1.428480369409326680e-03 1.760870229458110873e+06 4.090337342516477220e+05 6.852408959987198468e+05 2.778913003867450326e-01 1.551526323818982113e+06
7.132023429036466133e+00 7.128117552949595037e+00 2.207035417685866641e+00 2.853341498828752876e+00 1.690317154555086299e-01 6.876971766532119723e+00 2.499193339343767170e-28 1.243750703959038485e-28 8.730664439849554278e-29 4.289466716913963862e-01 1.406248632903414331e-28 1.349500789034639497e-03 1.791785871102502797e-04 3.565495736778140790e-04 9.072174966285276310e-02 1.407600445157632064e-03 1.954076010944740614e+06 5.910996574464349542e+05 5.460339197204820812e+05 2.613408171410651071e-01 1.557306970392814605e+06
1.239403622563954954e+01 4.336678994291367495e+00 1.725360639087525794e+00 3.636514436568938358e-01 9.804302343598714220e-02 3.923266907861492125e+00 1.227889621100338503e-28 2.309210872520212958e-28 1.025034866081771676e-29 3.086117327739662519e-01 6.655292039752843421e-29 1.284953510094226110e-03 1.763779735592305425e-04 1.196948434883564685e-04 5.656899836029308931e-02 1.273214507469935374e-03 1.833147319264572347e+06 2.404289540991217829e+06 1.003289387140837498e+05 2.090222782375493193e-01 1.257616107357250992e+06
