# R (Mpc), mean rho (Msol/kpc^3), errup (Msol/kpc^3), errlow, std, median rho (Msol/kpc^3), mean pth (Msol/kpc/s^2), errup(Msol/kpc/s^2), errlow, std, median pth (Msol/kpc/s^2), mean gas-mass-weighted metal (fraction), errup, errlow, std, median metal, mean gas-mass-weighted temp (K), errup, errlow, std, median temp  
#  nprofs 446, mean mh 3945503323227.462891, median mh 3663030450167.518555 
#  Mass range 12.41 - 12.8 
#  Nhalos 22
1.633848418974679848e-02 6.093072334117729770e+04 2.940802549585774977e+04 1.490425404298360809e+04 3.798424696517493371e-01 3.339961724305740790e+04 5.710807620868931662e-25 8.561113714888973162e-25 1.745234334910029115e-25 5.098276948879958415e-01 3.458922540326866649e-25 1.805466616290103687e-02 2.511969605080651563e-03 9.215485732208138561e-03 1.965445120203481166e-01 2.040690556958199911e-02 1.432313508397835772e+06 1.319697554920054507e+06 3.245182569813081645e+05 5.798057214685143901e-01 5.715126287992832949e+05
2.839303136545056824e-02 1.328968172924636565e+04 1.084317459967144532e+04 6.893735175103904112e+03 4.835263437712085666e-01 9.304866172156995162e+03 2.635034293443776809e-25 1.821560633375658496e-25 6.294298235891244539e-26 3.938069740292927667e-01 1.263987587401535774e-25 1.409787371597973245e-02 4.728977111435134217e-03 6.914203046300641115e-03 1.977095300723743787e-01 1.549279043769573663e-02 1.815868920315826545e+06 7.098808480494520627e+05 1.170980393334255554e+06 3.107658536792438086e-01 1.789484355256968178e+06
4.934143343758698452e-02 3.829981064362989855e+03 4.743944442251313376e+03 9.170832007734531999e+02 4.068636796415778800e-01 2.329265358199296315e+03 9.704809414646431168e-26 1.077557996342169828e-25 3.910041316405562529e-26 3.974033531013765885e-01 6.243276384977380121e-26 1.019718983548935365e-02 6.554301893194428366e-03 3.012055991680742326e-03 2.122463555830273740e-01 8.614410458301139523e-03 1.976904830650642514e+06 1.638225239299659850e+06 7.697111840819492936e+05 2.577438945414965432e-01 1.580288774934304180e+06
8.574558391952083469e-02 1.683690839630126220e+03 1.835728729518682485e+03 4.841719012573886971e+02 3.578751120450873180e-01 9.826129606238738461e+02 4.817615286571181003e-26 5.104230242361302088e-26 2.133441752754949962e-26 3.597926432716151424e-01 3.686372462085675235e-26 7.082469466033675283e-03 5.234544742823367749e-03 1.733376723736078893e-03 2.494753211154094874e-01 5.271928505392870293e-03 2.381149282854237128e+06 1.066007480142197106e+06 7.973026276982885320e+05 2.326076379694306528e-01 2.008637102942141239e+06
1.490087467969423429e-01 7.244394424980309850e+02 5.574448330359057309e+02 3.741972920055319491e+02 3.224290489257556347e-01 6.293217024834759741e+02 2.116210132103490057e-26 1.654407860571081034e-26 1.157051292024887222e-26 3.022316361515251515e-01 1.899172136094432055e-26 5.182387278648391792e-03 3.540775658565131594e-03 8.601474966418326019e-04 2.642045673965329744e-01 3.336069614525650519e-03 2.219200475660153199e+06 8.000247149757938460e+05 7.775179657492293045e+05 1.792955693918158733e-01 2.184736971655780915e+06
2.589475236746323628e-01 3.579314417214005744e+02 3.125639173112875824e+02 1.328397570122548359e+02 3.048044174173549781e-01 2.845660932208561462e+02 9.562280908811468519e-27 7.124678400521285789e-27 4.109523191853815821e-27 3.016309601312177624e-01 7.837039781859256474e-27 3.524023844684018303e-03 1.420719088158050279e-03 9.433419152992763602e-04 2.358762896039731105e-01 2.806183241123801769e-03 1.970904036842042347e+06 1.153875845200048760e+06 4.228310857032749336e+05 1.765377246554063473e-01 1.705731578058679122e+06
4.499992212443744144e-01 1.408791022184019255e+02 5.328963512954479143e+01 5.815131930250174719e+01 2.094310523143868563e-01 1.320764777401515175e+02 3.501306092299990861e-27 2.917595621405362879e-27 5.575255198528762661e-28 2.942342520629849245e-01 2.424480102769484625e-27 2.416764972940201994e-03 9.545233665119354748e-04 7.650132176659910684e-04 1.809717022019272092e-01 2.218849223814281946e-03 1.769883588023557561e+06 7.283208288943665102e+05 2.599605557072376832e+05 2.102421246856757686e-01 1.373455135670864955e+06
7.820090196150470963e-01 5.925876337960417573e+01 2.243418741638811298e+01 1.398275983502862374e+01 1.499389181590402298e-01 5.580172194598796409e+01 1.290483957163056384e-27 1.124326339863008843e-27 4.424297607277986411e-28 2.994547336564208351e-01 1.090120765841627132e-27 1.842305420724523390e-03 1.271950376160592682e-03 6.174673544693458187e-04 1.896015044286814555e-01 1.636898962769979104e-03 1.576321947048172588e+06 7.795026632286496460e+05 4.967241939717694186e+05 2.419476085546545252e-01 1.384719040764095262e+06
1.358975922376516987e+00 3.145132951653808107e+01 1.482755302369304928e+01 6.584018747933942706e+00 1.401625235530336577e-01 2.913781320301027478e+01 6.507015267726507079e-28 4.712783582414333631e-28 3.280994608370297758e-28 3.498152554075441012e-01 5.953652504934789319e-28 1.444195638550262043e-03 4.512937266585703017e-04 4.573412085980216660e-04 1.230931472056173981e-01 1.419846962879456938e-03 1.448071180240187328e+06 7.340965477272539865e+05 8.289268107820199803e+05 2.682418615863457201e-01 1.431391498806090327e+06
2.361629484156356984e+00 1.922954210385427842e+01 6.821238062134824531e+00 7.034098517915520432e+00 1.833668982309812345e-01 1.825272362355797640e+01 4.698067332581014890e-28 1.889349116696244118e-28 3.424031023275313775e-28 4.036358232602071938e-01 4.864784692435004461e-28 1.339518903569401854e-03 5.934380162652449619e-04 3.450147119445541328e-04 1.513648484856574827e-01 1.267605140495781232e-03 1.605237402011578437e+06 5.375273596117775887e+05 8.867699833245237824e+05 2.508213916247115094e-01 1.692093326603441499e+06
4.104041674765874781e+00 1.179593681035251329e+01 4.853661668612112123e+00 3.184329298467849512e+00 1.419208032562132016e-01 1.089022411619408537e+01 2.792135794701340282e-28 1.686078510495145012e-28 8.709698273396744118e-29 2.991180602601085092e-01 2.568897855479665723e-28 1.127716365240942703e-03 2.953722568708836305e-04 1.431078027310876124e-04 9.653467108049347545e-02 1.109254868110829588e-03 1.688732990283831023e+06 4.022110077196089551e+05 5.631487102760581765e+05 1.955620623843436490e-01 1.786456995023873169e+06
7.132007023630110076e+00 1.039328985214403467e+01 4.186310023450030116e+00 2.766346439001162949e+00 1.491664848895036810e-01 9.578055588590842717e+00 3.682885802466842102e-28 4.952964001979239272e-28 6.579889566246550248e-29 3.704878468810474113e-01 2.183203770764285899e-28 1.134276706436528883e-03 2.086293353447104398e-04 2.626351811484052990e-04 1.005376794258081435e-01 1.163044880951127598e-03 2.168110431777729653e+06 1.556040340132021811e+06 4.187656631191845518e+05 2.258809105917391757e-01 1.761507157374127302e+06
1.239400771631078335e+01 4.551933953015685930e+00 8.167620578766641160e-01 7.763422717244155002e-01 7.600044418724616335e-02 4.560008889436067747e+00 1.345197960551449095e-28 1.771705060099599381e-28 1.593844541998890615e-29 2.405367535968518933e-01 9.024992953255863207e-29 1.075852853522794731e-03 2.077252526655384152e-04 5.445190525033146659e-05 4.971506433099778105e-02 1.025756513332140747e-03 2.030877825613893336e+06 1.890402620965076378e+06 1.381385969262020662e+05 1.677099354398955411e-01 1.533147396009285236e+06
