# R (Mpc), mean rho (Msol/kpc^3), errup (Msol/kpc^3), errlow, std, mean pth (Msol/kpc/s^2), errup(Msol/kpc/s^2), errlow, std, median rho (Msol/kpc^3), median pth (Msol/kpc/s^2) 
#  nprofs 468, mean mh 10256058259934.714844, median mh 10223923445707.140625 
#  Mass range 12.81 - 13.2 
#  Nhalos 5
1.633848418974679848e-02 1.143507763696679176e+05 1.149089304805247521e+05 6.822280526019177341e+04 5.857151052437304939e-01 3.458960201288552099e-24 3.741729057259468130e-24 1.944950184702700523e-24 5.592104183035776499e-01 8.216967654353394755e+04 2.341465653950456893e-24
2.839303136545056824e-02 2.846912602134172994e+04 1.958162818148467341e+04 2.021297451022118184e+04 4.377607603806151215e-01 1.744155262185057167e-24 2.064093455349126716e-24 8.069122396474706703e-25 5.521616916538535369e-01 2.612980378585426661e+04 1.013332902183121808e-24
4.934143343758698452e-02 1.339546558252171053e+04 7.042069849948356932e+03 1.367743473046765575e+04 5.342215852997211911e-01 9.471445215822357428e-25 1.363949542677628875e-24 3.548974553131736070e-25 6.780938154607962787e-01 1.556472855341165814e+04 4.435957597772464981e-25
8.574558391952083469e-02 5.587637992897874938e+03 8.881474492772691519e+03 1.409001890861231914e+03 5.561451373407716448e-01 3.869814828354759619e-25 5.666261785225985536e-25 9.300998760021534291e-26 5.112009935526895532e-01 2.329514210936598374e+03 1.632591682247741194e-25
1.490087467969423429e-01 2.704639238049282994e+03 4.032233655108184394e+03 6.586697297087100651e+02 5.256713976196836224e-01 1.833976828496326069e-25 1.940852175178468325e-25 6.459574034459641420e-26 3.974397121833490032e-01 1.220400280099813244e+03 1.157081762684206153e-25
2.589475236746323628e-01 1.333201096912964431e+03 1.140129522846475993e+03 2.740287052475217706e+02 3.001466552877071203e-01 7.808918046214466711e-26 5.649766271214877277e-26 1.847777922881187043e-26 2.564010754640909107e-01 9.490607224326200821e+02 5.659075116383080455e-26
4.499992212443744144e-01 5.239036153408651444e+02 1.008431757328610274e+02 1.186446468006236046e+02 1.014446249484655810e-01 2.272569731403859014e-26 6.020852927959602263e-27 9.896427197859848966e-27 1.661452904588485158e-01 5.205956958847294800e+02 2.451706868510383220e-26
7.820090196150470963e-01 1.554659120176663691e+02 3.737463716562285754e+01 2.538385016074255418e+01 1.081497336462872161e-01 4.183209244064147186e-27 2.773050226228627366e-28 1.275283666467224616e-27 1.992935214004811773e-01 1.495346290455261737e+02 4.719955665055896053e-27
1.358975922376516987e+00 4.173453927538285058e+01 8.693578943064892428e+00 4.368148594180127020e+00 8.587192910984081662e-02 7.932379062383193106e-28 5.335849843936520753e-28 1.901275819163308080e-28 2.138491512081846235e-01 3.950012449810587611e+01 6.491544566640091711e-28
2.361629484156356984e+00 1.977712195637513304e+01 8.432121921130814712e+00 1.400515149172008478e+00 1.302550584121815458e-01 4.313588348275972719e-28 2.803039748809002209e-28 9.000930986120089821e-29 2.039682500758951134e-01 1.645872865002899488e+01 3.429519460451890932e-28
4.104041674765874781e+00 1.250296951135954870e+01 8.543190614448672449e-01 5.709667693244533382e-01 3.881558887897728488e-02 2.877180541657025995e-28 4.074327943447289967e-29 4.034580978318299423e-29 6.067122959163077228e-02 1.238275409544702832e+01 2.862314653559023620e-28
7.132007023630110076e+00 1.137637237848366389e+01 2.807689548480365005e+00 3.668730888860956441e+00 1.408337584033388101e-01 5.089818778019752538e-28 5.878303264438103296e-28 9.214763007979215848e-29 3.739324913702812836e-01 1.139497691459862772e+01 2.530157441301909713e-28
1.239400771631078335e+01 4.329673674558295993e+00 6.271611167642250351e-01 7.526494184933807396e-01 7.151914450103923071e-02 1.598471897075922719e-28 1.944998337111482514e-28 2.909591888161374625e-29 3.141794833927815667e-01 4.387788545126235284e+00 9.153063172710996411e-29
