# R (Mpc), mean rho (Msol/kpc^3), errup (Msol/kpc^3), errlow, std, mean pth (Msol/kpc/s^2), errup(Msol/kpc/s^2), errlow, std, median rho (Msol/kpc^3), median pth (Msol/kpc/s^2) 
#  nprofs 457, mean mh 1227776102933.739990, median mh 1236512831152.329102 
#  Mass range 12.00 - 12.2 
#  Nhalos 32
1.633848482519974915e-02 1.327334227305655659e+05 1.606183233696480747e+05 6.355227093231795880e+04 6.142448231204225007e-01 5.288816052788145899e-25 5.218110188294672375e-25 2.749893134787999815e-25 9.432579604865977130e-01 8.257631302799755940e+04 3.108625761644845082e-25
2.839303246974122716e-02 2.136743312830365903e+04 2.902291735354305274e+04 7.224250328144764353e+03 5.297733087833654819e-01 1.910430421862930342e-25 2.399420774584721630e-25 8.870577704894593567e-26 5.428437021565472032e-01 9.894095091878283711e+03 1.089887549183099357e-25
4.934143535662420532e-02 5.826930024181873705e+03 8.762612316949316664e+03 1.979056888208666123e+03 4.419868881512528658e-01 6.957873039359717182e-26 6.161610556729102307e-26 4.094484427637079315e-26 4.175535354636086827e-01 3.290766116275752665e+03 5.716988571761637504e-26
8.574558725442532614e-02 2.475840866475129133e+03 3.198518230891254007e+03 1.222000938925007176e+03 4.435051446224946292e-01 3.054238993335860978e-26 2.190586202597276717e-26 2.067146014858722789e-26 4.406059657442261135e-01 1.702918833938107582e+03 2.881457679021097108e-26
1.490087525923421141e-01 8.918178882530227156e+02 8.680717732014811645e+02 4.883577825248254385e+02 4.046522368753752152e-01 1.167786054761869438e-26 8.652725789541972572e-27 4.744697743199264438e-27 3.756037443563098877e-01 7.056807572921004521e+02 9.287899784664613674e-27
2.589475337458828630e-01 3.026107863091459080e+02 1.295548408278993975e+02 1.479900758962338045e+02 3.283639017286053563e-01 4.267597401219252030e-27 2.985737627261939829e-27 2.177765241432733012e-27 3.625309633063601433e-01 2.579983696491834166e+02 3.414546686870039477e-27
4.499992387462019017e-01 1.059066570368123479e+02 3.890924126225529278e+01 4.266663284860826622e+01 2.115835696964421531e-01 1.704654581932319463e-27 1.476620246114327140e-27 8.890213583514486059e-28 3.905827433574256546e-01 1.030033369655217115e+02 1.297781481258682157e-27
7.820090500297373071e-01 5.415581989856644896e+01 2.284581663554970987e+01 1.580010154739461825e+01 1.699356760561509805e-01 9.787726300568112788e-28 1.003201176405317101e-27 3.860001891478276585e-28 3.905607167014972791e-01 5.055956963005537830e+01 6.525610207730495958e-28
1.358975975231191180e+00 3.026826479598660669e+01 1.089045866068418533e+01 1.031645550164164860e+01 1.635600006829785458e-01 6.721644071924521529e-28 6.755976840211432756e-28 2.041490407354089170e-28 3.924757197090349425e-01 2.905852208955068150e+01 4.392436442138374123e-28
2.361629576007254094e+00 2.164591827951142378e+01 6.121416180540585117e+00 5.960636903151284471e+00 1.672315124575514678e-01 5.447661945831795271e-28 4.061308492851135428e-28 2.429571048192669161e-28 3.311022414603038144e-01 1.952649787358097910e+01 4.298093805666020505e-28
4.104041834384438481e+00 1.919495908392722328e+01 8.339795877728551687e+00 3.724864150679419339e+00 1.641476982754677405e-01 6.252479379351719982e-28 2.883265469937766185e-28 1.641182769280271449e-28 3.909182566132190506e-01 1.618074504542487091e+01 3.511834856443801208e-28
7.132007301015381273e+00 1.615652701426562032e+01 5.480902464965677012e+00 3.425855658726828068e+00 1.102287150265360144e-01 4.368485525190817908e-28 3.913121971115964809e-28 1.061548236792563973e-28 2.947487136842072419e-01 1.548931185210356887e+01 3.030579296309527947e-28
1.239400819835114298e+01 4.457211922103485158e+00 5.026563960998089442e-01 4.375890149457499767e-01 5.362341926252544438e-02 1.126447562792786897e-28 1.312612904512067517e-28 1.658761920019013373e-29 2.030458819979282237e-01 4.363529882422106709e+00 8.412958862712016326e-29
