# R (Mpc), mean rho (Msol/kpc^3), errup (Msol/kpc^3), errlow, std, median rho (Msol/kpc^3), mean pth (Msol/kpc/s^2), errup(Msol/kpc/s^2), errlow, std, median pth (Msol/kpc/s^2), mean gas-mass-weighted metal (fraction), errup, errlow, std, median metal, mean gas-mass-weighted temp (K), errup, errlow, std, median temp  
#  nprofs 450, mean mh 1323876088760.096924, median mh 1232369129747.627441 
#  Mass range 12.00 - 12.3 
#  Nhalos 43
5.932134616077487568e-04 4.899744509887690097e+07 4.576201716259507835e+07 6.957260366788927466e+06 3.835998865529927637e-01 2.055936811259003729e+07 2.591036995026780115e-23 1.912731144934491605e-23 1.170399723049956921e-23 7.570817138072354346e-01 1.377121193179087406e-23 1.221690175240234925e-02 1.079374013037122902e-02 4.381196624279002153e-03 3.778235815075422499e-01 1.079926465987256397e-02 8.585426831900296384e+04 5.135653707621021749e+04 5.201104797520225111e+04 7.297572401678440457e-01 5.743459534626117238e+04
1.030886845207231632e-03 1.286702881437503360e+07 1.169589077801482379e+07 3.973856348803273868e+06 3.679029870842006611e-01 7.590640787426865660e+06 6.366768485874907233e-24 5.262536501126401216e-24 3.821324874016248442e-24 6.543822919839956676e-01 4.260186329929975852e-24 1.387091704002974685e-02 8.612845052688253983e-03 7.061698046599077828e-03 2.397533357410050192e-01 1.333162000449345311e-02 7.519351876971242018e+04 7.276554304090820369e+04 4.417012989444730920e+04 5.536329389116888544e-01 5.508225928262711386e+04
1.791476013947955600e-03 6.039212887096306309e+06 2.914775029994124547e+06 2.043812132970031351e+06 3.155733706908273595e-01 4.453609500888317823e+06 3.701882498369361638e-24 2.943216697005623816e-24 2.228617078703674104e-24 7.538918537678996890e-01 2.412231194027516138e-24 1.730635947593165899e-02 7.653273230766609314e-03 7.426096515893005484e-03 1.741667094705659780e-01 1.748351665652226467e-02 6.428104604708397528e+04 8.805461424028585316e+04 3.755125056757660786e+04 5.570155985889785333e-01 4.594755110216059256e+04
3.113228501723386363e-03 3.441096705173959956e+06 1.651351672155370470e+06 1.850747806631474756e+06 3.180447578426003341e-01 3.073042642604971770e+06 5.241752687015973183e-24 4.783319401842435408e-24 1.525872737345017478e-24 8.795071293856534522e-01 1.640245259271958722e-24 1.768533054344730709e-02 6.048051568989208648e-03 5.937388154789132941e-03 1.507670082875050832e-01 1.752212172193140516e-02 9.718657096113536682e+04 7.963969582819973584e+04 6.548951884980738396e+04 5.658440480769230119e-01 7.496224552500963910e+04
5.410171070381073442e-03 1.868570856125906808e+06 6.954395992164022755e+05 4.781282176877011079e+05 1.532499455488806617e-01 1.739146958692685934e+06 1.942148859155385718e-24 3.227192928235479453e-24 5.238159985581385678e-25 6.292276402117288336e-01 7.071683886189440192e-25 1.955871203535466604e-02 4.436984293444436872e-03 7.444929404027104611e-03 1.427272954074833011e-01 2.096435626338096977e-02 6.986457837737647060e+04 9.487477014086136478e+04 2.882483384466838106e+04 4.504683823345962401e-01 4.279940991286803182e+04
9.401799769784129415e-03 5.908175836191336857e+05 5.144541539553771727e+05 2.688661723693740787e+05 3.113851334480635669e-01 4.989749632993049454e+05 5.666982929566549515e-25 7.208305403514705409e-25 3.812508283529315543e-25 8.074416251810038192e-01 3.984750159529809699e-25 2.007018463877749750e-02 4.005248620186332292e-03 9.945132516196927841e-03 1.620328222074807201e-01 2.214080523188718258e-02 6.477223162690924801e+04 9.677334817897745233e+04 3.186648525772714493e+04 5.083690005140619750e-01 4.189946380537700315e+04
1.633845543166654105e-02 8.677769514953860198e+04 5.351394632950746745e+04 2.439265142822227062e+04 3.753798554320210146e-01 5.368577049343967519e+04 1.568120486826313745e-25 1.825207511011491426e-25 1.106706875879265345e-25 8.879746910946316740e-01 1.149954149917250335e-25 1.898487720527005859e-02 5.342967618795893547e-03 8.177179567381204217e-03 1.815714320515146307e-01 1.964027271067363828e-02 1.693311145686081436e+05 2.631498324987041997e+05 9.098280273194810434e+04 6.803177532983999409e-01 1.011688236096011533e+05
2.839298138963486026e-02 1.355108205017864202e+04 6.612073077483515590e+03 4.180772698268347995e+03 5.011105777668517502e-01 8.195490517671698399e+03 4.857684919872996684e-26 4.030744437515271454e-26 2.452024386891533180e-26 7.183992571267863170e-01 3.044675863932958664e-26 1.772491837757803404e-02 6.260265659851740189e-03 9.654936529192886807e-03 2.086386652873235270e-01 1.871663115857870319e-02 4.442054234067695215e+05 2.970727409028866095e+05 1.933653156085696246e+05 5.407778687758089120e-01 2.479251329761722591e+05
4.934134658957302355e-02 2.830247786201116924e+03 2.212139943797520573e+03 8.310759378014643062e+02 3.911609346799732601e-01 2.030247624450156991e+03 2.628485527106396382e-26 2.799631410695705505e-26 9.731040911800524689e-27 4.992995659124617736e-01 1.644357512878312321e-26 1.453327797432356697e-02 7.908611802782180428e-03 7.101916769510000643e-03 2.331185175578828206e-01 1.401803736584083734e-02 6.602606604937895900e+05 5.054084115816357662e+05 1.993103051893993397e+05 3.101132516720068732e-01 5.018251764405024587e+05
8.574543299497019988e-02 9.714711645136266043e+02 7.360591710818098363e+02 4.245312028676909790e+02 3.853615334453946994e-01 7.987662971753952661e+02 1.251651129270353172e-26 1.324392630762568629e-26 5.734640349008687110e-27 5.092306555952667013e-01 8.638376767603255470e-27 1.107619277516078138e-02 8.337760706191332458e-03 3.896526506938455606e-03 2.549465893813381845e-01 9.003970769757571949e-03 8.711131505851135589e+05 7.579374573110984638e+05 2.535586459868568927e+05 2.991324417573917316e-01 6.866809033385980874e+05
1.490084845201332109e-01 4.322265074875598998e+02 2.734677460647117186e+02 2.288754361614422237e+02 4.099948756182371090e-01 3.717925266462821128e+02 5.169430967333349301e-27 5.251419224131271536e-27 1.999995451195579735e-27 4.626069700356691405e-01 3.313896422254066143e-27 7.796866580079873411e-03 6.561722493443567991e-03 3.004390013710799001e-03 2.800284017888878818e-01 6.411652272387187781e-03 9.010604849114851095e+05 5.101715328826088225e+05 4.495850974636784522e+05 2.711043560753901849e-01 8.322017127185455756e+05
2.589470678897760059e-01 1.571163518541782764e+02 9.436468515326789941e+01 5.965844751104260979e+01 3.578063745600764678e-01 1.195149297884438937e+02 2.075043548424843353e-27 1.499618031839386068e-27 8.025428043950221818e-28 4.095690841073092447e-01 1.569008264085078037e-27 4.866783615374203377e-03 3.540697499266646890e-03 1.027080397954462446e-03 2.485109236281589362e-01 3.608273844319322306e-03 1.195797281854035100e+06 7.209142939086970873e+05 4.013336072917341953e+05 2.940478197228165169e-01 8.698307316819431726e+05
4.499984291810734116e-01 6.416153261443660938e+01 3.564689501287426054e+01 2.315260393076508194e+01 3.069554662820022650e-01 5.979925912619994932e+01 1.088440300731942581e-27 1.019152135964958811e-27 3.754250790375072723e-28 3.591757519672916787e-01 7.487297357725225320e-28 3.017992698548460553e-03 1.541748547878019765e-03 1.168640419224095629e-03 2.431486590669804937e-01 2.643372065957870845e-03 1.322848398682455299e+06 7.357494231008051429e+05 5.516674528264706023e+05 2.799225319833879011e-01 1.069769411317007383e+06
7.820076431667862815e-01 3.300766935062020480e+01 1.330898606655891214e+01 1.100805393144713307e+01 2.536355533536520102e-01 3.114422334440332563e+01 6.729293725856312123e-28 5.707862145803506178e-28 2.046204416634521497e-28 3.828490471183619848e-01 3.901915117153026518e-28 1.911508895791724566e-03 8.044450477763392948e-04 7.196951564039156569e-04 2.033805651063821940e-01 1.833320605238193159e-03 1.406993911617893726e+06 1.116294372959287139e+06 3.601378451410630951e+05 2.936117900341715936e-01 1.058370108364246553e+06
1.358973530383588368e+00 1.921264843682295265e+01 1.024715061148192063e+01 6.334240540951947551e+00 2.138500854273982787e-01 1.772964197554333765e+01 4.244088959283740263e-28 3.879408894522165280e-28 2.226428908801182263e-28 3.860027693311079977e-01 3.330734915465686537e-28 1.613860742845928814e-03 8.675737513553084378e-04 5.805488874266659643e-04 2.057268236155092023e-01 1.481858516203227042e-03 1.532781010504842503e+06 1.549871216693306575e+06 4.180492763805192662e+05 2.817922985615434750e-01 1.090020042872217251e+06
2.361625327349063497e+00 1.211697617356288781e+01 6.373944438268571488e+00 3.345391770256929576e+00 2.063997383294639276e-01 1.036465650470769440e+01 3.745942192626989468e-28 2.974227928900316376e-28 1.520740524356004522e-28 4.247032882294388134e-01 2.257722811206816338e-28 1.399706796529613011e-03 6.015610195295405509e-04 4.757550598749398733e-04 2.053369205985218215e-01 1.323398344005169772e-03 1.829436389939552173e+06 9.884470389983339701e+05 8.403268963070793543e+05 2.540884246189654694e-01 1.655940503614062676e+06
4.104034451062715583e+00 1.091390949800421772e+01 5.719081895098851120e+00 2.278618158327967436e+00 2.429814826860208499e-01 7.860594971694080613e+00 5.061655084864728146e-28 2.479599201809600770e-28 1.122022021090263755e-28 5.036855457113623702e-01 1.871425216053961905e-28 1.419188769169435222e-03 3.344071866836970369e-04 5.885642674876606813e-04 1.604479566718876038e-01 1.500464710587919850e-03 2.034776572457340313e+06 7.802163155005429871e+05 9.169702531593266176e+05 2.804153225013551465e-01 1.818844471662101801e+06
7.131994470272771558e+00 7.225876578093356706e+00 1.868432600891893891e+00 2.133700660196727661e+00 1.428687566004024911e-01 6.905344764608302377e+00 2.049214919806817890e-28 8.788040574780846043e-29 8.697303949897766966e-29 3.240874334191082839e-01 1.573570646331758155e-28 1.302557969003854130e-03 2.141615900216916994e-04 3.102260302591767094e-04 8.964044720091840501e-02 1.316812911761749754e-03 1.772484530395248206e+06 3.827151697823738214e+05 4.928834982616435736e+05 1.886219074968083220e-01 1.683795489379719133e+06
1.239398590107599851e+01 4.251524833084804555e+00 1.249811497955562345e+00 4.337426715018750656e-01 7.508900156772878309e-02 4.076296854085515342e+00 1.167132638377796796e-28 1.113350811602183452e-28 1.959395151013521507e-29 2.239137914141051400e-01 8.697404100489494598e-29 1.245930021670034384e-03 1.775968847697189951e-04 1.437901006231527990e-04 5.558405161526481369e-02 1.252085233586444895e-03 1.883531102162770694e+06 1.081427740639125695e+06 2.729804635015174281e+05 1.497022744418758378e-01 1.593131788789052749e+06
