# R (Mpc), mean rho (Msol/kpc^3), errup (Msol/kpc^3), errlow, std, median rho (Msol/kpc^3), mean pth (Msol/kpc/s^2), errup(Msol/kpc/s^2), errlow, std, median pth (Msol/kpc/s^2), mean gas-mass-weighted metal (fraction), errup, errlow, std, median metal, mean gas-mass-weighted temp (K), errup, errlow, std, median temp  
#  nprofs 437, mean mh 2000434186856.877441, median mh 1975816508693.749023 
#  Mass range 12.21 - 12.4 
#  Nhalos 19
1.633852177236155140e-02 1.201811370125040412e+05 2.510354993743340892e+05 1.289839871465950273e+04 4.103441424179745112e-01 4.627499184837351640e+04 1.731444546841424743e-25 5.766098972693022563e-26 1.616930062224459460e-25 6.405075428682608374e-01 1.848828827230741978e-25 1.475240233280681462e-02 7.380332290170531565e-03 4.047746356859685535e-03 2.264930204055641272e-01 1.350953972952516173e-02 1.850174598285224638e+05 3.070670376277177711e+05 6.318370366411437135e+04 5.781147530571065785e-01 8.969753978320730675e+04
2.839309667654963537e-02 1.983144811538592694e+04 8.777590557793617336e+03 2.759562656135612997e+03 4.096091924826342212e-01 8.436320808850341564e+03 8.580790372151168419e-26 4.731453030343145716e-26 3.602542718252513504e-26 3.610569850106203349e-01 7.137057266137736616e-26 1.371408095861015829e-02 5.968510873925891511e-03 5.813521218568906343e-03 2.390086107745593713e-01 1.368035230667361858e-02 5.095949845118505182e+05 5.451939711671816185e+05 1.830267073877161602e+05 3.217241905791743406e-01 3.717213689939340111e+05
4.934154693526905666e-02 4.161031389571985528e+03 1.146247544058987387e+03 6.780569831534471632e+02 3.301304857432788009e-01 2.196258979932965758e+03 3.973289415473154266e-26 2.618885508690930820e-26 1.580165182449023692e-26 2.418379218298617184e-01 3.405223217482044295e-26 1.050554185756435999e-02 3.242779373274535734e-03 5.018325013146150530e-03 2.152255672592481850e-01 1.074203266381820558e-02 1.001468592131704674e+06 6.430887767382286256e+05 3.797640973636463168e+05 2.708719039650498983e-01 8.847817889085636707e+05
8.574578115588683824e-02 1.900686478981101345e+03 1.117232018066410774e+03 3.964215981315533099e+02 3.920099205907760509e-01 9.421553547080955013e+02 2.309624228449321577e-26 2.299718217409459946e-26 4.550385362336604561e-27 3.258565784022796064e-01 1.357196921910690453e-26 7.103363965214454061e-03 3.737498108034085706e-03 1.575590626150371980e-03 2.008459928271741912e-01 5.634008951880844357e-03 1.328782213851906359e+06 4.548520927166980691e+05 4.878925176154366927e+05 2.753042829751246590e-01 1.109438501925907098e+06
1.490090895544625982e-01 7.116521647637033539e+02 3.746625831659160326e+02 2.807549177839086951e+02 3.491629268656455398e-01 4.977727753727439790e+02 1.094738699876445228e-26 5.064742746124993159e-27 3.877513295571807901e-27 2.841524064626885782e-01 8.675485868978429930e-27 5.260964590973516569e-03 3.084241302596489251e-03 1.762379610890665860e-03 2.381754361057057678e-01 4.634186526203331116e-03 1.510810114137961762e+06 4.262679157973537222e+05 3.624985085337349446e+05 2.591766997093652436e-01 1.084596309422161430e+06
2.589481193189351327e-01 2.280718964505088024e+02 1.649793844438146664e+02 1.008479533964818984e+02 2.797445909212549764e-01 1.956520146628623991e+02 3.847240893859420928e-27 3.772793609773105144e-27 7.032455480376900021e-28 2.626446072062546544e-01 2.500279743599969260e-27 2.889010098950288950e-03 2.598043450886356430e-03 6.713921298935545019e-04 2.374288375262839645e-01 2.295571579569345363e-03 1.299768169951939723e+06 3.832771008574308362e+05 4.928510059095681645e+05 2.047924205635306139e-01 1.323012607021315256e+06
4.500002563555373647e-01 9.039910784267081567e+01 2.937124843836984667e+01 3.749514914952143130e+01 2.131605271552369230e-01 9.213761285081933750e+01 1.516868153357856712e-27 1.857678854180531255e-27 5.379012132929677881e-28 2.927256559234212019e-01 1.162202530179617922e-27 2.009261543037826545e-03 9.225735321725227287e-04 5.945047798724747978e-04 1.722830423685955958e-01 1.895399549403619906e-03 1.251783474211207824e+06 7.454747486035269685e+05 3.037686088851424865e+05 2.574237902004678502e-01 1.103803571248800261e+06
7.820108184320838651e-01 4.037770612026192651e+01 2.013854907113829285e+01 5.413095852619164816e+00 1.860070733273858634e-01 3.258503174068005137e+01 7.825051018260217999e-28 1.066642332053578889e-27 2.651850642410323488e-28 3.922828907406868404e-01 4.860442686531060944e-28 1.784415462873942867e-03 4.812285694896327459e-04 7.592736923141330842e-04 1.588499957468802182e-01 1.872516646126443432e-03 1.301688337284725858e+06 9.866330538208881626e+05 4.367877955784916412e+05 3.026504703364158444e-01 9.774230006907958305e+05
1.358979048362254582e+00 1.905921746327410204e+01 8.760666594756095549e+00 5.382438146323529793e+00 1.801224695158685496e-01 1.671753445305326480e+01 5.045149406968290270e-28 4.544907864142671898e-28 3.244679114699471406e-28 4.880811784574241030e-01 3.923871898098492088e-28 1.492226148210250422e-03 4.218530463868392765e-04 5.743827257341665733e-04 2.217932202919171703e-01 1.466234677535728547e-03 1.691905637356728781e+06 1.163157075167601462e+06 1.179057645445465809e+06 3.448331216746650663e-01 1.619405464712714311e+06
2.361634916496962333e+00 1.366780298369566538e+01 8.276753078052047741e+00 6.300530930627465942e+00 2.269414547023726469e-01 1.296619234156741918e+01 3.959688172107274880e-28 2.838673395635064742e-28 2.814167136187544624e-28 4.435600732125862256e-01 3.620112549478154641e-28 1.494502192486577659e-03 6.398137861459199903e-04 5.887635425351959821e-04 1.969771284013124013e-01 1.451884031079913456e-03 1.881996826331226388e+06 9.032109700267210137e+05 8.907532166142089991e+05 2.434509288337780297e-01 1.809611283066350268e+06
4.104051115091881030e+00 1.086756057772398876e+01 1.513114452646686203e+00 6.273470212128168022e+00 2.442815080544536721e-01 1.123754100925387078e+01 5.036826115135802535e-28 1.345860569366943683e-28 1.948149587555265011e-28 4.708618525236042962e-01 2.845705902278494909e-28 1.304561639667498529e-03 4.389253931806327488e-04 4.326369800463173440e-04 1.525319943278160006e-01 1.323639218060217821e-03 2.216749947142026853e+06 3.928515043333768845e+05 7.062711086016669869e+05 2.421451190082480887e-01 2.041418907370091416e+06
7.132023429036466133e+00 6.553922589054358205e+00 1.505045228504784838e+00 3.129642360944167478e+00 1.538816635071095784e-01 6.856231491305107006e+00 2.038802516097575934e-28 6.723101100344741806e-29 8.411161501120063067e-29 3.274128296417195272e-01 1.774769590283842190e-28 1.154801778513982018e-03 1.622566365477096702e-04 3.278966916854528842e-04 9.458710428604119591e-02 1.202480328215209046e-03 2.022157914847486885e+06 2.957550127611090429e+05 3.759724895661934279e+05 1.883440467395934848e-01 1.939831739225462545e+06
1.239403622563954954e+01 3.615675749358175928e+00 5.304851642322558902e-01 3.948348204328642197e-01 7.171713446854159624e-02 3.537805760980627490e+00 8.872804638360510653e-29 1.790420062463360050e-29 8.995349920747112926e-30 1.632818135714763363e-01 7.504670084336556769e-29 1.055756805907553724e-03 8.915112521360726502e-05 1.070854982266839037e-04 5.306791893146009520e-02 1.065312373637119624e-03 1.742746751548676984e+06 2.526178934339527041e+05 9.097953615658078343e+04 9.574811476298039636e-02 1.618493359386125347e+06
