# R (Mpc), mean rho (Msol/kpc^3), errup (Msol/kpc^3), errlow, std, median rho (Msol/kpc^3), mean pth (Msol/kpc/s^2), errup(Msol/kpc/s^2), errlow, std, median pth (Msol/kpc/s^2), mean gas-mass-weighted metal (fraction), errup, errlow, std, median metal, mean gas-mass-weighted temp (K), errup, errlow, std, median temp  
#  nprofs 462, mean mh 214930346254.271912, median mh 203184128660.254028 
#  Mass range 11.00 - 11.5 
#  Nhalos 206
5.932173081830181089e-04 1.008372875929137170e+08 1.048383864510387182e+08 4.955307797528786957e+07 4.130739904184746458e-01 7.353370777121210098e+07 3.780015573001295243e-23 5.504321193914056943e-23 1.649083159506587506e-23 6.097578928152754818e-01 2.005616393289516567e-23 3.800281804610429037e-03 1.831746191886776415e-03 2.271813374716557393e-03 3.402474740543258713e-01 3.886414315806886646e-03 2.257814837642264683e+04 9.037097344181020162e+03 5.517010486237461009e+03 1.571425088576878237e-01 2.045330573075033317e+04
1.030893529788922541e-03 5.218329997915183753e+07 5.878450213724626601e+07 2.307333149708385020e+07 3.718101083327963741e-01 3.890416883344489336e+07 1.840321404858063474e-23 2.548841370316580686e-23 7.911220634305289346e-24 5.731601954633782636e-01 1.001516930338470249e-23 3.346084930717144884e-03 2.103395415161611777e-03 1.783537531929196840e-03 3.105890905293477444e-01 3.057607767656063229e-03 2.196611919590314574e+04 8.872822365385301964e+03 4.954736056067891695e+03 1.569570357498975000e-01 1.949342596125659475e+04
1.791487630419557730e-03 1.831610455139851943e+07 1.421792092474140972e+07 6.639810295302502811e+06 2.657454561441127683e-01 1.496629492185663432e+07 5.662130847414375470e-24 7.187762083742806793e-24 2.511889075445558747e-24 4.753899963786858973e-01 3.568747457244398319e-24 2.789043468591320858e-03 1.883859131964879009e-03 1.401682387637625139e-03 3.252507498305884925e-01 2.448035279853323989e-03 2.162474960373257636e+04 1.371479181534103918e+04 3.700924936012132093e+03 1.933556722090448710e-01 1.694351447896356331e+04
3.113248688837364202e-03 5.959795617053084075e+06 2.869858032903175801e+06 1.890994033648176119e+06 2.364334201213346143e-01 5.536252367666151375e+06 1.391648922447389926e-24 1.511284533997851415e-24 5.781600802137575551e-25 4.222622843450473673e-01 9.553493814975498423e-25 2.258286219798122819e-03 1.805588652605392367e-03 1.156069018747736240e-03 3.448185386086708437e-01 1.955459397151161453e-03 1.933428198409953256e+04 1.269216512644359318e+04 3.382591179105736956e+03 1.877419248647547445e-01 1.535574884600150835e+04
5.410206151564474382e-03 1.718939108546792064e+06 8.435578196173012257e+05 8.413095187919926830e+05 2.894689654698007208e-01 1.675322217419792898e+06 4.077492354831235087e-25 3.735608270330622101e-25 1.909122303912839977e-25 3.701755294487346637e-01 3.205596954965961811e-25 1.894707928723032972e-03 1.808616164849220298e-03 9.678153811993322076e-04 3.826148941418557881e-01 1.542148490517364487e-03 7.850944391673231439e+04 1.675924108062600135e+04 5.293378622122601882e+03 3.145280753534259732e-01 1.664201430620084284e+04
9.401860733893718097e-03 3.643029777990571456e+05 3.545356918374886154e+05 1.648112763447555189e+05 3.605694825631324263e-01 2.932746716663160478e+05 1.206412525781217281e-25 1.057634044938404973e-25 5.666898294558324895e-26 3.910763053875819795e-01 9.427309923734499448e-26 1.783076243035154043e-03 1.877934377178452473e-03 8.534803434212816405e-04 3.855514717233958777e-01 1.412798515004794284e-03 4.005371647627976199e+04 4.531251326040194544e+04 1.060324177374896681e+04 3.424682477283281234e-01 2.324057959787448635e+04
1.633856137514670334e-02 5.746917986673368432e+04 4.247717500507767545e+04 2.224058855992356985e+04 4.056556821917946531e-01 4.435617591103055747e+04 5.624115962565337639e-26 4.649475503350111390e-26 2.493269308370830811e-26 4.722841398988710249e-01 4.494564181506027189e-26 1.799691723015312298e-03 1.360621989297132071e-03 8.723666879503108292e-04 3.347009613811818829e-01 1.531339692001798146e-03 1.396762368808930332e+05 7.069687581341608893e+04 4.585959239711029659e+04 3.647321230554110838e-01 7.662062393198796781e+04
2.839316549830248754e-02 1.277270047340186829e+04 7.748146060305321953e+03 5.406752314496276995e+03 3.621729527213977673e-01 1.147778655432328560e+04 2.254711963857068489e-26 1.389066084766804903e-26 8.043661257760383079e-27 3.400481443706620532e-01 1.974932624004883653e-26 1.753616897453375879e-03 1.171576490574228937e-03 8.058190711413726771e-04 2.874068641505112542e-01 1.540764054691170018e-03 2.007408921326812706e+05 7.761189336732841912e+04 5.414723861416331783e+04 2.669413023832957754e-01 1.360009795930795372e+05
4.934166653376820949e-02 3.994923633534874170e+03 2.017860442544259968e+03 1.592517657945092651e+03 2.958751881474234180e-01 3.717879909128372674e+03 9.918850509634110765e-27 5.812413922501886731e-27 3.567857667977291427e-27 2.941019782275913208e-01 8.221812878441411616e-27 1.456314511392164945e-03 9.501740324957665216e-04 5.998899231710330422e-04 2.885325230456038947e-01 1.209732796706873689e-03 2.664738455136456760e+05 9.353364068645294174e+04 5.989222835474571912e+04 2.709971664673033187e-01 1.666596739029033051e+05
8.574598899425776855e-02 1.266021791616748487e+03 6.781817869173532927e+02 4.582189724246067044e+02 3.298528083531206967e-01 1.153834326086472402e+03 4.480963021035162151e-27 2.918271929896796868e-27 1.598070740442447285e-27 3.546279554016947833e-01 3.136721412833987712e-27 1.075932991148215298e-03 6.388885228190686362e-04 3.906993736447657295e-04 2.548335821324209660e-01 8.950491338421491441e-04 3.464141723154971260e+05 2.030647599160225654e+05 6.912666345829685451e+04 3.133180487900195099e-01 1.826354096000935824e+05
1.490094507361558740e-01 4.100758211064342049e+02 2.205297902909375694e+02 1.351029371595719510e+02 2.695473558088799515e-01 3.656958651228630401e+02 2.789320977696869596e-27 2.399597733540905412e-27 7.993796666464702706e-28 4.802039318004839297e-01 1.263747080942182359e-27 8.117058661139385121e-04 5.403768977193833863e-04 2.630895286461787407e-04 2.564931203566988005e-01 6.195485249796976648e-04 5.086270402635473874e+05 4.718598268389167497e+05 1.474507776279204118e+05 4.174374275682533053e-01 2.528770685911603505e+05
2.589487469807810194e-01 1.688318642381116490e+02 9.992317510650380541e+01 5.363311573326895143e+01 2.504818525913196092e-01 1.412157974003566210e+02 2.433541842624099847e-27 2.368026059168312756e-27 7.042598374408467349e-28 6.283647252583094422e-01 8.598151114569692688e-28 5.901789214928784355e-04 3.538931810735257292e-04 1.682313083984518184e-04 2.703004397076291809e-01 4.345855554459474024e-04 9.208642149182867724e+05 8.755439648035427090e+05 3.884191864840897615e+05 5.467636896799047408e-01 4.841596193499350920e+05
4.500013471068133319e-01 9.532367586134051862e+01 7.410951223686335254e+01 2.734117173989807981e+01 2.954864933064416110e-01 6.573658776914176372e+01 2.350565019727373498e-27 2.114457778369996323e-27 7.056067865607327904e-28 7.194988733888132426e-01 8.264736988585802652e-28 6.370192234079886766e-04 5.398593018675296260e-04 2.080971778068861546e-04 3.727534404226348630e-01 3.954380580660281862e-04 1.384332225082234014e+06 1.349430077732578386e+06 6.777786074690688401e+05 5.875602501938843591e-01 8.401454036311814561e+05
7.820127139405553818e-01 5.711187650046910846e+01 4.872387025749199552e+01 1.601851644439744859e+01 3.056367994040453673e-01 3.793138208130703504e+01 2.281710948264553476e-27 1.643367286084872440e-27 6.113016272705052235e-28 7.249090489025600270e-01 7.459645572168731410e-28 7.308690252259945636e-04 8.352947643240352582e-04 3.255730951174925581e-04 4.346961421379014201e-01 4.819509033336725990e-04 1.907231297942690784e+06 1.724117131905403454e+06 9.219438546173321083e+05 5.636819875162036864e-01 1.272251702132274862e+06
1.358982342378446839e+00 3.801417917424292625e+01 2.495441101443833176e+01 1.428868029736825207e+01 2.871058749564354695e-01 2.950278777471742231e+01 1.815965186303182784e-27 1.398168141955185960e-27 5.814486587432428582e-28 6.567333714731243832e-01 7.240703264557275952e-28 7.867662052922596953e-04 7.406271878502637684e-04 3.951900967371791557e-04 3.985205255629067356e-01 6.414671365129543182e-04 2.259756961857488379e+06 1.821722569264543243e+06 1.322167714505656157e+06 4.724043185752292984e-01 1.872854510947798379e+06
2.361640640841031757e+00 2.865866873670556458e+01 1.717914448561536034e+01 9.808405456706605463e+00 2.545486371159755290e-01 2.297744744550853824e+01 1.351681461994810535e-27 1.124159585495293408e-27 4.919777889400564416e-28 5.070728207424327616e-01 6.716365383480424316e-28 8.498737241911890174e-04 4.626541126064857195e-04 4.446621855639230252e-04 2.896699124447328910e-01 8.333309409711420071e-04 2.495671168312282301e+06 1.185260503166901879e+06 1.450766560975644970e+06 3.085199786334066885e-01 2.398391074986399151e+06
4.104061062861748432e+00 2.247673422495054751e+01 8.040294116277095782e+00 6.065521425754880624e+00 1.807458271931031701e-01 2.013944615419867290e+01 9.836230649571427312e-28 5.774973622814190649e-28 4.311156834735871252e-28 3.706229859549566297e-01 6.833200298696652809e-28 8.812714746812998949e-04 2.740992414465640015e-04 2.729006482716684083e-04 1.405377842313050019e-01 8.752065702981447638e-04 2.688333904991827905e+06 7.691605045721419156e+05 1.236150952788495691e+06 2.088595725645292500e-01 2.604719240773311816e+06
7.132040716279185233e+00 1.958088329043250297e+01 5.871216666578785492e+00 2.831088821664714317e+00 8.918213538130120854e-02 1.879806253944973449e+01 7.511941520355628880e-28 7.557261124544813176e-28 1.563711481393003022e-28 2.062561417121840102e-01 6.002583549986968927e-28 8.748942137541781787e-04 1.761566209035143795e-04 1.457007502161874763e-04 7.870467313531050169e-02 8.683416575975837128e-04 2.703459374870516825e+06 1.443800402481924742e+06 4.405632184453560039e+05 1.220682390635329656e-01 2.459916569926254451e+06
1.239406626742427164e+01 2.040991029217012365e+00 3.816571911571755571e-01 2.087346032758243819e-01 6.272323487055540825e-02 1.968875130800773920e+00 7.343605924660395412e-29 4.222359217535474416e-29 1.125863516515882182e-29 1.665152301437470561e-01 6.001315647792238097e-29 8.462747170841010240e-04 1.557061530682369351e-04 1.239975224737777148e-04 6.836308117650528871e-02 8.322080356115706297e-04 2.583575379099635407e+06 9.112431750083332881e+05 3.389481129484963603e+05 1.097029167187831417e-01 2.325724669532149564e+06
