# R (Mpc), mean rho (Msol/kpc^3), errup (Msol/kpc^3), errlow, std, median rho (Msol/kpc^3), mean pth (Msol/kpc/s^2), errup(Msol/kpc/s^2), errlow, std, median pth (Msol/kpc/s^2), mean gas-mass-weighted metal (fraction), errup, errlow, std, median metal, mean gas-mass-weighted temp (K), errup, errlow, std, median temp  
#  nprofs 438, mean mh 1213046169997.626953, median mh 1186756582520.186035 
#  Mass range 12.00 - 12.2 
#  Nhalos 35
1.633845543166654105e-02 1.067840945945297281e+05 1.797838857258166536e+05 1.676342317550181542e+04 5.027730962165793960e-01 3.499372058353645843e+04 2.248228891477617578e-25 2.772661626098824975e-25 8.786375628465861931e-26 8.289868625205109032e-01 1.024560878921513570e-25 1.387508678493897495e-02 7.348599829029996491e-03 8.044420773323896282e-03 2.275234903625709126e-01 1.380961287831249627e-02 2.318080539568378299e+05 2.666490056965395343e+05 1.373815328618662897e+05 6.440710351398359901e-01 1.590007495022666990e+05
2.839298138963486026e-02 2.408673852864673245e+04 4.822466386704939941e+04 6.107161366170841575e+03 5.757332862961502817e-01 8.650028736891123117e+03 9.495858717430536225e-26 1.191869884225331969e-25 3.356909662988053573e-26 6.640669606015867643e-01 4.617265630636213792e-26 1.216799558145511585e-02 9.256592646886815934e-03 7.186985955668960535e-03 2.654539003183721824e-01 1.192247100669423937e-02 5.258835943374759518e+05 5.214405306786163128e+05 2.787534800811656751e+05 5.239501829321844273e-01 3.587652508322550566e+05
4.934134658957302355e-02 4.300865847692931311e+03 5.859681578740322038e+03 1.000860162734355981e+03 4.949639181771762209e-01 1.956601190185535188e+03 4.093426280380782910e-26 4.078541356719835779e-26 1.278500431963738061e-26 5.436932347315550640e-01 1.877372315132358583e-26 1.060905191492351497e-02 6.978840356508147699e-03 5.306304710045702325e-03 2.492067865706678320e-01 9.988498141768555397e-03 7.717090192290178966e+05 7.304497448016948765e+05 3.080828948114771047e+05 3.364528757851731333e-01 5.816903720328941708e+05
8.574543299497019988e-02 1.402365929470390483e+03 2.303856334907897690e+03 3.460820544075049270e+02 5.061432084158855593e-01 6.743149904023814543e+02 1.836586281736005583e-26 1.806452797009520199e-26 6.743034386391818812e-27 7.180838377818818952e-01 9.202471702610107709e-27 7.543646970439034892e-03 5.365875619173795553e-03 1.535229327974726304e-03 2.342794818670741741e-01 5.527551538860603179e-03 8.814608555818414316e+05 7.066300599038661458e+05 4.006666021331266966e+05 3.815333162635143882e-01 7.201022909446747508e+05
1.490084845201332109e-01 5.319097476272092990e+02 7.577101191398809306e+02 1.609519680137781279e+02 4.652462361044272243e-01 3.048043922783191420e+02 6.883471636697625599e-27 8.438715108199642615e-27 2.670142341312325176e-27 5.273086193596244753e-01 3.614387892910795193e-27 5.501982563658703793e-03 3.654083990828556165e-03 9.974571901932979476e-04 2.417523552608652482e-01 3.811193178151234262e-03 9.360641426325705834e+05 7.045440693026848603e+05 3.634268020063632284e+05 3.132454866315075859e-01 6.896146959694270045e+05
2.589470678897760059e-01 1.785920206465102353e+02 2.182216117500716450e+02 6.635042527049272110e+01 3.990230157299857749e-01 1.124470010162489899e+02 3.094596886776626328e-27 2.734629841630433489e-27 7.813161974622252506e-28 5.151149008468571822e-01 1.343054207740302274e-27 3.909272030771644008e-03 2.137435850697360241e-03 6.856480370557955714e-04 2.416574868680055055e-01 2.852496540896475984e-03 1.155347148767162114e+06 8.741044992623053258e+05 3.173267318212678656e+05 3.277829405052191114e-01 6.786998068952282192e+05
4.499984291810734116e-01 6.689990809459409604e+01 3.836803524141696187e+01 4.181006272315978833e+01 3.341865072183274887e-01 6.585945042902905300e+01 1.102425626806022908e-27 9.696786557032578166e-28 3.907712013870597544e-28 4.379498349062144746e-01 6.523820447603587292e-28 2.667332843403954438e-03 1.309627190376307006e-03 1.035632044215169158e-03 2.292795045389045272e-01 2.473564990692286598e-03 1.141662101310123689e+06 1.040066607997734332e+06 2.422417853524568491e+05 2.790207827356197545e-01 8.082179470823307056e+05
7.820076431667862815e-01 2.923209652058634944e+01 1.265357385716638916e+01 1.253017852973337831e+01 2.261853796635157898e-01 2.814387913647393802e+01 5.851180092928764938e-28 5.859081077340617216e-28 2.917191077715966777e-28 4.046520811769449000e-01 4.343233376158395219e-28 1.628370659988356145e-03 7.780118914203432504e-04 5.592155234354937929e-04 1.864425389582138326e-01 1.528486269585333131e-03 1.412306851432806579e+06 8.256564335898086429e+05 7.087061410604247358e+05 2.963187546166776154e-01 1.290797176945552230e+06
1.358973530383588368e+00 1.732564688486994342e+01 8.851046880069409539e+00 4.070282736878160890e+00 2.016600255398832697e-01 1.466851467885393312e+01 4.406021351010057987e-28 4.045602304244616651e-28 1.904609562011802826e-28 3.808695750699238602e-01 3.315175976164643721e-28 1.396396955384914028e-03 8.041318255302039048e-04 4.674450304885831558e-04 2.074343356507845348e-01 1.236266187614866322e-03 1.776354820757459151e+06 1.367285110989297275e+06 4.508681224157819524e+05 2.641813817940785736e-01 1.399248938481369521e+06
2.361625327349063497e+00 1.095618309242994393e+01 5.171539511653298504e+00 3.322997784990746162e+00 1.923857635104036234e-01 9.975064819042101405e+00 3.965424761334457262e-28 3.729041294108455935e-28 1.286311588775748914e-28 3.883370704813282059e-01 2.882080560637835209e-28 1.231732295210383405e-03 3.603670974922229542e-04 3.281966429571269925e-04 1.615890581244192881e-01 1.199376223525000854e-03 2.439602456377431750e+06 1.332695950044215657e+06 9.619344318882380612e+05 2.444248584673482938e-01 2.350838455909693614e+06
4.104034451062715583e+00 9.357394950233514308e+00 4.146874921353209231e+00 1.752683362244081167e+00 1.958469181091620770e-01 7.247108842633377179e+00 4.543356012117581711e-28 3.333553947556538919e-28 1.041411555012378288e-28 3.933332870998351716e-01 2.576554132808928691e-28 1.244988339463570142e-03 3.525092177896938135e-04 5.419866240305784566e-04 1.486043319416565089e-01 1.314361312913854551e-03 2.805375144682203420e+06 1.336214232102187350e+06 4.851829308467393275e+05 2.308971861999596087e-01 2.557610339720598422e+06
7.131994470272771558e+00 7.294821455607469751e+00 2.196733506357811727e+00 1.647306246206752256e+00 1.394114021574330564e-01 6.641470768297154770e+00 2.790530386246730480e-28 1.154991131785430526e-28 1.231157292268753604e-28 2.987399183520949575e-01 2.453497040977642387e-28 1.148210385498390790e-03 2.012083836190506174e-04 2.552591140723252383e-04 1.021664420781211863e-01 1.161899040126726252e-03 2.550474878298075870e+06 4.876324455353613012e+05 7.868302458978139330e+05 1.725095810272899433e-01 2.616584210860569961e+06
1.239398590107599851e+01 4.280172095613126615e+00 1.002598554911317663e+00 5.560823544484296832e-01 7.844432158086839246e-02 4.167133922129792722e+00 1.610425887266479890e-28 1.331532228732750717e-28 2.106442377505795532e-29 1.687404232127332204e-01 1.324013772648181514e-28 1.133114194026597259e-03 9.232217041930598778e-05 1.524906796857904232e-04 4.986521883972139246e-02 1.164132661805374405e-03 2.679943158287185710e+06 1.043559922184931114e+06 3.524591519095958211e+05 9.271739282685735606e-02 2.503788336272363085e+06
