# R (Mpc), mean rho (Msol/kpc^3), errup (Msol/kpc^3), errlow, std, median rho (Msol/kpc^3), mean pth (Msol/kpc/s^2), errup(Msol/kpc/s^2), errlow, std, median pth (Msol/kpc/s^2), mean gas-mass-weighted metal (fraction), errup, errlow, std, median metal, mean gas-mass-weighted temp (K), errup, errlow, std, median temp  
#  nprofs 445, mean mh 1339395631356.168945, median mh 1225589075203.606934 
#  Mass range 12.00 - 12.3 
#  Nhalos 47
5.932162445594626674e-04 2.513929966902039200e+07 1.540951726867063344e+07 1.083308692566120438e+07 2.082223499653033383e-01 2.381726403151847422e+07 2.367289273375186092e-24 2.075159626206895283e-24 9.225167925772957260e-25 3.459348883689759568e-01 1.983611472232069465e-24 7.045881728636358213e-03 3.924664897784337775e-03 5.023598242067208071e-03 3.718391409764705835e-01 7.057706319136533568e-03 1.047516267411777153e+04 2.381165118536879163e+03 2.870189323673790568e+03 2.607897758937177679e-01 1.072086219047270424e+04
1.030891681423026437e-03 1.047630036198925599e+07 1.137650006181316450e+07 1.864352441169895697e+06 3.590637348457223488e-01 5.169674449799899943e+06 3.998516990001821479e-24 4.159420198811744195e-24 3.878743041868836601e-25 7.960931293933868336e-01 6.013407620937722756e-25 1.005972560178152939e-02 1.005997610027174576e-02 2.672802637563246285e-03 2.869293501653813472e-01 7.709028117208352113e-03 4.018504285708099633e+04 7.793033302688758340e+03 4.483414231200873473e+03 5.528874106695048640e-01 1.422465099369771815e+04
1.791484418327772034e-03 7.472514522782297805e+06 1.135183423043947294e+07 2.433235456196788698e+06 5.586012392284124273e-01 3.148361088882421143e+06 9.431146937081663324e-24 8.907724728936456775e-24 3.926863972264207473e-25 1.065281914538411812e+00 4.550465034152687619e-25 9.805090284182797766e-03 6.201523663822487015e-03 5.117497468593700666e-03 7.561012488955747290e-01 9.887028153346601872e-03 2.743278756339489482e+05 5.635734403463803756e+04 4.786394595807503720e+03 7.313557156095085166e-01 1.340355110863756454e+04
3.113243106861596308e-03 5.103115249373595230e+06 4.802260336708744988e+06 1.495378211243388709e+06 5.099191511687733991e-01 2.719123947619106155e+06 9.115431623799850112e-24 9.532843927700130546e-24 4.323571354527483332e-25 9.547329094091535628e-01 5.212347615956839380e-25 9.980108670792317213e-03 6.044206784644963470e-03 3.022033232292414828e-03 2.178759360279449997e-01 8.968456385835153408e-03 6.536334676231231424e+04 8.815892376892257016e+04 7.728972791105999931e+03 5.342674193967851259e-01 1.731689885250430234e+04
5.410196451202359258e-03 3.179597330090179574e+06 2.351003361290820409e+06 1.291094666590772336e+06 3.006004525099249536e-01 2.623149915668511298e+06 3.497227020410916978e-24 2.977228693173064563e-24 1.584801436498950184e-24 6.867259631322574220e-01 1.847265930489760164e-24 9.595146182906853435e-03 7.895924645380577450e-03 2.966568262676767646e-03 2.275859917904053675e-01 7.709568172155564954e-03 8.547294303761700576e+04 7.788869044310186291e+04 2.899619837422594719e+04 4.802491416404494617e-01 4.253328649994744046e+04
9.401843876596392702e-03 1.049297987132533221e+06 1.022142234419381712e+06 7.165383585675886134e+05 4.685521351511560684e-01 8.670879072286102455e+05 1.195456041188175838e-24 1.165823189950820932e-24 7.081590037259132397e-25 7.899379700520493541e-01 8.642831080869552904e-25 9.006445527545446639e-03 7.206515254128914236e-03 2.652491780404797085e-03 2.422623418104419557e-01 7.020288656613660541e-03 1.323340595974208263e+05 1.854703829501747387e+05 4.594093221291436930e+04 5.420231804847663870e-01 6.332727034725713020e+04
1.633853208052144651e-02 2.431605426159073832e+05 2.876897794386972673e+05 1.203329625645525375e+05 5.518569592220023967e-01 1.546684616097465332e+05 5.752253888934815769e-25 5.711223116600160588e-25 3.650501753587133499e-25 7.273528340825160532e-01 4.685684908429769624e-25 7.814995585377631712e-03 5.354645412858956982e-03 2.559631768907736672e-03 2.330197448638361979e-01 6.347388647310932969e-03 2.470184361759096209e+05 3.512049340587134939e+05 8.157644676076408359e+04 4.769549292031327603e-01 1.483216666703977389e+05
2.839311459007843805e-02 4.803852911505752127e+04 7.062302591957873665e+04 2.438590393394953935e+04 6.086093296534782482e-01 3.078196931232209317e+04 2.263548068965717671e-25 2.062204995334135994e-25 1.392009574389238620e-25 4.537069345371037010e-01 2.070840722053613656e-25 6.814931133784238662e-03 5.258885706454671273e-03 1.744058441767027193e-03 2.152579782690659804e-01 5.457459670095699857e-03 5.644275114694293588e+05 4.403979853054868872e+05 2.791961199774248526e+05 3.468394136526882221e-01 4.800196975738451001e+05
4.934157806541426133e-02 1.037716140147871374e+04 8.309452817535266149e+03 7.442015364519660579e+03 5.457658409004728650e-01 9.341746897470888143e+03 8.481967335664870038e-26 5.968414152216791896e-26 3.712742658716271586e-26 4.331752381889606984e-01 7.503825644943433251e-26 5.460607911658695718e-03 2.381795571675655518e-03 1.489755723508102113e-03 2.164104440558577702e-01 4.770473343252171379e-03 8.276469493299110327e+05 7.120519803296969039e+05 2.957245197584131965e+05 2.780967966237898326e-01 6.339743282707586186e+05
8.574583525387895200e-02 3.582102404440116061e+03 2.371803992530416508e+03 2.474610303336540255e+03 4.690354614996049554e-01 3.361286447081603001e+03 3.155483864989394156e-26 1.802007541623989757e-26 1.261152750489935514e-26 3.484742432251800581e-01 2.784487950119202714e-26 4.190805891144535472e-03 1.370475495344330129e-03 1.536376892682889302e-03 2.056939982650033139e-01 3.983766176751928761e-03 8.562402946712917183e+05 6.204297136988583952e+05 3.422902052519151475e+05 2.662669516288425631e-01 7.261020737390441354e+05
1.490091835659981823e-01 1.203393625889342275e+03 8.050893123884327451e+02 7.795372721223960752e+02 3.893227705088210810e-01 1.135877079104196810e+03 1.070700506600275804e-26 6.187629416618647859e-27 3.530261563979522112e-27 3.004116030492055556e-01 9.338746868524315077e-27 3.161390295195677397e-03 1.408009623619541854e-03 1.141192275204114780e-03 1.957748043318018882e-01 2.810157377574560352e-03 8.168199422417751048e+05 6.756376827984430129e+05 2.494684780352934031e+05 2.597428891241806426e-01 6.378330151360210730e+05
2.589482826922595571e-01 3.627117026328438101e+02 1.569361869417665503e+02 2.311008405701288666e+02 3.178307554388830614e-01 3.808051177333981059e+02 4.164796518647480875e-27 4.035397203420425218e-27 1.338478265092452291e-27 3.393849895397131888e-01 2.861646323448352788e-27 2.320558660831855725e-03 1.255475169159340001e-03 9.230459902103904050e-04 2.158450457444134607e-01 2.207878692944031940e-03 9.373475378431926947e+05 8.116146616605193121e+05 3.175676600839218590e+05 2.815505009706887329e-01 7.072259260117978556e+05
4.500005402658359133e-01 1.144172600628795209e+02 5.164188762398929100e+01 4.143595775975636286e+01 2.415702441676927936e-01 1.096375819503041527e+02 1.822377424487085894e-27 1.226108460051947295e-27 6.383577853314999607e-28 3.410880448705315149e-01 1.347587552304415458e-27 1.712157890495669132e-03 8.884003202490405211e-04 5.845168564281100557e-04 2.139759178234741099e-01 1.541915333748192316e-03 1.198952493594802683e+06 5.538568505291967886e+05 4.052051950009720167e+05 2.702554991025498121e-01 9.841870340448956704e+05
7.820113118116359674e-01 4.976725480988093864e+01 2.104423974762971739e+01 1.229157040572584236e+01 2.061106715812601742e-01 4.335383695315397290e+01 1.182998348979559768e-27 8.407532770593965357e-28 4.817624612490927259e-28 3.776024826301428994e-01 8.933093969805432401e-28 1.242483480059567141e-03 5.665627532824106787e-04 5.117081253620417523e-04 2.768902991555961535e-01 1.155959952274848409e-03 1.769578650551205268e+06 9.453098514011066873e+05 8.783720863622451434e+05 3.123541437325009773e-01 1.574716705686534522e+06
1.358979905757649043e+00 2.592241561210121503e+01 1.571663168358863416e+01 6.504917350989625646e+00 1.961899819461450922e-01 2.178539945244139986e+01 8.801527376293475639e-28 8.337623291737472106e-28 4.960667797223034971e-28 4.016962283094546726e-01 7.293870302031813010e-28 9.915215774825415860e-04 4.980612934037649889e-04 4.599473408529361463e-04 2.450353693036151637e-01 9.167334987091339728e-04 2.443315969844452571e+06 1.567420372891435400e+06 1.143041058892587665e+06 3.028055510594217514e-01 2.107202319124280475e+06
2.361636406479389549e+00 1.874170440948145355e+01 1.078333361997786710e+01 6.739877418627783001e+00 2.014803698602497528e-01 1.673326226743539280e+01 7.193300315802124362e-28 6.518164497683428986e-28 3.329867249772695034e-28 3.852063220833508717e-01 5.940365427457095716e-28 1.083997130835976340e-03 6.340409319860232894e-04 4.791276161854437967e-04 2.191673987096586507e-01 1.012547764687983217e-03 2.621826363564500585e+06 1.196511449278405868e+06 1.239447205102292355e+06 2.385164312392895891e-01 2.627270926581144333e+06
4.104053704384576839e+00 1.665103002664393728e+01 6.583233823014881025e+00 3.744398724425385794e+00 1.916900450808418643e-01 1.342783228824022324e+01 8.360919596879857709e-28 3.125215838388299232e-28 3.121862376512876455e-28 3.859705559475201109e-01 5.627104830690853219e-28 1.125058694376612593e-03 3.540801413507025167e-04 3.114549263534983209e-04 1.288811771360510172e-01 1.111165095392027506e-03 2.951047718580226880e+06 6.256613918008403853e+05 1.127439125246105716e+06 2.131836932796222217e-01 2.791404096880541183e+06
7.132027928711459630e+00 1.224489569497812624e+01 2.994541292288259271e+00 2.082081188480694678e+00 1.051578138968859710e-01 1.172210509266481715e+01 4.592440591543271206e-28 1.111407117388742503e-28 1.936386558900769002e-28 2.035196450797117640e-01 4.438398249028581326e-28 9.791242346870905611e-04 1.131433562178043965e-04 2.446136174853923238e-04 1.003748266445858434e-01 1.025688243629734302e-03 2.674587326189072803e+06 3.917802828648430295e+05 7.318080210847910494e+05 1.094919481274937989e-01 2.734700537912148051e+06
1.239404404517848235e+01 4.627768338644382418e+00 6.433859326250388477e-01 4.055771746467691230e-01 5.510304906960861865e-02 4.519354883747829454e+00 1.644473885180680952e-28 1.105575742511948543e-28 2.538955228323304284e-29 1.432128850016119170e-01 1.424202464513156500e-28 9.689955277951329583e-04 1.464078392654099723e-04 9.121818131684175570e-05 4.812140264293746778e-02 9.510836003769333096e-04 2.578433819045414217e+06 9.662023966099494137e+05 3.414187006563744508e+05 9.075854661049545524e-02 2.431549422774512321e+06
