# R (Mpc), mean rho (Msol/kpc^3), errup (Msol/kpc^3), errlow, std, median rho (Msol/kpc^3), mean pth (Msol/kpc/s^2), errup(Msol/kpc/s^2), errlow, std, median pth (Msol/kpc/s^2), mean gas-mass-weighted metal (fraction), errup, errlow, std, median metal, mean gas-mass-weighted temp (K), errup, errlow, std, median temp  
#  nprofs 456, mean mh 2025317407368.441162, median mh 2034906288707.439209 
#  Mass range 12.21 - 12.4 
#  Nhalos 25
1.633856137514670334e-02 2.596926937638153031e+05 2.135190024577843142e+05 2.040697963418042054e+05 5.800576351910224915e-01 2.405370381841463968e+05 9.609311546162288174e-25 9.747304726956886775e-25 6.478343403841041619e-25 4.083254324900026377e-01 8.573421791204285793e-25 8.674076829144630740e-03 5.196298977759842078e-03 2.924003680086119904e-03 2.177280873762091895e-01 7.880418770660630942e-03 5.237538332287429366e+05 4.372492193906233879e+05 2.252825077531869174e+05 4.450469465629341426e-01 3.457736853012489155e+05
2.839316549830248754e-02 6.410402364207531355e+04 8.630018343700253172e+04 4.041135948539918172e+04 5.903799443089881027e-01 4.935132159102743753e+04 4.213254369575604513e-25 2.980019786128237470e-25 2.456122633322902842e-25 4.308789194519567767e-01 3.820843475075166508e-25 7.017564667950340444e-03 4.289439961862077759e-03 2.140371444782319769e-03 2.021761339442263716e-01 6.064402501051494553e-03 9.745622194930533879e+05 1.342464635525322519e+06 4.061787538409007248e+05 4.308020696430282515e-01 6.919426690936282976e+05
4.934166653376820949e-02 1.761545613524219516e+04 2.173956221611775254e+04 3.462723898534645741e+03 5.583320190937692828e-01 5.850053575757934595e+03 2.009018676825785504e-25 1.431244737349303035e-25 1.104534421594619575e-25 4.310634267958105559e-01 1.744168284611416047e-25 5.872150466911764920e-03 3.283950366720730062e-03 1.168363804629746032e-03 1.717973223321969944e-01 5.141066473352160111e-03 1.491688092550861649e+06 1.344213902710594470e+06 6.283602137321396731e+05 3.389856792833650934e-01 1.102978940548777347e+06
8.574598899425776855e-02 5.613924253447989031e+03 9.906623022081390445e+03 1.407206665640103211e+03 5.002314041745969941e-01 2.652849660780406339e+03 8.790442491983352699e-26 3.784517642730439315e-26 3.761496315268666934e-26 3.889046117965200833e-01 7.059817381208346396e-26 4.303173894581459671e-03 1.844574107203398802e-03 1.173777360565116806e-03 1.899537694232475982e-01 4.163001599328244526e-03 1.837863900049053831e+06 1.368917785732779885e+06 8.781114942091254052e+05 3.492703650060821619e-01 1.376197450605019229e+06
1.490094507361558740e-01 1.694096630377967585e+03 1.823800752900260704e+03 8.305990403897474152e+02 4.088479813634786075e-01 1.351660018040282921e+03 3.253007559179213636e-26 1.588533122311944419e-26 6.000546751452519916e-27 4.127351381499735350e-01 1.939416304089519763e-26 3.123056978924878147e-03 1.060933846767806062e-03 1.149702160575562238e-03 1.822526751281493551e-01 3.032041592985485444e-03 1.541001914162768517e+06 1.043789786848593038e+06 8.616003719228885602e+05 3.025542045725230222e-01 1.381447304383880924e+06
2.589487469807810194e-01 5.193238520422023612e+02 1.660994696309304572e+02 2.697439991074913905e+02 2.921496122779239091e-01 5.303316872524970904e+02 1.143429083822801771e-26 1.052088771692490693e-26 2.827220217866561516e-27 3.960546724578728472e-01 6.006538685691719259e-27 2.291185267257855439e-03 8.004719732389560874e-04 6.502929420004581202e-04 1.894646788590093611e-01 2.151756149037700478e-03 1.530815322819723981e+06 8.877945432424512692e+05 7.769282795653489884e+05 3.089310340081425910e-01 1.293046528378560673e+06
4.500013471068133319e-01 1.809348971892380860e+02 1.039683633607171203e+02 5.583218166489993450e+01 2.331364227029206204e-01 1.527192968716304051e+02 3.206160547913197543e-27 3.028178363751737194e-27 1.215650761772105853e-27 3.488372398245995765e-01 2.232079904573523514e-27 1.706766987043125371e-03 9.134680272098218146e-04 7.732956894198437115e-04 2.539501201115808016e-01 1.522952003026218325e-03 1.382501725276488345e+06 9.248306966460540425e+05 4.694222375905527733e+05 2.969315188673801176e-01 1.094916567874226021e+06
7.820127139405553818e-01 7.941098887991915944e+01 4.782111218637489003e+01 1.322275346946364039e+01 1.802986465093966428e-01 6.725077281937986129e+01 1.751188944433436983e-27 1.481713835996623289e-27 7.303084597736997753e-28 4.052903172978301050e-01 1.394500924804270639e-27 1.458820488201979055e-03 6.882566666452996640e-04 7.687576093429518680e-04 3.349173587462215829e-01 1.223551280099397041e-03 1.692253484433735022e+06 8.305420644661397673e+05 6.806941990842983359e+05 3.509518231285134182e-01 1.435855246344149578e+06
1.358982342378446839e+00 3.941263537889152957e+01 1.513969403353141274e+01 1.007941377266280369e+01 1.675027151307414974e-01 3.656018587023511657e+01 1.358518117868417737e-27 1.698150363256029258e-27 5.361609871372918313e-28 4.101038709817079742e-01 9.888176856701322171e-28 1.015450737272872083e-03 6.430138962059563481e-04 4.387093050227352229e-04 3.284441069589645323e-01 9.156461582080142837e-04 2.320624490748814773e+06 1.775333972999523859e+06 1.130705527686368907e+06 2.925913487540318658e-01 2.112380061590671539e+06
2.361640640841031757e+00 2.766653103642683931e+01 1.137382995184498924e+01 6.285474803957431078e+00 1.549291962319262195e-01 2.527925685124321120e+01 1.107558026097955154e-27 1.140318100517610372e-27 4.673645902073253908e-28 3.246531148512011300e-01 8.481659408484939510e-28 9.989611960543431490e-04 3.643701266192590597e-04 2.330971756436859372e-04 1.441878603557752159e-01 9.606950356241786455e-04 2.735998688374325633e+06 1.521520341381539125e+06 1.341041333369514206e+06 2.132184812557807452e-01 2.606973786707988940e+06
4.104061062861748432e+00 2.220979771814053549e+01 8.364305093998297025e+00 5.890479011054335245e+00 1.427959818035450246e-01 2.052500493189785047e+01 9.112063204397227713e-28 2.640239213898586062e-28 3.970997721811581981e-28 2.674327274054282277e-01 8.393339645370282023e-28 8.893164307787536187e-04 2.120914736195157572e-04 1.403136848591502762e-04 1.011661230824273949e-01 8.717319591120896004e-04 2.839764148201614618e+06 5.418020834181043319e+05 1.054854933696203865e+06 1.629831200107683953e-01 2.860559242113876157e+06
7.132040716279185233e+00 1.849996546070870806e+01 3.702542605339960602e+00 2.767778162102333184e+00 7.648513772045904824e-02 1.830004393299793009e+01 6.715552874803082275e-28 3.636931719068829292e-28 1.203509764112688458e-28 1.762275153774332526e-01 5.485186381102845206e-28 8.444813038479037680e-04 1.369274065592184864e-04 1.347138460131746185e-04 6.859117410325805964e-02 8.275287235539047345e-04 2.591539804725892842e+06 6.627338728629625402e+05 3.564700572682435159e+05 1.023915525800229154e-01 2.410894681918140035e+06
1.239406626742427164e+01 5.613811798572057477e+00 6.273607949330237687e-01 7.113697155702425334e-01 4.639676963593416387e-02 5.635349230650685826e+00 1.966270445759759736e-28 1.205320718059738666e-28 4.521610230776153590e-29 1.427259303126080514e-01 1.768506122942783184e-28 8.322170156558440302e-04 1.300969786712919112e-04 8.905570068035574376e-05 5.328343997481484878e-02 8.260191102665191080e-04 2.555477724405827466e+06 1.152741051916382276e+06 4.162313725686504040e+05 9.778716976953917561e-02 2.362592028034359217e+06
