# R (Mpc), mean rho (Msol/kpc^3), errup (Msol/kpc^3), errlow, std, median rho (Msol/kpc^3), mean pth (Msol/kpc/s^2), errup(Msol/kpc/s^2), errlow, std, median pth (Msol/kpc/s^2), mean gas-mass-weighted metal (fraction), errup, errlow, std, median metal, mean gas-mass-weighted temp (K), errup, errlow, std, median temp  
#  nprofs 463, mean mh 4115085815300.220703, median mh 3294830367739.589844 
#  Mass range 12.30 - 13.1 
#  Nhalos 34
5.932171770859670339e-04 8.695949838243122399e+07 2.906342394864048064e+07 1.318778690510771796e+07 4.236082722410541290e-01 3.376445381232302636e+07 6.047345269786474034e-22 1.560415860046792949e-22 3.408813221511491105e-24 1.072999317100443051e+00 5.336594131187391446e-24 1.553565445674835732e-02 1.022746941336329443e-02 6.532705880459137651e-03 2.405897342840130071e-01 1.444281487804280686e-02 1.753969888552461343e+05 4.380135852468368248e+05 6.082598555667158507e+03 7.285350227103972731e-01 1.716568551258236403e+04
1.030893301968358478e-03 2.435190162474599108e+07 2.056965001128363609e+07 4.785345263456094079e+06 4.720783324265144798e-01 9.443490742425328121e+06 1.237210650661568882e-23 1.558695014302795251e-23 2.117337331294957146e-24 7.525473296099767229e-01 2.810444538805866008e-24 1.555798428043099306e-02 7.426925128814126920e-03 4.713953398576926565e-03 2.786380066579394188e-01 1.262804801788685455e-02 7.120200431067988393e+04 6.331724679410840326e+04 9.430859945348227484e+03 5.174899043437936053e-01 2.142937773586276671e+04
1.791487234512792676e-03 7.531535870948153548e+06 8.184156741855430417e+06 1.598475875235966872e+06 3.525941928112069634e-01 4.241916748817306943e+06 1.847410699445100923e-23 1.680080028379004454e-23 1.134180460042671855e-24 9.047673451260309641e-01 1.335930709503750483e-24 1.661559539976787542e-02 5.646337412410516732e-03 9.589420831471422504e-03 2.257859718820565409e-01 1.843241835809809881e-02 1.294305500083135412e+05 3.312546002788502956e+05 1.019141067218087665e+04 6.581464222106034878e-01 2.031462792250488201e+04
3.113248000830259356e-03 3.088221767377865966e+06 2.307946307265667245e+06 1.494415689207414631e+06 4.322535442144808115e-01 2.567293132757388987e+06 1.079040307049490268e-23 7.072179801521003884e-24 3.644078267915035477e-24 9.597610415672422901e-01 3.788414838008095048e-24 1.784446446742843015e-02 4.712583972118381676e-03 7.155583787924043801e-03 1.690810234708394200e-01 1.841815760878712238e-02 3.113594624016041635e+05 3.944343540627735201e+05 9.413744758846408513e+04 7.533150931424442698e-01 1.064189856000775762e+05
5.410204955945158156e-03 2.272016313035110012e+06 3.344272987248292193e+06 1.180812107529238332e+06 6.519392825165527539e-01 1.360985392399159959e+06 4.990962380255464882e-24 5.575604939015199232e-24 2.055727395744863755e-24 1.066385198107326016e+00 2.088119806591590773e-24 2.055719775412595540e-02 4.337019160377906385e-03 8.482308520731118850e-03 1.607173821764593946e-01 2.208882111928548928e-02 3.542395461368947290e+05 1.249426055758113362e+05 3.852755428120422584e+04 6.586719014164237329e-01 5.258952644717383373e+04
9.401858656145479012e-03 4.008460263450399507e+05 4.911112103424490779e+05 2.613214968893961050e+05 5.781358924705435332e-01 2.961926303844523500e+05 7.500426821674304774e-25 8.914551480597345755e-25 4.593431912967768758e-25 8.202996424515797136e-01 5.066296989637048177e-25 2.036093302495533414e-02 5.317460813002300446e-03 7.917014771436480663e-03 1.736940909996608495e-01 2.081946137567995680e-02 3.997625429198874044e+05 3.321943744028118672e+05 1.101063086604228301e+05 6.771340293126094645e-01 1.263512285896418907e+05
1.633855776443408903e-02 7.664777894021812244e+04 1.008351452684889227e+05 2.428560873873527817e+04 5.148130886341801826e-01 3.503578903503027686e+04 4.479210480305042372e-25 6.247547338354935255e-25 1.660715486731427014e-25 6.594523871030547602e-01 2.671466637453425392e-25 1.748674848921347516e-02 6.968089778170257625e-03 9.658901475667143813e-03 2.132532679171082468e-01 1.783332693417752357e-02 1.029975290955934091e+06 1.570750391855192836e+06 3.810927978583910153e+05 6.791185501250723844e-01 4.726810785104139941e+05
2.839315922360311981e-02 1.198417592065130339e+04 7.248198722989583985e+03 5.266260023355531303e+03 3.846721945934271081e-01 8.902557671709200804e+03 1.967285094984727523e-25 1.915278466561647001e-25 8.795174337085950511e-26 3.915949937040771878e-01 1.512627835362457718e-25 1.512806545660261640e-02 6.036831219378958890e-03 9.025930229382677500e-03 2.390007755966274405e-01 1.598529492054609480e-02 1.779956682917633327e+06 1.271240504024370108e+06 7.260275910100694746e+05 4.464145338241432004e-01 1.287195377249356359e+06
4.934165562959044737e-02 3.982510635501017077e+03 3.159962663251099002e+03 1.308639488936050839e+03 3.462851014772711511e-01 2.807831533895927350e+03 1.272468497595307927e-25 9.497641741038929111e-26 3.301511276473001928e-26 3.646498895070079960e-01 8.094398017231984065e-26 1.152875252341868141e-02 7.465209953484024802e-03 4.664068473596484458e-03 2.762323337175517923e-01 1.072600362798922444e-02 2.959400683875180315e+06 1.928494324564148439e+06 7.436612144425678998e+05 3.583861036880632289e-01 1.886750719610498054e+06
8.574597004496860297e-02 1.858949519563890135e+03 1.457030348919680364e+03 6.658622217866828805e+02 2.869268597867189463e-01 1.503955731122144698e+03 7.015724310647185824e-26 5.061594450838101722e-26 2.898022614414898932e-26 3.521658110452863810e-01 5.289050114758958057e-26 7.844616628104398789e-03 5.836974808526018688e-03 3.785931232596464417e-03 2.983568122966540614e-01 6.769784002772605974e-03 2.908055350523672998e+06 1.958562835379024502e+06 1.267841367761521600e+06 2.940486551622605860e-01 2.346629697892047931e+06
1.490094178060654695e-01 9.346903101796176543e+02 9.157566594494767287e+02 4.050836218634401575e+02 2.936549845485336152e-01 7.857819473918734730e+02 3.239864764619152830e-26 3.267595116724000158e-26 7.882368754170458225e-27 3.496278943422195806e-01 2.033802404615035007e-26 5.256063800208025764e-03 5.696569672186197614e-03 2.134108408416837254e-03 2.792073683579067156e-01 4.205550546876907214e-03 2.574654177289485000e+06 1.506115136900705751e+06 1.072163886895801639e+06 2.608725278645164791e-01 2.190883855883256532e+06
2.589486897548426425e-01 4.288022279938812176e+02 1.902303933243337042e+02 2.080526626944576662e+02 2.465107087244473583e-01 4.175218547847920263e+02 1.411464041932454661e-26 1.456200467629943275e-26 3.872675430036516791e-27 3.506114671277648642e-01 9.149752222083488142e-27 3.601869010691773586e-03 3.790762809372687399e-03 6.833002619178090223e-04 2.182608461668883726e-01 2.728619851997847977e-03 2.314698852712463122e+06 1.568803404870601837e+06 8.588624520812403644e+05 2.637833253717483672e-01 1.872853838436886203e+06
4.500012476595302013e-01 1.846824331001118651e+02 7.113631504015569362e+01 7.107997799124504468e+01 2.243174031732810270e-01 1.755283591342586078e+02 5.766449451882419758e-27 6.676306607215370472e-27 2.198770424683003973e-27 3.729334988995969824e-01 3.843677089663479145e-27 2.713900289317028227e-03 1.680572489874818196e-03 1.235396166597271502e-03 2.398884314350708813e-01 2.455143283509558187e-03 2.015800965278397081e+06 1.517622815313087776e+06 5.060229490182138979e+05 2.372331984716783693e-01 1.598825464930095244e+06
7.820125411209841726e-01 6.916340002698920841e+01 1.653046987898696329e+01 3.000754056683384619e+01 1.638665031974777531e-01 7.206698783470008607e+01 1.959744534248263743e-27 1.274411926190264503e-27 7.951936346620127799e-28 3.133680181640737805e-01 1.585806962315700735e-27 1.978807730922957971e-03 9.149475175490482618e-04 8.489218968593160736e-04 2.179045609849731835e-01 1.912789254267291709e-03 1.980409948162965942e+06 1.302443451696791686e+06 9.128530082233257126e+05 2.447776542622156215e-01 1.821244896479324438e+06
1.358982042052452988e+00 3.262967214091654711e+01 1.367766334312335275e+01 6.870313101092026642e+00 1.377734312541014916e-01 2.979518898165043694e+01 1.019359819985905750e-27 9.667527953938646044e-28 4.655392944580562566e-28 3.488538539413471584e-01 8.293925354762179964e-28 1.548012229272348805e-03 3.873383105168336921e-04 5.336243256318083140e-04 1.465487809593215285e-01 1.607423964121815988e-03 2.159668968563694041e+06 1.428890558378262445e+06 9.286888142126617022e+05 2.650594494876702956e-01 1.919892220422358252e+06
2.361640118934270394e+00 1.975249390335475042e+01 6.632850079768136453e+00 7.493387025438984494e+00 1.569656078474209460e-01 1.947752039855731354e+01 7.381743059343923737e-28 5.120067751965560732e-28 3.779713780936040826e-28 3.625864607783281790e-01 6.554903988431507851e-28 1.284092812182632479e-03 5.148980450073016666e-04 4.026131094391285654e-04 1.440102701313389910e-01 1.247301972085892172e-03 2.526215355390407611e+06 1.141838033887726720e+06 8.998977766451842617e+05 2.344197527601409869e-01 2.494196490654161666e+06
4.104060155891746220e+00 1.330867148805649869e+01 3.842982514669390781e+00 4.129831660120036219e+00 1.268381072990226732e-01 1.313068821186227808e+01 5.085224523851529914e-28 2.182433233562517762e-28 2.299011138805873795e-28 2.528748052142771874e-01 5.060867585014749270e-28 1.100898498924377401e-03 1.781787122152162471e-04 3.041891932865569640e-04 1.063155106470838329e-01 1.124794671695270726e-03 2.740509898428681307e+06 6.856636645543496124e+05 8.719521299772390630e+05 1.544941580155866634e-01 2.881662513552943245e+06
7.132039140145964851e+00 1.168156008502049836e+01 4.004774820250938561e+00 2.692767390717152765e+00 1.335453747134916491e-01 1.096135473395585258e+01 5.149548688489474678e-28 4.578003443503497467e-28 9.804678519606159516e-29 2.883201226187258048e-01 3.893874735858203045e-28 1.134923523756197622e-03 1.046506362464751788e-04 1.660446922100362096e-04 9.357490652134207998e-02 1.149115376474781069e-03 2.941959217560467310e+06 1.399375815218107775e+06 3.591266186594418250e+05 1.594094447254803537e-01 2.707100723023550585e+06
1.239406352841865555e+01 3.789081559130896171e+00 7.971601469774434179e-01 5.660338650410272621e-01 7.414771081189354407e-02 3.710803334801044073e+00 1.486246421964873896e-28 1.436753307602431468e-28 2.451572723035404854e-29 1.870875168874744365e-01 1.182542896177430706e-28 1.059103630306013370e-03 1.863875728386474914e-04 9.907743268934804219e-05 5.675984786310932229e-02 1.029293078337224863e-03 2.768958743308234960e+06 1.572386850837918464e+06 2.515090385908065364e+05 1.153664650823445631e-01 2.435372416994570754e+06
