# R (Mpc), mean rho (Msol/kpc^3), errup (Msol/kpc^3), errlow, std, median rho (Msol/kpc^3), mean pth (Msol/kpc/s^2), errup(Msol/kpc/s^2), errlow, std, median pth (Msol/kpc/s^2), mean gas-mass-weighted metal (fraction), errup, errlow, std, median metal, mean gas-mass-weighted temp (K), errup, errlow, std, median temp  
#  nprofs 434, mean mh 211046077272.429901, median mh 197937854123.957520 
#  Mass range 11.00 - 11.5 
#  Nhalos 179
5.932171770859670339e-04 9.007658472248354554e+07 1.011821481313259900e+08 3.606448694951248169e+07 4.006281372318410416e-01 5.967161693376761675e+07 2.430166307022772009e-23 3.233346445223453316e-23 1.017901718379356912e-23 5.478553439283631032e-01 1.342580724973050675e-23 1.987358319558576916e-03 1.458486125328369801e-03 1.533177681469893904e-03 4.155314621381748785e-01 1.975252821555420740e-03 1.817960157151004023e+04 4.072492768941086979e+03 3.545112382142358911e+03 1.308349119223787271e-01 1.791938273628010575e+04
1.030893301968358478e-03 5.626439146341573447e+07 5.563465225206853449e+07 2.444954188416844234e+07 3.701964243226288920e-01 4.021977560509212315e+07 1.246589245949455886e-23 1.382562821329605777e-23 6.412182580946756073e-24 4.800761055227744656e-01 8.695601957565885722e-24 1.731254900782542086e-03 1.398923479039191394e-03 1.186373835877427285e-03 4.056623605208082850e-01 1.588914035628026002e-03 1.634611937493070764e+04 3.082776120669745069e+03 2.371499216197242276e+03 7.251495460481874322e-02 1.612308887674801190e+04
1.791487234512792676e-03 2.532263974705493078e+07 2.075186045531794429e+07 1.108587550402677618e+07 3.059364731256417058e-01 1.981604836686241627e+07 3.898040259548458479e-24 3.726093850826755314e-24 1.828384910359820144e-24 3.600914375876216322e-01 2.931797413576888068e-24 1.545294583963264037e-03 1.317885648899294083e-03 1.086152908841420475e-03 4.093495471822227727e-01 1.421784281431019703e-03 1.377262361272873204e+04 2.499871491529334889e+03 2.250926762539722404e+03 1.017608869818980716e-01 1.334281507903510283e+04
3.113248000830259356e-03 7.305775489538773894e+06 4.381598754842867143e+06 2.047473858112252317e+06 2.040982709104187387e-01 6.345358320149506442e+06 7.779681877797365718e-25 5.657595894500838474e-25 2.337428414369323042e-25 2.720102009057096537e-01 5.781069622046966431e-25 1.431071871721252596e-03 1.349931379117460476e-03 9.564371018548448481e-04 4.253952378431808956e-01 1.262063889742503966e-03 1.140716129822513358e+04 2.525565738137336666e+03 3.876713948158485437e+03 1.358180457573152644e-01 1.143352130402739931e+04
5.410204955945158156e-03 1.820178618267841171e+06 7.027938442468247376e+05 5.747992118730912916e+05 1.946213743829204312e-01 1.788269696726979688e+06 2.081248442667004289e-25 1.722202133779499586e-25 7.834192267823185676e-26 3.137052773371229453e-01 1.603663636218228862e-25 1.300574648783625869e-03 1.251793156116356347e-03 7.979346531332446799e-04 4.478104102040686985e-01 1.071968291255600983e-03 1.226167470579861583e+04 3.871815170701131137e+03 2.267494652566374498e+03 1.463479281710188540e-01 1.086810565370915538e+04
9.401858656145479012e-03 3.528995173405510723e+05 2.754787328526886995e+05 1.644204186807938386e+05 2.935510975956499569e-01 3.032121463380623027e+05 6.657489080635993330e-26 6.059935696437064196e-26 2.882337340694417538e-26 3.766426992207269620e-01 4.963202298418111203e-26 1.227313935070351936e-03 1.146064316793638654e-03 7.152018270358656256e-04 4.303131325915224847e-01 1.002757826468645211e-03 2.052459814520735017e+04 1.790761327721341149e+04 4.030218572771533218e+03 2.598149768928576520e-01 1.384824426941569618e+04
1.633855776443408903e-02 5.464296719145341194e+04 4.709927383905555325e+04 2.242759664681276627e+04 3.267167730588544372e-01 4.217978268413115438e+04 2.971135454786037306e-26 2.408503553900746141e-26 1.231452567608244657e-26 3.336323234958300521e-01 2.339176777096635041e-26 1.219465483007940373e-03 1.146678303851437434e-03 6.079294599360164641e-04 3.877031200027102331e-01 9.664366027939793246e-04 5.727031631145007850e+04 5.511806299282750842e+04 2.545306966246927914e+04 3.363691084329998859e-01 4.378656873365757201e+04
2.839315922360311981e-02 1.167114147337873874e+04 8.514596850430038103e+03 3.917498082944874113e+03 3.003538005791703824e-01 9.249587418428769524e+03 1.583344270162567797e-26 9.393652444518305672e-27 6.502173625703034868e-27 2.848519108600091054e-01 1.396007332361097389e-26 1.083595341880818491e-03 9.119914631182905870e-04 4.984003176686767084e-04 3.362052035024192254e-01 8.701494434974551976e-04 1.248342566905864369e+05 7.512312648063008965e+04 5.811521230241310695e+04 2.815843236882445422e-01 1.121694390535285493e+05
4.934165562959044737e-02 3.411792105596209694e+03 2.312880178371654893e+03 1.073719706888199653e+03 2.676527957354222220e-01 2.816951260257108970e+03 6.424368318017739880e-27 3.767236060515191819e-27 2.462892741976278246e-27 2.894810187115340328e-01 5.944470355619339715e-27 8.573889865506294358e-04 7.323124538484626547e-04 2.750643811595560062e-04 2.892815449065863631e-01 6.504108326995210188e-04 1.572060995731298171e+05 8.632813762184698135e+04 4.542065907286742004e+04 2.117165951672129731e-01 1.403695597345253045e+05
8.574597004496860297e-02 9.940158007560798978e+02 5.519685736985107951e+02 2.432317462959503018e+02 2.434239943064767653e-01 8.429669540945236577e+02 2.633482688471069501e-27 2.370683611720542668e-27 9.129894195641326607e-28 3.508168728246288670e-01 1.951001795461352246e-27 5.713721020739785054e-04 3.830576460266457142e-04 2.019028984680080064e-04 2.697021956781860408e-01 4.528006283762590683e-04 2.108180718441113131e+05 1.395043396436256589e+05 5.349124508659215644e+04 2.630223601896483632e-01 1.510848198574060807e+05
1.490094178060654695e-01 3.141720252079227294e+02 1.780035910268629209e+02 9.097200709083992365e+01 2.311286664315060635e-01 2.723052144882655625e+02 1.373006870598750239e-27 2.005337543133759520e-27 4.667052990470729187e-28 4.192904257184502659e-01 7.738338061166851719e-28 3.774883648878255091e-04 1.915683937895162740e-04 1.199981040085494523e-04 2.452603534034380750e-01 3.041163233189363483e-04 4.040155306600636104e+05 4.894829828531956882e+05 9.131500194725621259e+04 4.208056506277278452e-01 1.765813969652220258e+05
2.589486897548426425e-01 1.158104166529459746e+02 7.733677280896522177e+01 3.448755065519544871e+01 2.295463310896601883e-01 9.592415216536527112e+01 1.017299069935083591e-27 1.553559947515722884e-27 3.474511319270272929e-28 5.895657584606474044e-01 4.566396434951112631e-28 3.390123107599357687e-04 2.206435198676060981e-04 8.750276320785145383e-05 2.868631397367131242e-01 2.271854374222294067e-04 7.086469732384860981e+05 1.083731289804372005e+06 2.271978851790013723e+05 5.537956661060893238e-01 3.044892173496283358e+05
4.500012476595302013e-01 5.175837077653876861e+01 3.548445149874951454e+01 1.518872978411957320e+01 2.305277859110398953e-01 4.150315520131743341e+01 8.690472542080488828e-28 1.374378179791676535e-27 3.475851730822132172e-28 7.051239845010623952e-01 4.089219227492482363e-28 3.541051348240557405e-04 3.121812826300611444e-04 9.320214135302591618e-05 3.556439091152490684e-01 2.008769873760262695e-04 1.160975946370547870e+06 1.618191971783450339e+06 4.713255526067907922e+05 6.156481623303109441e-01 5.985813862737859599e+05
7.820125411209841726e-01 3.130985476696260505e+01 2.184554397690287075e+01 1.099300145843723264e+01 2.721251070157340579e-01 2.445834530799045226e+01 8.242709058559006626e-28 1.213021194963767636e-27 3.287446416585042534e-28 7.082640153704377051e-01 3.935128935408936352e-28 5.563368373844488311e-04 6.581580294212766632e-04 1.795129098083865862e-04 4.728801942692523186e-01 2.821936064374724776e-04 1.872095109605407342e+06 2.135777284431114793e+06 1.008056239417186589e+06 5.960158769837654580e-01 1.302819488042529672e+06
1.358982042052452988e+00 2.091980982588314220e+01 1.665969734188556117e+01 6.901883082083829279e+00 2.865987526735931379e-01 1.596164147687670187e+01 7.858086590779022514e-28 9.511204436989317455e-28 3.445881623377501695e-28 6.453355227882986433e-01 4.156213642741963804e-28 7.919232858940663828e-04 7.730327756045690625e-04 4.080263980922426282e-04 4.595476472431309634e-01 5.852726719718684108e-04 2.495506256307186559e+06 2.380191934031466022e+06 1.569649752857245505e+06 5.048779395540639037e-01 2.049320343119712779e+06
2.361640118934270394e+00 1.585108101739488440e+01 1.044235387224018652e+01 5.853284083157128670e+00 2.624923941081613865e-01 1.305850719627903800e+01 7.922836715042414498e-28 7.733160409727855505e-28 2.823690748593219470e-28 5.004489745142612911e-01 4.041077408002554355e-28 8.984303427748249922e-04 7.480773981271012603e-04 4.606812026226420834e-04 3.172095013367264849e-01 7.783068195681594166e-04 2.762073895279305987e+06 1.904041752766204998e+06 1.438998869269144721e+06 3.182368892042457542e-01 2.509984033147275448e+06
4.104060155891746220e+00 1.193611453831351810e+01 5.927903239263251578e+00 3.120221723563833649e+00 1.925044861696093013e-01 1.032469924315220311e+01 5.426260003542501390e-28 5.356476136977909692e-28 2.567639291306039843e-28 3.613554595504255285e-01 4.158549951315747828e-28 9.729979976154574418e-04 3.733473900520050195e-04 3.265785586070859376e-04 1.684826512966772771e-01 9.470837023637852271e-04 3.006776880012790672e+06 1.096272485980016179e+06 1.498236834276555572e+06 2.073595339373212054e-01 3.126070779363124631e+06
7.132039140145964851e+00 1.086772932471329511e+01 3.770820536248901789e+00 2.719555360912727870e+00 1.345342769993780330e-01 1.028284689128705054e+01 5.251200182994632486e-28 2.446157862758408080e-28 2.008687589169752007e-28 2.574217679045393004e-01 4.326250543599375882e-28 9.934633481023175724e-04 1.920666045423596001e-04 2.291728229256025876e-04 9.679880380069323664e-02 1.006641533927386204e-03 3.291280427626533899e+06 7.015513449257672764e+05 1.027043631070512813e+06 1.298697701239349966e-01 3.284633521365036722e+06
1.239406352841865555e+01 4.837079714514771922e+00 1.030221544635849362e+00 6.587500650911417566e-01 6.407663903945114148e-02 4.725256707153524083e+00 2.182015784947808538e-28 1.337291928866905121e-28 3.514821300548651490e-29 1.377343436114679687e-01 1.889463266873017481e-28 9.981535460736544983e-04 1.407843878674746012e-04 1.105261092644136030e-04 5.096191489061677876e-02 9.901132791452864606e-04 3.269204111092604231e+06 9.588763220800552517e+05 4.231994863007534295e+05 7.843088642180708059e-02 3.118207723589628935e+06
