# R (Mpc), mean rho (Msol/kpc^3), errup (Msol/kpc^3), errlow, std, mean pth (Msol/kpc/s^2), errup(Msol/kpc/s^2), errlow, std, median rho (Msol/kpc^3), median pth (Msol/kpc/s^2) 
#  nprofs 469, mean mh 2038326702760.090088, median mh 1936833497185.125000 
#  Mass range 12.21 - 12.4 
#  Nhalos 19
1.633853208052144651e-02 1.354452990892143280e+05 1.725805525991746690e+05 4.090858908572116343e+04 6.153445115586061442e-01 4.014817955372256756e-25 7.121811075638366685e-25 2.367372299978515336e-25 1.077662649149464302e+00 5.868998084642644244e+04 2.420856337572392020e-25
2.839311459007843805e-02 2.187138935595973089e+04 2.112038221474571401e+04 7.051219602559332998e+03 5.937107631230289506e-01 1.465035258750551038e-25 1.780893938484264816e-25 6.917461286863599838e-26 5.041613636773337737e-01 1.105485013242634159e+04 9.108216068564979663e-26
4.934157806541426133e-02 4.752623169273984786e+03 5.573831932274400060e+03 1.357075900111100509e+03 3.890305661177815288e-01 7.079292293360668552e-26 9.287045908025581169e-26 3.160766401488130155e-26 3.778168642461122717e-01 2.781286933414575287e+03 5.014280650230873574e-26
8.574583525387895200e-02 1.957985492308539733e+03 2.541138587190427188e+03 5.640376427802938224e+02 3.965018685150888400e-01 3.513478614335339151e-26 2.796755693805038806e-26 1.961213155200425196e-26 3.594210649365606747e-01 1.090588094546891625e+03 3.045395630405544594e-26
1.490091835659981823e-01 7.526740692791886431e+02 6.177653564818293717e+02 3.973826670116148421e+02 3.629619557488709680e-01 1.720930184329835246e-26 1.475092347023112078e-26 7.570110148367176926e-27 3.264426607072147823e-01 6.284955772982233384e+02 1.503726181460529043e-26
2.589482826922595571e-01 3.268673309470032109e+02 2.198793518804442328e+02 1.649157693817928987e+02 3.017573412091601459e-01 7.534372936701942374e-27 5.952853552056173318e-27 3.936809573526123104e-27 3.477537300410035725e-01 2.978977310052080156e+02 6.329136910849844036e-27
4.500005402658359133e-01 1.334534116730035294e+02 7.632163431473435367e+01 5.253676775064008098e+01 2.658228493783847401e-01 3.186543640643939804e-27 2.709083445602753065e-27 1.235970914427571284e-27 3.516346799908728338e-01 1.289232996964918243e+02 2.588876658251522620e-27
7.820113118116359674e-01 5.943168359817291702e+01 2.466714222028881665e+01 8.663340636008797446e+00 1.828234501211404850e-01 1.622882242407303663e-27 9.391474778396372858e-28 6.065576435921978861e-28 2.941612898082107685e-01 4.914812942512379124e+01 1.494229521686035778e-27
1.358979905757649043e+00 3.090795531878039171e+01 1.325278361965512275e+01 5.747738078738414913e+00 1.457743200745426904e-01 1.107886120779072182e-27 2.997378118234778901e-28 7.681954954734400841e-28 3.073920219964083045e-01 2.855200367193419098e+01 1.212068983407613756e-27
2.361636406479389549e+00 2.194171040876509693e+01 7.040688054438223986e+00 6.536792074993202917e+00 1.528197648600638225e-01 1.013246463869847762e-27 6.209052869715663071e-28 6.264260930834569602e-28 3.270717803350804975e-01 2.016478148050553187e+01 9.509894668912063941e-28
4.104053704384576839e+00 1.751983316696904680e+01 2.893211569121159954e+00 7.323789498400842035e+00 1.695509581060904158e-01 9.265533205674176308e-28 3.593815623891075600e-28 3.527085386823063995e-28 2.958770044384811948e-01 1.818273301284756727e+01 7.462772458428540099e-28
7.132027928711459630e+00 1.243387977453514459e+01 3.979942243331986873e+00 1.900816173764049211e+00 1.005030518377778015e-01 5.233289511687219067e-28 2.398479389243333004e-28 4.273769259165159093e-29 1.678195033718616891e-01 1.165748954268908122e+01 4.227588187196517552e-28
1.239404404517848235e+01 2.743916677697542550e+00 2.875356905182480105e-01 3.122716949774080319e-01 6.833570920616334476e-02 1.136747779639932879e-28 3.292700580271214122e-29 9.936134607723239951e-30 1.640312878195263890e-01 2.665362649347415847e+00 9.081906264657818156e-29
