# R (Mpc), mean rho (Msol/kpc^3), errup (Msol/kpc^3), errlow, std, median rho (Msol/kpc^3), mean pth (Msol/kpc/s^2), errup(Msol/kpc/s^2), errlow, std, median pth (Msol/kpc/s^2), mean gas-mass-weighted metal (fraction), errup, errlow, std, median metal, mean gas-mass-weighted temp (K), errup, errlow, std, median temp  
#  nprofs 466, mean mh 9228762912423.400391, median mh 9311629300891.259766 
#  Mass range 12.81 - 13.2 
#  Nhalos 5
1.633855776443408903e-02 2.446836815230520733e+04 3.670939166109788493e+04 2.652166998811426311e+03 5.053124613521923214e-01 6.897934255492016746e+03 3.874347592240671128e-25 1.384626557040727122e-25 2.161423647969568112e-25 3.479943866727525092e-01 4.155101448378353175e-25 2.116371670597202992e-02 4.949927469288097764e-03 7.792864601330488916e-03 2.280669812138179375e-01 2.284995525953292458e-02 3.009100121069935616e+06 3.924375158638694789e+06 9.594684489683035063e+05 4.818590565387709246e-01 1.741755643105884548e+06
2.839315922360311981e-02 5.977474022703657283e+03 4.579906820993025576e+03 2.953851829172121143e+03 3.417498617056693444e-01 4.870296783211962065e+03 2.933913206129942148e-25 3.566392994007766233e-25 2.648284307292627678e-26 3.434777213806632368e-01 1.402000087231657314e-25 1.730776494285221970e-02 6.568885585368833269e-03 5.693836156458713035e-03 3.485401619833199405e-01 1.711662860267914796e-02 3.868333384820437524e+06 2.361921965684435796e+06 1.531121572938146070e+06 2.535218151977507994e-01 3.348242893355377484e+06
4.934165562959044737e-02 2.833680356460986332e+03 2.452876083064320028e+03 2.614557585276788814e+02 2.103317685817661653e-01 1.895472801440754210e+03 2.092589188472332021e-25 1.894616253274757660e-25 4.208822682031496932e-26 2.776810080552540305e-01 1.362446363497670854e-25 1.190201483550358021e-02 5.296355082893741337e-03 3.290339389450723170e-03 2.374506639600427460e-01 1.122846014971159816e-02 4.844788853723717853e+06 2.194972948337014765e+06 5.328013459158870392e+05 1.532117496609573526e-01 4.009929525052543730e+06
8.574597004496860297e-02 1.873258396628211585e+03 1.077860388078493543e+03 1.138589461254600565e+03 2.737498644245112689e-01 1.891344389241555746e+03 1.549954076282407787e-25 7.830943445893414498e-26 6.124518003437349790e-26 2.490246145335049954e-01 1.383362066189569014e-25 7.673655101099972724e-03 6.078605173540414623e-03 2.583026986586316968e-03 2.711917789706621562e-01 6.323327002521201244e-03 5.960488513293473050e+06 2.399667098545724526e+06 1.255685594273123890e+06 1.462043969419389855e-01 5.597512045154248364e+06
1.490094178060654695e-01 1.174504503609357016e+03 3.517363563444307601e+02 6.481634552904831708e+02 2.090994388013636129e-01 1.258956516547297497e+03 9.218170880197335279e-26 5.700678524407658140e-26 2.789407109773378616e-26 2.556096636675314615e-01 7.356034823491770174e-26 4.279239610346018303e-03 3.537134520613808078e-03 1.414604216554314273e-03 2.703968307099897106e-01 3.283676643890435023e-03 5.084030587967148982e+06 2.029080605157446116e+06 2.732199396397471428e+05 1.031768796063552152e-01 4.302636121413121000e+06
2.589486897548426425e-01 6.642793317972536897e+02 2.793574214521438535e+02 8.556077822441648095e+01 1.390480229459767347e-01 5.898001980740397130e+02 3.826352688841769274e-26 1.834284450733262453e-26 1.407028919615663701e-26 2.203638041201744502e-01 3.473034241446759301e-26 3.327956393937863636e-03 8.812703129569029840e-04 9.812306366158095837e-04 1.458418031357746336e-01 3.279500526639603317e-03 3.975160242193564773e+06 2.474551589692907874e+06 8.977455830374620855e+05 1.814780526010089101e-01 3.328661767772242893e+06
4.500012476595302013e-01 3.235645937565727195e+02 1.966860364926235434e+02 3.843111947411304641e+01 1.945856343383837173e-01 2.470804717504826726e+02 1.236369021000366751e-26 5.449656626533156001e-27 8.268574752099657925e-27 2.996871384453571041e-01 1.309128762497714144e-26 3.054036849872400310e-03 1.229221102577962143e-03 5.480120763919635665e-04 1.554172139544510722e-01 2.813794303271834833e-03 2.585331551165809389e+06 7.974151349265468307e+05 1.119813399531248026e+06 1.655587537404655252e-01 2.677417830785044003e+06
7.820125411209841726e-01 1.125602598466009567e+02 4.564079037008269779e+01 3.387544343203575181e+01 1.741149297968378473e-01 1.034660218078563787e+02 3.428636708620044833e-27 1.625246694651959697e-27 2.057507315384300863e-27 3.110815452279760973e-01 3.410135729075836915e-27 2.120954246574042416e-03 4.509912553955813981e-04 4.265039591974015797e-04 1.613950473186219203e-01 2.138500854915697472e-03 1.958650568246635143e+06 2.982797354201283306e+05 7.881351445939256810e+05 1.457165175092735854e-01 2.163959965509692207e+06
1.358982042052452988e+00 4.129243636438686593e+01 8.455005154735538042e+00 7.737338275450532876e+00 9.837120111716964044e-02 4.015353919264489235e+01 1.075846659922259826e-27 3.895812722386580026e-28 3.926907202395608133e-28 2.536492487432314147e-01 1.047104238608673881e-27 1.562837977757531053e-03 4.683746886220622845e-04 2.696200125423737527e-04 1.290033316049047640e-01 1.475811326465702612e-03 1.787718855220712023e+06 2.620150470905904658e+05 4.567268683551831637e+05 1.762417214867751381e-01 1.890400664985648822e+06
2.361640118934270394e+00 2.262740066960975938e+01 3.856077329004257592e+00 3.206464036883851065e+00 8.500290881861582992e-02 2.191781436201989663e+01 6.994374554514759987e-28 2.641794443324951833e-28 1.947795418531992622e-28 1.871132920824042922e-01 6.372401930072258748e-28 1.271837698425053740e-03 2.274066654295171363e-04 2.987584270678310654e-04 8.901294933500839002e-02 1.295589079029177719e-03 2.171645613468731754e+06 4.176794507915657014e+05 3.446406398265524767e+05 9.799650398563197751e-02 2.105544685895054601e+06
4.104060155891746220e+00 1.519901589848299750e+01 8.563825688132986613e-01 1.189170905817526602e+00 3.478115109960829010e-02 1.535790416209800213e+01 4.227700970941744403e-28 1.571281370526900800e-29 4.630172721216579285e-29 4.376304587852623135e-02 4.380382748224612379e-28 1.059791548506552276e-03 1.145427031559978666e-04 1.705591126227184746e-04 6.157142390616936189e-02 1.075232421324401550e-03 2.102786334150390234e+06 2.445586679415684193e+05 2.622587865343969315e+05 5.398072450481429529e-02 2.122513968415527605e+06
7.132039140145964851e+00 1.285267859448989825e+01 2.559815062084902948e+00 4.823612696995274618e+00 1.341510661454740350e-01 1.353014704187492434e+01 5.587712334857295943e-28 6.036885765544673379e-28 1.147827899004645448e-28 2.956961308594376336e-01 3.413579699816965534e-28 1.188529015941710860e-03 2.276635477621732039e-04 8.803826282054866281e-05 6.266593119973587478e-02 1.132299466352623858e-03 2.853356244538019411e+06 2.160320045498403721e+06 9.016238482627179474e+04 1.669747087645850891e-01 1.999392854089903412e+06
1.239406352841865555e+01 4.191982611590566066e+00 3.879978657096883055e-01 6.303838525658411740e-01 6.111913453858212886e-02 4.295771420606293134e+00 1.327598487080910081e-28 9.071847980546652920e-29 2.488330516693509205e-29 2.100117789062439788e-01 1.018709267789799590e-28 1.118163771055635065e-03 7.421948686601900595e-05 9.508372669128259923e-05 3.948662185981165196e-02 1.126116701855571414e-03 2.214906732416273560e+06 1.182958545372972032e+06 2.087471634799472522e+05 1.474379074413758872e-01 1.766425624202798819e+06
