# R (Mpc), mean rho (Msol/kpc^3), errup (Msol/kpc^3), errlow, std, mean pth (Msol/kpc/s^2), errup(Msol/kpc/s^2), errlow, std, median rho (Msol/kpc^3), median pth (Msol/kpc/s^2) 
#  nprofs 470, mean mh 1997554067217.993408, median mh 1975764213633.633057 
#  Mass range 12.21 - 12.4 
#  Nhalos 17
1.633848418974679848e-02 1.568552660296019458e+05 1.813942827156659332e+05 7.182226598634858965e+04 4.885690200406306305e-01 6.260784662853862900e-25 2.092530485857565536e-25 2.664342978576555180e-25 5.639219517086296873e-01 9.784910778044692415e+04 4.797768600669341934e-25
2.839303136545056824e-02 2.879361223152349703e+04 2.366450345090516566e+04 1.173001792037383711e+04 4.617840339057828203e-01 2.274889015146064073e-25 2.929237487218477123e-25 7.441173177719926008e-26 3.915527505709112122e-01 2.012941843839714784e+04 1.394204223554620899e-25
4.934143343758698452e-02 7.822768927601071482e+03 5.177178969346627127e+03 2.919199232714694972e+03 3.924855388601262152e-01 9.811423718489960585e-26 9.054122558390684297e-26 4.639566554819317649e-26 3.126441723438087017e-01 4.844274476400480125e+03 7.922605959713319618e-26
8.574558391952083469e-02 2.291385877058749429e+03 1.252928494993458344e+03 8.127816512911795144e+02 2.868635649373905694e-01 3.893410026214764814e-26 3.207072195687790992e-26 1.431008931329502666e-26 2.408943266597341204e-01 1.752182410708613361e+03 3.438458169658662584e-26
1.490087467969423429e-01 9.547899596349021749e+02 5.213663104255986127e+02 2.529188391222240853e+02 2.223905893743060858e-01 1.681156348188101384e-26 6.320097060092661494e-27 4.911657330078292972e-27 2.502176271133945695e-01 8.769636343005520303e+02 1.582596386319878427e-26
2.589475236746323628e-01 3.688009338984151668e+02 1.263625407771707501e+02 1.785945283314071617e+02 2.105411909743221677e-01 6.110233436366989728e-27 3.648876066534330075e-27 3.234654825214802909e-27 2.889414870995232199e-01 3.920029295760940045e+02 6.230390225683259016e-27
4.499992212443744144e-01 1.437605490613152313e+02 6.735918574502784395e+01 4.701343766215305209e+01 1.983238357170853394e-01 2.058742911725322129e-27 1.998390204558799960e-27 9.757903794865823498e-28 3.389221233853238480e-01 1.314884050440165311e+02 1.612292565457189538e-27
7.820090196150470963e-01 5.648374099506889934e+01 2.734452878580022173e+01 1.111719962128942996e+01 1.769594736180223615e-01 9.136421373563970685e-28 8.529541054829740409e-28 5.205235029245027735e-28 3.727845207477590295e-01 4.698484268915949258e+01 7.700956373595489853e-28
1.358975922376516987e+00 2.816844949249484742e+01 1.439651816565347531e+01 7.215246701617992642e+00 1.805842270031218499e-01 5.905675637953358757e-28 4.952171943220879760e-28 2.978635105991397879e-28 3.366043351712567633e-01 2.429915981642148637e+01 4.829525139036728355e-28
2.361629484156356984e+00 1.811038290524344063e+01 7.403180295540611411e+00 5.153016377600332376e+00 1.736532147699731410e-01 5.114435777798673453e-28 2.192292097569342359e-28 3.710653842558542344e-28 3.433218829330764166e-01 1.693777209389680038e+01 5.439538347268983270e-28
4.104041674765874781e+00 1.636282898345965009e+01 2.872142661789160556e+00 7.351713243694514510e+00 2.253549325886558263e-01 9.135032304302222379e-28 1.215070883241407423e-28 3.168334480532981802e-28 4.841753555901205375e-01 1.512902253711278355e+01 4.453977272529685292e-28
7.132007023630110076e+00 9.771424021199965892e+00 2.610014241422659254e+00 2.819219207074567635e+00 1.229191355290615573e-01 2.991654698450458426e-28 7.632633818591143560e-29 9.911146057523161094e-29 2.880758199393553820e-01 9.510353260017661015e+00 2.244823955541024359e-28
1.239400771631078335e+01 3.890104343749489768e+00 4.885155723633065605e-01 3.241723063579260433e-01 6.998694889338787084e-02 9.886377151564358432e-29 1.543053808450951565e-29 6.772143626872974681e-30 2.242989342876263725e-01 3.667320154045534686e+00 6.757162276387524838e-29
