# R (Mpc), mean rho (Msol/kpc^3), errup (Msol/kpc^3), errlow, std, median rho (Msol/kpc^3), mean pth (Msol/kpc/s^2), errup(Msol/kpc/s^2), errlow, std, median pth (Msol/kpc/s^2), mean gas-mass-weighted metal (fraction), errup, errlow, std, median metal, mean gas-mass-weighted temp (K), errup, errlow, std, median temp  
#  nprofs 474, mean mh 1267607353716.022217, median mh 1226998199703.902588 
#  Mass range 12.00 - 12.2 
#  Nhalos 35
1.633852131856735820e-02 4.272982262361667235e+05 2.805927287272937247e+05 2.968491180209111189e+05 4.518528613634661961e-01 4.290233862082159030e+05 6.462892089438938638e-25 3.787048408264677262e-25 2.381557642911846282e-25 3.569430253365890593e-01 5.398044146345372238e-25 4.466684356192885362e-03 3.119435589109968970e-03 1.118077263688654985e-03 4.063243104530114835e-01 2.379125955477819857e-03 1.525022802711584663e+05 1.650894138572775410e+05 5.313299565665276896e+04 3.056542726262445053e-01 1.048127456355303439e+05
2.839309588794570668e-02 9.013162149705571937e+04 3.784477869257444399e+04 6.879346555081875704e+04 4.519861165426111715e-01 9.970605415019977954e+04 2.891397951897368909e-25 2.384843361935167708e-25 1.057116859870037778e-25 5.304561734394276362e-01 2.261535475039031613e-25 4.161297766119348082e-03 2.224309286016703645e-03 9.362637772556373517e-04 3.791878082055512023e-01 2.263767614614933029e-03 2.922618605805451516e+05 1.705034404647319752e+05 8.216585051809923607e+04 3.238951436193647226e-01 1.967689280259114748e+05
4.934154556483250076e-02 2.509064109218405429e+04 1.316352971358602008e+04 1.177445151977687965e+04 4.746171324430074057e-01 2.366214077722611182e+04 1.559138350639931278e-25 1.181533810965395809e-25 3.508213600353018296e-26 3.570593430911886967e-01 1.137963856504086380e-25 3.646735951866367752e-03 1.759413429026749059e-03 9.539137803582071161e-04 3.782108099998099382e-01 2.180226372389099544e-03 7.233883580373376608e+05 8.670095113966707140e+05 9.541151280757342465e+04 3.595197685267577659e-01 3.376087937113078660e+05
8.574577877434103046e-02 7.498263498634459211e+03 5.354782730617735979e+03 3.761987089608468068e+03 5.000574204497686415e-01 7.226853888213666323e+03 6.669337451499328610e-26 5.268718648254688909e-26 2.267833273400721377e-26 3.331847704342845717e-01 5.822341068725675715e-26 2.783939172163461036e-03 1.566717482927371076e-03 8.920205639817295777e-04 3.941052097700363799e-01 1.666673210054447603e-03 1.428216529476084979e+06 1.211687560757832602e+06 2.587621880848619039e+05 4.263251258128042953e-01 5.598137081392244436e+05
1.490090854158103439e-01 1.872389286772945070e+03 5.582397311582742532e+02 8.670040241217127459e+02 4.547547394514690478e-01 2.001959146733479201e+03 2.557116795737832485e-26 1.956819245678038603e-26 8.343741310105010320e-27 3.818436103612293242e-01 1.866113363204222601e-26 1.464514343233063159e-03 1.004904758511446835e-03 4.705335302756085553e-04 3.750274895118070884e-01 8.351893647903762532e-04 1.758573823688803939e+06 1.191164084072738653e+06 2.247808338530520559e+05 4.324105332098022725e-01 6.341581845212162007e+05
2.589481121267818153e-01 5.290876951028676558e+02 3.330708706065736351e+02 1.457881164549448840e+02 3.831098786533063683e-01 4.656220967056201516e+02 9.530803535951199611e-27 7.211900427635453527e-27 2.512863400538864115e-27 4.531444554320028795e-01 4.249782702844021031e-27 7.140975298230974131e-04 6.928749158005070505e-04 3.267057009729778475e-04 4.198278064389476261e-01 4.959570372812776694e-04 1.810404769436253235e+06 1.675472598149682861e+06 3.396587413318521576e+05 4.647036453988731552e-01 6.644172759906902211e+05
4.500002438570074315e-01 1.824875089277485642e+02 1.221230828667816013e+02 3.203337966937083081e+01 2.857529892372979163e-01 1.334486075852676379e+02 2.795280973165903047e-27 2.826386487611972487e-27 1.333831083586444301e-27 4.838611308768933639e-01 1.873438975417429364e-27 4.202467707480071258e-04 5.806077665146092918e-04 1.818394351438648614e-04 4.318590444843881659e-01 2.616326080075013116e-04 1.226796589734504698e+06 1.081730575333745684e+06 5.948964371053403011e+05 4.375265863123083410e-01 8.982474767287444556e+05
7.820107967121281423e-01 8.614566147032948606e+01 4.369395707309678301e+01 2.300473695049404910e+01 2.434429414020052584e-01 6.906659027890631819e+01 1.516986880038420842e-27 1.228520154212527171e-27 5.943740064719167954e-28 5.268870112637750180e-01 9.164009485114776499e-28 4.610403004428104590e-04 4.049685463907999714e-04 1.863316928120074454e-04 4.083005969448174621e-01 3.126153438802859830e-04 1.434415759433371248e+06 1.082064625480816467e+06 6.764165990225314163e+05 4.804423695207064027e-01 9.904558686000539456e+05
1.358979010617297423e+00 5.018579450195672820e+01 2.594999615180256569e+01 2.199240349326612431e+01 2.435560940110738648e-01 4.595504336166361270e+01 1.384457420869795943e-27 8.636602690416532992e-28 3.338973904105067349e-28 5.131439363826041378e-01 6.463190923714932323e-28 6.447124141246621644e-04 5.931753361770445744e-04 4.357080608490912651e-04 4.293975268581614602e-01 6.057515421692581323e-04 1.516652319657724351e+06 1.190073421796130948e+06 3.865730897264431696e+05 3.675329373359932927e-01 1.122041538074746728e+06
2.361634850903744809e+00 3.287581653433058904e+01 9.151800018812899395e+00 8.801794425817604406e+00 1.983554599613695235e-01 2.874607534907575968e+01 1.300033865698520589e-27 2.284526275876835275e-28 3.065004034057903410e-28 4.429541485805195689e-01 5.629265431951330145e-28 5.292092576239759661e-04 2.842699643329438730e-04 3.002515625368578842e-04 3.552194481909261570e-01 5.008694813574910082e-04 1.762179005721566733e+06 5.555173956136368215e+05 5.593257060515859630e+05 3.143071148322459374e-01 1.424942181436129147e+06
4.104051001103932172e+00 2.535417430160069330e+01 6.147120301242782858e+00 9.420486280133296475e+00 1.460974717395563394e-01 2.515642629252101514e+01 6.710151337651401043e-28 5.313857359993660617e-28 1.833866446923931982e-28 3.325754120883406828e-01 4.036252733085598250e-28 6.035730902627526109e-04 2.432593432332160561e-04 1.829390473344016076e-04 1.675607213998102363e-01 5.846007750619148288e-04 1.663028714130820939e+06 1.041382400235054083e+06 4.694774956615541596e+05 2.232504015046997137e-01 1.347964447080135345e+06
7.132023230948114190e+00 2.136675142932829630e+01 5.077728254937618146e+00 1.951232345716515937e+00 8.039277550838029585e-02 2.037326248810090945e+01 5.295054184678451466e-28 7.313593808761017793e-28 1.039388454772003016e-28 2.887365666013356202e-01 3.337153594163991716e-28 5.467884850409395793e-04 2.285578941180262547e-04 9.342626175052302657e-05 1.265168670936511475e-01 5.015783723457905132e-04 1.651302707325253170e+06 1.939368784670185065e+06 1.729853415599405998e+05 2.122951177813509060e-01 1.140372559626090573e+06
1.239403588140144663e+01 4.708835138321552982e+00 1.115755320619821411e+00 6.491439411931771986e-01 6.623545385499948757e-02 4.590472363772157394e+00 1.251143609493396502e-28 1.885130730450796885e-28 1.332895681906254239e-29 3.026584122661552523e-01 6.551025753406024102e-29 6.024700427542957872e-04 2.593143452749530151e-04 6.451110238339739355e-05 1.095572487949868917e-01 5.198834743773303414e-04 1.792205902548036538e+06 2.155414349648688920e+06 1.944863407280266983e+05 2.363444455152334811e-01 1.126465416810223600e+06
