# R (Mpc), mean rho (Msol/kpc^3), errup (Msol/kpc^3), errlow, std, median rho (Msol/kpc^3), mean pth (Msol/kpc/s^2), errup(Msol/kpc/s^2), errlow, std, median pth (Msol/kpc/s^2), mean gas-mass-weighted metal (fraction), errup, errlow, std, median metal, mean gas-mass-weighted temp (K), errup, errlow, std, median temp  
#  nprofs 449, mean mh 1369919919534.888428, median mh 1342062565737.164307 
#  Mass range 12.00 - 12.3 
#  Nhalos 43
5.932180175954789589e-04 9.613356875555533171e+07 1.442115904162617326e+08 8.593180331694930792e+06 4.808188684810739688e-01 2.672285998449969292e+07 1.855857909377271076e-22 7.040112923386751172e-23 2.739855007455400332e-24 9.647529982784952551e-01 4.748028253130707796e-24 1.501881705274621392e-02 7.244664994363752414e-03 4.522553341124953274e-03 2.332143113323061345e-01 1.460893597731367094e-02 4.628922958569190087e+04 5.353979310806407011e+04 3.888232218856652253e+03 5.213984007813087240e-01 1.397572320506875803e+04
1.030894762606484986e-03 3.103878497378620878e+07 1.122803755834217370e+07 2.770239440176995471e+06 4.997895567103474157e-01 7.697886281564502977e+06 6.526948388041361451e-23 1.229204582216027676e-23 1.836487731074565691e-24 1.027080474003662092e+00 2.143977782742533505e-24 1.403989684964829579e-02 8.288668953266496026e-03 6.352027952917336726e-03 2.511668829594174701e-01 1.323038419646413444e-02 6.605366939657053445e+04 1.481457339261618617e+05 4.905425193347786262e+03 6.449359031070026615e-01 1.501460643308623730e+04
1.791489772810939867e-03 1.192537275425453857e+07 6.881601458517194726e+06 2.059943571849185042e+06 4.648287896332337632e-01 4.732394310595563613e+06 2.785107792498896957e-23 4.703189233155723192e-24 1.157325669862853218e-24 9.518304222042889284e-01 1.350772310320459565e-24 1.394603632543261335e-02 6.715720578227016291e-03 4.479276633176067918e-03 1.918888525452438765e-01 1.329907448559815991e-02 5.572075811894193612e+04 8.536646693720495387e+04 9.307394832721425701e+03 5.211645350547722266e-01 1.856804786247625088e+04
3.113252411886883054e-03 4.694075600256051868e+06 3.489837559151660185e+06 1.258987870240624063e+06 3.049360322976406024e-01 3.140781760331590194e+06 8.807556900553952247e-24 6.361215970921090980e-24 1.295667824995953622e-24 8.919664618666717226e-01 1.420372457774583693e-24 1.499701387324669372e-02 1.005235870412199764e-02 4.413508760347652909e-03 2.074299482104009773e-01 1.284381326758370773e-02 8.736623075777073973e+04 1.164229336485437816e+05 3.562655587547050527e+04 5.837576518918291546e-01 4.384868460063105886e+04
5.410212621483013670e-03 1.896853544328298420e+06 8.406469555622099433e+05 7.984848071911920561e+05 2.535914403468031431e-01 1.695768721365837147e+06 2.552255269288491294e-24 2.322481332382111259e-24 7.722929488185965450e-25 8.110378125281554329e-01 8.337107398853224361e-25 1.583927948332204683e-02 6.428785066924468800e-03 6.969327837737430628e-03 2.105592099767634728e-01 1.633578371602055143e-02 7.874632090860595054e+04 8.420153470542329887e+04 2.336767223373528759e+04 5.533135160843588585e-01 3.184944433079443115e+04
9.401871977323516399e-03 6.080633522039673990e+05 6.081038573804846965e+05 3.051129367536317441e+05 3.831495111463242842e-01 4.712427945838416344e+05 6.593901137366968733e-25 7.457699486312928736e-25 2.893450334560852383e-25 8.443863139492987502e-01 3.014249295996656413e-25 1.491386772960815767e-02 8.414521524915612172e-03 6.152993136850002515e-03 2.303219397461867823e-01 1.409474906765606841e-02 8.172783643144607777e+04 1.178385354219588626e+05 3.075785117465617077e+04 5.686603669893938173e-01 3.912613391276681796e+04
1.633858091398833132e-02 1.292323148172684596e+05 2.331939477620737161e+05 3.263686307358922932e+04 5.079341969355016806e-01 5.485459366795833193e+04 2.189482870693450647e-25 2.439257256918360214e-25 1.407190152430436149e-25 9.010661605214050907e-01 1.489718844850998705e-25 1.379656126826166347e-02 1.147709396842550543e-02 4.769310292457539652e-03 2.513215820612352269e-01 1.118133529695143798e-02 1.773882509977702866e+05 2.881468450379972346e+05 7.314269511664244055e+04 6.441898110617928497e-01 9.124947467884300568e+04
2.839319945291765221e-02 2.234623365961168747e+04 3.458823199183285033e+04 2.800257180634943325e+03 5.129285348087402330e-01 7.738273754319720865e+03 7.763666047710169794e-26 5.998839199498330320e-26 3.125029947277004909e-26 5.838868953226383773e-01 6.063923474265190816e-26 1.230794246291198706e-02 1.010257860833120927e-02 4.693173418798259229e-03 2.532657011302861805e-01 1.048537926903109554e-02 4.310892873227449018e+05 3.419304812856710050e+05 3.191006419098430197e+05 4.536674636311709419e-01 4.242594951914969133e+05
4.934172554012659223e-02 4.199161347167849272e+03 3.601346642060545946e+03 1.321446825764329333e+03 4.322651292985487670e-01 2.423320205881199854e+03 3.235512802611512177e-26 2.779440139966046920e-26 1.309686786216263493e-26 4.556766327735165545e-01 2.534174429659662909e-26 9.806331057383873423e-03 7.373773212415500253e-03 2.734110855009195921e-03 2.408161292557955691e-01 7.873054296117407494e-03 7.536978183091263054e+05 4.402684737498546019e+05 4.601428829922248842e+05 3.081387331371277516e-01 7.315926849927559961e+05
8.574609153555624863e-02 1.455638065678423800e+03 1.928958950511136891e+03 3.300377429870845845e+02 4.181847876934721708e-01 8.129851959599693600e+02 1.602368818915171196e-26 1.116953002962019013e-26 8.478777830460214394e-27 4.512714134471223493e-01 1.377579313554806696e-26 6.926288434764703468e-03 6.316362975928923457e-03 1.983940255837019547e-03 2.553917778969382324e-01 5.199199434325226660e-03 1.034296883965180023e+06 8.261582207165755099e+05 5.231930935100215138e+05 3.347325813861091737e-01 9.045750670426510042e+05
1.490096289325093804e-01 5.753231433639695069e+02 7.221601609115555220e+02 1.909706427136736124e+02 3.845849595016074818e-01 3.972134222329307249e+02 7.520983707235595312e-27 5.521618204984092191e-27 4.051482592313530526e-27 4.699690481839943756e-01 6.874588531571228091e-27 4.839595947792774307e-03 2.780044350592794124e-03 1.511416085862344813e-03 2.629901238904095995e-01 3.705076656827017978e-03 1.190925936080805026e+06 5.736012743667575996e+05 6.722588256083012093e+05 3.694114188145422584e-01 1.086108082112409407e+06
2.589490566505518454e-01 1.855880177739923909e+02 1.406142261697199842e+02 7.234881396665949183e+01 3.410752844397000327e-01 1.627968952521914048e+02 3.117543467017986028e-27 2.078951782375841487e-27 8.499480827720563367e-28 4.159507052444895714e-01 2.141396645628785476e-27 3.522687733805293479e-03 1.699251295966602501e-03 1.049984512736203222e-03 2.655409142305851233e-01 2.794709123840004479e-03 1.318600064056216041e+06 7.876161333413110115e+05 6.463151819388708100e+05 3.023303983306184772e-01 1.102378051037170924e+06
4.500018852511976086e-01 8.421861084023365152e+01 6.125037101035215414e+01 3.096907032082999223e+01 3.261894639894505343e-01 7.208521733911337037e+01 1.802062729858467567e-27 1.199784303680123985e-27 4.848043601442351939e-28 4.464870988121303896e-01 9.381249291323132584e-28 2.404118501433596695e-03 1.283186646080479009e-03 1.012472012929063574e-03 2.251584509466319772e-01 2.202121860818995972e-03 1.435370298964765156e+06 1.046484472420468228e+06 4.345561059213725966e+05 3.262343143728122508e-01 9.563177305259762798e+05
7.820136491283121716e-01 3.830368247970034901e+01 1.808566658719038855e+01 1.410671702266458993e+01 2.520563351657579276e-01 3.517478392706695445e+01 1.205408541100924081e-27 1.111158173476666336e-27 2.317631339169607384e-28 4.545779837371510812e-01 4.865004772044949665e-28 1.640712846221502276e-03 8.784571829661554868e-04 4.748334888394284891e-04 2.294559293034127423e-01 1.412946921532513269e-03 1.794593084412202472e+06 1.512655619792136597e+06 5.069446555963716237e+05 3.258217151361541553e-01 1.169468039431322599e+06
1.358983967548505811e+00 2.506437367484796042e+01 9.527745988539102484e+00 4.973473412603226507e+00 2.609056715179652874e-01 1.781595785383727915e+01 1.438021661119320611e-27 6.349779531574152917e-28 2.667339037966432452e-28 4.781278186701118371e-01 4.587724939614368441e-28 1.318848880463683584e-03 7.958138169423107072e-04 4.938057881215073388e-04 2.216043684534816094e-01 1.252589523902306436e-03 2.393760947131006513e+06 2.195904553321080282e+06 6.708733841342048254e+05 3.112377950997538556e-01 1.682937249825411243e+06
2.361643465062907232e+00 1.687877373020401350e+01 9.226370521965399973e+00 3.430517151584826507e+00 2.672300272602833870e-01 1.153085126964356277e+01 9.827157405410344659e-28 4.407267101888489192e-28 2.126176458741317061e-28 4.541577775542778306e-01 4.036806439169003642e-28 1.200789584724780814e-03 5.732599135198474492e-04 3.894890064616200005e-04 1.904221953941689915e-01 1.150251529229772774e-03 2.838930793952724896e+06 1.737636532351998612e+06 7.639478237382685766e+05 2.311782801686985689e-01 2.361052901473770849e+06
4.104065970796863638e+00 1.258376468980829266e+01 6.453345081146387940e+00 2.639508442209545613e+00 2.309947764733031039e-01 9.304818996289878186e+00 7.194716994402764202e-28 3.509545838698476114e-28 1.634385819003903004e-28 4.252637959004521573e-01 3.450058537967618507e-28 1.287029453692645382e-03 3.130066700871487508e-04 4.317506897422603278e-04 1.362271533607642970e-01 1.339490736550348095e-03 3.017330063859230839e+06 8.490883861590307206e+05 9.461605911646678578e+05 2.127293940277422968e-01 2.839053777461427730e+06
7.132049245292897410e+00 8.206044161608541998e+00 2.343129102778179096e+00 2.239571096065046341e+00 1.250342677614108278e-01 7.920798091580588896e+00 3.138498966230665142e-28 1.289480923020134028e-28 1.229449039525425768e-28 2.417880067099943964e-01 2.888386006579978213e-28 1.114475546909523933e-03 1.198554571924317913e-04 2.870603057258680219e-04 9.040124887460164460e-02 1.159250683714301011e-03 2.675788294405821711e+06 3.707602913647717796e+05 5.121402547155632637e+05 1.314247629263716466e-01 2.718951640879249200e+06
1.239408108915136886e+01 4.565751387047766841e+00 1.020615289322098995e+00 4.512075763967642317e-01 6.151271105582305915e-02 4.458955164092071932e+00 1.689950607991271265e-28 1.016406582539677388e-28 1.401914327734596980e-29 1.473180829410473403e-01 1.399314693613658732e-28 1.086716973755513229e-03 1.707254546479063887e-04 9.156837581558502012e-05 4.950346398428494971e-02 1.071258407454869386e-03 2.667240157412793953e+06 1.008469691081821453e+06 2.729065284006912261e+05 9.022887683441592477e-02 2.481713502181795891e+06
