# R (Mpc), mean rho (Msol/kpc^3), errup (Msol/kpc^3), errlow, std, mean pth (Msol/kpc/s^2), errup(Msol/kpc/s^2), errlow, std, median rho (Msol/kpc^3), median pth (Msol/kpc/s^2) 
#  nprofs 456, mean mh 9247257083170.353516, median mh 9553119703192.519531 
#  Mass range 12.81 - 13.2 
#  Nhalos 5
1.633853208052144651e-02 4.245357109426007810e+04 7.290616038830616162e+04 7.897723915202849639e+03 6.051925614617567062e-01 9.005484317722233907e-25 1.235504916813872968e-24 1.247881398037954357e-25 5.448537911495923147e-01 1.233138728888365586e+04 3.833476144005129501e-25
2.839311459007843805e-02 1.097909978254059752e+04 8.903966455848283658e+03 6.096704074893521465e+03 3.919884037200348503e-01 7.247118050859196926e-25 1.160866164825449911e-24 7.829906923446340476e-26 4.693915080025844455e-01 8.845138455157139106e+03 2.286687052119160786e-25
4.934157806541426133e-02 4.969929447517437438e+03 6.192822024123886877e+03 5.052840344410551552e+02 3.672329721139216407e-01 3.508718573770245107e-25 4.555784942479461976e-25 4.852920036071358135e-26 3.624482446759917376e-01 2.422708947977656862e+03 1.617402367188116250e-25
8.574583525387895200e-02 2.807503700707246935e+03 3.215844776989217735e+03 1.765097820940684414e+02 2.882997538575319818e-01 2.028767307888200990e-25 1.955692266146484985e-25 5.243921575182408999e-26 3.089066322267351450e-01 1.445295589894813475e+03 1.305336395700177971e-25
1.490091835659981823e-01 1.653096718363854279e+03 1.637156168681622603e+03 1.092261463573452147e+02 2.576975878227020789e-01 1.112749992131647251e-25 6.292487232494311729e-26 6.587754153075187564e-26 3.332203216037845639e-01 9.556162188929715740e+02 1.043131350362430462e-25
2.589482826922595571e-01 8.678770245627231361e+02 5.870272992653672190e+02 3.721931984795522226e+02 2.694018280252056252e-01 4.390437568303137823e-26 1.740569362436940571e-26 2.470881788430399919e-26 3.137183818579586947e-01 7.451928101518569747e+02 4.535601824258864585e-26
4.500005402658359133e-01 4.303536590969482631e+02 1.623076937261338344e+02 2.113083962511464620e+02 2.539015657590678599e-01 1.426433139271641839e-26 3.248509285509241744e-27 7.753240519791905079e-27 3.575158336363422618e-01 4.330462518700122700e+02 1.629054694304767935e-26
7.820113118116359674e-01 1.415634962393180274e+02 3.716128396121555966e+01 4.921574833200699572e+01 1.905208087389514970e-01 3.478930834151671867e-27 1.110843018774755160e-27 1.828455428836379248e-27 4.111206400294531993e-01 1.462033785573740090e+02 3.788827480700579971e-27
1.358979905757649043e+00 4.631008320039956772e+01 1.449784356623849391e+01 9.795249055762603518e+00 1.314070322284829895e-01 1.058834707703769613e-27 4.547435087717620122e-28 4.041580054259932274e-28 3.217818103903512528e-01 4.390659917671805346e+01 1.009689291801618274e-27
2.361636406479389549e+00 2.269250341710623431e+01 4.713024039313470581e+00 3.786657882461568647e+00 1.002392514908568982e-01 5.135616182995961748e-28 1.287087459817199137e-28 1.137219866609727219e-28 1.199917237080507237e-01 2.173037338308366273e+01 5.009250362172079190e-28
4.104053704384576839e+00 1.689868876231533434e+01 1.578876811166253447e+00 1.507135272723424180e+00 5.191019477027702250e-02 3.808241404548906814e-28 5.237630589803557470e-29 2.591211755957987744e-29 4.614897260542696195e-02 1.674598210436934664e+01 3.676776420610145807e-28
7.132027928711459630e+00 1.458833108293428893e+01 3.684670275209343870e+00 4.943553075136728481e+00 1.323145780576564789e-01 6.124542163657169650e-28 7.831347223427932820e-28 1.068808506043523267e-28 3.274119265118409783e-01 1.492899872183013166e+01 3.293322298940083023e-28
1.239404404517848235e+01 3.790537872904136130e+00 2.707078483831444338e-01 4.910973241057527972e-01 5.886057331114032815e-02 1.082360885959490988e-28 7.405601865897844302e-29 1.907155878002403288e-29 2.310307080255858958e-01 3.878291888136404797e+00 7.940353190455698145e-29
