# R (Mpc), mean rho (Msol/kpc^3), errup (Msol/kpc^3), errlow, std, mean pth (Msol/kpc/s^2), errup(Msol/kpc/s^2), errlow, std, median rho (Msol/kpc^3), median pth (Msol/kpc/s^2) 
#  nprofs 470, mean mh 1249412498262.961914, median mh 1272575277238.395752 
#  Mass range 12.00 - 12.2 
#  Nhalos 27
1.633853208052144651e-02 9.406991817875792913e+04 1.285147369042500795e+05 2.298559600734028572e+04 5.864976270603512454e-01 2.925146550257752151e-25 2.442100090362019748e-25 1.518274002011182710e-25 9.241047876123584803e-01 3.706613243223280733e+04 1.860366929881035385e-25
2.839311459007843805e-02 1.600132291978160356e+04 1.485612019972786220e+04 3.290360303852781271e+03 5.399339015859888624e-01 9.062323694909142136e-26 1.047997344138523012e-25 3.291268272913481861e-26 7.649388122879522411e-01 6.811950343779521063e+03 5.437847224482515054e-26
4.934157806541426133e-02 3.855327135465409356e+03 2.932314730802332633e+03 9.069425501167629591e+02 5.013131390192677728e-01 3.805961645770373125e-26 2.394781619187756214e-26 1.981713132545251027e-26 4.765249225023069912e-01 2.337607916720472531e+03 3.158821965798258719e-26
8.574583525387895200e-02 1.557690513657475776e+03 1.163526584637890892e+03 5.044270037306988570e+02 5.054538335843887786e-01 1.490365354985438440e-26 1.117472556309813482e-26 8.245713000198099742e-27 3.791539373258734358e-01 8.242622882209254840e+02 1.312355774704558142e-26
1.490091835659981823e-01 5.851418733342233054e+02 6.250351980496068336e+02 2.622671601398305938e+02 4.737961994222720241e-01 7.301997612608972471e-27 4.162038801737377076e-27 3.010545124293717025e-27 3.952735862482926188e-01 4.049285512843602532e+02 6.165805700384385191e-27
2.589482826922595571e-01 1.985965920010300181e+02 2.181116190752006787e+02 4.835311382395792634e+01 3.523346500576231000e-01 3.545115497710828007e-27 3.612936488480347879e-27 9.654114794045960978e-28 3.489250905498282873e-01 1.447009504764850476e+02 2.886499296361009643e-27
4.500005402658359133e-01 8.797055708656947104e+01 4.311912603103256458e+01 3.071463833721569614e+01 2.985780368830938669e-01 1.686342904950882504e-27 1.124758434845384898e-27 9.102414068382383768e-28 3.293466093419751273e-01 8.151003677905569589e+01 1.570915646995519733e-27
7.820113118116359674e-01 4.384774307300158114e+01 2.009923931514708073e+01 1.498290117020615497e+01 2.505452086469344142e-01 9.519721130655091200e-28 4.348083059457699765e-28 6.690416589764443536e-28 3.134912361160099303e-01 4.162022364158766408e+01 9.934018179092900287e-28
1.358979905757649043e+00 2.484293220777382771e+01 1.034878985500428428e+01 8.929810635657117857e+00 1.979489837452433065e-01 7.534727893005607490e-28 4.079858935633598034e-28 4.961829024081650722e-28 3.352975407523645646e-01 2.421288433016604102e+01 7.530904207092263283e-28
2.361636406479389549e+00 1.753513888611318094e+01 9.078973304820408430e+00 6.629986034506416104e+00 1.864706498152864100e-01 7.368818696175800065e-28 4.969556783048188530e-28 4.250043434014221887e-28 3.339558109646524886e-01 1.614239647162140656e+01 7.039667358260149276e-28
4.104053704384576839e+00 1.487429148517950317e+01 4.315729662853614812e+00 4.722762336875200972e+00 1.445524615019505577e-01 7.002061006030093847e-28 4.632232009834968856e-28 3.304748574017667853e-28 3.099837902426222369e-01 1.408759487074614292e+01 6.064267130652874048e-28
7.132027928711459630e+00 1.255229032642497877e+01 3.378158015814484827e+00 2.044782769198736361e+00 1.169215806193963370e-01 5.420625277649727209e-28 1.835584425335809194e-28 1.636781275191588151e-28 2.354252348394596517e-01 1.184532778563152888e+01 4.577456840608787780e-28
1.239404404517848235e+01 2.859298088051346554e+00 5.366207966746756597e-01 3.162347747750180460e-01 6.194933043466280959e-02 1.126088943619304885e-28 5.828795687719815412e-29 1.814778893200547357e-29 1.456497152443650411e-01 2.780276062116593394e+00 9.760075302652756366e-29
