# R (Mpc), mean rho (Msol/kpc^3), errup (Msol/kpc^3), errlow, std, median rho (Msol/kpc^3), mean pth (Msol/kpc/s^2), errup(Msol/kpc/s^2), errlow, std, median pth (Msol/kpc/s^2), mean gas-mass-weighted metal (fraction), errup, errlow, std, median metal, mean gas-mass-weighted temp (K), errup, errlow, std, median temp  
#  nprofs 464, mean mh 556124520074.161011, median mh 532499565450.787415 
#  Mass range 11.50 - 12.0 
#  Nhalos 185
5.932145288224347380e-04 1.514502731898418665e+08 1.547208746410697699e+08 6.924697457211688161e+07 4.519933261791526657e-01 9.696931084267303348e+07 1.192853070746199190e-22 1.461101707820404770e-22 2.649293350742763004e-23 6.922765456929199646e-01 3.426923350876041795e-23 7.823037682834717288e-03 4.197450458397818107e-03 2.314372766970914166e-03 2.499784336329543000e-01 7.077226083941498547e-03 3.867877075698276894e+04 1.607623293433665822e+04 7.859732666475807491e+03 2.677771485016890440e-01 2.593200780456768553e+04
1.030888699813797393e-03 8.488677249403792620e+07 9.972362586941695213e+07 4.855616167059798539e+07 4.899253062124296343e-01 6.047996548895049095e+07 9.751656386406868205e-23 1.274643386430214836e-22 1.568122349330215404e-23 8.068392808054527521e-01 2.042921008732031284e-23 8.546696840609168538e-03 5.196188252673572192e-03 2.454263920171485813e-03 2.487405713788765904e-01 7.062861078030835404e-03 6.835433047073334455e+04 7.577586855029355502e+04 9.344167775034002261e+03 4.130845879205340965e-01 2.753825386038242868e+04
1.791479236884782524e-03 3.631610327443654090e+07 3.728127823997674137e+07 1.834299401920801029e+07 4.496096195976703180e-01 2.737293516472585499e+07 6.223918011009636950e-23 8.348525402792405186e-23 8.268259500158544214e-24 8.435810745100422725e-01 1.106747202963003618e-23 8.210254848542734504e-03 5.124493483115893575e-03 2.741111296196605505e-03 2.413799196449950557e-01 6.763852524964661037e-03 8.586197362592580612e+04 1.167277234899241594e+05 1.416309084932701808e+04 4.711743397425313673e-01 3.117229932756847120e+04
3.113234102545675390e-03 1.042361364259646833e+07 6.739809845908923075e+06 4.264229058419259265e+06 2.796427707600611101e-01 8.919129050843980163e+06 1.837079597198440893e-23 2.728142424130423813e-23 3.350358668507059328e-24 6.740829953736522384e-01 4.564342099069689378e-24 8.084743564964923940e-03 5.612495080619333589e-03 2.616054665345840524e-03 2.822983605687756636e-01 6.197321363972141915e-03 1.101860714742633718e+05 1.243320532308456313e+05 2.886465860336730111e+04 5.010161097846240752e-01 4.460162527896022220e+04
5.410180803494689730e-03 2.818492095570380799e+06 1.508929452238701284e+06 1.270148490232985001e+06 2.337036642800726927e-01 2.678149323228021152e+06 3.224924411551378165e-24 4.040595509311277917e-24 1.191488940350150832e-24 5.590620852188228351e-01 1.644848569001743941e-24 7.654761409171531236e-03 5.231559973756768137e-03 2.769902265745957659e-03 3.207816898886707846e-01 5.574716894054893013e-03 9.596266896813646599e+04 1.453187702851579816e+05 2.960809970752925437e+04 4.694346004078677193e-01 4.681047454988173558e+04
9.401816683997036433e-03 6.562163461502924329e+05 6.788506702888611471e+05 3.589665289280774305e+05 3.678134745773961045e-01 5.379899273848402081e+05 8.232940364111348195e-25 9.832980423336791768e-25 3.257843492499454743e-25 5.101705439224867300e-01 4.962897995769849217e-25 7.082715914668061621e-03 5.213317452334310931e-03 2.524599706292048485e-03 3.412930308361695197e-01 4.858151625324467343e-03 1.431901230781108316e+05 2.001451907133990608e+05 5.019875974080197921e+04 4.915999421296597394e-01 7.169744460617043660e+04
1.633848482519974915e-02 1.238160552295663801e+05 1.522320612444549333e+05 5.345537978693694458e+04 3.938002859588820570e-01 8.644895423805349856e+04 2.686554148018966606e-25 3.169670198716977678e-25 1.044295943279732294e-25 4.505307427395870423e-01 1.779514623001286397e-25 6.343775692841546569e-03 6.126477419434046487e-03 1.898091351082964971e-03 3.354969344126038644e-01 4.123228142696789764e-03 2.464669148208892730e+05 2.391841598987147154e+05 1.225518034012168937e+05 4.520945476947860753e-01 1.731503302493375668e+05
2.839303246974122716e-02 2.529630465158497464e+04 2.022534998952392198e+04 1.183914669792544191e+04 3.473486142384973885e-01 2.024653000394589617e+04 9.720112467682092252e-26 8.045577529236116318e-26 3.071608883977812643e-26 3.668382802033434698e-01 6.658239107794104892e-26 5.746713284050185798e-03 4.370488472801668973e-03 1.589754414678721563e-03 3.112508069013733003e-01 3.882942287882057940e-03 3.443256739848839352e+05 3.240717821362140821e+05 1.218573269341886917e+05 3.184007507833183093e-01 2.469663255290692614e+05
4.934143535662420532e-02 8.017875057234750784e+03 5.562801540481847042e+03 4.465873587449316801e+03 3.274263059491801520e-01 7.100639225420138246e+03 3.821978554528463687e-26 3.221175736798533077e-26 1.270929713449369015e-26 3.202866456710083964e-01 2.906142595308060839e-26 4.629639586616021013e-03 2.416909849244661644e-03 1.510954875975711355e-03 2.795963915827448520e-01 3.524613958348046111e-03 4.460933474916626583e+05 4.515805979934008792e+05 1.343021849286641809e+05 3.067355558201261823e-01 3.043073149630383123e+05
8.574558725442532614e-02 2.525202094851750644e+03 2.038565072672012320e+03 1.162469732625449751e+03 3.012159691667647410e-01 2.175753147346476908e+03 1.625061022481161708e-26 1.498800110839340158e-26 5.872798942757951374e-27 3.508448668832530593e-01 1.133106150971574598e-26 3.504535939061362987e-03 2.482399060259258671e-03 1.039735229816521247e-03 3.010613008252789324e-01 2.512182274145149680e-03 6.046106147061260417e+05 6.534318920101893600e+05 1.774563690512960311e+05 3.496698655183839155e-01 3.662552926268883166e+05
1.490087525923421141e-01 7.593054990872475400e+02 5.178681668899479291e+02 2.682939731498491938e+02 2.589960817834232043e-01 6.575055760985466122e+02 6.866739089178139370e-27 6.561830473159446970e-27 2.557068345198349024e-27 4.274725258090143476e-01 4.020079744688510416e-27 2.348442296737974101e-03 1.906988534469782537e-03 7.853521323679289127e-04 3.074301528645088100e-01 1.691457638093384281e-03 7.554690459088613279e+05 6.609397161694263341e+05 2.637195951068857685e+05 3.929247461111282091e-01 4.482882205825730925e+05
2.589475337458828630e-01 2.521427213942673689e+02 1.373662444668494800e+02 8.264878047467908573e+01 2.356965124154686286e-01 2.121550701200874300e+02 3.273387099421886550e-27 4.391780110836420841e-27 1.173863685642838524e-27 5.601068631012011689e-01 1.610041715091876393e-27 1.538398251973732743e-03 1.285646501227572999e-03 7.318332439013797630e-04 3.546275801768151159e-01 1.186520402321886679e-03 8.970414094524508109e+05 8.600412242546099005e+05 4.227183752354001044e+05 4.609952358048882703e-01 5.943339252651744755e+05
4.499992387462019017e-01 1.063543537577747458e+02 6.548047265630066249e+01 3.349599568405091077e+01 2.320587630464076290e-01 8.650379504035817035e+01 1.801326674419771933e-27 2.361006003793219232e-27 7.082910252860169194e-28 6.282346355268407789e-01 8.772002180227908124e-28 1.054514781208500335e-03 8.181779324391021775e-04 5.591193317526091736e-04 3.683662220263596021e-01 8.463827084359273412e-04 1.078999395342796808e+06 1.019455733219016227e+06 5.641835983829156030e+05 4.969816075461896410e-01 7.657095093291947851e+05
7.820090500297373071e-01 5.483653253185732979e+01 3.830442941885445407e+01 1.730396117538579404e+01 2.435859252647217810e-01 4.375498805762634902e+01 1.146618242044329456e-27 1.371589717413672176e-27 5.195266793343492611e-28 6.190653101862139129e-01 6.707709114346135507e-28 9.606225487387671591e-04 9.654687585143834983e-04 4.218957566347039320e-04 4.063126444215935384e-01 6.884891392640108332e-04 1.310447743651302997e+06 9.886675896427382249e+05 7.804281734076121356e+05 4.723660123420272972e-01 1.108377092479913728e+06
1.358975975231191180e+00 3.349780521417434898e+01 2.753756240314392656e+01 1.054742879770330788e+01 2.425686370631738031e-01 2.714869049368553178e+01 7.726720003811983089e-28 1.057306026106667189e-27 3.130835252028952686e-28 5.645410828665029523e-01 4.585494364904996058e-28 1.025034072909421744e-03 8.927068169299310924e-04 5.089367383978107579e-04 3.740338078549163003e-01 8.498444507907927051e-04 1.470984507051210850e+06 8.884386516899834387e+05 8.850045350026984233e+05 4.077723114872977561e-01 1.396704096263278276e+06
2.361629576007254094e+00 2.413957715191128273e+01 1.387190061291234855e+01 6.889102349946591985e+00 2.214282736802638540e-01 1.974077231090898721e+01 7.169153263357458920e-28 5.469056352778013214e-28 2.987204645300565533e-28 5.104225129587058873e-01 4.163623856852565292e-28 1.064000397732673894e-03 6.155367614838812371e-04 5.282511126983272139e-04 2.766655891223090968e-01 9.928001064775356186e-04 1.587492741726612439e+06 9.039238508966560476e+05 8.327515118716522120e+05 3.322285533786522027e-01 1.459056699840152171e+06
4.104041834384438481e+00 2.006090246445621261e+01 7.756204892764507974e+00 4.466875244768896636e+00 1.996761315300825401e-01 1.632857810796829057e+01 7.926859621888503712e-28 3.419702973775199782e-28 1.741893210451676188e-28 4.748038852781523156e-01 3.062578443080342530e-28 1.108961264894070759e-03 4.667805958937906643e-04 3.089767001911698872e-04 1.700591866689563081e-01 1.022652311184523441e-03 1.866830323167966912e+06 7.928358200756465085e+05 5.703188372462833067e+05 2.817867050158872622e-01 1.399025127818782814e+06
7.132007301015381273e+00 1.584350807466107192e+01 4.274464087619671560e+00 2.766204412644027499e+00 9.613313096812695080e-02 1.527718251867039889e+01 3.949512303582339570e-28 2.475756466180418009e-28 9.656401272604046997e-29 2.871423508793450319e-01 2.768129997229647113e-28 1.032507189906792114e-03 2.010260373681870862e-04 2.006711031408260973e-04 9.472953345642942669e-02 1.021133897489475122e-03 1.649880216249972349e+06 7.564528425906370394e+05 3.683149381234354805e+05 1.979563283439687293e-01 1.354223761594173033e+06
1.239400819835114298e+01 2.126739343682455541e+00 4.983835470765938247e-01 2.410251481498395520e-01 7.574942050966050611e-02 2.025183387494836396e+00 5.598122331597895500e-29 3.938546431661680368e-29 7.778237748953806824e-30 2.814273826566187631e-01 3.409706996573765035e-29 1.024222069027698034e-03 2.126542395820510845e-04 1.483929044100405770e-04 9.441698225552053181e-02 9.799932005970380788e-04 1.729141181418684311e+06 9.662986815031347796e+05 1.814428922660211101e+05 2.074854793738448444e-01 1.261647374733189121e+06
