# R (Mpc), mean rho (Msol/kpc^3), errup (Msol/kpc^3), errlow, std, mean pth (Msol/kpc/s^2), errup(Msol/kpc/s^2), errlow, std, median rho (Msol/kpc^3), median pth (Msol/kpc/s^2) 
#  nprofs 474, mean mh 3891065020867.457031, median mh 3437007448744.656250 
#  Mass range 12.41 - 12.8 
#  Nhalos 16
1.633848482519974915e-02 7.879931701730028726e+04 9.086861712832472404e+04 1.480791046692463715e+04 6.779929803584103798e-01 4.143669148393028288e-25 5.474189419252672301e-25 1.909598219282849626e-25 5.879541759847154436e-01 2.233105254069100920e+04 2.809149268364927230e-25
2.839303246974122716e-02 1.890773606890753581e+04 1.061346421284173812e+04 4.151422250414309929e+03 5.056157463083568171e-01 1.674021656303081117e-25 7.477330059034257911e-26 9.069855871771638821e-26 2.629239201521255676e-01 7.487648682949102295e+03 1.634758783451589092e-25
4.934143535662420532e-02 4.749291542157406184e+03 4.671657576523373791e+03 1.643741109419931263e+03 3.557273350588882610e-01 9.879000532407312325e-26 8.726708909110894685e-26 3.704548069216685997e-26 3.182508288484279246e-01 3.014446414697662021e+03 7.231279287255000001e-26
8.574558725442532614e-02 1.588722162634103370e+03 1.240442396173700672e+03 6.243896247270836284e+02 2.463023087057422955e-01 5.214243405581905908e-26 3.107340974977423755e-26 2.149077840121215987e-26 2.567000514540997980e-01 1.368779964326733989e+03 4.690746274361120185e-26
1.490087525923421141e-01 8.685287440233906864e+02 6.198131524248849473e+02 4.216878243080161042e+02 3.282527058076728510e-01 2.467633155605570125e-26 1.692472477841016357e-26 1.102598016545778246e-26 2.375513116524684276e-01 7.676116062857861380e+02 2.260971531532411107e-26
2.589475337458828630e-01 3.734790850928343389e+02 1.708056814869452751e+02 1.739412466409394540e+02 2.578762951101336021e-01 1.249377818478342242e-26 1.203246478559735884e-26 2.714676229389719337e-27 2.835868972952689249e-01 3.706374238553517557e+02 8.243780325828662803e-27
4.499992387462019017e-01 1.750379066361725222e+02 9.793743389182924375e+01 3.484331823819283613e+01 1.860056330906560140e-01 6.571177788496281128e-27 1.671579423670714830e-27 1.473373380857512723e-27 3.316847068521940334e-01 1.490733593865467128e+02 3.906921419686107526e-27
7.820090500297373071e-01 7.724215708028654603e+01 3.362159773386507311e+01 1.766408753074293259e+01 1.827854060097577060e-01 3.606114989548965831e-27 1.595490539888572732e-27 1.401380738659590462e-27 4.013614578202523431e-01 6.558658091997668294e+01 2.384513519472913263e-27
1.358975975231191180e+00 5.342571464637247658e+01 1.155815862659197535e+01 1.194761999285643839e+01 2.442554018230575497e-01 4.456054913395790557e-27 1.406163209479795845e-27 9.421834006505851870e-28 5.179001952890143201e-01 3.905168251814573921e+01 1.555935846434410637e-27
2.361629576007254094e+00 3.006042588976632501e+01 7.726913510882930325e+00 9.070842728467258809e+00 2.189274303669931088e-01 1.912469807050160587e-27 7.740249328291400022e-28 6.338175857688924625e-28 4.561426781035666789e-01 2.588670418770630732e+01 1.237212039796985203e-27
4.104041834384438481e+00 1.953581839859898395e+01 4.912147663526312158e+00 3.864114304352675333e+00 1.275838197906339622e-01 1.022263475010716426e-27 4.462758109573783816e-28 3.487473483370931158e-28 2.748020286818730895e-01 1.851977014094245533e+01 9.721456714623005671e-28
7.132007301015381273e+00 1.666827099708131854e+01 6.102386801305886621e+00 3.149225787770674856e+00 1.193505625908956869e-01 9.307072238486198953e-28 7.051146416064223332e-28 2.488318690660347884e-28 2.142109226820027301e-01 1.560523095982858521e+01 7.856718900665459419e-28
1.239400819835114298e+01 2.945473183598497968e+00 4.901765381770752938e-01 1.750195932864024861e-01 4.530100621534643990e-02 1.300356204197018417e-28 2.910682233995511913e-29 2.081484434565988632e-29 7.055785633315808658e-02 2.835490123565767462e+00 1.289422296717610463e-28
