# R (Mpc), mean rho (Msol/kpc^3), errup (Msol/kpc^3), errlow, std, mean pth (Msol/kpc/s^2), errup(Msol/kpc/s^2), errlow, std, median rho (Msol/kpc^3), median pth (Msol/kpc/s^2) 
#  nprofs 445, mean mh 4236870511173.935547, median mh 4070364972408.580078 
#  Mass range 12.41 - 12.8 
#  Nhalos 18
1.633852177236155140e-02 5.483148880234832905e+04 5.979085029082935944e+04 1.651122661860573135e+04 5.858406531213399271e-01 3.363317268892567242e-25 1.068600313214999108e-25 1.048462053500533919e-25 2.780716149655654279e-01 2.494333724341089328e+04 2.728118686900141575e-25
2.839309667654963537e-02 6.340084028648240746e+03 7.897784852336438234e+03 1.569551976267851160e+03 4.263454658972678502e-01 1.397334602323058869e-25 9.669575761376756489e-26 5.862813464522281562e-26 5.037264415121566197e-01 3.236229975469578676e+03 8.842604049169422776e-26
4.934154693526905666e-02 2.499674470981674403e+03 2.727634537107744563e+03 8.630210003623600414e+02 3.608235489249841943e-01 7.328358572219466052e-26 5.017867208495397775e-26 3.898392625025212301e-26 3.690886672082617781e-01 1.780731384132669973e+03 5.834764705781551920e-26
8.574578115588683824e-02 9.245285105045563796e+02 7.593960689447144432e+02 3.576746355294405930e+02 3.024277657280616260e-01 3.830562421451266758e-26 2.058630293874717322e-26 2.182899454956315753e-26 3.760327221743851034e-01 7.337576548896479380e+02 3.265096740589357238e-26
1.490090895544625982e-01 4.608472598449745874e+02 3.473627520653420788e+02 1.441374771968239372e+02 2.911791468700363206e-01 1.792735058622563277e-26 8.388945495251319332e-27 8.259025560347108985e-27 3.907279218275560018e-01 3.590529458041805810e+02 1.516178520113862277e-26
2.589481193189351327e-01 2.428803874842232631e+02 6.814483012325280242e+01 1.545582286747053331e+02 3.310228757875640637e-01 6.807234656272394389e-27 4.213158334911418357e-27 2.839720629243755844e-27 3.440324724260206968e-01 2.621828911100115533e+02 6.298828137913591529e-27
4.500002563555373647e-01 1.067885179845001744e+02 4.278684757635616620e+01 5.472534803174404061e+01 2.536786589894959310e-01 2.535924351106379914e-27 1.038845135298103626e-27 1.414584551346710952e-27 2.805850689532597975e-01 1.082417362818246147e+02 2.528653441036427825e-27
7.820108184320838651e-01 4.249392369885219978e+01 1.447516259071664990e+01 1.018020200366461125e+01 1.623466495367600071e-01 9.175304984637104450e-28 6.436030244403623512e-28 2.842150228177673174e-28 2.461711713953148861e-01 4.099754696113356545e+01 7.943342972815960623e-28
1.358979048362254582e+00 2.238457811439637624e+01 9.636897523089295703e+00 8.304198317999361478e+00 1.560184515074939937e-01 4.294393935808369447e-28 3.801445753724774023e-28 7.401586181154341849e-29 3.282192923396344830e-01 2.158126071871617313e+01 3.096596270150759218e-28
2.361634916496962333e+00 1.229939786367459220e+01 7.075993030175279586e+00 3.457014719178801876e+00 1.768163585535940385e-01 2.946517790574660037e-28 2.948884547803070846e-28 7.696305857551106576e-29 3.654842522531600579e-01 1.101248951423657729e+01 2.143500154810612765e-28
4.104051115091881030e+00 7.428515780522856105e+00 3.333971506511108629e+00 2.151545765044295955e+00 1.568522885773983855e-01 2.361617352930046745e-28 1.867928824565182754e-28 9.069084369923837913e-29 3.674681175380231646e-01 6.815226952726025189e+00 1.984552103188993206e-28
7.132023429036466133e+00 6.786068815672336996e+00 2.145573584087369312e+00 1.794090728315158145e+00 1.622242965684873583e-01 2.894870070579954211e-28 7.772179766671692258e-29 1.064780352023205871e-28 3.663271666511418445e-01 6.062634198228064264e+00 2.109191265981786870e-28
1.239403622563954954e+01 3.922267153237496640e+00 1.214032740351715933e+00 4.039169110722715672e-01 9.621971902495707329e-02 1.398439614821574429e-28 7.268150191193635614e-29 2.176706279187901391e-29 1.930835067190009025e-01 3.602973299648610794e+00 1.144987472741898692e-28
