# R (Mpc), mean rho (Msol/kpc^3), errup (Msol/kpc^3), errlow, std, median rho (Msol/kpc^3), mean pth (Msol/kpc/s^2), errup(Msol/kpc/s^2), errlow, std, median pth (Msol/kpc/s^2), mean gas-mass-weighted metal (fraction), errup, errlow, std, median metal, mean gas-mass-weighted temp (K), errup, errlow, std, median temp  
#  nprofs 443, mean mh 4267231474120.256836, median mh 3480929387626.482910 
#  Mass range 12.30 - 13.1 
#  Nhalos 32
5.932173081830181089e-04 1.556292819909598827e+08 1.690728991577899456e+08 2.733758719346855581e+07 5.283158264163423379e-01 5.006483838797646761e+07 1.144406040563199738e-22 1.123597460405112974e-22 9.142998440465275432e-24 6.067518622469127987e-01 1.794272370194319621e-23 6.505574195473221889e-03 3.657906314723256835e-03 2.540500666494204668e-03 3.413628810679021908e-01 5.827287523083755569e-03 4.233691237467961764e+04 2.142646057076082798e+04 7.574478891786900931e+03 2.522740226145024356e-01 3.025280407354520867e+04
1.030893529788922541e-03 6.990438327248705924e+07 9.424617590566372871e+07 3.020605385082599148e+07 6.297819296535519529e-01 3.585287039518895000e+07 9.486708283605983420e-23 9.862532885738267490e-23 2.903362395401227158e-23 7.781888185503943456e-01 3.329115333275010908e-23 6.238913384908885591e-03 4.174122712425385774e-03 2.491072303439510922e-03 2.425094968510762838e-01 5.361667405572354862e-03 9.491766410998158390e+05 3.250649890342869330e+05 1.754518814308728906e+04 8.054856730863015901e-01 3.898971671333206905e+04
1.791487630419557730e-03 3.427390440869840980e+07 5.050697700685606897e+07 1.821900583044158667e+07 6.341024785179547596e-01 2.208504983800383285e+07 4.302912605582206621e-23 3.988565477656976905e-23 1.675534399530705698e-23 8.288522065997705468e-01 2.124262557883637155e-23 6.466872502044773187e-03 4.330200619017772132e-03 1.814886032331628624e-03 2.043714620643916346e-01 5.813776295034087105e-03 3.730160798250556691e+05 2.675044841744648293e+05 1.208625319887935984e+04 6.837805038943853830e-01 3.119258968434248163e+04
3.113248688837364202e-03 1.168309720316363126e+07 7.954710184595375322e+06 3.413122353051227517e+06 3.314686786895646442e-01 7.593985754224102013e+06 1.723333849378930123e-23 1.288244119862113101e-23 5.333493420978175266e-24 3.547517618865491107e-01 1.106229172987783637e-23 7.240041484469134092e-03 4.506887972091531622e-03 2.282103517040967068e-03 2.214428980415731885e-01 6.162996935580193625e-03 2.130520469225237030e+05 1.412923680911227711e+05 4.151505797276257363e+04 4.494280074208619191e-01 8.169819883027883770e+04
5.410206151564474382e-03 3.962847250026276335e+06 2.184842667191975750e+06 1.915798711878978182e+06 3.344680658101784609e-01 3.441808475329467095e+06 8.524023011042495060e-24 4.509233111444835455e-24 3.684610208088301985e-24 3.548254151879716156e-01 6.445357794632223452e-24 7.262787978659840382e-03 5.533200815138595782e-03 3.529769882018891827e-03 2.442193206946408346e-01 7.089651003517202787e-03 2.999261810646696831e+05 3.455993801376465708e+05 5.155338826053081721e+04 4.729861670199548285e-01 1.084264160379302048e+05
9.401860733893718097e-03 9.043685034405810293e+05 1.123280327754454222e+06 4.564276017950250534e+05 3.765839835217260623e-01 6.659980019651077455e+05 4.520523814208988410e-24 2.696438306874857273e-24 1.384424503097405142e-24 3.328277204780077936e-01 2.972504331034013760e-24 6.415218864859933111e-03 4.567130566870990227e-03 2.401654944746686726e-03 2.445500081910209622e-01 5.459311617257498264e-03 6.538631995275496738e+05 7.212742239302125527e+05 2.827066431049328530e+05 5.304915893260647719e-01 3.548519895778127247e+05
1.633856137514670334e-02 2.096414787985451112e+05 1.518172052910991188e+05 8.574361505867798405e+04 3.629287502613235961e-01 1.432302633901718946e+05 2.238892349524305558e-24 1.385442394518347771e-24 6.620943695286527606e-25 2.952278477356612973e-01 1.524663538668328183e-24 5.386526774106859330e-03 4.339677328359430909e-03 9.444284174354965200e-04 2.426219379211444760e-01 3.732652110876313704e-03 1.185049848976239096e+06 1.125186657691584434e+06 5.842827117511690594e+05 4.306620745119028593e-01 8.520191612623644760e+05
2.839316549830248754e-02 5.059401445026206056e+04 3.047733362160515389e+04 2.753073420606436048e+04 2.841274980860010735e-01 4.603374843519431306e+04 1.284116099666532433e-24 1.112069147841688695e-24 3.252031382103302161e-25 3.355092089744289297e-01 8.074489360616025648e-25 3.998616944297463116e-03 3.744481693177896184e-03 7.224852505158447548e-04 2.159883439375889225e-01 2.878201032684791008e-03 2.193036834345700685e+06 1.981941318251916207e+06 1.132275784215773921e+06 3.832355861241915074e-01 1.844466597486487124e+06
4.934166653376820949e-02 2.125076789350246327e+04 1.019933662128119977e+04 1.145070540745117069e+04 2.714158013765787247e-01 2.003251128430732933e+04 7.031259958354315318e-25 5.958820904205654628e-25 2.378542512074502033e-25 3.195476753437980211e-01 4.809503743092025265e-25 2.763947309450698678e-03 1.279284383546420208e-03 9.010878754550490175e-04 1.730059429195845155e-01 2.553661094396597782e-03 2.732963248165077530e+06 1.857610304468908813e+06 1.216318235601482680e+06 3.377506892675166128e-01 2.092686142588288058e+06
8.574598899425776855e-02 1.066157389715842328e+04 5.675764796763731283e+03 5.306580877427103587e+03 2.489070331708058137e-01 9.956736475360674376e+03 3.504304719321026310e-25 3.299133007479040358e-25 1.128700671744821109e-25 3.047058523290170351e-01 2.491683417160978439e-25 2.142101999346831837e-03 8.149890521508746689e-04 6.046893287406846819e-04 2.106250970832767577e-01 1.856443988388292374e-03 2.393944523138205986e+06 1.481493195782439318e+06 1.160845281444959808e+06 2.574880622989399459e-01 2.168124727715080138e+06
1.490094507361558740e-01 4.709662399235870907e+03 2.553181978962980793e+03 2.001769052376128457e+03 2.031945605804380828e-01 4.394774902049683078e+03 1.343938191501517831e-25 1.050306302076216012e-25 5.483647748164205791e-26 3.045529202484387743e-01 1.034768164159771497e-25 1.646137699617010366e-03 9.401118416780106929e-04 5.453223867279171537e-04 1.970828707782048272e-01 1.503187218983585184e-03 2.047229901679425035e+06 1.289214398463359103e+06 8.827327007111882558e+05 2.529892462135028830e-01 1.747552677319300827e+06
2.589487469807810194e-01 1.531199988786910126e+03 9.855638185831603550e+02 4.161738456381696096e+02 1.654747432548019925e-01 1.392499862931869302e+03 3.893843813731076251e-26 4.660064703663884059e-26 1.023844156720501058e-26 3.615255170688845276e-01 2.265583056912819152e-26 1.215735212841311755e-03 6.355200294938293491e-04 2.748008074524779928e-04 1.860473197151332747e-01 1.002619018644605123e-03 1.610493512148064328e+06 9.173285516988546588e+05 7.674765200438211905e+05 2.479781992935829460e-01 1.486903171533111483e+06
4.500013471068133319e-01 4.333293694664412783e+02 3.009000322139658010e+02 9.453820413108479670e+01 1.779602831244507799e-01 3.557920890699086840e+02 8.823739392972446789e-27 1.445430821492729427e-26 2.327025976940002441e-27 4.198398869267093159e-01 4.153642066430085822e-27 8.948891578366680553e-04 3.677499845343666900e-04 3.672164767816054774e-04 1.907109516213904843e-01 8.867391733561173252e-04 1.232658203434690367e+06 1.152666595736736897e+06 5.205233028319753357e+05 2.717953027647012632e-01 1.033618560667907703e+06
7.820127139405553818e-01 1.399304736925564043e+02 1.082686924083561593e+02 2.336817654369932029e+01 1.854831385602351557e-01 1.113203612044813866e+02 2.444503430109004284e-27 2.660348165917785296e-27 9.951588726476973253e-28 5.316566910331245177e-01 1.239376368805912502e-27 7.234566565175680995e-04 4.093157055662824222e-04 3.343359447711033135e-04 2.396114184522711021e-01 6.386640315752332552e-04 9.571259505481510423e+05 9.055230874213125790e+05 3.886505022571501322e+05 3.692855429731427552e-01 6.240293854767795419e+05
1.358982342378446839e+00 6.991294515281393274e+01 2.136430621950002262e+01 1.235914184924968851e+01 2.237455476047372771e-01 5.096251316034980050e+01 3.778405937957859374e-27 5.899140453944461931e-28 1.860236745939978671e-28 6.234007614907336459e-01 2.984244223696423355e-28 5.578967047581929930e-04 2.458228068975292944e-04 2.716298360451807419e-04 2.449493451690321066e-01 5.361804313837264082e-04 9.679393645984588657e+05 4.540737181307104183e+05 2.169273192367627926e+05 4.233502838613177888e-01 4.168627189947002335e+05
2.361640640841031757e+00 3.328806859151585229e+01 1.359108747125322481e+01 1.019120986893390324e+01 1.976697926865259303e-01 2.862374630010759802e+01 6.843044307268916330e-28 2.316472731550574885e-28 1.186618924724925801e-28 5.846569322512913391e-01 1.631152667509429146e-28 4.444895681279857429e-04 3.281972791035296373e-04 2.011392655549950400e-04 2.490717486980615070e-01 4.085576230918860148e-04 7.034573421808180865e+05 3.384426889216586715e+05 3.685658068422186188e+05 4.143578386188871976e-01 5.079870197778600268e+05
4.104061062861748432e+00 2.276238976220503929e+01 5.999664039892540046e+00 6.612225394442303283e+00 1.500960914049286055e-01 2.165149715771982741e+01 3.463704981135853162e-28 9.481774562265910294e-29 8.848567883295621031e-29 4.710809990776830269e-01 1.376586028903159418e-28 4.052173856241588867e-04 1.727469292109121428e-04 1.342725049277585718e-04 1.810690246883217835e-01 3.869214430344362628e-04 6.693603353795753792e+05 1.825056451992514776e+05 2.388237095194792782e+05 3.423686499848088705e-01 4.341287319885976613e+05
7.132040716279185233e+00 2.016216906143682053e+01 9.043721554032678966e+00 2.444526753000154429e+00 1.206788026813660070e-01 1.819333073202375317e+01 4.954192175774702602e-28 1.235870101264381915e-27 6.321505248208122593e-29 6.258044514247549372e-01 1.133573681286245400e-28 4.425084488274387963e-04 1.438303828931304608e-04 9.674264494908413206e-05 1.422055144378298885e-01 4.375423351967503132e-04 1.393909222175790463e+06 3.044443326159289107e+06 2.162812894828522112e+05 5.046760125282059306e-01 4.684219962223206530e+05
1.239406626742427164e+01 3.842472238719060851e+00 5.491730893692245985e-01 3.082971956349278564e-01 5.458299458703838591e-02 3.759753631659590312e+00 5.170233010306655391e-29 3.968739441048548409e-29 9.017355476951938066e-30 3.890587359645562571e-01 2.383972547087397794e-29 4.070943689312276790e-04 8.273937737824548291e-05 6.824768745238539436e-05 8.507964714650791127e-02 3.942459338375765929e-04 8.749732751208128175e+05 6.721703442930717720e+05 1.306415501661478775e+05 3.367451306960523305e-01 4.475783440118058352e+05
