# R (Mpc), mean rho (Msol/kpc^3), errup (Msol/kpc^3), errlow, std, median rho (Msol/kpc^3), mean pth (Msol/kpc/s^2), errup(Msol/kpc/s^2), errlow, std, median pth (Msol/kpc/s^2), mean gas-mass-weighted metal (fraction), errup, errlow, std, median metal, mean gas-mass-weighted temp (K), errup, errlow, std, median temp  
#  nprofs 442, mean mh 211838840108.158844, median mh 199903508906.676361 
#  Mass range 11.00 - 11.5 
#  Nhalos 202
5.932158538165270469e-04 4.744318993348793685e+07 3.317342300202788413e+07 1.442828177159364522e+07 2.865707007504371684e-01 3.791363458809046447e+07 1.132128365983903181e-23 9.544434146939471386e-24 5.304669335819025288e-24 4.017885699312160885e-01 8.218210111703674669e-24 1.738767471185560408e-03 1.796000342948491941e-03 9.276785244307181755e-04 4.243705308429814305e-01 1.308188354347041785e-03 1.784618550725520981e+04 3.450046204073216359e+03 2.837797179100540234e+03 8.577422015205497796e-02 1.756571683814676362e+04
1.030891002389629219e-03 2.637915949359491095e+07 1.167100267270013317e+07 1.099653882019042224e+07 2.194758802364991657e-01 2.486563139456648007e+07 5.762766128704869520e-24 4.317502239155970903e-24 2.602250831613876864e-24 3.383483336628648197e-01 4.696618810349577707e-24 1.253549021122263513e-03 1.131807288821932598e-03 5.516314152308259781e-04 3.330027305293667417e-01 1.053896702230350821e-03 1.720947380264857202e+04 2.749844662873361813e+03 2.554584802076333290e+03 7.629670803314833605e-02 1.700736861361916817e+04
1.791483238302971287e-03 1.043346759447786771e+07 4.603364575261538848e+06 3.303383232334453613e+06 1.721675908239609643e-01 9.807207951196121052e+06 1.718020726119051251e-24 1.266298747600446924e-24 6.117377556443736715e-25 2.820220805733572034e-01 1.363308141574541935e-24 8.719671389886245053e-04 8.105541244398967605e-04 3.754023734762899824e-04 3.573020776319009162e-01 6.737295657299614392e-04 1.493393568434505869e+04 1.985075864014983381e+03 1.810177410757954931e+03 6.837627916246047377e-02 1.471668820458559640e+04
3.113241056213520049e-03 3.742085159648267552e+06 1.260375902607122436e+06 1.543026937357083894e+06 2.047545518496454997e-01 3.847373800738439895e+06 4.871812633401082512e-25 3.346109374936599855e-25 1.871484798753833427e-25 3.104051129424245103e-01 3.884878940761305480e-25 6.637275264301814798e-04 6.174536990327600741e-04 2.730071246261475335e-04 3.566167887997738206e-01 4.742140177343902741e-04 1.388865461015895380e+04 1.757885573890525848e+03 1.597681877367464040e+03 1.169041446944246720e-01 1.272861926340178616e+04
5.410192887584432467e-03 1.136519575383298565e+06 7.778853504692434799e+05 5.912203999857320450e+05 3.484364369319910004e-01 1.059607332186505198e+06 1.600560894608521933e-25 1.264543229680843160e-25 9.334404871913801988e-26 4.266368483832129743e-01 1.361658752351473791e-25 6.003277737409246301e-04 6.135585969818296891e-04 2.031123941129079475e-04 3.947669489659353381e-01 3.962631214676151517e-04 1.584519721619825214e+04 9.937010188013169682e+03 1.059969160805198044e+03 1.822043485665268692e-01 1.182347563519077812e+04
9.401837683738208107e-03 2.371989181908747996e+05 2.909089065318172215e+05 1.117145375029784482e+05 4.219927434220613893e-01 1.682091719948920654e+05 7.869383460885917819e-26 6.972404565057918097e-26 3.940805109681087564e-26 4.318307907411056412e-01 6.089899000639721540e-26 6.288124499844691432e-04 7.089867337233268785e-04 2.659987177774923196e-04 4.158426032379753945e-01 4.376014533264763195e-04 4.703744696546677733e+04 6.384397912973901839e+04 1.260081108505190241e+04 3.931811960813786921e-01 2.415436335914774099e+04
1.633852131856735820e-02 4.027330558054210996e+04 4.037137349251220439e+04 1.446985256862709866e+04 3.390667636836143806e-01 2.850471944881772652e+04 4.682835721515700491e-26 3.862798363694903008e-26 1.852474648866526854e-26 3.590521795710601149e-01 3.701863713330168683e-26 6.001526877324720550e-04 6.328625950143796589e-04 2.308597261731348414e-04 3.740392899806209703e-01 4.374042804149526668e-04 1.304461974123587133e+05 1.282506854870754178e+05 7.297241626520481077e+04 3.993346671144638038e-01 1.017085413412525668e+05
2.839309588794570668e-02 9.416098160393878061e+03 5.982503071418324907e+03 3.007456073406169708e+03 2.351438517934809902e-01 7.925199181811774906e+03 2.262942718055064620e-26 1.444437762285832754e-26 7.321566628991104951e-27 2.412702392073672597e-01 1.915505238310226470e-26 5.400872500589238385e-04 3.914374335139920785e-04 2.377121250001917603e-04 2.875129092191587854e-01 4.582164522520898410e-04 2.050637850868987152e+05 9.841764189428632380e+04 9.839173674169555306e+04 2.432257952474190799e-01 2.021336500265175710e+05
4.934154556483250076e-02 3.281993700873936177e+03 1.694366755656687019e+03 1.124802460947022382e+03 2.098582761850636413e-01 2.982561215988235745e+03 9.141500588841109284e-27 6.191694711426750929e-27 2.782272399057391081e-27 2.596639811446591617e-01 7.368659184675713944e-27 4.829235415666688542e-04 2.826122581676532275e-04 1.623130839937353908e-04 2.255380928837890930e-01 4.112293544318386851e-04 2.162301144540097157e+05 8.887360887706422363e+04 7.260713518642412964e+04 1.919284371981037352e-01 2.022939495677045488e+05
8.574577877434103046e-02 1.235046812118005391e+03 5.952363879073470798e+02 3.906217849267961810e+02 2.120852806176533878e-01 1.097700272839119407e+03 3.576884879748488399e-27 2.718348906387543273e-27 1.194032822451443829e-27 3.172567937065989274e-01 2.576019417092671832e-27 4.205133727357694587e-04 1.930322549018807354e-04 1.244608166625865253e-04 1.799007529447941012e-01 3.780101395195016589e-04 2.070302675695129728e+05 8.421424946180018014e+04 4.841541347598552238e+04 1.967690514423238446e-01 1.705332421705377055e+05
1.490090854158103439e-01 4.462072509217633183e+02 2.901338632616083260e+02 1.385586421761016425e+02 2.296361105605276565e-01 3.784783285338036194e+02 1.508292570356081473e-27 1.258744583181384367e-27 4.097196016921572872e-28 4.235810473766541406e-01 7.417431682975094593e-28 3.468584288325242512e-04 1.194883904796632573e-04 1.046372418272081958e-04 1.680715038316275556e-01 3.275676441322400759e-04 2.163782514965672453e+05 1.227389150978864636e+05 3.549073148737597512e+04 2.759130021227772511e-01 1.344740423191256414e+05
2.589481121267818153e-01 2.048904381512451778e+02 1.726803489432012384e+02 6.047804997879516975e+01 2.733448822756653906e-01 1.496886795598024946e+02 8.885891636038921405e-28 7.315594553094122852e-28 1.429745652481233460e-28 5.781301482724876539e-01 2.271428930514433442e-28 2.985877619803798408e-04 1.539424700615097470e-04 7.816370831164931371e-05 1.856594942612162791e-01 2.558007109154462866e-04 2.215138530384498008e+05 1.608894833526439616e+05 4.030279482358949463e+04 3.712032117986353019e-01 1.046786423746763176e+05
4.500002438570074315e-01 1.170577443375171072e+02 9.197491456469384730e+01 3.213678808774996298e+01 2.942964020233622136e-01 8.013307192342691110e+01 8.067034692239934390e-28 6.000199122614522932e-28 7.196378571018901070e-29 7.021946379017794948e-01 1.045113317091751056e-28 3.122417652830501949e-04 2.580550304880468017e-04 7.362247654297103950e-05 2.689907636631767018e-01 2.187482518388245340e-04 2.623722531964864465e+05 2.632809392950545298e+05 4.525077758337264095e+04 4.524101543078190013e-01 9.522389209574960114e+04
7.820107967121281423e-01 6.826632190843184844e+01 6.285093273103039024e+01 1.791610908805192182e+01 2.979232722462547556e-01 4.642082187812255967e+01 6.361854419239106039e-28 5.446805924560220103e-28 5.811877851851213646e-29 7.941398081320409919e-01 7.413028210504755110e-29 3.283873450988249762e-04 3.787551063722410815e-04 7.954851969668307217e-05 3.430943993904537193e-01 1.889336285768679802e-04 3.305876066796822124e+05 4.295253011210330296e+05 7.092161943643631821e+04 5.254838983592365897e-01 1.147455904313095234e+05
1.358979010617297423e+00 4.236262577249324579e+01 3.309625141442391794e+01 1.564793987362588723e+01 2.858996884896704005e-01 3.279961083901653751e+01 6.413001903435558583e-28 5.166960673485404983e-28 6.888721382931065810e-29 8.381056401162459979e-01 7.895752338076475389e-29 3.453591527676345323e-04 3.858215909218452064e-04 1.647050413896693232e-04 4.363698045990942465e-01 2.452396870708698309e-04 4.242350731150596403e+05 5.978437720272821607e+05 1.247390000983830978e+05 5.797520064960282049e-01 1.634559775375617028e+05
2.361634850903744809e+00 3.342889447400209946e+01 1.790560264372249932e+01 1.283134719538895574e+01 2.679079314029046976e-01 2.695325545426160474e+01 1.036586598549141414e-27 3.231512332584578359e-28 8.805915626835594877e-29 8.243107854064809503e-01 1.009693962766101128e-28 3.572231786114123272e-04 2.331915197837135722e-04 2.094930583732163573e-04 3.659552889113708574e-01 3.257998238627999102e-04 7.090254715784903383e+05 4.267786792302544927e+05 2.262182236474338279e+05 5.824279228976434464e-01 2.863794323292162735e+05
4.104051001103932172e+00 2.629891130216234174e+01 9.097150491439592201e+00 6.911180022523023325e+00 1.901774650789325172e-01 2.335049804107994476e+01 6.590817036464420661e-28 2.282600969773554520e-28 5.401349099104449091e-29 6.386701179186498045e-01 1.011023596222968804e-28 3.961132265776835565e-04 1.928547921543254324e-04 1.278574192069652216e-04 1.927021349094719394e-01 3.662942678949159675e-04 9.575048238431921927e+05 4.329339639269852778e+05 1.636225700233216339e+05 4.651502733248640831e-01 3.456818563275266206e+05
7.132023230948114190e+00 2.269767252484378162e+01 6.767948430361961698e+00 3.118992021504748635e+00 8.667164042600543350e-02 2.180413245235725839e+01 4.295277293418956289e-28 1.241372139817679792e-27 5.579421832324235440e-29 5.258625246434681655e-01 1.231550732519620113e-28 3.998418283727134238e-04 1.599624603809995829e-04 6.991275672206314837e-05 1.107009800417456391e-01 3.750318301001134380e-04 1.141758521355519537e+06 2.848197245201049838e+06 1.674938888022911851e+05 4.454403405727428988e-01 4.238497772045633174e+05
1.239403588140144663e+01 3.744791808630107521e+00 8.956989548872598128e-01 3.259930591900332963e-01 6.844932040429703435e-02 3.541308101396570596e+00 5.898303702235176023e-29 1.258740905162059551e-28 7.065358317260514080e-30 4.607215408843266524e-01 1.965308678257454502e-29 3.882061546850629251e-04 1.273222875864101150e-04 6.537636521396748574e-05 9.699892676313318085e-02 3.693735619121900522e-04 9.725405107057053829e+05 1.883565520156690385e+06 1.314221917127561755e+05 3.952183345834802131e-01 4.112104094412011327e+05
