# R (Mpc), mean rho (Msol/kpc^3), errup (Msol/kpc^3), errlow, std, median rho (Msol/kpc^3), mean pth (Msol/kpc/s^2), errup(Msol/kpc/s^2), errlow, std, median pth (Msol/kpc/s^2), mean gas-mass-weighted metal (fraction), errup, errlow, std, median metal, mean gas-mass-weighted temp (K), errup, errlow, std, median temp  
#  nprofs 446, mean mh 8802370585875.966797, median mh 8396071034844.843750 
#  Mass range 12.81 - 13.2 
#  Nhalos 7
1.633847555135692006e-02 1.082046417778614705e+05 1.896521995429673116e+05 4.536938497523728438e+04 7.417252633291486763e-01 6.024357378665719443e+04 2.149395108111163471e-24 3.429514128485088846e-24 1.469659186447128668e-24 6.719200182314472025e-01 1.601440896137702135e-24 1.872362673226715679e-02 1.160480413913162617e-03 6.293148242251014532e-03 1.037426544798765726e-01 2.075327945689101755e-02 2.655778336247464176e+06 2.343928872528749518e+06 1.844370347117558122e+06 5.933498889683245237e-01 2.279890717191137373e+06
2.839301635364948131e-02 3.705687613573185808e+04 2.212622862008852098e+04 1.021578660416836101e+04 5.691079206100225774e-01 1.494380885893943923e+04 1.011007005105704477e-24 8.013310577085616802e-25 5.559421603868206134e-25 5.471624539317659908e-01 8.535508253178742869e-25 1.670842046348740978e-02 3.479991890023972911e-03 8.648417778172622083e-03 1.561478851246693722e-01 1.889805260924832739e-02 3.772950205327566713e+06 6.014636980151005089e+06 1.273831709958677879e+06 3.903982860697381430e-01 2.405194327141059563e+06
4.934140735006660450e-02 9.623377016528344029e+03 1.423810047062574449e+04 2.819922763420521278e+03 3.900260946909882565e-01 5.229764658351883554e+03 5.256951961420102616e-25 3.313538293445204226e-25 3.108755929569060992e-25 4.741565390925967516e-01 4.894867601010532978e-25 1.330130737588872993e-02 9.034518949670056198e-03 2.495936902920607020e-03 1.905566204659880081e-01 1.061019294109779090e-02 4.222139193444541655e+06 3.253193029570362996e+06 1.261475774465728551e+06 2.533731854206313083e-01 3.646101648143039551e+06
8.574553858460631783e-02 4.408051180857311920e+03 1.977416773663560889e+03 3.573007926151813990e+03 3.056904892931615048e-01 5.223375545300445083e+03 3.141298551604687293e-25 2.964871102890813734e-25 1.431473784229920427e-25 3.473770265163119153e-01 2.400606355809037380e-25 1.024203775197988706e-02 5.141377856234649948e-03 2.802857679474341987e-03 2.310596716336884571e-01 8.789828456479161292e-03 4.776451949355185963e+06 1.921306666016275994e+06 2.528110837629614398e+05 1.299300841804925943e-01 4.189744409343571402e+06
1.490086680138903164e-01 2.136495190117356742e+03 2.214268003026800216e+03 5.876300403952071747e+02 3.568938820554525826e-01 1.400132925809458129e+03 1.541909174357506606e-25 1.479667053822610909e-25 3.951712950224824970e-26 2.615000700100300057e-01 1.062656178281532820e-25 6.881720577301081963e-03 1.281287110962555861e-03 4.601662477457317893e-03 2.663777780927663597e-01 7.151418178163832309e-03 5.943313999550135806e+06 9.469672069390835240e+05 1.423383282419183757e+06 1.539759174145575171e-01 5.600679391106181778e+06
2.589473867653792616e-01 8.817539868434763548e+02 7.457569094889975077e+02 2.430894634308180002e+02 2.041989575287178893e-01 7.246871376284966573e+02 4.827179937045375761e-26 1.312021450776818326e-26 1.252706109339599421e-26 1.750295338682783253e-01 4.296800482699823824e-26 3.747681453654634360e-03 1.244680687700100603e-03 2.183513401097708639e-03 2.255462633789063476e-01 4.030356078622239491e-03 4.158372877524985932e+06 1.248827534070127644e+06 1.373033269493780099e+06 1.436046494096913095e-01 4.278910498880968429e+06
4.499989833233608572e-01 3.687948581832660011e+02 8.821437871356761207e+01 1.529316922488339685e+02 1.376560324116717082e-01 4.027993767736446102e+02 1.317306174206244552e-26 1.283085312187954610e-26 2.941391006816721258e-27 2.335519835206742445e-01 1.023947525895785976e-26 2.660623387268808582e-03 7.880344341349466986e-04 1.287755193186168037e-03 1.871071637815124034e-01 2.830114948530997130e-03 2.506112711784533225e+06 1.960657312203080393e+06 4.309201472347769886e+05 1.849928739825184021e-01 2.064472410310110543e+06
7.820086061557125490e-01 1.293141463817093211e+02 2.144968401567919614e+01 3.076340351502656745e+01 1.581489489047928632e-01 1.175552049427793690e+02 3.687602628495800309e-27 3.180215465525661762e-27 7.942386593864888383e-28 2.185973806090393545e-01 3.043084221643960738e-27 1.967578832415126620e-03 2.827660634730673472e-04 9.145455131362154912e-04 1.395591464402016479e-01 2.210606070654173427e-03 2.054948157327847555e+06 5.104453633746327832e+05 5.480537585114485119e+05 1.356387404995082480e-01 1.959293090832092334e+06
1.358975203866542802e+00 5.020183675863598438e+01 1.408435958422718670e+01 3.945142100549553277e+00 1.212146998637781692e-01 4.239681711821166488e+01 1.660592970383417541e-27 9.481057322948953572e-28 7.891830851066180229e-28 2.803035296763435325e-01 1.458718973470068072e-27 1.495225899720082057e-03 8.435559711894254943e-05 1.655627474228607565e-04 1.029378149068687631e-01 1.422283990891353659e-03 2.297631587031398434e+06 3.356491906723058783e+05 1.580831731257722946e+06 2.072609453189091233e-01 2.744009916580187157e+06
2.361628235529128705e+00 2.792916650222748487e+01 9.679120549107398830e+00 5.720706655652712413e+00 1.243116716164223978e-01 2.626044519446377379e+01 1.120312946482812508e-27 8.939943437847358841e-28 4.223861293542849144e-28 2.603123624065828978e-01 9.465406078632020272e-28 1.251105837111937463e-03 3.972785832942931153e-04 1.602829216121092002e-04 1.126056195879611005e-01 1.090089602086083279e-03 2.790462367732963990e+06 1.127250644223536830e+06 4.011762288143255282e+05 1.707369678963654436e-01 2.433360429153432604e+06
4.104039504900442559e+00 1.827777378295159139e+01 3.178853543821784200e+00 2.489063597524319604e+00 6.201597405128635165e-02 1.819888467916583608e+01 6.932893568185749836e-28 2.638898950770643173e-28 9.917711135813840662e-29 1.086933327154208789e-01 6.323661168985558446e-28 9.285432289415417127e-04 5.763370676134180193e-05 1.138075886953339661e-04 8.361073821611118839e-02 9.828895374858917598e-04 2.826626801590854768e+06 8.059296700575063005e+04 4.636827610063259490e+05 7.725078952926954512e-02 2.971746418684902135e+06
7.132003252836161877e+00 1.629612656547456240e+01 3.146253407677068736e+00 4.749296918180114346e+00 1.088855181989398097e-01 1.681337300283291114e+01 8.174325570533842287e-28 6.539856718652049086e-28 3.034309783879724547e-28 2.231501592493299324e-01 7.310226275234606838e-28 1.066619408577198320e-03 2.343205007900534074e-04 6.019038329035215299e-05 6.905251037909002076e-02 1.026328095576083252e-03 3.468855166310645640e+06 1.559690879133735783e+06 5.701007821531826630e+05 1.115556186960588031e-01 3.233839949522827752e+06
1.239400116342193847e+01 5.058801760246368850e+00 5.738692079945559854e-01 4.316719321892534822e-01 4.565546330101598327e-02 5.055705376534182172e+00 2.010344531826273847e-28 1.363986923968853777e-28 2.981985134361734690e-29 1.527995713261428301e-01 1.741724905439475640e-28 9.726072389564041501e-04 1.093870432783226182e-04 9.541293223162784429e-05 4.188764652574686331e-02 9.778340051339359362e-04 2.861912001028914005e+06 1.174936770162213594e+06 5.428164871276612394e+05 1.053780653501246861e-01 2.681905562054306734e+06
