# R (Mpc), mean rho (Msol/kpc^3), errup (Msol/kpc^3), errlow, std, mean pth (Msol/kpc/s^2), errup(Msol/kpc/s^2), errlow, std, median rho (Msol/kpc^3), median pth (Msol/kpc/s^2) 
#  nprofs 466, mean mh 1935604113700.245361, median mh 1909377681144.995117 
#  Mass range 12.21 - 12.4 
#  Nhalos 22
1.633852177236155140e-02 8.802867852144516655e+04 9.334361218242059113e+04 1.969971327227097572e+04 4.914038083511074739e-01 1.925868553200122599e-25 1.711780300114025999e-25 1.141212299931695121e-25 9.898156895354330853e-01 3.390738285990071017e+04 1.160242183486612674e-25
2.839309667654963537e-02 1.849176322937966324e+04 1.173946213189994342e+04 2.759594626958264598e+03 5.787456452473954682e-01 6.751288885358215583e-26 8.683543993266829209e-26 2.687444334024984587e-26 6.330594029689667890e-01 5.022709903023473089e+03 3.537699876334345272e-26
4.934154693526905666e-02 4.969964721119831665e+03 2.572919779404945075e+03 8.239173142209972411e+02 5.205499482384569054e-01 3.376999648998382652e-26 2.007687225108292773e-26 1.093536506141766690e-26 4.397752001083969908e-01 1.521551826432207690e+03 2.017248534037552320e-26
8.574578115588683824e-02 1.252266172353116644e+03 1.068070951753737745e+03 2.722048251055345531e+02 4.567325301929903714e-01 1.521492949240044092e-26 1.246677867144545663e-26 4.989195327950517463e-27 3.855733648821483284e-01 5.191229737875100909e+02 1.001744704811674172e-26
1.490090895544625982e-01 5.078936832123183649e+02 4.388266377924397830e+02 1.501809872207702767e+02 4.158949846451177601e-01 7.021751714922708837e-27 6.101390766834692250e-27 2.491853607371179687e-27 2.893368498182063986e-01 2.747729743410476431e+02 5.463127421680503170e-27
2.589481193189351327e-01 1.606722645851691595e+02 2.451511245561517569e+02 4.655835366906740802e+01 3.435778414241485446e-01 3.095918449978353500e-27 1.878977587609216493e-27 1.115457974888836815e-27 2.409474647587175333e-01 1.019324392046036962e+02 2.573779403405469154e-27
4.500002563555373647e-01 6.348433812732792347e+01 5.890192007405172347e+01 2.325842552203086555e+01 2.521802594158544242e-01 1.362494918933326161e-27 7.272576631025845531e-28 5.051561642153752233e-28 2.508674194840496696e-01 5.309281460274429065e+01 1.165563700699695736e-27
7.820108184320838651e-01 3.012309543662098577e+01 1.121282923828452383e+01 9.593285097744587375e+00 1.787526255915032891e-01 6.527017425256794933e-28 5.442478114692998304e-28 1.789720678499437505e-28 3.570651228309043024e-01 2.761751465611520828e+01 5.192857992756110471e-28
1.358979048362254582e+00 1.759559080414959098e+01 7.611948451851045405e+00 4.730171643180241858e+00 1.711878295458552079e-01 5.218272736385325330e-28 3.363272915252133161e-28 4.124225460207305604e-28 4.569674393960711511e-01 1.638605180645715720e+01 5.179749660428295656e-28
2.361634916496962333e+00 1.333571942970258917e+01 4.348894806304436145e+00 7.326704221797104566e+00 2.214746620039978464e-01 4.789535131874980218e-28 2.969051536844654663e-28 3.798687249573307673e-28 4.897038885339622394e-01 1.328279485914891112e+01 4.671873822271638854e-28
4.104051115091881030e+00 1.131939582344389272e+01 2.519240723384100988e+00 5.392000789993418586e+00 2.388080530918376965e-01 6.236652413067584519e-28 1.140276899066432385e-28 2.492870928860444845e-28 4.986222282616473711e-01 1.057339943430370610e+01 3.740637345249160371e-28
7.132023429036466133e+00 6.902797980582784376e+00 2.361155118330481528e+00 2.777708538129346927e+00 1.574324643489244113e-01 2.654603026356899152e-28 1.061827117663537279e-28 1.082080878057623142e-28 3.203601616403381480e-01 6.766131036397348808e+00 2.310604942814975054e-28
1.239403622563954954e+01 3.593133251323257227e+00 4.974129166449081652e-01 4.111267407697511977e-01 6.746297442047900772e-02 1.078113748221250265e-28 1.386689279488963855e-29 1.586291905336766980e-29 1.283963720115457730e-01 3.525536302321710558e+00 1.000151046215034500e-28
