# R (Mpc), mean rho (Msol/kpc^3), errup (Msol/kpc^3), errlow, std, median rho (Msol/kpc^3), mean pth (Msol/kpc/s^2), errup(Msol/kpc/s^2), errlow, std, median pth (Msol/kpc/s^2), mean gas-mass-weighted metal (fraction), errup, errlow, std, median metal, mean gas-mass-weighted temp (K), errup, errlow, std, median temp  
#  nprofs 467, mean mh 1417256860677.875000, median mh 1376931547603.456543 
#  Mass range 12.00 - 12.3 
#  Nhalos 43
5.932173081830181089e-04 8.819541705558347702e+07 8.465436255415001512e+07 4.789072062219546735e+07 4.257827349646730597e-01 6.587796959972355515e+07 4.107132897065967681e-23 4.652888615294783474e-23 2.078975197562233583e-23 6.437855330103279261e-01 2.634749533231826986e-23 1.203963617092294186e-02 2.616065135653895118e-03 5.022904795472548853e-03 1.816665660030796214e-01 1.188126739128206669e-02 4.519425839054081735e+04 3.543784569647557510e+04 1.121435817896655499e+04 4.005636109387836208e-01 2.984002261228580028e+04
1.030893529788922541e-03 3.725955222034510970e+07 5.366446045117565989e+07 9.875010287977866828e+06 5.019597824221452287e-01 1.473419974452957697e+07 7.244864315835473499e-23 3.866762887683881120e-23 7.049046928151304946e-24 8.705784375994216617e-01 8.493967962004304085e-24 1.412102574055858206e-02 7.627331242647432744e-03 3.329677004025392503e-03 1.813094622540310785e-01 1.230003387897288074e-02 9.707204274340304255e+04 1.576854407441627991e+05 1.727300415246141347e+04 5.113278690226560341e-01 3.207486240627841107e+04
1.791487630419557730e-03 1.939701631019337103e+07 3.197933145725833625e+07 7.492672370406166650e+06 5.094105235499718498e-01 1.093654178123213910e+07 3.054143234705294785e-23 2.285194946524336725e-23 2.636921698134453529e-24 7.784245540940339936e-01 4.103195298193166956e-24 1.338389578366828113e-02 6.038736658193228496e-03 3.690044590769825383e-03 1.837112872605602409e-01 1.231745870746352514e-02 1.108352647581141064e+05 7.761126407575703342e+04 1.707141587973308197e+04 4.758205222177042115e-01 3.571880017415653128e+04
3.113248688837364202e-03 7.307712739541917108e+06 7.009214617217553779e+06 3.151100002752952278e+06 3.611862562268724486e-01 5.618348340849174187e+06 1.023869928557893744e-23 1.564309799251168475e-23 1.685292872007561573e-24 6.721857026560413839e-01 2.647766719964965170e-24 1.453274607631650610e-02 8.790974743621938342e-03 4.938660683379647240e-03 2.140169780253457499e-01 1.343076895687983496e-02 1.144713190031103877e+05 1.055354761208340205e+05 5.100204649640776915e+04 4.850673595117119818e-01 6.967079164886365470e+04
5.410206151564474382e-03 3.159239625090399291e+06 1.402744514464218169e+06 6.817088402460766956e+05 1.869598212556009276e-01 3.022266876658910885e+06 3.982642968465493901e-24 6.081697215525111463e-24 1.833108101540083895e-24 6.817523321162120009e-01 2.189330006660255612e-24 1.483456713932422566e-02 1.011791508680025264e-02 5.773609963876758649e-03 2.523427938260721648e-01 1.375709671753195043e-02 8.788005599794500449e+04 9.166025308411021251e+04 3.333848410904874618e+04 4.734133546609883281e-01 4.751908912260763464e+04
9.401860733893718097e-03 6.729994088557711802e+05 7.552879027579121757e+05 3.014024676216657390e+05 3.707236496478469867e-01 5.130420121623976738e+05 1.160585741702999606e-24 1.455265879548209867e-24 5.308270893998601949e-25 7.792833459152359588e-01 8.512114940876635290e-25 1.410678956745077886e-02 1.236579495191733255e-02 4.634777255198578062e-03 2.847231568427530113e-01 1.075525503212668849e-02 1.745759677524836734e+05 1.980931744773112005e+05 7.071429322473728098e+04 5.580661789913377024e-01 9.680353973825137655e+04
1.633856137514670334e-02 1.491900553039344959e+05 2.999763503837407916e+05 2.938573623124342703e+04 5.462176719581307571e-01 5.254159906357275759e+04 5.167832952429896812e-25 6.812423022049124813e-25 1.823424965126835380e-25 7.650305466508603436e-01 2.832266577902245071e-25 1.307257899346572771e-02 1.069528310425794937e-02 6.004795903430833887e-03 3.103676674317996098e-01 1.128419605258328823e-02 3.969548793374926317e+05 3.502590152192741516e+05 1.505323632709629601e+05 5.155528904422519432e-01 2.420161162254163646e+05
2.839316549830248754e-02 2.602166777461461970e+04 3.967030618225839862e+04 8.483607107776633711e+03 4.748901107670108757e-01 1.497596856759913499e+04 2.049199644370042342e-25 2.299319229951080576e-25 8.666392050793938022e-26 5.489876255890554502e-01 1.306524543278688296e-25 1.058654134770713878e-02 1.015160533392736944e-02 2.492075901972604091e-03 2.788166635694678264e-01 7.852330508985864987e-03 6.891779466131542576e+05 4.099634415792120853e+05 2.739337183931539184e+05 3.081124375416225969e-01 6.269251095888578566e+05
4.934166653376820949e-02 6.827085349493164358e+03 6.259167294060544918e+03 2.471257527608902365e+03 4.840867499624263437e-01 4.198311458447250516e+03 8.922463892333963493e-26 8.178536221343080063e-26 3.706748847940277645e-26 5.218259413519696910e-01 6.298198243844723518e-26 8.789683391263874990e-03 6.879313494219992803e-03 2.389316254819471783e-03 2.558815585520645142e-01 6.787117887482485568e-03 1.031287781939351582e+06 4.817166195991787827e+05 4.498375387909798883e+05 2.123069259343728366e-01 9.684173406202160986e+05
8.574598899425776855e-02 2.674736152079822205e+03 2.315234621791444624e+03 1.586786310727542286e+03 4.801191309511049776e-01 2.193690926528653108e+03 4.668966354080288542e-26 4.106558538901692832e-26 2.828813563017454161e-26 4.647041465509113567e-01 4.089232140200814414e-26 6.104742875113168370e-03 4.400075383741021418e-03 1.283438505503608183e-03 2.422808016812493803e-01 4.559296601086759368e-03 1.609036524664570345e+06 7.626868478647167794e+05 4.119785996597978519e+05 2.622514786638756035e-01 1.246302241003252100e+06
1.490094507361558740e-01 1.072640793472413634e+03 7.355812243387484841e+02 6.762694556830431338e+02 4.535144552214430691e-01 1.003906334567204908e+03 1.981329874651356721e-26 1.932080803732194188e-26 8.517073278387189607e-27 4.484456123414479745e-01 1.598364394005490707e-26 4.172863023448237021e-03 2.135929632724237540e-03 1.124266657364850555e-03 2.651673480707377184e-01 3.197155424448468695e-03 1.493466356578008272e+06 1.139601342332193162e+06 3.162632045193588128e+05 2.384283527232980981e-01 1.191649005810378585e+06
2.589487469807810194e-01 3.770470282988763415e+02 1.859994302368162380e+02 1.950284545771445721e+02 3.710885008074946700e-01 3.548282515897152507e+02 8.044249594774151413e-27 8.907162324454344880e-27 3.203817990474059316e-27 4.345850009027524830e-01 5.611673440682260209e-27 2.808812546843953307e-03 1.048410223149876669e-03 1.033688496948575227e-03 2.657697264207819488e-01 2.435106587166230817e-03 1.460677857751573669e+06 1.027916959941708017e+06 3.284423974879356101e+05 2.362078582876590283e-01 1.184374854176674504e+06
4.500013471068133319e-01 1.379049368998321370e+02 7.067609541895424741e+01 4.734165777615800152e+01 2.824597617282786355e-01 1.269348499093078146e+02 2.917708506332486744e-27 2.189886816562333756e-27 1.686451547063317367e-27 4.244008261808105975e-01 2.408139369838051522e-27 1.786910201759018190e-03 9.267890790274394518e-04 4.557125709268809027e-04 2.460649235081676101e-01 1.629782048472015656e-03 1.460797322945776163e+06 7.672096508094856981e+05 7.914332220879259985e+05 2.961918613620034835e-01 1.498526996458419366e+06
7.820127139405553818e-01 7.257561600834779370e+01 3.091174009282217128e+01 2.058981326531156242e+01 2.337832792392507686e-01 6.507983519988137289e+01 1.798003953265302426e-27 1.185957298424096707e-27 8.175869296788298946e-28 3.969269076144728570e-01 1.364778237146441974e-27 1.547686939417323602e-03 1.190805987683717006e-03 4.636748976331805331e-04 2.361792238145359879e-01 1.327322541055393334e-03 1.663709764311895706e+06 1.008743513077594806e+06 5.809084508629492484e+05 2.975474888638058868e-01 1.483243596042236779e+06
1.358982342378446839e+00 4.044196679458457311e+01 1.572289736249791758e+01 1.414696533823109803e+01 2.263543764477689568e-01 3.671307335140112116e+01 1.640978039703803582e-27 8.566644715402883913e-28 5.191335708566393044e-28 4.471299163796534915e-01 8.500399540430859251e-28 1.061119800922871986e-03 5.375226392957087318e-04 5.526381761898044353e-04 2.270603155455274136e-01 1.040150735453319007e-03 2.089050351411886979e+06 8.730364908493936528e+05 8.390801344179528533e+05 2.809961507142261228e-01 1.869930772232297575e+06
2.361640640841031757e+00 2.840208688369363799e+01 1.224496662556888182e+01 5.716468329569703855e+00 1.970829400397540176e-01 2.329676891708811937e+01 1.211793767187025199e-27 6.415567860500311306e-28 2.677934866417949366e-28 3.923295345135220935e-01 5.814762433703740867e-28 9.769278253528915473e-04 4.172893167487969459e-04 3.501179099494772544e-04 2.070479889000624019e-01 9.467619412045581500e-04 2.100574231866464950e+06 8.861434131606095470e+05 7.215863014128825162e+05 2.165259094410686425e-01 1.944243631408741232e+06
4.104061062861748432e+00 2.136151214909370566e+01 8.555247317503702931e+00 5.523824156935539520e+00 1.567813811611755148e-01 1.936867414076912652e+01 6.705497450626294891e-28 4.447443801932321571e-28 1.830405052852939857e-28 3.619522676186487931e-01 3.794923299492140849e-28 9.515189755738153550e-04 2.177931366584202368e-04 2.983221629924740718e-04 1.404114467540128752e-01 9.720014958572106584e-04 1.872057836611439707e+06 7.852184173921539914e+05 5.314772384224629495e+05 2.226580665402720094e-01 1.654817326003981987e+06
7.132040716279185233e+00 1.771334236858690758e+01 3.163320491619824537e+00 2.491121091759257666e+00 8.405638601295842283e-02 1.714442072576801479e+01 4.480597900926100302e-28 1.277768078508317868e-28 1.123299172550272885e-28 2.280087254888489012e-01 3.550073518921660334e-28 9.029129230371766039e-04 7.705310083495843423e-05 1.841242797091373904e-04 8.788212015723342874e-02 9.255032414117616126e-04 1.731087738062413875e+06 3.061754238395288121e+05 3.540839614530310500e+05 1.453517470816299839e-01 1.573174657762774965e+06
1.239406626742427164e+01 4.308158703907287723e+00 8.328718769798815202e-01 4.111337091831157586e-01 5.497930388299207549e-02 4.157163762323176748e+00 1.161133787934671489e-28 1.595164634868295702e-28 1.778580515780942605e-29 2.238462185757854050e-01 8.330661588465644922e-29 9.268621469325053104e-04 2.511295824633217157e-04 8.105170082717608453e-05 7.281021449967428616e-02 8.788432125264581578e-04 1.878267181968807941e+06 1.876303500336495927e+06 1.905236004487045575e+05 1.677313961892227534e-01 1.475198140861680964e+06
