# R (Mpc), mean rho (Msol/kpc^3), errup (Msol/kpc^3), errlow, std, median rho (Msol/kpc^3), mean pth (Msol/kpc/s^2), errup(Msol/kpc/s^2), errlow, std, median pth (Msol/kpc/s^2), mean gas-mass-weighted metal (fraction), errup, errlow, std, median metal, mean gas-mass-weighted temp (K), errup, errlow, std, median temp  
#  nprofs 434, mean mh 4393842376267.886719, median mh 3151403662167.581543 
#  Mass range 12.30 - 13.1 
#  Nhalos 32
5.932141921095533113e-04 1.156425961552463323e+08 1.666999946930716932e+08 2.759851736349869892e+07 4.571308382956760230e-01 4.951799259774148464e+07 1.114180494717871120e-22 1.395299486081097941e-22 8.219833252759118862e-23 7.559653786476207005e-01 8.659954145575910141e-23 1.494293423139131036e-02 5.627736979787582167e-03 1.771371189738480886e-03 1.692928776565462423e-01 1.270307964244896462e-02 2.011113480977334257e+05 5.553392982744504698e+05 2.840231579095779307e+04 6.654066819363317897e-01 4.293353642393699556e+04
1.030888114673873032e-03 3.133949442970534042e+07 4.360415165871344507e+07 7.171466056361893192e+06 5.262158203755760155e-01 1.105552755273854360e+07 2.477611715222196010e-23 5.234086017769675626e-23 8.164316284393851328e-24 9.357267011986378780e-01 8.432363726258394790e-24 1.814159371410545632e-02 7.428937998766441120e-03 7.023751137283075485e-03 2.993998778319166831e-01 1.705979670530293271e-02 1.334147411857414118e+05 8.620055319758909172e+04 2.428402431096013606e+04 6.411299762846933703e-01 3.469033906306033168e+04
1.791478220028137197e-03 1.249879692035936564e+07 1.343373288185418956e+07 1.141155137282255106e+06 4.805675304384765534e-01 3.833323758606934920e+06 3.299506783929263887e-23 1.946700526917306105e-23 4.321632162516514202e-24 1.011083418238691634e+00 4.524686939671409573e-24 1.806759764296772888e-02 7.215339050295529327e-03 7.762474713558417325e-03 1.730511834646817348e-01 1.842670970650969048e-02 1.925291538059507147e+05 4.342275362778885174e+05 3.952172522809499787e+04 7.170871886112960558e-01 4.931138926287433424e+04
3.113232335451354259e-03 4.190896943925539963e+06 4.692430012969140895e+06 1.762792164970450802e+06 5.516726810010351700e-01 2.577794117904192768e+06 1.319931392919600515e-23 1.020671944296083500e-23 1.261329299062856326e-24 1.027214189404904277e+00 1.402643185194018040e-24 1.850180230901500231e-02 6.884699060209057558e-03 7.299540541442753674e-03 1.682363166926106601e-01 1.848980224366807493e-02 1.782934804187809932e+05 3.479165567471696413e+05 1.661138751815961587e+04 7.035648709567750014e-01 2.743167314658880059e+04
5.410177732636713838e-03 2.190976791622478049e+06 1.572736118459868943e+06 8.955285446010133019e+05 4.655446446737874222e-01 1.579432842603344703e+06 2.603025087225443239e-24 3.256195333719995345e-24 7.425089086413848075e-25 7.966759810633297079e-01 8.121039295878350369e-25 1.938396704345765262e-02 5.580605943430707455e-03 8.033609278249916746e-03 1.617647116052025325e-01 1.979550335064489755e-02 1.608147398136348347e+05 1.064621266607898579e+05 4.930842386498110864e+04 6.365746633011797329e-01 5.960293777438763209e+04
9.401811347457503243e-03 3.714672779189091525e+05 5.110684309070263989e+05 2.143817602118176874e+05 5.438696591223470822e-01 2.748342372990548611e+05 1.033069199764979596e-24 1.121072186230935020e-24 3.213688762868003814e-25 9.227458455407625548e-01 3.351390027376985479e-25 1.855971502223438541e-02 4.198196165243327227e-03 8.956650784217342134e-03 1.583824359442208562e-01 1.982447652969839338e-02 4.091153155823845300e+05 4.703662346038665855e+05 7.453506666981980379e+04 8.064919363293957533e-01 8.310584695136568916e+04
1.633847555135692006e-02 5.918109064018502977e+04 4.157688021932789707e+04 2.408482847235072404e+04 4.680903163049222604e-01 3.362057187893465743e+04 3.287487842134979669e-25 4.818360439496410506e-25 1.017740968765498734e-25 8.128943723768740082e-01 1.279124456667290277e-25 1.818176252799532169e-02 5.976832011103130199e-03 8.368851654806512899e-03 1.801678036566928265e-01 1.849610027931481229e-02 6.695988081524014706e+05 5.646271492251005257e+05 2.938944205100662657e+05 6.854111690574375970e-01 3.365419074805408018e+05
2.839301635364948131e-02 1.615656523124171144e+04 1.081730630235858007e+04 4.508830932150562148e+03 4.756491548262334890e-01 7.875407110721289428e+03 1.836063374092236907e-25 2.054717771761665788e-25 1.081127120716448976e-25 4.935120525409542602e-01 1.574379232446968623e-25 1.569946235904459697e-02 1.126188435704895616e-02 5.363338987134234209e-03 1.966572041725467013e-01 1.355703424408243041e-02 1.489639552912920015e+06 1.120295986081853975e+06 9.186786544496905990e+05 4.537828878960445400e-01 1.263473332753429655e+06
4.934140735006660450e-02 4.186155246354690462e+03 4.300535839330095769e+03 1.746322280025716509e+03 3.315596879040459966e-01 3.061582902272145475e+03 1.134111018506339923e-25 8.739417429937850441e-26 6.941829154204085625e-26 4.236962216373749701e-01 9.492647661872659789e-26 1.209746235309600362e-02 9.226301270251018732e-03 4.694111944366499006e-03 2.223656065372427160e-01 1.077248779963854708e-02 2.231006964575540740e+06 1.905517893393923063e+06 1.237820246486689430e+06 3.606807152293014518e-01 1.840573604555637110e+06
8.574553858460631783e-02 1.685791293285243228e+03 1.117940120312304316e+03 8.110378876825182033e+02 3.253460734262623166e-01 1.611770800065349704e+03 5.923553186576229998e-26 3.414647325710291787e-26 4.536764813518846376e-26 4.312585376918688373e-01 5.904523974662973024e-26 9.008319477506741488e-03 7.947502679771498157e-03 2.846770599962692577e-03 2.854075153885136107e-01 7.131349848191900764e-03 2.525989650604672730e+06 2.290436837214663625e+06 7.067426165585129056e+05 3.004109412109965405e-01 1.925393227834242396e+06
1.490086680138903164e-01 8.588284232628939208e+02 5.317945913921914780e+02 1.686644958919335977e+02 3.266276917816758885e-01 6.475256115059239619e+02 3.285790366473150804e-26 3.389924860515524600e-26 1.270131997236739737e-26 4.198681274079499870e-01 2.175090176938240000e-26 6.435695009674646458e-03 4.691469444677552787e-03 1.882266128981434535e-03 2.349734551900065915e-01 5.198903385662951605e-03 2.645821120090721175e+06 2.101766527189424261e+06 7.882781441291922238e+05 2.782314892192853106e-01 2.031638205200946424e+06
2.589473867653792616e-01 3.613075359349051041e+02 1.136083842218484961e+02 1.143441689044062741e+02 2.591564101797659281e-01 3.546954459237259698e+02 1.541319558018948860e-26 1.730271105603254098e-26 3.903423150093606004e-27 3.925874156684934224e-01 8.374330869004915943e-27 3.880340939918050427e-03 2.759252152919770395e-03 1.443758666635273306e-03 2.668425471924167347e-01 3.408042440946911378e-03 2.785882083719784394e+06 2.361085410890513100e+06 8.729116532992646098e+05 2.880217709508048340e-01 2.119909719307621010e+06
4.499989833233608572e-01 1.542851838012848589e+02 8.941650211774270929e+01 4.056038822622547002e+01 2.206765967422949781e-01 1.391200238645814409e+02 5.645665280740639372e-27 6.238156151274822614e-27 2.472199403931467214e-27 3.534541752651920721e-01 4.021441296000792152e-27 2.430972081943331888e-03 1.270958922075089009e-03 1.073266084324532837e-03 2.339661491577810781e-01 2.311670512056264622e-03 2.509559598324100021e+06 1.728353262457059231e+06 9.575188612656234764e+05 2.561769617597723370e-01 2.119671768770661671e+06
7.820086061557125490e-01 7.389327545257917507e+01 3.847114204259514736e+01 1.918128731460109293e+01 1.583513083511127739e-01 6.720694704980851952e+01 2.569449873738379746e-27 1.486983650381459511e-27 1.285271252289363309e-27 3.485909413793777389e-01 2.232274992269261622e-27 1.775249087715196879e-03 5.933550975930972863e-04 8.505910646126029623e-04 1.945083405110540897e-01 1.829402506619395028e-03 2.485574648465645500e+06 1.403663873569272459e+06 6.615798977344974410e+05 2.901227041026557818e-01 1.926581048454170115e+06
1.358975203866542802e+00 3.753442806373708152e+01 5.843102359431213699e+00 1.053108889568158091e+01 1.047746471309922156e-01 3.828506606233356990e+01 1.602145947342530786e-27 1.163376778837847038e-27 8.776792158332194894e-28 3.788538473129874906e-01 1.443967418858036022e-27 1.372415725790271509e-03 4.366900508516993653e-04 3.921991487786114774e-04 1.591496095962396662e-01 1.318486613883062446e-03 2.961143473069934174e+06 1.845233879881023429e+06 1.504868810486557893e+06 3.055082505367089918e-01 2.813888809047366492e+06
2.361628235529128705e+00 2.423858267607036510e+01 7.983446877875007175e+00 8.152549048417814248e+00 1.508667748504334549e-01 2.398810377565316898e+01 1.281996460095105160e-27 8.503113396868142238e-28 5.234489991314863257e-28 3.532285636289934083e-01 1.180565014329458323e-27 1.117181234505656724e-03 2.873442087403641106e-04 4.760134216588899443e-04 1.397309450867418590e-01 1.148875153631247637e-03 3.665963360135903582e+06 1.616108936223267578e+06 8.428650929681304842e+05 2.342925217826238027e-01 3.463857582566436380e+06
4.104039504900442559e+00 1.830301016261089586e+01 4.527761699380143057e+00 6.364905992103873089e+00 1.450796384658858962e-01 1.829627992800420344e+01 1.040560709632708230e-27 3.364835300891759040e-28 3.664284050124997356e-28 2.820873390166366845e-01 9.557820777034369267e-28 9.609236638737180718e-04 1.824765279141756912e-04 2.142849035336202336e-04 1.164543967321720469e-01 9.657617959785774146e-04 3.985511728975051083e+06 1.288336423123202287e+06 1.038204658631657716e+06 1.714416795700539065e-01 3.893048394207805395e+06
7.132003252836161877e+00 1.545040455420635972e+01 5.617831749206956715e+00 2.916035741497223555e+00 1.174616880087582943e-01 1.437565733074853114e+01 8.068939760561201038e-28 5.301745246919681490e-28 1.817860520193426639e-28 2.090132919582557702e-01 6.949933316497633056e-28 1.001908267011736645e-03 1.578447452478303273e-04 1.918020540258782037e-04 9.665335927543590444e-02 1.028252356423382460e-03 3.703728259784531314e+06 1.005935486846742220e+06 5.505504319386980496e+05 9.657849762636921964e-02 3.625143714609317482e+06
1.239400116342193847e+01 4.860042376637807138e+00 7.060888170868180325e-01 3.426363231274045518e-01 4.994516062309650034e-02 4.765514570891899560e+00 2.245457574514727131e-28 7.168939789338397276e-29 3.619421773524980439e-29 1.027418574826071129e-01 2.117927423227102005e-28 9.288194584947161506e-04 1.154800981546510183e-04 9.805084118530416320e-05 4.651525323951948704e-02 9.222287072714834390e-04 3.403324052067455370e+06 5.217942472446397878e+05 3.807785253956951201e+05 5.927206607713842584e-02 3.298971293531245552e+06
