# R (Mpc), mean rho (Msol/kpc^3), errup (Msol/kpc^3), errlow, std, median rho (Msol/kpc^3), mean pth (Msol/kpc/s^2), errup(Msol/kpc/s^2), errlow, std, median pth (Msol/kpc/s^2), mean gas-mass-weighted metal (fraction), errup, errlow, std, median metal, mean gas-mass-weighted temp (K), errup, errlow, std, median temp  
#  nprofs 465, mean mh 210423312832.780029, median mh 198995734874.013092 
#  Mass range 11.00 - 11.5 
#  Nhalos 193
5.932171770859670339e-04 8.298164107384960353e+07 8.262259133741143346e+07 3.587333236078174412e+07 3.800178683005921432e-01 5.934483060130196810e+07 1.901575712857590407e-23 1.996904965292260868e-23 8.840083571699403073e-24 5.074391057048235343e-01 1.217034627956553587e-23 1.053187444828230157e-03 1.030537794596985638e-03 6.242575725708295314e-04 4.318956508296539210e-01 8.519935525166618707e-04 1.661718921584415511e+04 3.610300374618207570e+03 3.226131294924743997e+03 1.386847508567455589e-01 1.655391418028062617e+04
1.030893301968358478e-03 6.149835828674601763e+07 6.624997966884115338e+07 2.025529065890403837e+07 3.507676590617718193e-01 4.027582820951542258e+07 1.180724416937501456e-23 1.258362859625787196e-23 4.391986808671282769e-24 4.052676766540512232e-01 7.607204549606569183e-24 9.780791817350850681e-04 8.746769802080745513e-04 5.892310137283147736e-04 3.775327352004330672e-01 8.410496407942209254e-04 1.528862518582654957e+04 2.159638576968061898e+03 1.887666797030613452e+03 5.879850112249308813e-02 1.510634399093459251e+04
1.791487234512792676e-03 2.883219934978516400e+07 2.414943351643457264e+07 1.087800003382179514e+07 3.026881762548330745e-01 2.154151336223665625e+07 3.891815309681440673e-24 2.836263770424776364e-24 1.767236098457746494e-24 3.144971896134273748e-01 3.190019051714427897e-24 9.144279190810735000e-04 9.388495798338229465e-04 4.873319912103334030e-04 3.885206597516107641e-01 7.275053415840603346e-04 1.299426730853951267e+04 2.445677751261249796e+03 3.274402103318901936e+03 1.055191694597433644e-01 1.315853802773438292e+04
3.113248000830259356e-03 8.287422125444746576e+06 4.603550410370870493e+06 2.805014243563852273e+06 2.185464705330222024e-01 7.367557290966053493e+06 9.120376355102800459e-25 5.298770331130558329e-25 2.349865503503779965e-25 2.709608110983755536e-01 6.382688234792179267e-25 8.948601019630670391e-04 1.026791562256956693e-03 4.754527224981741499e-04 4.269734774930672994e-01 6.812553897224527368e-04 1.148546407200779504e+04 2.243263467561424477e+03 3.619635530471048696e+03 1.519318519930526190e-01 1.119370162435138627e+04
5.410204955945158156e-03 1.928479953836530680e+06 7.337003815928271506e+05 5.873251674639817793e+05 1.738964419692832497e-01 1.861724648688702611e+06 2.107141328864841459e-25 1.515448070250634710e-25 7.191500386427422105e-26 2.816283191341168446e-01 1.667073648608172613e-25 7.962227078782182490e-04 8.458535288727849020e-04 4.569391263542061342e-04 4.373630167426096338e-01 6.380653132435295822e-04 1.195605692712715245e+04 2.644799116578706162e+03 2.216898991529404157e+03 1.345978356609788262e-01 1.094216751177767947e+04
9.401858656145479012e-03 3.690960323563370039e+05 2.619697360036330065e+05 1.514737866042032838e+05 2.717916620811715034e-01 3.259636771526484517e+05 7.871127467866947000e-26 7.268782793591816027e-26 3.730810497657622464e-26 3.876503806757898851e-01 5.807282997940686110e-26 7.765410691379018423e-04 7.395261656375249704e-04 4.561544891488961487e-04 4.242574430441821698e-01 6.369867441031791143e-04 2.319857640342458762e+04 2.031002835395336660e+04 4.441628698777931277e+03 2.739551369664534053e-01 1.444215393353205218e+04
1.633855776443408903e-02 5.587693333997826267e+04 4.161874498287007009e+04 2.184655278254385848e+04 3.125244739127480686e-01 4.507038905435328343e+04 3.624777176892186603e-26 3.718427707586496348e-26 1.410470515717191546e-26 4.125192463619515304e-01 2.586851689994843796e-26 7.636284729987577024e-04 6.769280492975512107e-04 4.044513396919618498e-04 3.925605477501484808e-01 6.136664839634262082e-04 6.563733957189247303e+04 6.556124451147344371e+04 2.835180846172407837e+04 3.736926537984910368e-01 4.470613039116565778e+04
2.839315922360311981e-02 1.236465115688767582e+04 8.936956900596131163e+03 3.880247025569935431e+03 2.706951708459696126e-01 1.011173240112934582e+04 1.815691802850119911e-26 1.123110749451653703e-26 6.812995186197911694e-27 2.579323285709376190e-01 1.613376091745605052e-26 6.958754698262523261e-04 5.507885273958834475e-04 3.278526134940664793e-04 3.399467987440814576e-01 5.722526109046451037e-04 1.360824386567670736e+05 9.626230925951022073e+04 5.947647312988431077e+04 2.813246973691519992e-01 1.152047153709123086e+05
4.934165562959044737e-02 3.668779344843113449e+03 1.985832722637235292e+03 1.433690202900664190e+03 2.519836604913149314e-01 3.254022308276572858e+03 8.021291546729306435e-27 5.187759984336052343e-27 2.510554557750459692e-27 2.558608320578303896e-01 6.523449036173671051e-27 5.458387020286094944e-04 3.835119731642944369e-04 2.145951058329628237e-04 3.147007101627310455e-01 4.317658271407298480e-04 1.999989605329161859e+05 8.400542234324093442e+04 4.910904867713767453e+04 2.579244181357828736e-01 1.454501335827009752e+05
8.574597004496860297e-02 1.088830679752315064e+03 4.539265638048236724e+02 3.267152880049677606e+02 2.088305384638535211e-01 9.955596440780911962e+02 3.459406496660797319e-27 2.793251013630988905e-27 8.543622594077085878e-28 3.282961935406619736e-01 2.170658440811138602e-27 3.376950163110784627e-04 2.295651766969305130e-04 1.060243394588683498e-04 2.635701891312690059e-01 2.623600964979585517e-04 2.677692212240368244e+05 1.663389304353426269e+05 4.854336382994000451e+04 3.040449623640797960e-01 1.530220253166580515e+05
1.490094178060654695e-01 3.303866561735434288e+02 1.615025831555625473e+02 1.091215164608980785e+02 1.913661788268581354e-01 3.070943675952894409e+02 1.969910395669902760e-27 2.321601962200236259e-27 5.731857952119997292e-28 4.893604394759252796e-01 8.688121598443069285e-28 2.417738674927542570e-04 1.412527891695431316e-04 6.192006145137006479e-05 2.605774461050463509e-01 1.811765606978085372e-04 4.589903121702987701e+05 4.737035568942564423e+05 1.022674529911059362e+05 4.503919504973901700e-01 1.847976801120542805e+05
2.589486897548426425e-01 1.241398065095442576e+02 7.554260679675125800e+01 4.251547425346559805e+01 2.252712953895556758e-01 1.066002460492492645e+02 1.483194925325549404e-27 1.913242207830622352e-27 4.239212175250989383e-28 6.819593248753970105e-01 5.079245314417609934e-28 2.304142244380675436e-04 1.730733340176817737e-04 4.921605418429348365e-05 3.198705663908337216e-01 1.327597847241420380e-04 8.837364281495613977e+05 1.073623852848758223e+06 2.908777319913293468e+05 6.166208032619182600e-01 3.544947869795734878e+05
4.500012476595302013e-01 6.080681577074012267e+01 5.592598018549544747e+01 1.541246923890155074e+01 2.674333335867057349e-01 4.267230807355586819e+01 1.242373303876517031e-27 1.699183606933368176e-27 3.971693592099322073e-28 8.001134197326659203e-01 4.412154125734444837e-28 3.234703062172662974e-04 3.327200052693841037e-04 7.853916662189690462e-05 4.435499053966753813e-01 1.394551504430059522e-04 1.309828422222274356e+06 1.620432895447208080e+06 6.689697263595013646e+05 6.829744200522520625e-01 7.355912031392160570e+05
7.820125411209841726e-01 3.476221052760129737e+01 2.959187601960611502e+01 9.099593390026736728e+00 2.967549727660510062e-01 2.266807650806656582e+01 1.140436968463400034e-27 1.279965697671364631e-27 3.894361456282755278e-28 8.312668226571026109e-01 4.429716415493103019e-28 4.324171616690528639e-04 5.404055845463265860e-04 2.041885569434577193e-04 5.428683892761790863e-01 2.569453151104606880e-04 1.960205918731950689e+06 2.359138227980930358e+06 1.244802042453077156e+06 6.862681095992841929e-01 1.440438044191123685e+06
1.358982042052452988e+00 2.378634500421301468e+01 1.885171672189529701e+01 7.378040064554969746e+00 3.142826728420454185e-01 1.623290868848028978e+01 1.283839401492272819e-27 1.144596401363843190e-27 3.187487207411728104e-28 7.536439289680038067e-01 4.000492737749446662e-28 6.958082826572127566e-04 7.252182249029552217e-04 3.904493087725126191e-04 5.664384122773402641e-01 4.859224259644510631e-04 2.635262124273062218e+06 2.479940641895345412e+06 1.729948106577444123e+06 5.752018107315276518e-01 2.212708444569465704e+06
2.361640118934270394e+00 1.779455501870823042e+01 1.171834898008878234e+01 6.286046735087273518e+00 2.909605736722227221e-01 1.312519079624703444e+01 1.060074884237300981e-27 8.202310885326956958e-28 2.866877319104097167e-28 5.388015827021963577e-01 4.336924041235968017e-28 8.189900461896003391e-04 7.220149301459832282e-04 4.187298469775237696e-04 3.777637912000374465e-01 6.868709415544687388e-04 3.018441087689200416e+06 1.777799146477513481e+06 1.658495998975550989e+06 3.412239318651771880e-01 2.899330066762499046e+06
4.104060155891746220e+00 1.253401233458668784e+01 7.274738918301743240e+00 3.403165022617526958e+00 2.049087613109564776e-01 1.081379051059743546e+01 6.333797873126062891e-28 5.351157166703922814e-28 2.949918650112468089e-28 3.677833729020234532e-01 4.767534741846183024e-28 8.748246529810789962e-04 3.265482882939433696e-04 2.895432447876269792e-04 1.620675244228311218e-01 8.469851703654822156e-04 3.311514137732272502e+06 1.207115018917498644e+06 1.681380788132339716e+06 2.140267407791545673e-01 3.404521898444679100e+06
7.132039140145964851e+00 1.108787095805943679e+01 4.518005851019655239e+00 2.854835749074633888e+00 1.403431125923446654e-01 1.030881628121479210e+01 5.818789853573746726e-28 2.752378056338716458e-28 2.305760880494214681e-28 2.687250899607965260e-01 4.781445676646583345e-28 9.234661286321840714e-04 2.355242605718696133e-04 2.169496454376383665e-04 1.161889346197440553e-01 9.017493089145103748e-04 3.534904344618426170e+06 1.075009359200449660e+06 1.011534279715332203e+06 1.388836411364547663e-01 3.407465548257573508e+06
1.239406352841865555e+01 4.251993782573940450e+00 1.066711179312732405e+00 5.717963692605203541e-01 7.305007088526811743e-02 4.086673930844855640e+00 2.065344135604143348e-28 1.561977605722294148e-28 2.834277613060431359e-29 1.581492291777142067e-01 1.686005981743771422e-28 9.193569831949741913e-04 2.677633325263739129e-04 1.081709514498920607e-04 7.888716967121658930e-02 8.665768653180392061e-04 3.477507663167671300e+06 1.416979161227319390e+06 4.248154489228283055e+05 9.169460708483878619e-02 3.209284516890613362e+06
