# R (Mpc), mean rho (Msol/kpc^3), errup (Msol/kpc^3), errlow, std, mean pth (Msol/kpc/s^2), errup(Msol/kpc/s^2), errlow, std, median rho (Msol/kpc^3), median pth (Msol/kpc/s^2) 
#  nprofs 462, mean mh 1968497112251.071045, median mh 1943527435407.324463 
#  Mass range 12.21 - 12.4 
#  Nhalos 22
1.633848482519974915e-02 1.206148214421221492e+05 1.265536833813371486e+05 1.852178137033063831e+04 4.057089907992639244e-01 7.313978818567940125e-25 5.733387366487263803e-25 3.570468344577541211e-25 6.896044352509471675e-01 5.873819123921480059e+04 5.660574934542932295e-25
2.839303246974122716e-02 2.671638177834343151e+04 2.529517057346613728e+04 1.063466016282874443e+04 4.089332373991265146e-01 2.580089697860380849e-25 2.233242072270594393e-25 1.066197876746247942e-25 5.053646077304019268e-01 1.939520616206029808e+04 2.072746296497949509e-25
4.934143535662420532e-02 8.147620176183833792e+03 6.065090813103812252e+03 2.137775148674504635e+03 3.553634671653772004e-01 1.292012822146732280e-25 1.329428396915324044e-25 3.140426949865300980e-26 4.762144477431322631e-01 5.506346736993113154e+03 8.519520100094872385e-26
8.574558725442532614e-02 2.897842065415015895e+03 1.821373677460040199e+03 1.098901966370796799e+03 3.429394184449666705e-01 6.531424603139221992e-26 5.778451886460651848e-26 2.219977534484162422e-26 3.595187577069546836e-01 2.481696045248596420e+03 5.281739423517372688e-26
1.490087525923421141e-01 1.080859988465202150e+03 6.394862692175131542e+02 3.377492588308138011e+02 2.731547272221193090e-01 2.599752716919823849e-26 1.162422278399184813e-26 8.298405931286296103e-27 2.389643516101052911e-01 9.671212518361203365e+02 2.434216307220392201e-26
2.589475337458828630e-01 4.395185447524273172e+02 1.257506793512412742e+02 1.643391336967400775e+02 2.525175877822867787e-01 1.047737036029516743e-26 5.822461622056174085e-27 3.883698835201766495e-27 2.452353864665807737e-01 4.505966770214582766e+02 9.027327029212200560e-27
4.499992387462019017e-01 1.757050879164469563e+02 3.800809178571012126e+01 6.992279026964259003e+01 1.852645920803510649e-01 4.996361749678858370e-27 2.705059759075935822e-27 1.393966667364442618e-27 3.271945955640179204e-01 1.778125154726000403e+02 3.169705901507935461e-27
7.820090500297373071e-01 9.380181668597889200e+01 2.986946274432480664e+01 2.266149995360450475e+01 2.049221432710476853e-01 3.988122471700523751e-27 8.552730394824649363e-28 1.285136264835443324e-27 4.050108489670538603e-01 7.927558191069016402e+01 2.114609246539255822e-27
1.358975975231191180e+00 5.754021859030449093e+01 1.395537472157679559e+01 1.165072877086392111e+01 2.771189634038879190e-01 4.844687912615136121e-27 1.473091831472089598e-27 2.955999356582961050e-28 5.024200936825412578e-01 3.743091539651755539e+01 8.337571532290213991e-28
2.361629576007254094e+00 2.868970557286626999e+01 1.072207087338200893e+01 6.710972214606751862e+00 2.145708109417159282e-01 1.317214927886623319e-27 9.874349769177622865e-28 2.407334213053241879e-28 3.953042446253569597e-01 2.248723069440991651e+01 5.563405683771466057e-28
4.104041834384438481e+00 1.983949719868049044e+01 7.793539465668967381e+00 5.825850507264604516e+00 1.631335644937208229e-01 7.219912917896391774e-28 4.986555110627881111e-28 1.307842339592590981e-28 3.136203944814575650e-01 1.810362335596529348e+01 4.034646715977984292e-28
7.132007301015381273e+00 1.598828131977891687e+01 3.389538228613616866e+00 2.796606234601084040e+00 8.833941765573674609e-02 4.692888231538279778e-28 2.373478578766885086e-28 7.650343312412333083e-29 2.144247551827362097e-01 1.568446154343757826e+01 3.528860544435472319e-28
1.239400819835114298e+01 3.208680407538639479e+00 3.816315890688093404e-01 1.896044909233465248e-01 5.245619268349827752e-02 9.419287006926735226e-29 4.793628183938452932e-29 1.309069817609433155e-29 1.807335280895899510e-01 3.146308227226370491e+00 7.558415596953907440e-29
