# R (Mpc), mean rho (Msol/kpc^3), errup (Msol/kpc^3), errlow, std, median rho (Msol/kpc^3), mean pth (Msol/kpc/s^2), errup(Msol/kpc/s^2), errlow, std, median pth (Msol/kpc/s^2), mean gas-mass-weighted metal (fraction), errup, errlow, std, median metal, mean gas-mass-weighted temp (K), errup, errlow, std, median temp  
#  nprofs 417, mean mh 4303418916310.084473, median mh 3737067522581.279785 
#  Mass range 12.30 - 13.1 
#  Nhalos 31
5.932180175954789589e-04 2.862341465532607958e+07 5.973529574861928821e+06 1.306180761238288507e+07 1.685351528743450344e-01 2.949723383634357154e+07 3.135447648347502851e-23 3.535370700175160236e-23 3.211663496103285234e-24 7.046034459189045585e-01 5.095351935411655060e-24 1.775993959875866307e-02 1.497220740374622695e-02 1.586132422276684620e-03 2.354493930915074196e-01 1.194401338128794031e-02 1.245752550512917078e+05 1.832565945034811157e+05 1.222009983086313332e+04 6.665224924348774893e-01 2.115982333437169655e+04
1.030894762606484986e-03 6.120393013192968443e+06 4.612963195740057155e+06 1.278338690550558735e+06 2.170855803136626516e-01 4.629002926365243271e+06 3.164432808847695655e-24 6.664563532924556838e-24 2.061372761592203984e-25 6.148506467299427181e-01 5.507003784506697252e-25 1.527992602425400255e-02 8.355918697466806905e-03 9.364110622367485814e-03 2.908389918539717178e-01 1.450989123879566425e-02 6.774118292553062201e+04 8.146294490030998713e+04 2.744506476466825916e+03 5.264097464600079324e-01 1.357483837118938936e+04
1.791489772810939867e-03 4.133100806678772438e+06 2.749139464613670483e+06 1.632850310914835893e+06 2.904754843981591228e-01 3.601147105380414054e+06 2.530936609672933000e-24 4.389635720950695323e-24 5.058268692814782613e-25 7.368317836377064056e-01 6.388213156194668685e-25 1.959424643552468148e-02 6.322645289728961310e-03 9.143303732435392045e-03 1.895685451453559267e-01 1.976360296090491284e-02 5.695823732552073488e+04 8.407219196149130585e+04 5.503546050325294345e+03 5.271482807429592743e-01 1.409313158506589389e+04
3.113252411886883054e-03 2.450960051584952045e+06 6.533725908605996519e+05 1.292516743528106250e+06 3.315265608077929693e-01 2.503873199980992824e+06 2.392607540552331142e-24 2.722762168965765160e-24 5.378071431946583838e-25 6.791370435250407844e-01 7.276649961361679782e-25 2.067651739535757149e-02 4.723029289431496247e-03 4.638912184365170943e-03 1.229447244194728228e-01 2.080380544902617895e-02 2.918339828589546960e+05 7.426548412668635137e+04 3.035762492694272805e+04 5.956490822481265157e-01 4.417339867927363957e+04
5.410212621483013670e-03 1.357793117892028298e+06 5.692816983772525564e+05 9.433577670229306677e+05 4.761857935350022331e-01 1.283463419135458535e+06 1.952147761036361389e-24 3.598446273775623500e-24 2.453413000415184811e-25 9.318212357694686254e-01 3.141901732624467223e-25 2.123617486144388153e-02 5.334080208264504325e-03 3.968707507504463938e-03 1.086029239322279238e-01 2.034059537664512085e-02 1.125889593455640861e+05 1.372310566024577129e+05 1.707418243499405799e+04 5.854420202348704638e-01 2.845708517714466507e+04
9.401871977323516399e-03 2.900832136464132927e+05 1.441171775313066610e+05 1.498606421598736197e+05 6.007753118267906700e-01 1.981256302474117547e+05 3.275750330390068223e-25 5.786012272352756882e-25 1.490897594489874874e-25 9.421025548109466241e-01 1.633268247952502158e-25 2.092499859300919751e-02 5.107681924482816022e-03 6.075663489287289748e-03 1.432385925261865089e-01 2.114472880477963682e-02 3.624885523780384683e+05 1.985649347491528606e+05 2.943756596101254763e+04 8.269233214818065836e-01 3.942145489485103462e+04
1.633858091398833132e-02 5.946880321876868402e+04 4.704365044346334616e+04 2.105517886377886680e+04 5.673059284530213020e-01 3.454143595498345530e+04 2.005844097096672293e-25 2.413538352316912701e-25 1.087059625320391440e-25 7.451455543730027831e-01 1.265473576918177360e-25 1.943692176938567259e-02 6.510167248654830097e-03 6.998117700544415759e-03 1.607859290415674380e-01 1.952054717852769183e-02 8.259725641580977244e+05 7.038718821732301731e+05 1.878414354611438466e+05 7.723195761643549817e-01 2.227572786317119026e+05
2.839319945291765221e-02 1.006523382177246640e+04 9.224769635004060547e+03 4.489487175178534017e+03 5.024179190419844065e-01 6.625655000530827238e+03 1.117585813046905924e-25 1.019818230293861701e-25 4.566357532108162237e-26 9.270297657027047888e-01 7.594680983693642905e-26 1.765356858970715606e-02 8.274533342566628424e-03 5.136575789731248273e-03 2.152692753423527672e-01 1.682752433637264844e-02 1.545337620318365516e+06 1.480343720319135347e+06 8.682818889871487627e+05 8.070363606179157268e-01 1.006215830577599118e+06
4.934172554012659223e-02 1.900716717146471410e+03 1.191284459250166947e+03 6.549763534747469294e+02 3.071715197796360819e-01 1.580626472123616622e+03 5.823635214217782445e-26 7.087896270372079241e-26 1.767528223242223720e-26 4.190983953936567863e-01 3.150320702155836637e-26 1.511551713837982168e-02 6.420984104947239507e-03 4.740811932946183138e-03 2.012960174857535978e-01 1.465880715258590858e-02 2.660869150892138947e+06 1.693971088597333524e+06 9.745382681207973510e+05 4.167233797747012525e-01 1.769262602219918277e+06
8.574609153555624863e-02 8.355273903083137839e+02 6.822275845959396747e+02 2.871857331884112341e+02 4.375283158073816625e-01 6.321923298823600135e+02 3.037314189116126755e-26 3.399732639830438692e-26 1.523513320898045578e-26 4.564453874665989619e-01 2.028409977093900928e-26 1.169438259624262094e-02 7.550662285161956200e-03 5.305908588149335463e-03 2.611642280976929631e-01 1.126234105420541656e-02 2.944286683323238045e+06 2.215062456833253149e+06 9.720053473564453889e+05 3.237779740486305124e-01 2.022378036475304049e+06
1.490096289325093804e-01 5.030396097714889265e+02 5.983600106298497394e+02 1.430397840980691342e+02 4.511031508776288113e-01 2.965013987558880331e+02 1.705041334574392585e-26 1.977437846888512327e-26 7.679724600665464830e-27 4.369183861329214436e-01 1.124963326586145896e-26 8.394487917215745151e-03 4.975670307939411563e-03 2.874682481775657494e-03 2.597354987750704614e-01 7.186802598184559993e-03 3.232026763312209863e+06 3.635689457973420620e+06 1.013033591983807506e+06 3.485670471681796001e-01 1.897538758970269701e+06
2.589490566505518454e-01 2.158618917918578290e+02 1.580182035960957592e+02 8.782633471240254153e+01 3.609494256661724410e-01 1.867522807751089999e+02 8.031139126201173312e-27 7.747643005054525234e-27 4.097140336656120137e-27 4.061226955290411778e-01 6.431808788334125399e-27 5.051426913744015701e-03 3.130280144027216410e-03 2.216405333406285070e-03 2.950849566428547788e-01 4.334905511346791307e-03 2.835009320535699837e+06 2.412443586228191387e+06 1.114721486950634979e+06 2.910151416789288348e-01 2.199534623323810752e+06
4.500018852511976086e-01 1.030290427070354866e+02 6.571277754394239423e+01 4.463348224209635617e+01 2.963767693642791468e-01 9.537974822377174178e+01 3.359267236233999101e-27 2.475853544069442931e-27 1.330949128612600885e-27 3.188634910439401282e-01 2.636470244331931669e-27 3.574736200559825491e-03 1.211638265554595365e-03 1.412497843994006599e-03 2.446124677549548765e-01 3.223776512073713973e-03 2.504266009892810136e+06 1.465636747083666036e+06 7.808154786994843744e+05 2.607136827079218899e-01 1.968316787793646334e+06
7.820136491283121716e-01 4.547248960296463594e+01 2.209941595553271299e+01 7.809918995956479648e+00 2.023179460060933466e-01 3.993489784508484064e+01 1.260712394989539167e-27 7.906500608711685071e-28 3.905792342633447105e-28 2.186843702474416673e-01 1.018301538611593155e-27 2.298274100940276860e-03 6.912691851753420720e-04 9.700892310194029772e-04 2.223959596198603894e-01 2.133819907192710617e-03 2.141961766685477924e+06 1.078754051919127349e+06 6.782560815523234196e+05 2.092523404562308398e-01 1.827999381993927062e+06
1.358983967548505811e+00 2.486943026087864084e+01 6.431088010788027276e+00 4.147839540301955452e+00 1.136560598525269694e-01 2.440043226389818898e+01 7.614009998594885076e-28 6.040800126810016730e-28 3.113823982644876858e-28 2.733756519677161823e-01 6.483067227084114165e-28 1.641702068619211967e-03 5.824504815891580738e-04 5.935379078132844988e-04 1.662143149859052205e-01 1.611214904068001370e-03 2.172579659824296366e+06 1.148194315029371995e+06 1.042741997071594233e+06 2.271547220969438174e-01 2.048850088964056224e+06
2.361643465062907232e+00 1.562515900574898886e+01 5.552596160767123479e+00 3.788817549587577105e+00 1.419299324826823749e-01 1.466304927308566164e+01 6.132145306070047937e-28 4.894706414324232911e-28 2.051620570358753921e-28 3.161447758535598229e-01 5.099627390018327032e-28 1.420177110360618111e-03 5.250950338314820491e-04 4.820291848377074523e-04 1.514454565320634827e-01 1.365243906416616386e-03 2.722703507337138522e+06 9.653784971189615317e+05 7.703993951867353171e+05 2.075209092243852083e-01 2.608507765320077073e+06
4.104065970796863638e+00 1.082671471250544926e+01 2.483366327500439397e+00 4.390033477816798424e+00 1.368573393465556953e-01 1.153359565727487102e+01 5.135521595664862203e-28 2.299046849169035223e-28 2.082890692645643581e-28 2.776645883883340771e-01 5.163199206686435995e-28 1.162604034718890331e-03 2.398717569233419378e-04 2.636399102064533682e-04 1.091984075047299496e-01 1.193412361382750362e-03 3.432595222873952240e+06 6.756680356778576970e+05 9.350686222558273003e+05 1.814819009054594590e-01 3.525690906567524187e+06
7.132049245292897410e+00 9.280031958184217444e+00 3.334501324066112105e+00 1.733166646351884665e+00 1.312315640960615704e-01 8.679283602812310150e+00 4.920680454507102928e-28 2.878456873733545815e-28 6.971488468552949694e-29 2.503748890779816105e-01 4.044124027934173350e-28 1.145574471303670034e-03 1.884966960319089946e-04 1.322696445963927186e-04 7.992057899435379975e-02 1.144225842877607136e-03 3.683195179778682534e+06 7.364145494096283801e+05 6.212140106289605610e+05 1.318454072149853051e-01 3.639100094683892559e+06
1.239408108915136886e+01 5.087097242004695374e+00 5.505240117814276246e-01 9.120620365949489994e-01 6.624765969132197230e-02 5.215764134337473656e+00 2.290464391712087512e-28 8.737813027127243275e-29 4.069936909025854935e-29 1.228952915695164100e-01 2.119150920306034945e-28 1.063452182207094568e-03 1.520324731295865858e-04 4.593173974225500493e-05 4.374050764875390962e-02 1.023325285557926106e-03 3.280741790401636157e+06 7.653346508837179281e+05 2.580810581830055453e+05 6.329656180404577559e-02 3.111049649192283396e+06
