# R (Mpc), mean rho (Msol/kpc^3), errup (Msol/kpc^3), errlow, std, median rho (Msol/kpc^3), mean pth (Msol/kpc/s^2), errup(Msol/kpc/s^2), errlow, std, median pth (Msol/kpc/s^2), mean gas-mass-weighted metal (fraction), errup, errlow, std, median metal, mean gas-mass-weighted temp (K), errup, errlow, std, median temp  
#  nprofs 436, mean mh 3750192704196.029297, median mh 3341522694273.510742 
#  Mass range 12.41 - 12.8 
#  Nhalos 22
1.633855776443408903e-02 5.117590228538607334e+04 3.977949273228988022e+04 2.515131650871541569e+04 6.683876738048385446e-01 3.090496283705837413e+04 1.715182069244653979e-25 2.883085824561387191e-25 6.214846192037655530e-26 7.843982479616926629e-01 7.973811612936298535e-26 1.984836166935357096e-02 7.719758427167600079e-03 5.622869563782766089e-03 2.397802066524216957e-01 1.936011444285842473e-02 7.197729102898422861e+05 2.222979825448290794e+05 2.314954500242417271e+05 7.013906944914657382e-01 2.866020993665023707e+05
2.839315922360311981e-02 1.033887679272774039e+04 7.774541138509201119e+03 6.248470761929676883e+03 6.088759441711324438e-01 7.515251687487176241e+03 1.006666341396566414e-25 1.027523055872282124e-25 4.351313153302188469e-26 4.740831280618160726e-01 6.747298140537140317e-26 1.692774362907102648e-02 9.957187187263814854e-03 5.400069033898537152e-03 3.537190843614733682e-01 1.560109075897591485e-02 1.553376398425264750e+06 2.236725893410151824e+06 4.661383087219075533e+05 5.156691329299992743e-01 7.513588435462696943e+05
4.934165562959044737e-02 2.479150653449105903e+03 1.738948622991525781e+03 1.260298780717504997e+03 4.085319360916443432e-01 1.817100480224638659e+03 5.332360141517891527e-26 6.522752697675880475e-26 1.789036769213827116e-26 4.477292793233704216e-01 3.110871800007091702e-26 1.476534802003024067e-02 1.372626037717457684e-02 5.164748414671769400e-03 2.637360814748315740e-01 1.192372999424253649e-02 1.783458116303687682e+06 1.457063044131760718e+06 8.133513928429724183e+05 3.338117708383053217e-01 1.397413657580847619e+06
8.574597004496860297e-02 1.111732008931337759e+03 8.029074086287265573e+02 3.152569612750291981e+02 3.398931721523824612e-01 7.318056153622086413e+02 3.217458589140246883e-26 3.217029363168739370e-26 1.225545461638753172e-26 4.005280773250538551e-01 1.946515361101345718e-26 1.087213681109259859e-02 9.447156607255414312e-03 6.139297590083305292e-03 3.374182820770761926e-01 9.578381995869800214e-03 2.170977075767211150e+06 1.810531818579321261e+06 7.519197203483815538e+05 2.705260401125140213e-01 1.687751731806227006e+06
1.490094178060654695e-01 5.790580104994255635e+02 5.589710826358615350e+02 2.755655426474061755e+02 3.833246126384154961e-01 4.298171307898722944e+02 1.605977729389590627e-26 1.365240480647450506e-26 7.824633271288317982e-27 3.089954402603184436e-01 1.337703567466399763e-26 7.828752948686621901e-03 5.582420234383992513e-03 3.973425867507880682e-03 3.754623147454927978e-01 6.572275373659845071e-03 2.765303179176613223e+06 1.634973149751636200e+06 1.093641868721071631e+06 2.829379925329352785e-01 2.198884113013765775e+06
2.589486897548426425e-01 2.110837356733690058e+02 1.441206390030309308e+02 1.246619736216706542e+02 3.298969696036436194e-01 1.922874667536880793e+02 7.288019030347745622e-27 6.321873181512794207e-27 3.382553849847379197e-27 2.795638674735399509e-01 6.504228778982230390e-27 5.169910191422543398e-03 3.410753134794186105e-03 2.203175504105951785e-03 3.301687506206619216e-01 4.047043859841972964e-03 3.488671382000704296e+06 2.851007701458153781e+06 1.004121993338326458e+06 3.196413658908508482e-01 2.433128697140353266e+06
4.500012476595302013e-01 9.490875810532082824e+01 5.826963394432991095e+01 4.855536920339572760e+01 2.453449974563143288e-01 9.368280455076111934e+01 3.525998134835801095e-27 2.840801965089231218e-27 1.284544544043939125e-27 3.054641126768340986e-01 2.746114035044858878e-27 3.599167616685669882e-03 1.506684465874340295e-03 1.589602589079008952e-03 3.042393712457459043e-01 3.355974902659823907e-03 3.751764158344705589e+06 2.910495890876092017e+06 8.592104656414203346e+05 3.629375962823305213e-01 2.019739222405230626e+06
7.820125411209841726e-01 4.960872202571461287e+01 2.631059746928080756e+01 1.194536401671490111e+01 1.632274062880999521e-01 4.346143194468670856e+01 1.965721170651621507e-27 1.615039317666369705e-27 5.090148765520127408e-28 3.773801721138262955e-01 1.449829603952065874e-27 2.149499365365000435e-03 8.534698217704363502e-04 9.808717173429718286e-04 2.372371684073048548e-01 2.046398531108649735e-03 3.008446721884190571e+06 3.460418975145335309e+06 8.295066157463660929e+05 3.502974792359028755e-01 2.234199260672764853e+06
1.358982042052452988e+00 2.977594864723253920e+01 1.149394132544026803e+01 5.992333145836902020e+00 1.490567800728457570e-01 2.844772410642719507e+01 1.334939280211117110e-27 1.249283680254439234e-27 7.679356648130317589e-28 4.797618622794139198e-01 1.216583057692020399e-27 1.617454546997153459e-03 8.190760269596337063e-04 4.952633881501720698e-04 1.887851844091610054e-01 1.476941652360408376e-03 3.178398026438655332e+06 1.917086656940229237e+06 1.333457486550508998e+06 3.825593266794794500e-01 2.696090013401377946e+06
2.361640118934270394e+00 1.853713354515500455e+01 8.156424242260818858e+00 4.157482045025712836e+00 1.705801383939548610e-01 1.717870740639256155e+01 1.019591981013114883e-27 7.302358164756302229e-28 4.891163745910822873e-28 4.440915562207973788e-01 9.027527949929337817e-28 1.226714412055194062e-03 3.978527608978943593e-04 3.695414285153286130e-04 1.515244872094789197e-01 1.151542769965899606e-03 3.689700925179658923e+06 1.349534644303462002e+06 1.995342892374570947e+06 3.017056219158021357e-01 4.004337827869450208e+06
4.104060155891746220e+00 1.320944546306275313e+01 4.135228995374522043e+00 5.031292275127061231e+00 1.463122598790732032e-01 1.343426481797639127e+01 7.958979429461944626e-28 4.973401477773501535e-28 2.944996493701227065e-28 3.169513171867991974e-01 7.299811388147324060e-28 1.047060290322032955e-03 1.991061868296939690e-04 1.400947245206488837e-04 1.018519384915522463e-01 1.061525064259338964e-03 4.278548299252352677e+06 8.623446812117155641e+05 1.880142598192535806e+06 2.117033926972632929e-01 4.697905518838794902e+06
7.132039140145964851e+00 1.176674999428276891e+01 3.319625589001534038e+00 3.134450070153578238e+00 1.236636488589288041e-01 1.153571390399653751e+01 7.008734043010589243e-28 2.835040584178065181e-28 1.665535931954338457e-28 2.224429396474807419e-01 6.668631265044698706e-28 1.035029730707628113e-03 1.563285986835318518e-04 1.844180901264912261e-04 1.016349921447439741e-01 1.073837215414434783e-03 4.245507446134214289e+06 7.689855327879264951e+05 7.680247944747721776e+05 1.153530468567770251e-01 4.285518626299818978e+06
1.239406352841865555e+01 4.191042460101405354e+00 5.219563647232972059e-01 7.006715831787175830e-01 5.861365885790555119e-02 4.260732502806886757e+00 2.259057424865827654e-28 8.043507840475287986e-29 4.163002735498389080e-29 1.044259170464496428e-01 2.150837167938882615e-28 9.756062787228215799e-04 1.284189798633465383e-04 7.688311706375531174e-05 4.347993035518415289e-02 9.661344666769218275e-04 3.969741170283006504e+06 6.104873531411485747e+05 5.474161499597718939e+05 5.890648419057632063e-02 3.971290501642340794e+06
