# R (Mpc), mean rho (Msol/kpc^3), errup (Msol/kpc^3), errlow, std, median rho (Msol/kpc^3), mean pth (Msol/kpc/s^2), errup(Msol/kpc/s^2), errlow, std, median pth (Msol/kpc/s^2), mean gas-mass-weighted metal (fraction), errup, errlow, std, median metal, mean gas-mass-weighted temp (K), errup, errlow, std, median temp  
#  nprofs 450, mean mh 4170438472238.575684, median mh 3609521689917.323242 
#  Mass range 12.30 - 13.1 
#  Nhalos 35
5.932158702927985659e-04 5.452760584326860309e+07 1.047251709474574029e+07 2.670068431069396436e+06 3.996803500507625784e-01 1.802253949794067815e+07 3.010863968053043817e-23 1.219825102711987415e-23 5.446211510257566036e-24 7.413910391347784401e-01 7.040716277221282956e-24 1.408950418608627062e-02 1.880103339749580882e-02 2.893905184355516531e-03 3.535311107111940299e-01 7.727976479043851578e-03 5.749513265482411225e+04 8.728979273134868708e+04 2.777743645548193308e+04 5.839813139967660049e-01 3.884626514831918757e+04
1.030891031022107118e-03 1.488499245065331087e+07 5.458710867942631245e+06 3.339945746720038354e+06 3.673969843614044994e-01 6.670839717510573566e+06 2.618261659158961915e-23 5.198391466447835561e-24 1.087340240036825182e-24 7.821781315682352353e-01 1.384421528661359474e-24 1.723189072067684083e-02 7.117856680147346959e-03 1.088753062276925573e-02 2.808675396345026165e-01 1.870009947954116153e-02 5.351875947419573640e+04 7.766544793456417392e+04 1.442612364475573122e+04 5.317290425367997564e-01 2.361451792673772798e+04
1.791483288060515293e-03 6.015199569235493429e+06 2.511514598251915537e+06 2.098299686506128870e+06 2.810113135790427430e-01 4.355283384674988687e+06 1.087294230825965492e-23 2.821990106741844117e-24 2.026545775398117596e-24 7.220255768034942179e-01 2.261992822999391203e-24 1.796511293569473533e-02 6.351882921733158216e-03 6.948794650774477166e-03 1.821944778809178045e-01 1.730130691547719646e-02 6.843372680882844725e+04 6.717801103662510286e+04 3.738351362753624562e+04 4.631981655450276847e-01 4.830823030203292001e+04
3.113241142682221171e-03 2.993621357154326979e+06 1.283432041689990088e+06 8.569054093295950443e+05 2.028001098360218690e-01 2.697284690722450614e+06 1.075933740402102366e-23 1.419705926128088778e-24 1.294268314480229052e-24 7.727780606513298123e-01 1.429259879680655535e-24 1.857765928589373561e-02 5.215106482659371406e-03 6.121555949138390157e-03 1.499509646313682554e-01 1.865209284941643855e-02 1.430359861809245194e+05 4.102835705533273722e+04 5.006497501936415938e+04 5.317598231518058105e-01 6.174558448497515201e+04
5.410193037849813334e-03 1.197966776244461071e+06 6.108901637429916300e+05 6.048614100006595254e+05 4.368679898129967931e-01 1.162150724747852655e+06 2.234897519377908089e-24 2.074226219074229571e-24 7.334679165370259451e-25 8.267626364421335472e-01 8.900640361715512585e-25 2.136009240272750132e-02 3.833614253063218763e-03 4.895894543360628653e-03 1.014919903820779984e-01 2.176935073544546476e-02 5.343884542368804105e+05 1.529023906478868157e+05 4.146002062177700282e+04 7.381299852155491781e-01 5.556517198286793428e+04
9.401837944869510452e-03 3.039913071942047682e+05 3.365441368613712839e+05 1.051926280488394841e+05 4.522712978584970678e-01 1.830091067352108657e+05 4.346050210078596197e-25 5.779352542117360484e-25 2.159181030343452828e-25 8.122073441215046374e-01 2.267600474468733573e-25 2.133275899424457583e-02 3.133416369111349103e-03 2.874398131983185029e-03 9.353074334957621472e-02 2.137359872985486464e-02 2.571982719355127774e+05 1.732979724792894558e+05 6.224104266804759391e+04 7.155472148381079034e-01 7.274673106593859848e+04
1.633852177236155140e-02 3.325910752649529604e+04 3.392928748806846124e+04 1.760098159140181815e+04 5.049110219585979387e-01 2.205405536294803460e+04 2.326323876850139458e-25 2.837635686371291867e-25 1.141593661754218801e-25 8.772805530777518790e-01 1.307865827211351812e-25 2.069642772099938507e-02 2.872087928321151451e-03 4.868166604549372528e-03 1.267806445132410587e-01 2.177351260448937356e-02 1.748633239246958867e+06 2.141504492340835277e+06 2.837757364868628792e+05 8.950111297739465899e-01 3.053465855766506284e+05
2.839309667654963537e-02 6.245424713539903678e+03 3.898596146523890638e+03 4.760997747888934100e+03 3.915133606236495534e-01 6.518004011324133899e+03 1.215856807446655328e-25 1.476400780354707545e-25 4.672878381804891083e-26 5.044410613095714480e-01 7.471591844508880006e-26 1.771030837510413972e-02 5.442500286304642609e-03 5.236980476336000612e-03 1.574682848848564520e-01 1.803344733535157396e-02 2.186315574051253498e+06 2.945407136002197862e+06 4.659192692809343571e+05 5.177387526175843968e-01 7.686039184558194829e+05
4.934154693526905666e-02 2.055886456452962648e+03 1.191592177849824338e+03 6.689650289578341926e+02 3.309790847934186431e-01 1.710944694160812787e+03 7.474346800171314321e-26 1.203209911009410860e-25 1.459919361817206096e-26 4.497115679815646416e-01 3.150107433611692320e-26 1.394497996734294677e-02 5.980638362020963480e-03 5.583139641299451894e-03 2.075517236190449755e-01 1.320625066620304856e-02 2.728732287887570448e+06 2.910642153534546494e+06 1.292648371249567950e+06 4.089474314836184510e-01 1.916305233601113781e+06
8.574578115588683824e-02 9.135986487866421157e+02 4.640203328405499406e+02 4.872582395831730082e+02 2.615419455328980014e-01 8.964755314815216707e+02 4.290474734207357245e-26 7.552123981294345528e-26 9.188831340584872658e-27 4.405245776137959313e-01 1.813098113610902348e-26 9.529765041218546742e-03 7.218388486918608793e-03 3.903416776166145075e-03 2.513999229964097859e-01 8.820806659902070967e-03 2.934696474469288718e+06 3.836613921467842534e+06 8.549538098238087259e+05 3.182154013965770578e-01 1.988136551337074488e+06
1.490090895544625982e-01 4.943367576388720295e+02 4.872006863742045653e+02 1.833361131579961807e+02 2.966579562780757295e-01 3.865414579609604289e+02 1.894477322928538923e-26 2.894477521013946094e-26 5.349308652828587555e-27 3.769741907133408176e-01 1.071573536230049844e-26 5.938763731638291299e-03 3.798625550053216435e-03 2.159338832729049574e-03 2.219158679069775097e-01 5.275280778504891008e-03 2.567284325821206439e+06 1.203397072095353622e+06 1.122844750365134794e+06 2.355710472934484101e-01 2.470291504245050717e+06
2.589481193189351327e-01 2.655021069337462905e+02 2.747145639172553047e+02 9.507393131882844273e+01 2.712293866533039832e-01 2.115547001977562047e+02 8.038455931066854623e-27 8.928096045246594976e-27 2.244647306179021534e-27 3.374140305842910359e-01 5.132567689948153131e-27 3.815898362186082634e-03 1.448230720453891861e-03 1.099024464436061319e-03 1.927365043204548878e-01 3.461453556936932956e-03 2.078177155789418379e+06 7.678987762023727410e+05 6.748715652293176390e+05 2.089264905694312169e-01 1.870932984973629937e+06
4.500002563555373647e-01 1.186346502302090613e+02 9.310347488310050323e+01 4.197785598022070985e+01 2.290747103619759639e-01 9.792026436834622416e+01 2.619651450734601964e-27 1.887840134133000210e-27 8.458156017981435827e-28 2.861629649381227103e-01 2.003482139750630678e-27 2.689099590416843370e-03 1.015040912398785470e-03 9.928867397489594699e-04 1.626582153912815021e-01 2.567950863383487367e-03 1.507320655106335413e+06 7.023860911159934476e+05 4.299409733758424409e+05 1.689345285980656253e-01 1.409214236491548829e+06
7.820108184320838651e-01 4.957132034892033090e+01 2.113072307136213368e+01 1.406682749758142847e+01 1.637473424546417589e-01 4.652008528006296473e+01 8.561838289889066445e-28 7.502045595463358426e-28 3.300514476669387694e-28 2.801824988538620942e-01 6.936365221175510966e-28 2.038328396478611068e-03 3.453555392225740248e-04 7.167140374376274568e-04 1.413112342144811906e-01 2.093771833513678564e-03 1.185011512619556859e+06 6.096679811609839089e+05 2.693448189477154519e+05 1.825245601842512277e-01 1.068585869513392448e+06
1.358979048362254582e+00 2.446130634091448997e+01 1.019162381562159680e+01 6.871398619745406222e+00 1.433421189188816003e-01 2.299967089891239880e+01 3.918997770768173461e-28 2.322438318778383115e-28 2.246923336199090206e-28 2.991829519651739711e-01 3.788082409681889044e-28 1.629334966784649810e-03 5.213164291278046553e-04 5.354924380606656924e-04 1.320931642480528134e-01 1.622352946882419126e-03 1.114687425146732247e+06 4.687127363716703840e+05 5.001359868977249134e+05 2.148143764406924283e-01 1.137636551351028960e+06
2.361634916496962333e+00 1.446090929356501853e+01 4.119984624584315469e+00 4.337570675684359500e+00 1.628615430465137903e-01 1.341270161962249219e+01 2.733490379532532281e-28 1.110260179401484782e-28 1.517358734292773401e-28 3.598628109088109484e-01 2.460070336997187898e-28 1.425463761328503139e-03 5.143598858821098966e-04 4.922819220398036780e-04 1.431110040928705029e-01 1.403890239029825316e-03 1.237544221499628620e+06 4.092213155350671150e+05 5.772890815435268451e+05 2.299187455463854723e-01 1.227803463475175668e+06
4.104051115091881030e+00 9.553387260155929539e+00 2.889709023426144441e+00 3.070573238386688608e+00 1.864048406340575448e-01 8.773474321781916885e+00 2.931677140723570015e-28 6.246583163402552339e-29 9.395566406558421996e-29 3.832545230803496294e-01 1.747810631052942683e-28 1.242191173652600457e-03 2.334068906420770379e-04 2.446046903061007381e-04 1.142958236716223319e-01 1.243350886038031844e-03 1.562688449187433580e+06 3.023138060148132499e+05 4.762443525780739728e+05 2.170953168206975481e-01 1.440430638053697534e+06
7.132023429036466133e+00 7.179767879775432071e+00 2.375246344053622671e+00 2.518410066929580360e+00 1.590134372402396412e-01 6.946637918527140521e+00 2.205616341942098043e-28 1.362478762819132823e-28 3.514764716383245074e-29 3.791657286139279992e-01 1.257231619144747102e-28 1.188638663389464129e-03 1.288497860744127008e-04 1.340503314398596400e-04 7.833018066674610203e-02 1.197881428858689912e-03 1.822479415239302441e+06 4.939343034374418203e+05 3.969940126306447200e+05 2.289591263854105219e-01 1.573663557147340849e+06
1.239403622563954954e+01 3.942680711920040881e+00 1.527943051751632808e+00 4.315241918117953546e-01 9.908778355112780878e-02 3.602027801526156203e+00 1.012210853942311049e-28 1.814166308709561373e-28 9.813092075819074217e-30 2.903950411905712459e-01 5.825954956544190882e-29 1.117765934348359698e-03 2.464486679825792122e-04 9.947289828196831211e-05 6.400045969474757457e-02 1.086569209580998943e-03 1.687651367078667274e+06 2.059781726743002888e+06 8.801054874419420958e+04 1.917444598556445334e-01 1.198478334071259014e+06
