# R (Mpc), mean rho (Msol/kpc^3), errup (Msol/kpc^3), errlow, std, median rho (Msol/kpc^3), mean pth (Msol/kpc/s^2), errup(Msol/kpc/s^2), errlow, std, median pth (Msol/kpc/s^2), mean gas-mass-weighted metal (fraction), errup, errlow, std, median metal, mean gas-mass-weighted temp (K), errup, errlow, std, median temp  
#  nprofs 459, mean mh 1434920027998.463867, median mh 1416162392223.064209 
#  Mass range 12.00 - 12.3 
#  Nhalos 47
5.932145288224347380e-04 1.215183353389216065e+08 1.519474576325224936e+08 1.886179662165043503e+07 5.318119309639588455e-01 3.394393985739938170e+07 3.138220963016417043e-22 6.406479579397583888e-22 7.249023637958228224e-24 1.095906452292120248e+00 9.614604763730819252e-24 1.111786673824852537e-02 6.581910488775788784e-03 3.813356143242317697e-03 4.365830408277927566e-01 1.010989757900380460e-02 3.363683287686398835e+05 5.586026081519124273e+04 7.988251576731654495e+03 7.247829700642728357e-01 2.138122105787582768e+04
1.030888699813797393e-03 4.262217517502851039e+07 5.075886655102425069e+07 8.691100761911500245e+06 5.745453637100728095e-01 1.311582789315136336e+07 1.123013997035603353e-22 1.106922379417245161e-22 5.588464426993423478e-24 1.123043241592257324e+00 5.947907301382039259e-24 1.080677552470146914e-02 4.226831187455959080e-03 3.886501459006404605e-03 2.939305570563278125e-01 1.023746709754425228e-02 1.057310155821358640e+05 1.470286930017234699e+05 8.857565956841837760e+03 5.949921745148872843e-01 2.104466369242962537e+04
1.791479236884782524e-03 2.038931105219603330e+07 2.833382171770033985e+07 5.708070416471235454e+06 4.851003596775217419e-01 1.008240108648542129e+07 6.486481012107046838e-23 6.720292627054746745e-23 3.132902989613087266e-24 1.008121608544617853e+00 4.026425988124906794e-24 1.239332519434293775e-02 3.993072741551396965e-03 3.199036890902805241e-03 1.888166484437260872e-01 1.094691160976466598e-02 1.383863966853931779e+05 1.338904187972121872e+05 1.524155058323140656e+04 6.133374639812961826e-01 3.019522196916583925e+04
3.113234102545675390e-03 6.687745635163614526e+06 5.756511792562892660e+06 2.445629397341993637e+06 4.050714127056753711e-01 4.486114633161388338e+06 2.236634943979072519e-23 1.831950621252623798e-23 3.729651613693904649e-24 8.941784125614948842e-01 4.268063856595410765e-24 1.315924950133196165e-02 7.418589281615995887e-03 4.854844746337037831e-03 2.007299861688172926e-01 1.262503979159634686e-02 2.043781002268147422e+05 2.296338118495767703e+05 6.288843049808790965e+04 6.299452657767324881e-01 7.924861840184539324e+04
5.410180803494689730e-03 3.151910343072518241e+06 1.505661281277221628e+06 1.507236742234556936e+06 2.915155276581264943e-01 2.980156960087112151e+06 5.938612241981588804e-24 5.155985263714891866e-24 1.855890665748679001e-24 7.692884680744858095e-01 2.183292640004696000e-24 1.339589103000093408e-02 8.439526357786459460e-03 3.692593495159266978e-03 2.315029087515044215e-01 1.172954002356430686e-02 1.229225475189549034e+05 1.200344773372045456e+05 4.101982527588359517e+04 5.297665880499831115e-01 6.051574925490540045e+04
9.401816683997036433e-03 8.105997069925758988e+05 6.675875943453779910e+05 6.090450942741124891e+05 4.409651621230054608e-01 7.663417834671481978e+05 1.829406545347281225e-24 2.282148044617488234e-24 8.833409220921686139e-25 8.560776928276407904e-01 1.015115853881703615e-24 1.251468859227485714e-02 1.074289818089084123e-02 2.562495039501310780e-03 2.579099757494635603e-01 9.451605584958680528e-03 1.774775606569704541e+05 2.436371061726302723e+05 5.680673802925104246e+04 5.624034938134478967e-01 7.761979410218649718e+04
1.633848482519974915e-02 1.610823088431245124e+05 3.137145202320447424e+05 4.458621738969943544e+04 5.828422501253266441e-01 6.913594070392826688e+04 5.789854139884067082e-25 5.238197894558973832e-25 3.111290697213283896e-25 7.331738832824157281e-01 4.282974890546914934e-25 1.138726785239739525e-02 9.774513085579132621e-03 3.258549839750299153e-03 2.770198209627471320e-01 8.377228629877553345e-03 4.477494940091395401e+05 4.779093220801100833e+05 2.273753011099443829e+05 5.234358719591015729e-01 3.163784706114708679e+05
2.839303246974122716e-02 2.883956611274237730e+04 4.853924390063574538e+04 9.561325026330896435e+03 5.392905622573112012e-01 1.504935777945464361e+04 2.083941568834408256e-25 1.757897497108963845e-25 1.188001807636921735e-25 6.577432145312119838e-01 1.625322418094407727e-25 9.190990414330123606e-03 8.792908383621539370e-03 2.472057197077632586e-03 2.603027341529424166e-01 7.060510815142328513e-03 7.276952819278116804e+05 6.117593059278443689e+05 3.005431213441498694e+05 3.845177181795782495e-01 5.572342545580762671e+05
4.934143535662420532e-02 7.459312172390788874e+03 1.023043850219706474e+04 2.184583568291328902e+03 4.970710604399299348e-01 4.183169135239775642e+03 1.084620023733103995e-25 7.353914862861218410e-26 6.437591657770275560e-26 4.895398405865227232e-01 9.034677721453029936e-26 7.284116696502362064e-03 4.517930346050277705e-03 1.611987993777803593e-03 2.093931666278407433e-01 6.064938256331292750e-03 1.274352255419270834e+06 7.662621212888190057e+05 5.548295319424218033e+05 2.812320280265448447e-01 1.173913420194207923e+06
8.574558725442532614e-02 2.931448695164134278e+03 4.280631491866055512e+03 9.616911908348782845e+02 4.912293077294977994e-01 1.836977795461524920e+03 4.750730447478507498e-26 3.770339593403186479e-26 2.554502292943402167e-26 4.688267226006396782e-01 3.949643465516229776e-26 5.363268658011630455e-03 3.305329889081728457e-03 1.273833706969984547e-03 2.167734281077428327e-01 4.287159351610252654e-03 1.488668066215622704e+06 8.277841841814795043e+05 7.266050813094652258e+05 2.756248192476680181e-01 1.444815419000201160e+06
1.490087525923421141e-01 1.004140853248840585e+03 9.629616639691256523e+02 4.291171484425605058e+02 4.049048878024095743e-01 8.074483686022146003e+02 1.760398840477860467e-26 1.629872132811936508e-26 6.598654053738609845e-27 3.635773370503203594e-01 1.321406173590851540e-26 3.486387755154709243e-03 1.261315764861745820e-03 1.141779773809197158e-03 2.008450277322675614e-01 3.221859996275566046e-03 1.490854089484005235e+06 6.628605089050380047e+05 6.921665196826772299e+05 2.395636320723242008e-01 1.440471466875522165e+06
2.589475337458828630e-01 3.634361134509375688e+02 3.090471232099429812e+02 1.318976021233545168e+02 3.014243235509558305e-01 3.011537265607476570e+02 7.479914143915925318e-27 8.967540741719724453e-27 3.214091882353510959e-27 3.972537937526944840e-01 5.542450701671982369e-27 2.468681187445215079e-03 1.098631729254405213e-03 1.125009515761204093e-03 2.335656712223982412e-01 2.511714536257003173e-03 1.468215164780425839e+06 1.030512241368911462e+06 4.790108513019899838e+05 2.509376528757019664e-01 1.313724246811906109e+06
4.499992387462019017e-01 1.421845192709846231e+02 6.099834494935811335e+01 5.751709854431584290e+01 2.440368857587252860e-01 1.314918328913013568e+02 3.491705095737058628e-27 3.720593904018732907e-27 1.229555420509647914e-27 4.381751682994622366e-01 2.219732070217266414e-27 1.755223689502933464e-03 8.644158470781768046e-04 7.049909615194701207e-04 2.225399334148749630e-01 1.628643196986867070e-03 1.607974259727123659e+06 1.303058313338930951e+06 3.543349335028610658e+05 2.963036508228237831e-01 1.240179870210648281e+06
7.820090500297373071e-01 7.326038291555954629e+01 5.288244707845299786e+01 1.800222547333805068e+01 2.386947521107226633e-01 6.032821467523044134e+01 2.263570380862391896e-27 2.055208453282431286e-27 7.414508694905997468e-28 4.449981827525128497e-01 1.244884602789258209e-27 1.622974191174607079e-03 1.194546993676327742e-03 5.041047500424333371e-04 2.461323214372465595e-01 1.401868664864835187e-03 1.894070567697251681e+06 1.444768331223270623e+06 8.156207356378247496e+05 3.170468278849573052e-01 1.575887096115521388e+06
1.358975975231191180e+00 3.821649766792928204e+01 1.323643755823477619e+01 1.056404240568522823e+01 2.236334433440684277e-01 3.157696142293730190e+01 1.872039734311096468e-27 1.603524137813769078e-27 4.398273607575584580e-28 4.320843952029169155e-01 8.456070451173419722e-28 1.151136587278678248e-03 4.376347206382709583e-04 5.111226196513436130e-04 1.940971701016185047e-01 1.144591283535945948e-03 2.491504687809388153e+06 1.351362255711220670e+06 1.147208182901023887e+06 2.651509532840191641e-01 2.287886627971997485e+06
2.361629576007254094e+00 2.493682035216182769e+01 1.084600837956702790e+01 5.098403874502396960e+00 1.906153108751201530e-01 2.011287516013697640e+01 1.204801447376614274e-27 1.003707707095881122e-27 2.713815392500159929e-28 3.784081011704231723e-01 5.966379094016964929e-28 1.002189080561983851e-03 4.252426261515310614e-04 2.256391651739184058e-04 1.765716192173970300e-01 9.222849405407085701e-04 2.730866265886944253e+06 1.108802480229655281e+06 1.293820195703094359e+06 2.204450098295164528e-01 2.750148938435930759e+06
4.104041834384438481e+00 1.915049456706691089e+01 8.132543192828116219e+00 4.164515437265645659e+00 1.525191302587632913e-01 1.651305946031863670e+01 7.746112266116629058e-28 4.158187833729182511e-28 2.944551028891925779e-28 3.132193462479851420e-01 5.930007012704062243e-28 9.904717923880958230e-04 1.955346727451757853e-04 1.643089391262632457e-04 1.107783302915727047e-01 9.815834756161973158e-04 2.629597335218438879e+06 6.853310012421682477e+05 7.083176955718733370e+05 1.820508845708032897e-01 2.537870135532691143e+06
7.132007301015381273e+00 1.602253567951698443e+01 4.249395308908423985e+00 2.689252860559122382e+00 1.020282955829249077e-01 1.554676532174292625e+01 5.654793274163976474e-28 2.579863229039475835e-28 1.339075301438344144e-28 2.299664311450781984e-01 4.456686068305840801e-28 9.242768417428283510e-04 1.257870023266700324e-04 2.174276208148877418e-04 9.534793385977882729e-02 9.433708925388736627e-04 2.435122281787692104e+06 4.833391285014431924e+05 3.448937076257048175e+05 1.295103552245973899e-01 2.253120314268906135e+06
1.239400819835114298e+01 1.636320772216465214e+00 1.682924668826009107e-01 2.312387887425300104e-01 5.521603429279593050e-02 1.634705142853817739e+00 5.381363250172077237e-29 1.451990494714546971e-29 8.233917131558516362e-30 1.456009211368406164e-01 4.746605710792567599e-29 8.951892047126071197e-04 1.447348233237613678e-04 1.119340337036127658e-04 6.659859451867371216e-02 8.696155609579245488e-04 2.388928989907331765e+06 3.246909074148042127e+05 3.557667600894903298e+05 9.948726028848017822e-02 2.242495822214941960e+06
