# R (Mpc), mean rho (Msol/kpc^3), errup (Msol/kpc^3), errlow, std, mean pth (Msol/kpc/s^2), errup(Msol/kpc/s^2), errlow, std, median rho (Msol/kpc^3), median pth (Msol/kpc/s^2) 
#  nprofs 467, mean mh 1229675362174.440918, median mh 1175510586684.728027 
#  Mass range 12.00 - 12.2 
#  Nhalos 32
1.633856137514670334e-02 1.931199027405254892e+05 2.119295129168258572e+05 1.030290637135112484e+05 5.688836310067536539e-01 5.558756373554692433e-25 6.697397955281555401e-25 3.611039976754436652e-25 8.399355604421466781e-01 1.263981158337795350e+05 4.712850618074592185e-25
2.839316549830248754e-02 3.342911995006630605e+04 5.445437527867973404e+04 1.121001827505918664e+04 5.096050881478269012e-01 2.137299983352651126e-25 2.168022046508908396e-25 6.727779450498994026e-26 6.958034357487479227e-01 1.778543912832982460e+04 1.246919258133134316e-25
4.934166653376820949e-02 8.632752750950505288e+03 1.430769563606615520e+04 2.165504688098331826e+03 4.933821160728373845e-01 9.142997268999310597e-26 5.997860886941079098e-26 4.715243241557549481e-26 4.474287939372857403e-01 4.316267202197783263e+03 6.955556890455703190e-26
8.574598899425776855e-02 2.991131705153004532e+03 4.315454745606893994e+03 9.507882909507895874e+02 4.977787722636610179e-01 3.917094273370879592e-26 2.975781805151908382e-26 1.628853993991959926e-26 4.610519457849688307e-01 1.815538268838532758e+03 2.927675571989328336e-26
1.490094507361558740e-01 1.060139972527092596e+03 1.282265730600534880e+03 3.590356179750397132e+02 3.843464783333285784e-01 1.755442370885743710e-26 4.388049684696073504e-27 6.288064455321422371e-27 3.600416891096130390e-01 7.834193361673052323e+02 1.317574600554345064e-26
2.589487469807810194e-01 3.606718417580637492e+02 2.340174289229004216e+02 9.689914242660256605e+01 3.075724751208668284e-01 7.895795390358598556e-27 5.295604853752646401e-27 3.135940929249861975e-27 4.361288413095819605e-01 2.897177521746533557e+02 5.320303498205954967e-27
4.500013471068133319e-01 1.458841224514705175e+02 6.716908944626496236e+01 5.004559441541069020e+01 2.594121300386574847e-01 3.775984314992976287e-27 4.674462242091301713e-27 1.160896314876152129e-27 4.714401540776440580e-01 1.272002377684586918e+02 2.078166700536638662e-27
7.820127139405553818e-01 7.484112459969934150e+01 3.320217759729899853e+01 1.577086403310467233e+01 2.396580554131498286e-01 2.246245051059086783e-27 2.650038049403810622e-27 8.254203165797453940e-28 4.612843049705393494e-01 6.112828367120752660e+01 1.335859007671951891e-27
1.358982342378446839e+00 4.253852260773154370e+01 1.486015023015932002e+01 1.393030259447711927e+01 2.352314292574952947e-01 1.979848804386026706e-27 1.925834893514035990e-27 6.444530298733477466e-28 4.662154190638116980e-01 3.715844287935347268e+01 1.000394226292196017e-27
2.361640640841031757e+00 2.933286786249965061e+01 9.751325035237314864e+00 7.451558538436408696e+00 2.060633905578216629e-01 1.536976145749114661e-27 1.168795966769461038e-27 3.342836610296417662e-28 4.116600224526044127e-01 2.395559515870077405e+01 6.433792308112956940e-28
4.104061062861748432e+00 2.163652539270400510e+01 7.599553302458694759e+00 5.722824825673590965e+00 1.409387892930812902e-01 8.028418196344015980e-28 3.061163106711797336e-28 4.323979848200413317e-28 3.126048902384476746e-01 1.987354822153214684e+01 7.435679917121966669e-28
7.132040716279185233e+00 1.800088478463203145e+01 2.665373975335906920e+00 2.116971829405756012e+00 8.447150582674259334e-02 5.638399266617209429e-28 1.513017000451938806e-28 1.334364676378183747e-28 2.041191832988455968e-01 1.744484720514879683e+01 4.801033073554664303e-28
1.239406626742427164e+01 2.407565964961114080e+00 4.160368666464182574e-01 2.345936252966982494e-01 6.031860467561719202e-02 7.833839282485300633e-29 2.142601444234820412e-29 1.378396330354060710e-29 1.848562747239768378e-01 2.307980541885012116e+00 6.319635526320324542e-29
