# R (Mpc), mean rho (Msol/kpc^3), errup (Msol/kpc^3), errlow, std, median rho (Msol/kpc^3), mean pth (Msol/kpc/s^2), errup(Msol/kpc/s^2), errlow, std, median pth (Msol/kpc/s^2), mean gas-mass-weighted metal (fraction), errup, errlow, std, median metal, mean gas-mass-weighted temp (K), errup, errlow, std, median temp  
#  nprofs 464, mean mh 2005848771907.307861, median mh 1974786296009.466553 
#  Mass range 12.21 - 12.4 
#  Nhalos 19
1.633845543166654105e-02 1.068475078376981837e+05 1.146103525596378604e+05 5.584198078397479549e+04 4.117135210290727154e-01 7.766266175559969270e+04 2.495658492217056501e-25 2.032425370135790099e-25 1.862681756207616267e-25 8.571693843721917005e-01 2.142153281254442244e-25 1.578319268510731607e-02 2.721893135228921345e-03 5.705056130405146766e-03 1.315152901350179204e-01 1.609072989823015845e-02 2.027282971368391009e+05 1.604706461387175368e+05 1.319659524386470439e+05 6.039747139706531653e-01 1.496297667624003952e+05
2.839298138963486026e-02 2.110263009446916476e+04 1.770694150236223868e+04 8.878743494792779529e+03 4.857931751984657098e-01 1.312126019678127705e+04 1.157782134155708499e-25 8.268949582047750187e-26 5.659252400700543985e-26 6.735522815334942237e-01 1.055912524645298715e-25 1.357653467527538543e-02 6.200757225255622632e-03 4.469514084040700566e-03 1.526686125932234239e-01 1.278263446738182006e-02 5.922308278248565039e+05 8.032156216794290813e+05 1.639300631417600089e+05 4.793047406132471822e-01 3.392027153138994472e+05
4.934134658957302355e-02 4.629648377434527902e+03 3.176650084635465646e+03 2.990943133191483867e+03 3.803801629378372184e-01 4.401024100812313009e+03 5.445352015440632317e-26 1.354705525751391382e-26 2.730047730377769374e-26 2.982464589330188764e-01 5.496736742363025114e-26 1.071412359470262296e-02 4.053602156537779166e-03 4.350743349667383388e-03 1.533013908768700584e-01 1.067325613614563545e-02 1.024158911142798606e+06 7.276728953491405118e+05 4.665063976795842173e+05 2.264921593678257405e-01 9.859867957557276823e+05
8.574543299497019988e-02 1.385414311424211519e+03 1.005271569269772272e+03 5.713866396161929515e+02 2.656956926538648345e-01 1.236361317780262425e+03 2.714948446901215087e-26 1.949912084172885151e-26 1.488104092412009842e-26 3.184161184980310866e-01 2.522916041943254060e-26 6.922585453522217373e-03 5.293285005161712208e-03 1.002718069538188241e-03 1.910922753212268843e-01 5.541015945517203424e-03 1.379145134965192294e+06 8.441613393811867572e+05 4.793401028337908210e+05 1.873951827635713663e-01 1.274208067624575458e+06
1.490084845201332109e-01 5.891708826580537561e+02 2.456525117521433685e+02 1.433860768918783606e+02 2.597386150570487051e-01 5.247962470561516284e+02 1.079959422080702423e-26 8.107791191246802674e-27 4.403681751779208349e-27 2.842075186105489371e-01 9.710238450699526206e-27 4.220738222408687741e-03 1.847112475518879193e-03 2.260462726105833854e-03 2.101149132037344880e-01 4.500275461115326239e-03 1.363953477775365813e+06 3.654904297319054604e+05 6.202536605786023429e+05 2.063273959410662495e-01 1.362928367865548003e+06
2.589470678897760059e-01 2.406280608791623763e+02 9.248381005253085618e+01 6.327365672686605080e+01 2.225077410270124290e-01 2.336818935699749034e+02 4.049510711351891565e-27 1.381387994415582648e-27 1.705167851267791275e-27 2.323762082436401921e-01 3.663646912501120814e-27 2.918389768738018520e-03 7.800327557676432939e-04 9.568329480249017620e-04 1.867670409769632833e-01 2.766314052000872544e-03 1.236900188029105775e+06 6.069734525740526151e+05 3.293015251595412847e+05 1.876774293538409077e-01 1.120212282215719577e+06
4.499984291810734116e-01 1.058292129083462925e+02 3.724055272845276932e+01 3.339968192261518709e+01 2.111494664621563766e-01 1.009680837224404115e+02 1.606665735324645450e-27 1.128028501139936031e-27 6.543867360403293037e-28 2.824034289621447646e-01 1.357631174948233920e-27 2.264699747380943384e-03 5.970908819370075726e-04 6.977319858712249800e-04 1.463733131591120340e-01 2.241796941259407115e-03 1.058514838017620379e+06 2.750525066984870937e+05 2.981723996723033488e+05 1.830938729884196980e-01 1.025626396578536602e+06
7.820076431667862815e-01 4.751564579317376769e+01 2.760430719964458746e+01 6.918737817096523912e+00 1.896765057942291777e-01 3.853281122777131174e+01 8.719449985901315891e-28 1.225595903237702669e-27 3.901932729341129805e-28 4.102275827876763481e-01 6.324642052563122540e-28 1.966354187778423038e-03 4.731497552876566016e-04 6.558778908194319145e-04 1.275873779359618654e-01 2.008563645361249785e-03 1.200503360085230786e+06 4.377311260144291446e+05 7.165762919489766937e+05 2.878066641690109617e-01 1.176124122993594967e+06
1.358973530383588368e+00 2.382797434948085069e+01 1.207247428638359565e+01 8.105689363308048456e+00 1.778478948302115448e-01 2.186867541117475611e+01 5.329300943289775423e-28 3.465396317399029031e-28 4.134428976705674134e-28 4.052223363184085936e-01 5.337467879209859399e-28 1.601668240280731612e-03 7.087860322510367884e-04 3.033680066696533683e-04 1.385768339228323764e-01 1.430434452837049501e-03 1.552061669158028672e+06 6.350096053676791489e+05 1.107659882277900353e+06 3.063509328722076597e-01 1.630746891657926142e+06
2.361625327349063497e+00 1.506078203473006027e+01 5.969761068478526056e+00 5.674423753236826684e+00 2.000520767150635870e-01 1.380660365728790140e+01 4.009155045330930002e-28 3.152889040914206409e-28 2.788796884559582951e-28 3.996601127010310783e-01 3.813882600746793916e-28 1.492071987541565429e-03 5.430413742098603308e-04 4.323108048204505043e-04 1.302154080050336449e-01 1.425469792445279923e-03 1.802363631143714301e+06 4.731815271227951162e+05 9.067970251948337536e+05 2.420588300722343045e-01 1.854450846105929930e+06
4.104034451062715583e+00 1.367546547076304186e+01 1.803068833147465355e+00 6.763657310118884602e+00 2.398475008084798021e-01 1.291626196701498586e+01 7.211581736917906731e-28 7.202449613286824728e-29 2.305143396273453425e-28 5.078584227253132299e-01 3.222633978778241177e-28 1.464957969902161644e-03 3.662067842792953668e-04 4.658427681187321968e-04 1.163050381360701546e-01 1.441895081749982981e-03 2.390646230651739053e+06 1.787911172209719662e+05 8.890128601725229528e+05 2.772404636210094031e-01 1.973845142661431106e+06
7.131994470272771558e+00 7.895982288773403468e+00 2.697306385332537637e+00 3.001392811655780868e+00 1.520320243540373428e-01 7.606823242357509507e+00 2.580600710950386760e-28 1.378413922087426008e-28 9.031411438541804736e-29 3.431482552580767953e-01 1.857201836662234023e-28 1.327316151031040148e-03 1.225488378725138761e-04 2.216827054051760670e-04 8.399206853305520026e-02 1.371138061818061348e-03 2.034887448540086392e+06 6.092156235797940753e+05 1.973834534883059096e+05 1.971821364046652814e-01 1.706461658961020876e+06
1.239398590107599851e+01 4.062172078280335441e+00 5.956070436142266722e-01 2.706990630139838316e-01 4.939690706384205349e-02 3.913448532022097748e+00 8.613113898740427976e-29 1.910764912360535546e-29 5.827092948680418784e-30 1.463266067442316465e-01 7.103950087283522923e-29 1.166188716383220183e-03 5.470275922799493207e-05 7.126040888362299673e-05 4.519170844472827908e-02 1.145465651400933869e-03 1.521384780096421484e+06 2.073270503185754642e+05 1.285126286040458363e+05 1.037070494861649789e-01 1.386730271648480790e+06
