# R (Mpc), mean rho (Msol/kpc^3), errup (Msol/kpc^3), errlow, std, median rho (Msol/kpc^3), mean pth (Msol/kpc/s^2), errup(Msol/kpc/s^2), errlow, std, median pth (Msol/kpc/s^2), mean gas-mass-weighted metal (fraction), errup, errlow, std, median metal, mean gas-mass-weighted temp (K), errup, errlow, std, median temp  
#  nprofs 451, mean mh 1239668208390.801025, median mh 1180038372568.998047 
#  Mass range 12.00 - 12.2 
#  Nhalos 39
1.633858091398833132e-02 1.622739203703159292e+05 1.892156115079490701e+05 1.035189046036658256e+05 5.141067726297335883e-01 1.227131118001846044e+05 3.049634139130396847e-25 3.788345848115590794e-25 2.014806791956119697e-25 7.973340444884612355e-01 2.233989966145211759e-25 1.114944351359792307e-02 8.632904661653039921e-03 4.512451582296925744e-03 2.459935758658348404e-01 1.000205963899336407e-02 1.478677303027996968e+05 1.609195210521936533e+05 6.260040766286692815e+04 5.027339478782469895e-01 1.068759743838788272e+05
2.839319945291765221e-02 3.343469676772895036e+04 4.929949763331877330e+04 1.285392578281278111e+04 6.184666339751050401e-01 1.591575690161041894e+04 1.022538433664653462e-25 9.335055132976899031e-26 7.049685725416566558e-26 8.282707253285528370e-01 8.154529316049087143e-26 1.035568737145810270e-02 9.598450339151756716e-03 3.791414908224784337e-03 2.610730229572446603e-01 8.719090255144335000e-03 3.340266792320945533e+05 5.585837266128461342e+05 8.287097236296412302e+04 5.103179987457255873e-01 1.647027342318945739e+05
4.934172554012659223e-02 7.082653976585907003e+03 1.159448803481770483e+04 1.255454297210170580e+03 6.224762834923012189e-01 2.278122900232541724e+03 4.946181732064539340e-26 4.239863704497910357e-26 2.645880674009785423e-26 5.854008237517869251e-01 3.566735830396846357e-26 8.683849278757118512e-03 7.578629679464652866e-03 2.644325056334017633e-03 2.680593173892315551e-01 7.046597076730196779e-03 7.010415371230287710e+05 4.800852393766088644e+05 3.463521971957153874e+05 3.009153158544041751e-01 5.970833709779676283e+05
8.574609153555624863e-02 2.107338003001657398e+03 3.538330510021434748e+03 5.582738142939901991e+02 5.501765114012042712e-01 8.799403106947412425e+02 1.908046189523440486e-26 1.795620685904185636e-26 1.013293094655060003e-26 4.833721314928991486e-01 1.360429642511972516e-26 5.948476810572070686e-03 4.268718625597317344e-03 1.107562834735029665e-03 2.224909566406593209e-01 4.620783000532656219e-03 8.303127903735676082e+05 5.288695870729495073e+05 2.632178148905327544e+05 2.252951488419828729e-01 7.054649866024743533e+05
1.490096289325093804e-01 7.437809584891151644e+02 1.199015242604196828e+03 2.813122645119503886e+02 4.757319312771668418e-01 4.211631096279247686e+02 8.586334152522017098e-27 4.237739798851043453e-27 5.068289021462450977e-27 4.561706184729682478e-01 6.773729396289953271e-27 4.310361609944403545e-03 2.135098317464728754e-03 1.157462993417720642e-03 2.142977635309871176e-01 3.556206420147593490e-03 1.060545970875561703e+06 8.544715454214196652e+05 3.502485010468283435e+05 3.060399073557422689e-01 7.472896412754340563e+05
2.589490566505518454e-01 2.273316023221917703e+02 2.916945577456847332e+02 1.368476932777109596e+02 4.050855814207300343e-01 1.955442107081417760e+02 3.571317055207259111e-27 1.921166164198672478e-27 1.077977608000936908e-27 4.243104676652339480e-01 2.059657302221207423e-27 3.216138409876785186e-03 2.123254266725983514e-03 9.220569661236178299e-04 2.402622171902403236e-01 2.590464573722895802e-03 1.245318229940657737e+06 6.349530085268162657e+05 7.182039363458519801e+05 3.419589577198757224e-01 1.052715755183163332e+06
4.500018852511976086e-01 8.614368918738509251e+01 2.746523115682003890e+01 5.627822386121349041e+01 3.237983412707240438e-01 8.480676396201397438e+01 1.346647412188449404e-27 7.957121687178018180e-28 4.747127773807666288e-28 3.703402844632753821e-01 9.597133828503234338e-28 2.450365662560920980e-03 1.535655407726174357e-03 8.847113828045322613e-04 2.119766777758953780e-01 2.187285872296817861e-03 1.192740968081624247e+06 6.806464924766218755e+05 6.720715000093098497e+05 2.948714801320181378e-01 1.091134047074110014e+06
7.820136491283121716e-01 3.724599251464595540e+01 1.415773544980284271e+01 1.488510007888810094e+01 2.456899135513637145e-01 3.686974788983043538e+01 7.467085739116519881e-28 6.041429130694860195e-28 2.262090135363439913e-28 3.980364931181247790e-01 4.613174712809136628e-28 1.637217216980446687e-03 1.153486154735935227e-03 5.173773062775321617e-04 2.176573290785863424e-01 1.375687882393644050e-03 1.496920475786790717e+06 1.240808440738870762e+06 4.542852864489485510e+05 3.106417744047949570e-01 1.122474543843095191e+06
1.358983967548505811e+00 2.174168398651349676e+01 1.327943077539151417e+01 6.352811592393733164e+00 2.340727914953484590e-01 1.884932598210903265e+01 6.290641107875812261e-28 6.735715374535325586e-28 1.588984337912890320e-28 4.786665028777362663e-01 3.615726348446000119e-28 1.298712465875313197e-03 7.701835129532558482e-04 6.210594115532644269e-04 2.410380948871757301e-01 1.257804626467318295e-03 1.876324443119768519e+06 1.359114864281086950e+06 7.250339255780896638e+05 3.177023355093221979e-01 1.506301903838353464e+06
2.361643465062907232e+00 1.296295538769800793e+01 6.795509622049131337e+00 4.081083085540181621e+00 2.073407616554567845e-01 1.167243831153621514e+01 4.627759004072937526e-28 5.431567004203291774e-28 1.617844062134946846e-28 4.159293268596266913e-01 3.080757729116623606e-28 1.170635553798981881e-03 6.460735922723778897e-04 3.909257990177670726e-04 2.032404028608950641e-01 1.101273725939301345e-03 2.378455517235323787e+06 1.618208080591993406e+06 1.121541182099302532e+06 2.585674986355280258e-01 2.169400876197103877e+06
4.104065970796863638e+00 1.029207486965405316e+01 4.338318327849110645e+00 2.055322667795300262e+00 1.787674503909304491e-01 8.586256887077849953e+00 4.749183730597374866e-28 3.694686594644378385e-28 1.448066416780854269e-28 3.725707441541890597e-01 2.985403462378740723e-28 1.222483780307433588e-03 3.929853878509948027e-04 3.431699545263675001e-04 1.331605006105729960e-01 1.186438255457344460e-03 2.700911842214331031e+06 8.418905618503373116e+05 1.159037314958168194e+06 2.145513386053645999e-01 2.748791346353631467e+06
7.132049245292897410e+00 8.113746497352931186e+00 1.569457769536947822e+00 2.475025415274669349e+00 1.245305617677571336e-01 8.192507593227121632e+00 2.997674864941156947e-28 1.219102417035567533e-28 1.362176493194150329e-28 2.428501229360637004e-01 2.902973379459130895e-28 1.098111944383928836e-03 1.891581565440852378e-04 2.897296792884804630e-04 9.550639863820195585e-02 1.122681582083633620e-03 2.580788168074027635e+06 5.622035131241655909e+05 6.071350188969767187e+05 1.337780893069125121e-01 2.581712028962810989e+06
1.239408108915136886e+01 4.948855000349324129e+00 1.160027277986787730e+00 6.154930074112607841e-01 7.121649908578078780e-02 4.790072464638471139e+00 1.884548325080532363e-28 1.472069488368205958e-28 2.506597196308676982e-29 1.797056368776757396e-01 1.454981695777428390e-28 1.097185202434099302e-03 1.161096405106866805e-04 1.246110398929122735e-04 4.407831152386534890e-02 1.109707217715699776e-03 2.695853405781689566e+06 1.258568870717287529e+06 3.221000388413860928e+05 1.087231969053556874e-01 2.403284178463866934e+06
