# R (Mpc), mean rho (Msol/kpc^3), errup (Msol/kpc^3), errlow, std, median rho (Msol/kpc^3), mean pth (Msol/kpc/s^2), errup(Msol/kpc/s^2), errlow, std, median pth (Msol/kpc/s^2), mean gas-mass-weighted metal (fraction), errup, errlow, std, median metal, mean gas-mass-weighted temp (K), errup, errlow, std, median temp  
#  nprofs 454, mean mh 4005924740210.547852, median mh 2778808975731.308594 
#  Mass range 12.30 - 13.1 
#  Nhalos 39
5.932173081830181089e-04 3.700875599335521460e+08 4.866040637333713174e+08 1.908564778559780717e+08 6.631483423635217145e-01 2.145326234320189357e+08 3.997806546879597815e-22 6.077233735058790857e-22 1.506373498278182964e-22 9.310416078926145866e-01 1.566548690539064654e-22 9.599670379723534985e-03 6.122322963824256004e-03 1.908357444046094448e-03 2.617761854394938248e-01 6.618707463298406299e-03 3.254846381563146133e+05 7.244565204299316974e+04 2.749375098536165751e+04 5.416121590465714508e-01 4.627196743471292575e+04
1.030893529788922541e-03 1.950924312315317988e+08 2.351848675298041999e+08 1.161946363552224934e+08 8.069826679167354522e-01 1.221164178778907359e+08 1.845292222145449807e-22 2.318808794170983377e-22 7.532370403590234747e-23 1.007335524226254053e+00 7.965211131021355070e-23 9.584110620055001986e-03 6.032166779082023117e-03 2.822464253013740390e-03 2.468034158516345111e-01 8.244105340889318345e-03 4.039504724637829931e+05 9.248838133137536352e+04 2.026628142995143207e+04 6.277175144587067157e-01 3.829538913757976843e+04
1.791487630419557730e-03 7.206809892913764715e+07 1.100872334304590821e+08 4.438585668703299761e+07 7.079455538475012411e-01 4.803386791978865862e+07 7.515272908745623671e-23 4.898563161026513402e-23 3.415152759187084251e-23 8.315720985964049072e-01 4.122660230549510820e-23 1.111358693324339224e-02 1.038544538739829062e-02 3.503867344966819786e-03 2.626912240637924167e-01 8.564863455269147718e-03 3.430190241724757361e+05 3.032782620457480079e+05 1.834161660595252033e+04 6.807141169392301183e-01 3.843149755899846787e+04
3.113248688837364202e-03 2.031562801883466914e+07 2.228558521960317343e+07 1.383166994027261622e+07 5.975428472887233111e-01 1.619015370655783452e+07 2.732014410450434116e-23 2.469767213800775022e-23 1.096377361457268748e-23 9.583183125507346301e-01 1.236563685188899238e-23 1.116641313918971187e-02 1.252068229297565762e-02 3.330358184744429233e-03 2.713168791722203599e-01 8.241991491583071719e-03 2.359325928995091526e+05 2.273027740713559324e+05 3.160249837132016546e+04 7.503117904698973772e-01 4.265746417474962072e+04
5.410206151564474382e-03 7.393650652893614955e+06 4.933484578580092639e+06 4.134324864247727208e+06 4.855227659513257632e-01 6.995881082290483639e+06 1.012250289489253092e-23 1.095630616447203507e-23 4.578007544603408177e-24 9.473657999160512988e-01 5.764157326616495339e-24 1.100428591573083224e-02 1.278580425215509152e-02 3.507164873568288134e-03 2.807364112858388161e-01 7.891323142055340148e-03 8.075312869467707060e+04 9.707702409963168611e+04 4.673674650801285316e+04 5.287552304439075979e-01 6.581467647095919529e+04
9.401860733893718097e-03 1.611722262564999284e+06 1.407420217046627309e+06 1.138487418387540849e+06 5.742909038405014099e-01 1.501787291240329854e+06 3.985241265330102450e-24 4.689259982845297122e-24 1.659687178334729635e-24 6.388374359360472488e-01 2.253528704071223420e-24 1.074360724350047203e-02 1.353316022882749235e-02 3.032577077349630015e-03 3.101730511661738299e-01 7.013980988852660733e-03 4.862600425393572659e+05 2.953588213592559332e+05 6.771712536205610377e+04 5.620389928923256173e-01 1.160294793622909056e+05
1.633856137514670334e-02 2.737803578579299501e+05 2.293726733281730267e+05 1.656598286899172235e+05 4.540432074417635189e-01 2.214722093498277536e+05 1.924283247877674089e-24 1.052572563435155543e-24 8.602899442547752404e-25 4.925398069124986566e-01 1.343901997604178552e-24 9.718124297240159429e-03 1.239724805357901583e-02 2.461928998916537541e-03 3.134361759488082932e-01 5.892745894830215582e-03 1.050606849406298250e+06 1.082779534518487984e+06 2.604553980872404354e+05 5.413846697780649864e-01 3.740479040126779000e+05
2.839316549830248754e-02 6.214105874653227511e+04 7.090320955328768468e+04 2.606585475248024159e+04 4.344366631269570567e-01 3.859637509425688768e+04 9.098638210084040124e-25 7.762195856342071550e-25 3.575281403247301777e-25 3.919094523576948097e-01 6.720634922635975246e-25 8.059122111421644641e-03 8.731133895227671804e-03 2.305608040335772706e-03 2.881499189515869808e-01 5.433282414848396302e-03 1.758364830016100314e+06 2.410214792030273937e+06 7.324868865034948103e+05 4.313088997836599936e-01 1.095290128650848288e+06
4.934166653376820949e-02 1.906051223565009423e+04 2.251204549352035974e+04 8.153752533572911489e+03 3.910101968281419205e-01 1.361543688490277600e+04 4.771595562026279786e-25 4.062212052685540459e-25 1.569998293002404004e-25 3.476127278663299625e-01 3.258366317924124203e-25 6.275062475452161670e-03 5.403406094097085513e-03 2.096475838068844345e-03 2.853782403685225511e-01 4.694707354163482615e-03 2.456819505404511932e+06 2.109780172588005662e+06 9.441661600811376702e+05 3.645128809334812758e-01 1.804282483985477127e+06
8.574598899425776855e-02 7.385800146190821579e+03 4.689369308524745975e+03 2.989391825269936362e+03 3.405149031513493574e-01 6.101738929225736683e+03 2.218761204344558669e-25 1.912215685092121985e-25 7.714140529600467000e-26 3.121551533955584934e-01 1.671555537838475707e-25 4.797231133546118499e-03 3.142396255849519079e-03 1.420679653180340323e-03 2.629536056478193884e-01 3.641237061925266423e-03 3.253690992241502274e+06 2.159788181616371498e+06 7.209835561390917283e+05 3.480802295000935409e-01 1.952229207568665966e+06
1.490094507361558740e-01 2.857191076367239930e+03 1.920202081729594738e+03 1.138924354256815150e+03 2.753404196698363005e-01 2.519494753592991856e+03 9.071161302982216652e-26 5.417721211010726537e-26 3.039138921431529651e-26 2.701636743096085813e-01 7.529369201182114509e-26 3.256192723230977044e-03 2.176887673460431265e-03 1.122014024602088116e-03 2.707679593268748075e-01 2.763879355531149995e-03 2.880310942852431443e+06 1.471037488732661121e+06 6.168396902366501745e+05 2.786774582123690003e-01 1.972404584394173697e+06
2.589487469807810194e-01 9.209162628200906511e+02 4.377806736241673207e+02 2.842400074182456819e+02 1.834725065427211810e-01 8.633107914003035148e+02 3.116233291194620827e-26 2.839034885812870763e-26 8.814680170677840445e-27 2.919308823367380845e-01 2.215865505462725035e-26 1.917534282332069651e-03 8.258294578220126518e-04 9.074372159975517462e-04 2.642731189831562522e-01 1.830904712245961814e-03 2.353712021620486397e+06 1.168010935539161786e+06 1.009161075754243415e+06 2.023583209873062450e-01 2.284685522250506096e+06
4.500013471068133319e-01 2.902959386150501473e+02 1.849491516881341227e+02 9.734099464854253370e+01 1.898694261630740066e-01 2.627887194717539501e+02 9.284431096402630716e-27 8.836222340226488065e-27 1.980782535268119203e-27 3.183463736037611125e-01 5.730949818311768211e-27 1.289008435522821490e-03 5.836794496640882249e-04 6.364072447079333538e-04 2.816878323054909372e-01 1.214663647183225788e-03 2.170204900457994081e+06 1.325248550578399329e+06 7.018392043403896969e+05 2.115999278997010569e-01 1.849347432631043019e+06
7.820127139405553818e-01 1.107126719926551885e+02 5.438875150276481918e+01 3.182763944282625346e+01 1.963631473653521531e-01 1.009141696119983180e+02 3.810617749173268772e-27 2.248310747877108958e-27 1.509289057891635945e-27 3.761326117424961812e-01 2.500245244016140344e-27 1.101198536920476026e-03 6.213911796569464383e-04 4.039264018178292080e-04 3.063810677504545943e-01 9.757944932999602222e-04 2.118509004291361198e+06 7.364356767453630455e+05 9.242406234400856774e+05 2.436172019353106122e-01 1.879794331898333039e+06
1.358982342378446839e+00 5.578506712755430641e+01 1.765539255857398615e+01 1.150833553971778400e+01 2.009585674336569761e-01 4.671380694301550562e+01 3.066328160183431702e-27 1.092676552568051835e-27 9.297298999001116608e-28 4.398273751163804812e-01 1.422930961335609800e-27 8.798829456301878859e-04 5.529377650214876549e-04 3.290260081913614384e-04 2.705143921351475522e-01 8.007891237298552390e-04 2.515637535582355224e+06 1.128135087365544401e+06 1.201378918203948066e+06 2.932950051172967809e-01 2.238383404168701265e+06
2.361640640841031757e+00 3.207749593401225496e+01 1.252785797681237057e+01 1.159069440456742583e+01 1.933959258815362847e-01 3.031730771676241432e+01 1.442534213114311103e-27 7.794128404668266956e-28 7.321511054658078373e-28 3.768307583977237862e-01 1.102645384289281491e-27 8.431194607895325368e-04 4.407335086413107211e-04 3.140216061629204705e-04 2.092245903726309975e-01 7.652177123751630929e-04 2.780733105795963667e+06 1.185104632077620365e+06 1.312121365893314360e+06 2.268863726695548311e-01 2.661750974989770912e+06
4.104061062861748432e+00 2.305036588067057224e+01 5.959544787973737101e+00 6.674606153825102695e+00 1.458541518786652114e-01 2.197071695890680942e+01 9.574629308324128054e-28 4.279630860883756950e-28 2.678802238607754239e-28 2.927418496693697803e-01 7.140229619843853835e-28 8.079932954866170681e-04 2.037222806911849612e-04 1.778740529328731029e-04 1.240578622238557166e-01 7.858332050092940420e-04 2.740534320531996433e+06 3.620887854195358232e+05 1.001703105650656158e+06 1.737320924679882361e-01 2.808662257058121264e+06
7.132040716279185233e+00 1.943200462574533205e+01 6.977373676552684145e+00 2.350488098319802432e+00 1.011336850678000998e-01 1.799837033502509342e+01 7.356063412976525527e-28 8.221230719924878841e-28 1.784137724297453553e-28 2.439053767909633574e-01 5.678150933164857808e-28 7.736769348566429954e-04 2.008366421181060008e-04 1.856874976559050100e-04 1.061991157619424919e-01 7.680248761556190485e-04 2.607452515352409333e+06 1.548403736904744059e+06 5.074501416571803857e+05 1.449868256375732578e-01 2.255143547926478088e+06
1.239406626742427164e+01 6.843220198076135574e+00 1.067795990027557984e+00 8.231562957573466122e-01 5.040099296377810456e-02 6.797233621664331871e+00 2.233392472216439441e-28 1.507698765524216773e-28 4.165407446522587654e-29 1.494179790879217873e-01 1.958121677617200598e-28 7.618024318745290945e-04 1.166274896246822764e-04 6.100610018907714604e-05 5.000734755377818364e-02 7.470436314176702886e-04 2.363800479982404038e+06 9.815686676393970847e+05 3.162269028331427835e+05 9.867255478463624052e-02 2.166945144468481652e+06
