# R (Mpc), mean rho (Msol/kpc^3), errup (Msol/kpc^3), errlow, std, median rho (Msol/kpc^3), mean pth (Msol/kpc/s^2), errup(Msol/kpc/s^2), errlow, std, median pth (Msol/kpc/s^2), mean gas-mass-weighted metal (fraction), errup, errlow, std, median metal, mean gas-mass-weighted temp (K), errup, errlow, std, median temp  
#  nprofs 467, mean mh 565833884437.156616, median mh 535367352652.347229 
#  Mass range 11.50 - 12.0 
#  Nhalos 188
5.932173081830181089e-04 1.306644859465082139e+08 1.390564351259097457e+08 5.300982674179607630e+07 4.403719155032060906e-01 8.080738777873967588e+07 1.053426071741169250e-22 9.431866921599588765e-23 2.409822784087566583e-23 6.935621649651881881e-01 3.022412969441611453e-23 7.111500642825623227e-03 3.760109428772100484e-03 1.808105528511269426e-03 2.963379525922622548e-01 6.045372409163791635e-03 4.251049668063091667e+04 1.259811907785125368e+04 8.557125925192598515e+03 3.024831113964506213e-01 2.591379121406526974e+04
1.030893529788922541e-03 7.457768463675954938e+07 7.356150306898209453e+07 3.996386208882848918e+07 4.640610913773876578e-01 5.665183332716757804e+07 7.931593604280293423e-23 8.890061504295588500e-23 1.699354408835918232e-23 7.949807086756323082e-01 2.023813993526065205e-23 7.310828161568343891e-03 4.385044331394377486e-03 2.047499175172072094e-03 2.528576284791632656e-01 5.929696798946460130e-03 4.900163537975577492e+04 5.267486816079996788e+04 8.601887150232734712e+03 3.624160153599833567e-01 2.527808954451392492e+04
1.791487630419557730e-03 3.423352878849665821e+07 3.105377470424965769e+07 1.782663115445676446e+07 3.979962545209090319e-01 2.783264759851916879e+07 4.026371638945202025e-23 4.492443964061546341e-23 1.100751313444244645e-23 7.103345155708168379e-01 1.314617490692582313e-23 7.060732125228953195e-03 4.436868975580909522e-03 2.164325890927465846e-03 2.598184594194222208e-01 5.723251504170264944e-03 6.609370978044971707e+04 7.776904071249174012e+04 1.544528156631917227e+04 3.983445479035086501e-01 3.239690643287924104e+04
3.113248688837364202e-03 9.702348212071249261e+06 6.075247699103381485e+06 3.616375227811476216e+06 2.517012214554211202e-01 8.466645244814492762e+06 1.192272929287048775e-23 1.477082348658511007e-23 2.647284370596812676e-24 5.970420150780401114e-01 3.617660242585613546e-24 6.678631074701666705e-03 4.517357272970376827e-03 2.081111348012810915e-03 2.912137582350192710e-01 5.004377083117704517e-03 7.708810901052113331e+04 9.276506526217331702e+04 1.712893378135334933e+04 4.384749154264333537e-01 3.230379125472969099e+04
5.410206151564474382e-03 2.924169912606484722e+06 1.432474336916452274e+06 1.331654765905412380e+06 2.312928755351780774e-01 2.819856532253537327e+06 2.939618765254118799e-24 3.869206857232319326e-24 7.773363928774008723e-25 5.167671299145581987e-01 1.301231657730349165e-24 6.074458676912762416e-03 4.260831015651519657e-03 1.851466978165182495e-03 3.177922315188690394e-01 4.198236543166922186e-03 9.082250614674933604e+04 9.137770496811013436e+04 2.250781074009283839e+04 4.587632735012147078e-01 3.915337207628635952e+04
9.401860733893718097e-03 6.689961844999117311e+05 5.318797088680802844e+05 3.423300179057737696e+05 3.414139901014533462e-01 5.713577722729363013e+05 7.834740330039792868e-25 8.793322716497386067e-25 3.081783140803324131e-25 5.002957261420545310e-01 4.875076787410385230e-25 5.463684865938556873e-03 3.230324508188007430e-03 1.902598543201221770e-03 3.265520042306819803e-01 3.792658105610273531e-03 1.228778766090026184e+05 1.716511366675409663e+05 4.080595083135452296e+04 4.724077243565824591e-01 6.172356265549565433e+04
1.633856137514670334e-02 1.280149772090770712e+05 1.162421613856067706e+05 5.244951079195452621e+04 3.671233231593179491e-01 9.071333382406906458e+04 2.543606652625764529e-25 2.159231421074072831e-25 1.232457569314515757e-25 4.008332920103591102e-01 2.066875603521312727e-25 4.964947796226582867e-03 3.454727115592528489e-03 1.442849141134989500e-03 3.165062327770675199e-01 3.310829169631135469e-03 2.239975963260066637e+05 2.549828583969159808e+05 1.051582073782584630e+05 4.345620625858165886e-01 1.553116264817028714e+05
2.839316549830248754e-02 2.667298690083719703e+04 1.742114104708140076e+04 1.297119076790655163e+04 3.049615160969035843e-01 2.378039934884487593e+04 9.351156813631152264e-26 8.618710980997407318e-26 3.307166761530494609e-26 3.366563292524667461e-01 6.957631596481599209e-26 4.291534375231873845e-03 2.115574093332836525e-03 1.299452546004580943e-03 2.774422805435862172e-01 3.229796810030565249e-03 3.138540966030338313e+05 2.619846468535994063e+05 1.201869988543996296e+05 3.288426737628337149e-01 2.363364226924708346e+05
4.934166653376820949e-02 8.917369187925982260e+03 6.855950959366310599e+03 3.874840775670050334e+03 3.152395076241101823e-01 7.396016551147694372e+03 4.025802102488717751e-26 4.130100569720655066e-26 1.145390805480931083e-26 3.320036261536551403e-01 2.735298101808589523e-26 3.533163970314299150e-03 1.967455525612897722e-03 1.128739001395919969e-03 2.489427221824254965e-01 2.886260244285732135e-03 3.874019222334123915e+05 3.749732877346531022e+05 9.244717568351508817e+04 2.810238334401670701e-01 2.640146243007906014e+05
8.574598899425776855e-02 2.792864164946728579e+03 2.076562214700418735e+03 1.087276074653571413e+03 2.824492357643852425e-01 2.386262297333242714e+03 1.646272619458291882e-26 1.591812966485706726e-26 5.128996120170082039e-27 3.637510854688595363e-01 1.024338776628910880e-26 2.629680068210448265e-03 1.660135736124020329e-03 9.786809442355291766e-04 2.598632500337026974e-01 2.166237763705686041e-03 4.819138559707755921e+05 5.525188985413317569e+05 9.704070851629661047e+04 3.129875750748360441e-01 2.809998103571134270e+05
1.490094507361558740e-01 7.930265935307028258e+02 4.411061920172492137e+02 2.857733444786523478e+02 2.390039389813787829e-01 7.112628145355893139e+02 6.357183055778776472e-27 7.304519220806495538e-27 2.251290277986033661e-27 4.190522857483419683e-01 3.804242207164685127e-27 1.867915283510586692e-03 1.258324061541330960e-03 7.464159739583570543e-04 2.818645131756115085e-01 1.550525410613802588e-03 6.021297229307162343e+05 6.811331742071430199e+05 1.720315962008995702e+05 3.619194899403170296e-01 3.556659339385851054e+05
2.589487469807810194e-01 2.621808390359935288e+02 1.643674856723171160e+02 6.807214103044651665e+01 2.283134720714055377e-01 2.106129101208142629e+02 2.687691498203295901e-27 3.150533417061715807e-27 1.155434954018087314e-27 5.172243737093346061e-01 1.590457882739217432e-27 1.201716306287275299e-03 1.091446078833279137e-03 5.217765289572378739e-04 3.162507908008851398e-01 9.374983892754505665e-04 7.332580117575147888e+05 7.366752986183257308e+05 3.325499294818468625e+05 4.242268231796455513e-01 5.003397136099843774e+05
4.500013471068133319e-01 1.049750138153379311e+02 6.065320983492665619e+01 3.414387672718604705e+01 2.113651805044485243e-01 9.106268793990446397e+01 1.588627098135086710e-27 2.004885203704350648e-27 6.359036085869087481e-28 5.916507974280765803e-01 8.428656434594825679e-28 8.171882971673406987e-04 7.817408929506118424e-04 3.372650347776638257e-04 3.409073845800865699e-01 5.948781596944500115e-04 1.007286220143165090e+06 1.029203717261507874e+06 5.114663921899427078e+05 4.784139134266015003e-01 7.393627764187282883e+05
7.820127139405553818e-01 5.853120648521999669e+01 4.015920275912895931e+01 1.810189261740250544e+01 2.435456427486694664e-01 4.796880103957686003e+01 1.205387144542989531e-27 1.571275007734710279e-27 5.346262350168909789e-28 6.336842584486148677e-01 6.861218623523280104e-28 8.392503229771165578e-04 8.977899871493847696e-04 3.926254760653802214e-04 4.071980176912701199e-01 6.203584652352137421e-04 1.323804325433033518e+06 1.121956873187194578e+06 8.036250181848788634e+05 4.882191703692783102e-01 1.155986268848910928e+06
1.358982342378446839e+00 3.637524936451667656e+01 3.048057627095229094e+01 1.011621045230074856e+01 2.361912417413027376e-01 2.921097343524844803e+01 8.904960828644353255e-28 1.266350080216222259e-27 4.367914173261490473e-28 5.949572065668522480e-01 5.615891562525588656e-28 9.034219677569358493e-04 8.348663996691030147e-04 4.783816304312279999e-04 3.868027333005306101e-01 7.727383430402253763e-04 1.535334153407888487e+06 1.157852054575503105e+06 9.400968261308120564e+05 4.290487286155368896e-01 1.394146002495632740e+06
2.361640640841031757e+00 2.688150429416558040e+01 1.534928024534817581e+01 8.631715201101997081e+00 2.103708904041014516e-01 2.298651237332089181e+01 8.205518308569028389e-28 6.432404601982840756e-28 3.635306382467754265e-28 4.785782718198808849e-01 5.119825462187026515e-28 9.538671589475651320e-04 5.772559759035310973e-04 3.811308675945024576e-04 2.577635012760122746e-01 8.736304658014272919e-04 1.755464281758178491e+06 8.891738616792878602e+05 9.503578472896220628e+05 3.089255502331452186e-01 1.713531501255083596e+06
4.104061062861748432e+00 2.261862373279195282e+01 8.146951878256754043e+00 5.387381083764328338e+00 1.885653518349949542e-01 1.902920456390990012e+01 9.101892207488592344e-28 3.887763134820051178e-28 2.337967005105108981e-28 4.388709703160717512e-01 4.325287760651681619e-28 9.876581866131658744e-04 3.759333556426548185e-04 2.632427073606393667e-04 1.587778349762947738e-01 9.092317792003432823e-04 2.081978655678611714e+06 8.065242518508336507e+05 7.314651675400258973e+05 2.555010403766282967e-01 1.674549033718892373e+06
7.132040716279185233e+00 1.844587769251695164e+01 4.064836469170501232e+00 2.831316169060219323e+00 8.759185435665051145e-02 1.793686195548017537e+01 5.038446112987377486e-28 3.162865595255339338e-28 1.181517866872689304e-28 2.496157816072450131e-01 3.772063888821909565e-28 9.272531597500073379e-04 2.425808628061657587e-04 1.456656749485740364e-04 8.861630998930489223e-02 8.978959586763205197e-04 1.867999258719785837e+06 7.828070260406774469e+05 3.455961640913449228e+05 1.675520273454889630e-01 1.604759573095221072e+06
1.239406626742427164e+01 4.463808286447746632e+00 8.209504365110671387e-01 4.506956705364153493e-01 5.639440831209106830e-02 4.332580862873309790e+00 1.223258388322716793e-28 1.496569828132475818e-28 2.008035827204551728e-29 2.187006004428095896e-01 8.931965621793702373e-29 9.358811746172458540e-04 2.420416869340154438e-04 1.100975050339082209e-04 6.766974208948456360e-02 9.032192198844537709e-04 1.917370274813840399e+06 1.673632487619484309e+06 2.548355658186543733e+05 1.623292215204632793e-01 1.552309718472658191e+06
