# R (Mpc), mean rho (Msol/kpc^3), errup (Msol/kpc^3), errlow, std, median rho (Msol/kpc^3), mean pth (Msol/kpc/s^2), errup(Msol/kpc/s^2), errlow, std, median pth (Msol/kpc/s^2), mean gas-mass-weighted metal (fraction), errup, errlow, std, median metal, mean gas-mass-weighted temp (K), errup, errlow, std, median temp  
#  nprofs 462, mean mh 4024672572898.040527, median mh 3362166396624.070801 
#  Mass range 12.30 - 13.1 
#  Nhalos 30
5.932173081830181089e-04 1.641661631136621535e+08 1.975997826688554287e+08 1.620640776357365772e+07 5.171678669447494769e-01 4.351048665495532751e+07 1.034578468744159040e-21 1.398622291785469411e-22 1.495191432229503776e-23 9.110491041387389632e-01 2.091423029807282134e-23 1.132676215214351023e-02 4.678511779229701378e-03 4.889480443938905470e-03 2.213333409944068519e-01 1.076356837403986272e-02 1.167167975008448848e+05 1.605920474194339477e+05 1.825836751210403236e+04 5.281058567730089193e-01 3.591218301727935614e+04
1.030893529788922541e-03 6.601205873102698475e+07 6.472874865217503905e+07 6.911344653857730329e+06 6.300806429713046164e-01 1.291055396272681653e+07 3.103533697892914630e-22 3.000835234841513385e-23 8.381993558989351893e-24 9.803580976890242660e-01 1.089234670610325121e-23 1.303762937997202803e-02 1.178124554805572849e-02 1.912478032403585465e-03 2.095084168487314769e-01 1.005186847044898732e-02 1.471748211965829250e+05 3.755251530044231913e+05 3.041813384634431713e+04 5.695675888818200194e-01 4.729662114819626004e+04
1.791487630419557730e-03 2.772829412739273161e+07 3.662009874086096138e+07 4.795136021856082603e+06 6.412857576243691238e-01 7.631920725034247153e+06 1.936351990589096389e-22 1.062656257233404858e-22 8.636067305768634643e-24 1.047889929519257857e+00 1.193931555546676367e-23 1.435530751963709842e-02 4.607972776611964083e-03 6.668510302688893804e-03 1.961518177841332922e-01 1.458952397650019675e-02 1.074069989250403363e+06 4.673051703503218014e+05 1.310650019174235058e+05 8.058638336897361309e-01 1.529542136095736350e+05
3.113248688837364202e-03 7.648152670937278308e+06 8.911020762106264010e+06 3.594167451633525547e+06 5.178834327430502649e-01 4.798487061922071502e+06 3.295675099033761973e-23 1.572761383238669642e-23 4.184087045179687053e-24 1.027265239078004155e+00 4.509056696077513622e-24 1.614840487771215805e-02 4.456126916635928109e-03 9.672560938387475549e-03 2.292740921028124379e-01 1.785100345261535909e-02 2.535152538531073951e+05 2.910731741202390986e+05 5.217819289931969251e+04 6.367300125195703986e-01 7.032502353996995953e+04
5.410206151564474382e-03 3.809763860567031428e+06 3.393662778396359645e+06 2.482634344555432443e+06 6.210507729510242880e-01 3.303564961403449066e+06 6.646744780775384272e-24 8.509097530047781833e-24 2.169722196713542009e-24 1.082332189785711662e+00 2.464533918112119555e-24 1.633600265510882013e-02 4.105654377796238985e-03 9.737668877441124637e-03 2.326487184838087474e-01 1.812947271628310639e-02 1.245634544215872593e+05 1.070839765560465748e+05 4.704826340721905581e+04 5.545379924289294271e-01 6.313793519357300829e+04
9.401860733893718097e-03 6.237969764923811890e+05 7.886989989484952530e+05 2.953655186744359089e+05 6.772403372067681282e-01 3.605834604589334922e+05 2.192233924662254855e-24 1.933054313333116359e-24 7.781670844998046075e-25 8.442906045619830158e-01 9.521762212482143619e-25 1.572568259699551677e-02 6.053926100693191037e-03 7.638802657866147067e-03 2.383852662706207604e-01 1.577355423200776929e-02 7.020815838466908317e+05 7.403748368674421217e+05 1.027845629318789579e+05 7.046001494178916191e-01 1.467982383078307030e+05
1.633856137514670334e-02 1.031797609719425091e+05 1.113557940621562302e+05 3.585151949905001675e+04 5.214257985273780260e-01 5.084066211846522492e+04 9.490164782343512189e-25 3.399483080927395786e-25 6.120180094183895715e-25 4.689083720597581051e-01 8.216702274108921634e-25 1.429765663838158951e-02 6.147139010412042137e-03 6.900863763557075342e-03 2.412501150257294613e-01 1.435307134398275050e-02 1.335976624926718185e+06 1.170880328089210205e+06 5.268509069029190578e+05 4.831775358356574790e-01 7.551037051523831906e+05
2.839316549830248754e-02 2.553039608480005336e+04 3.251956296952121920e+04 7.828951577100446229e+03 4.431932021827168500e-01 1.223952582838567287e+04 4.502684783819314982e-25 4.469742779130210689e-25 1.759203068803699900e-25 3.445274649112812226e-01 3.254613327969407332e-25 1.112847130350830618e-02 8.306719393767196535e-03 3.331576243036815654e-03 2.398512562729064601e-01 9.141029678415495824e-03 2.303942973524811678e+06 3.367175380534995347e+06 6.358814897009151755e+05 3.821319083866016597e-01 1.533868144401355414e+06
4.934166653376820949e-02 9.415360533081287940e+03 1.123602223207314091e+04 2.457430857022625332e+03 4.039598048343241432e-01 4.902636139288995764e+03 2.562752553287697239e-25 2.481502932671843649e-25 5.885627919976319960e-26 3.594628955676074100e-01 1.434110582406054554e-25 8.370724416740247739e-03 4.437225283618485838e-03 3.423918727399106847e-03 2.237077454294450485e-01 7.725729222748799196e-03 2.846492822336629499e+06 2.681213464202463161e+06 6.596375544379183557e+05 3.319614768429652307e-01 1.900785262750107329e+06
8.574598899425776855e-02 4.222293624693548736e+03 6.106629064249493240e+03 1.019981785883957173e+03 3.704166383349284941e-01 2.388191553240016219e+03 1.326335901472522197e-25 9.593347562462733115e-26 3.583555359371715189e-26 3.660874461462390039e-01 8.666038527256905319e-26 6.427041199555129890e-03 4.958082138690566784e-03 2.018362764853126254e-03 2.282752158234302720e-01 5.487717118620017917e-03 2.716199495059116278e+06 1.918662502303706948e+06 8.234010690684271976e+05 2.799494820712817855e-01 2.117384156439677346e+06
1.490094507361558740e-01 1.640225563936939125e+03 1.778672215870833497e+03 5.077999233720378243e+02 2.990948144215181959e-01 1.219013519284189442e+03 5.836791491669999474e-26 7.034947693719951230e-26 1.714463480750516811e-26 3.560022221643731055e-01 3.827180673392152345e-26 4.114239738727655873e-03 2.708203689623210272e-03 1.684019125844744055e-03 2.294172537996909123e-01 3.673539158748736350e-03 2.696207107204828877e+06 1.465794464840910397e+06 8.468245554225258529e+05 2.572936030530186824e-01 2.167498513604782522e+06
2.589487469807810194e-01 6.163660672823557434e+02 2.433890736122689304e+02 1.962054051392376550e+02 2.002919453308018571e-01 5.875892784094942272e+02 2.223793611403369125e-26 2.915919071860772868e-26 6.403799138518053570e-27 3.569602993249622602e-01 1.399687887592152974e-26 2.743998719797311695e-03 1.061112720991012892e-03 9.122784328239167718e-04 1.864854967113171724e-01 2.671824161786992384e-03 2.293439495746969711e+06 1.765311056426474359e+06 8.080198720734082162e+05 2.204399390623993371e-01 1.913452844463589136e+06
4.500013471068133319e-01 2.693643625718853514e+02 1.906074442980441290e+02 7.763304116982817504e+01 2.049586026789288196e-01 2.257349829948084903e+02 8.643197368448331233e-27 1.304423406385037141e-26 1.992317577588183974e-27 3.851182878871794446e-01 4.699504623936205295e-27 1.904816316255486574e-03 7.216246949684986846e-04 6.078696246830145485e-04 1.623048351896795582e-01 1.829876629436516175e-03 2.051383938137782272e+06 1.329043618976647034e+06 3.820936862208854873e+05 2.411599974082349052e-01 1.582979664456106722e+06
7.820127139405553818e-01 1.053741142204148247e+02 4.790799636251871618e+01 3.128566264425548127e+01 1.705229494468702423e-01 9.438224827295452712e+01 3.592412237671894812e-27 3.893773855422988699e-27 8.189547356265155272e-28 4.080208003585365506e-01 2.037106424442726741e-27 1.451671247435447646e-03 5.654076995374661234e-04 2.793424380683792296e-04 1.424828928441674025e-01 1.315320220389021733e-03 2.113698835364570841e+06 1.347190630730797537e+06 5.385466494764476083e+05 2.734342857664728288e-01 1.690825353935863823e+06
1.358982342378446839e+00 5.617572094538509475e+01 1.878068617353120828e+01 1.423477497354726040e+01 1.698949686560100869e-01 5.162923495339605040e+01 2.459604976793496149e-27 1.277405469088558979e-27 7.534745490184562113e-28 4.170044507435712311e-01 1.388580918736719375e-27 1.119797159382260711e-03 5.304498553840792177e-04 3.400667010672244351e-04 1.649277802195594778e-01 1.053662802105872955e-03 2.421477980999670923e+06 9.292504958285028115e+05 1.135921254855746403e+06 2.874879695715020222e-01 2.222252723834602162e+06
2.361640640841031757e+00 3.393903935638162750e+01 1.478935989990332445e+01 1.015359697441778408e+01 1.925540095724701251e-01 2.946569786204220520e+01 1.725008971039034169e-27 8.512133214880070087e-28 5.304124657920197125e-28 3.890879057486046344e-01 1.053812091212419893e-27 9.665971687917636898e-04 3.659141060496798412e-04 2.858640109483219331e-04 1.592846028908142253e-01 9.248073939885483128e-04 2.860923435375614092e+06 1.209437151101376861e+06 7.534635286289846990e+05 2.148519191870467693e-01 2.682994994364150800e+06
4.104061062861748432e+00 2.348198109222398600e+01 5.155655524103380571e+00 5.673529639019680104e+00 1.296797256171104140e-01 2.287445403008483424e+01 9.032780726063491321e-28 3.050115246339563969e-28 2.510325171258482148e-28 2.807647064354039101e-01 7.806252391857244601e-28 9.122610866045593927e-04 1.854267263733264332e-04 2.290666596861021774e-04 1.169117727041073251e-01 9.117006753142055863e-04 2.595557777775573544e+06 4.910192239243909717e+05 6.108578430798738264e+05 1.677353464903301450e-01 2.545806074620034546e+06
7.132040716279185233e+00 1.980906620826838704e+01 6.919860956531611151e+00 2.478691734661087054e+00 1.026877960684949714e-01 1.847294285374372791e+01 7.657691527773569411e-28 7.638462367481048115e-28 1.189025724427243215e-28 2.407801663946743109e-01 5.583508132386071011e-28 8.792694758010397493e-04 1.511120100198060697e-04 2.096084127911637890e-04 9.975974290787172072e-02 9.012287692187640007e-04 2.674612879934877157e+06 1.357313824381827377e+06 5.338644530075290240e+05 1.385046239861025263e-01 2.395637983022446278e+06
1.239406626742427164e+01 3.972831918729760048e+00 4.224124271616944704e-01 3.100456275196292744e-01 4.765532445626356750e-02 3.973493446906011695e+00 1.297359026273533645e-28 5.762228996473870566e-29 2.305754268648186114e-29 1.510795976809610752e-01 1.121428501026909903e-28 8.587661063130467556e-04 1.087466616333330333e-04 1.211914304326199791e-04 5.204038835905941407e-02 8.614535062377163318e-04 2.370626475117062684e+06 6.817189990974506363e+05 3.666979617241960950e+05 1.045643426120094893e-01 2.189560488946492318e+06
