# R (Mpc), mean rho (Msol/kpc^3), errup (Msol/kpc^3), errlow, std, median rho (Msol/kpc^3), mean pth (Msol/kpc/s^2), errup(Msol/kpc/s^2), errlow, std, median pth (Msol/kpc/s^2), mean gas-mass-weighted metal (fraction), errup, errlow, std, median metal, mean gas-mass-weighted temp (K), errup, errlow, std, median temp  
#  nprofs 457, mean mh 212119204703.758392, median mh 200683103199.599121 
#  Mass range 11.00 - 11.5 
#  Nhalos 199
5.932134616077487568e-04 7.281748898753251135e+07 7.322569962558978796e+07 2.813195607047869638e+07 3.617017094263080823e-01 5.074911032138925791e+07 6.268149035902284922e-23 3.696803219774289812e-23 1.104090337179786570e-23 6.710243464519067835e-01 1.420371476217084300e-23 7.741010408103970314e-03 3.182805357266605545e-03 2.613903741623870708e-03 1.940130567118331095e-01 7.383966393541999823e-03 5.099865800421143649e+04 7.527245054397681088e+03 5.416427853187566143e+03 3.457885507970554495e-01 2.024426723983798001e+04
1.030886845207231632e-03 3.510891865774767101e+07 3.346137601198405400e+07 1.603603886237423308e+07 3.606152862997555886e-01 2.765423964922491834e+07 4.173917238865879613e-23 7.903097732263147947e-23 5.961216534304817325e-24 8.060900948490336004e-01 7.408692789708176785e-24 7.619694416484489898e-03 2.782828446791124274e-03 2.546465832418205039e-03 1.982986206005509788e-01 7.548278080359373948e-03 5.927733608346873370e+04 8.808746763986177393e+04 5.095037354437696195e+03 4.663194704216545028e-01 1.889540592822978215e+04
1.791476013947955600e-03 1.375144763878649659e+07 8.763376497621197253e+06 5.228886586269751191e+06 2.869883892321535290e-01 1.189213152862909809e+07 2.207876847151059802e-23 4.395019362030611430e-23 2.965012921688251855e-24 8.519200698463352817e-01 3.748314473909362902e-24 6.647559413204596340e-03 2.987020884558050024e-03 2.755539533512544898e-03 2.207162437272128519e-01 6.409828515802629134e-03 8.634374677105821320e+04 1.576670710045634187e+05 6.302019771631530602e+03 5.429808888846109349e-01 1.900768923254055699e+04
3.113228501723386363e-03 4.336791477268685587e+06 2.620424906987200957e+06 1.250801039105389733e+06 2.083532128552373353e-01 3.839130394200012553e+06 7.654557894866098391e-24 1.068067578152065293e-23 3.606735682112253160e-24 7.652622105430071375e-01 3.901067296989644999e-24 5.551241617800023107e-03 2.792820860221693034e-03 2.614070659297410525e-03 2.574489089151347221e-01 5.360060511384803252e-03 1.142888660085900337e+05 1.435873384759366745e+05 5.757134734768582712e+04 5.737956004585794689e-01 6.937270241673699638e+04
5.410171070381073442e-03 1.309675935871294932e+06 5.785801332912701182e+05 5.434889100647976156e+05 2.391282202046873528e-01 1.284173722282718867e+06 1.502563437519029708e-24 1.815583814125195976e-24 9.999797611748039796e-25 6.664862157203154114e-01 1.114950514913097748e-24 4.497453819575282855e-03 2.442440405029833173e-03 2.388602841306949106e-03 2.845315933886723991e-01 4.318465587728127948e-03 9.435525347274402156e+04 1.157376365347644751e+05 4.865885332212326466e+04 5.188324833873751984e-01 5.942971970722520200e+04
9.401799769784129415e-03 2.897434948696722277e+05 2.682543769590706797e+05 1.288923084013366606e+05 3.186382033280853454e-01 2.382238255249012436e+05 2.560878831159383187e-25 2.448411553582769261e-25 1.759307644691456263e-25 6.182329994198022538e-01 2.011499632573929455e-25 3.968922043500283832e-03 2.514897918955696140e-03 1.896863345683389400e-03 2.854573447452485313e-01 3.705445246190276851e-03 9.102690507376768801e+04 1.231527182745560567e+05 4.282613579933471192e+04 5.275388460639676147e-01 5.223869682454665599e+04
1.633845543166654105e-02 4.191644044713211770e+04 4.133028265824279515e+04 1.409822563472283218e+04 3.428929085291849144e-01 2.754939105841709534e+04 5.953698609985347241e-26 6.549139143282021549e-26 3.696960481357913411e-26 5.751686243170718305e-01 4.555966224851852257e-26 3.865174324535223648e-03 2.506310457241324105e-03 1.715512534942435600e-03 2.853495351053778606e-01 3.463311934176618173e-03 1.383730861631763401e+05 1.452329031309958664e+05 8.826149224558181595e+04 5.014975204294596089e-01 1.103414273085495661e+05
2.839298138963486026e-02 7.562200488737517844e+03 5.976952060802615961e+03 2.834198097196986964e+03 3.282516964167874196e-01 5.758172656789887697e+03 1.492946413375696742e-26 1.338182257582628209e-26 7.733237414773875453e-27 4.563455863507874799e-01 1.283966015052107996e-26 3.401270313217459856e-03 1.934560083860863665e-03 1.117829672613289589e-03 2.462959131527337753e-01 2.960632335519605522e-03 1.933643930293652811e+05 9.124790907886988134e+04 7.737824500722471566e+04 3.423599054518733364e-01 1.509063322583075205e+05
4.934134658957302355e-02 2.276539954306607342e+03 1.539446845298959033e+03 9.769179611050885796e+02 3.470489198615837045e-01 2.006530750259420074e+03 5.161553897169242750e-27 3.339704271214982187e-27 2.075222592739635089e-27 4.422672826328042928e-01 4.493451960714683845e-27 2.901923785778851104e-03 1.692478497264508514e-03 9.888816902057606488e-04 2.507290226769703367e-01 2.547769653625230838e-03 2.064409080887443852e+05 9.249720401249761926e+04 5.622693019275038387e+04 2.722807454537375382e-01 1.547792041712419013e+05
8.574543299497019988e-02 7.752966072787804706e+02 4.247922315357635625e+02 3.134796941986911065e+02 3.093028744932743712e-01 7.024594222113422575e+02 2.005668127438923536e-27 1.360593541459461035e-27 6.444529092987907952e-28 3.827770746836298144e-01 1.455258543025800197e-27 2.236617449643980241e-03 1.163589757376894303e-03 9.666060412201423792e-04 2.629832640025668300e-01 2.073653455461344809e-03 2.264755755929163133e+05 9.442406712810159661e+04 4.060561713476823934e+04 2.706707663866736446e-01 1.499053353759279707e+05
1.490084845201332109e-01 2.513294535350491117e+02 1.303296983140637906e+02 9.128216137723302381e+01 2.730263955446846635e-01 2.311722918747444453e+02 9.449313320552994001e-28 6.919039969657097253e-28 2.440339573404387782e-28 3.838848974413847093e-01 4.961950522743951860e-28 1.605974097692214591e-03 1.055727796456976770e-03 6.019804784565702680e-04 2.563040856970287829e-01 1.359275629485798840e-03 3.096724315423282096e+05 1.763021142633585259e+05 5.268899437788418436e+04 3.318262083305407173e-01 1.559897174284517532e+05
2.589470678897760059e-01 9.202286676735906212e+01 5.124423161478640054e+01 3.235875227689775357e+01 2.695042831993411103e-01 7.770870534378244088e+01 6.509199198508242077e-28 5.939925226349884876e-28 1.309025016102400070e-28 4.895760835568728764e-01 2.364762441789406087e-28 1.187509895063162697e-03 9.028211867606490953e-04 4.116097845936634312e-04 2.528783893376482239e-01 9.753841258240024056e-04 5.529784177213050425e+05 3.893343752465051366e+05 1.447740648307580559e+05 4.422336862397316937e-01 2.541999831642194185e+05
4.499984291810734116e-01 4.387340307164391362e+01 3.131685379704932615e+01 1.406436312534876976e+01 2.893542065709135414e-01 3.255801436795751869e+01 5.592590753824806869e-28 4.356224455385001009e-28 1.407649740519882625e-28 5.890744448578809633e-01 1.996025960244208313e-28 1.009127942387201549e-03 8.191477937442145571e-04 3.745160659943285765e-04 2.841819595717186009e-01 8.073410317903412410e-04 8.205202041589361615e+05 7.913995520399748348e+05 2.887894792596158804e+05 4.979548533097080676e-01 4.403935407786876895e+05
7.820076431667862815e-01 2.458335279331479484e+01 1.742088038972087105e+01 8.628575576394441171e+00 3.059290115316862790e-01 1.817112981378250680e+01 5.464459317043264100e-28 3.909070878098937621e-28 1.283910614267091781e-28 6.258286680270108704e-01 1.729108816592616039e-28 9.515229449752210132e-04 1.074087163468433713e-03 3.601228405511333543e-04 3.236701367199215085e-01 6.989675635801531313e-04 1.129630767350747483e+06 9.796125051999710267e+05 5.260155793318656506e+05 4.892508585583086878e-01 7.756204674535148079e+05
1.358973530383588368e+00 1.746766918786475742e+01 1.173300038409323420e+01 5.169326917967872248e+00 3.154754151629559633e-01 1.123144772856738882e+01 7.762183824448141459e-28 3.942661012918533541e-28 1.155744577832392988e-28 6.162620167856094344e-01 1.646303976020763242e-28 9.923613306650495760e-04 7.845627373229514335e-04 4.940539005938186443e-04 3.011723565775753508e-01 8.649087097977377911e-04 1.416796586552466033e+06 9.903473530939228367e+05 7.886331903050062247e+05 4.195712670390301935e-01 1.168201079985528486e+06
2.361625327349063497e+00 1.227107687034251349e+01 8.363597767587931386e+00 4.104634445969923107e+00 2.862500056428316508e-01 9.175252168648084350e+00 4.751398492008188811e-28 2.848999566125149667e-28 1.072462166523776124e-28 5.253163020342533907e-01 1.571809829805479594e-28 1.097173336531783675e-03 5.602914619268072223e-04 4.341304864181369082e-04 2.318320445657724160e-01 1.044771911866167972e-03 1.534781314135813853e+06 7.301627124188924208e+05 7.991975695030291099e+05 3.120217800959151355e-01 1.409395868439398240e+06
4.104034451062715583e+00 8.671623000236097667e+00 5.006413365766010592e+00 2.301265792163730062e+00 2.190258083919720267e-01 7.145726720049348835e+00 2.458560580719433628e-28 1.842912643214700430e-28 1.022461123761994317e-28 4.054693068997429206e-01 1.563116743964560322e-28 1.112369320903682087e-03 3.575247401891717969e-04 3.400498300102511046e-04 1.579690842538909457e-01 1.107861615845727628e-03 1.658886564889565809e+06 4.719640321895161178e+05 7.768331444390905090e+05 2.239934061393788478e-01 1.650106423976587364e+06
7.131994470272771558e+00 7.648878938203839795e+00 3.337411723923960238e+00 2.083530155999785194e+00 1.629165554476801892e-01 6.921763542272888259e+00 2.524080345203130039e-28 1.037210363036387363e-28 8.709977363569959948e-29 3.569998911920687634e-01 1.612586626532544638e-28 1.161757893971130003e-03 2.828028633390655688e-04 2.618787489389562103e-04 9.795210241177310095e-02 1.145904558365674333e-03 1.966396852901212871e+06 4.718385007444727235e+05 4.872392769073764794e+05 1.993332118245634277e-01 1.680741323207231704e+06
1.239398590107599851e+01 4.471112395017998509e+00 1.187080816499756608e+00 5.478024501489291431e-01 7.817402708605775130e-02 4.264257577619186890e+00 1.267634813533259788e-28 1.592941137113729089e-28 1.864197469611828650e-29 2.192370382483440905e-01 8.969877142470749358e-29 1.162971506615080889e-03 1.787091151525107766e-04 1.086732747788313018e-04 5.023623228717534472e-02 1.146364060115703624e-03 1.963607248805351788e+06 1.608853521178742871e+06 1.896587530748534482e+05 1.440598560873137535e-01 1.603345722200297285e+06
