# R (Mpc), mean rho (Msol/kpc^3), errup (Msol/kpc^3), errlow, std, median rho (Msol/kpc^3), mean pth (Msol/kpc/s^2), errup(Msol/kpc/s^2), errlow, std, median pth (Msol/kpc/s^2), mean gas-mass-weighted metal (fraction), errup, errlow, std, median metal, mean gas-mass-weighted temp (K), errup, errlow, std, median temp  
#  nprofs 389, mean mh 2026906635045.243408, median mh 2042593662544.469727 
#  Mass range 12.21 - 12.4 
#  Nhalos 18
1.633845543166654105e-02 6.487739282365708641e+04 6.604802068141217751e+04 2.222006247492422335e+04 3.018134917666088768e-01 4.753126000548210868e+04 1.774402200104725853e-25 1.975427509540401982e-25 8.018900800709662387e-26 9.416151108643505685e-01 8.423086284978239815e-26 1.954483768768307955e-02 3.018800107986500253e-03 9.015695750427810823e-03 1.667873111329559455e-01 2.158079836414092748e-02 1.654780161467279540e+05 2.047690666767226066e+05 9.768678673913658713e+04 6.782068266394710720e-01 1.089855627164192265e+05
2.839298138963486026e-02 1.359984266856285649e+04 1.564846357186526438e+04 3.309356649207882583e+03 3.938965782383522796e-01 7.752460685931342596e+03 8.892045993617051048e-26 1.122677524423859309e-25 4.772626761197324371e-26 7.265270505867235107e-01 6.145618721374315739e-26 1.770327826738549160e-02 5.831751819355412980e-03 9.646456016207788017e-03 2.040855593958376124e-01 1.872966061480202393e-02 5.077845127457421622e+05 3.686710429228357971e+05 3.248931703535661218e+05 4.841392574688845873e-01 4.508894589877062244e+05
4.934134658957302355e-02 3.379327339305340502e+03 3.979789456001748476e+03 9.879328100409288709e+02 5.440165059701205230e-01 1.990895280061272388e+03 3.415858260837625995e-26 4.305443006706722963e-26 1.354177908143852309e-26 6.772393845828248438e-01 2.383059828185279628e-26 1.416534878775951162e-02 7.621312629268912897e-03 4.137516141108629059e-03 1.913393740238459595e-01 1.309324452287786295e-02 8.083991325046371203e+05 4.658185470377635211e+05 4.349157157738929382e+05 3.122799507926143914e-01 8.018105173283882905e+05
8.574543299497019988e-02 1.030717753425613864e+03 6.075511970216409736e+02 4.441572119621441743e+02 4.128845516292473095e-01 7.940477173689480423e+02 1.614785585942343943e-26 9.876539480932810019e-27 6.179359781919118302e-27 3.737132280819253638e-01 1.159897787265716473e-26 9.765502298167069717e-03 4.095174162246712629e-03 3.890650351990427094e-03 2.336926304402817123e-01 9.943400684883540314e-03 1.200419335457356181e+06 4.208450197767466307e+05 4.870346825705000665e+05 1.755059466963390380e-01 1.184829301139612217e+06
1.490084845201332109e-01 4.794996617692411292e+02 2.553898228299616449e+02 3.170024328742917987e+02 3.718512133933989938e-01 4.534785549166753071e+02 8.959391087074676676e-27 6.536573585312873310e-27 3.777731585939806145e-27 3.813050062942265894e-01 7.137588372105781612e-27 6.020017168523793781e-03 2.976508117483145713e-03 3.242499673487439678e-03 2.454356532511952349e-01 5.871451521298493709e-03 1.602348050306060119e+06 7.650458300532600842e+05 5.231852234995084582e+05 2.701079236159736330e-01 1.221596746148044243e+06
2.589470678897760059e-01 2.180627292987766168e+02 1.298850039971382273e+02 9.274743915964450025e+01 3.301229382719638727e-01 1.946501248751896185e+02 4.110524771112030730e-27 3.248213326376254794e-27 1.593556363459294932e-27 3.517887659603314843e-01 3.200167961957559550e-27 3.424274780835932092e-03 2.054814711868442091e-03 9.377379164007926086e-04 2.458651023580090689e-01 2.975232913551238527e-03 1.401863612426516367e+06 7.653300633153207600e+05 7.821664117889195913e+05 2.253052374005573844e-01 1.396674938943575136e+06
4.499984291810734116e-01 8.861800697690655682e+01 5.950377477705313822e+01 2.307137404082906329e+01 2.966775270729862246e-01 7.096746176235467374e+01 1.577938485784397299e-27 1.386685084441944253e-27 6.126725448721463738e-28 3.028447994454391279e-01 1.268073821899794736e-27 2.274306073719410595e-03 8.703340189161233934e-04 7.318989543500581049e-04 1.752117692740403909e-01 2.084638213309609328e-03 1.446895206633300520e+06 6.865252279803019483e+05 5.663832983159729047e+05 2.443359438399671235e-01 1.328287203011595644e+06
7.820076431667862815e-01 3.803812645780144663e+01 8.717164751083949170e+00 1.084175481211307357e+01 2.186264344676322746e-01 3.547172611856936442e+01 7.460892708112450121e-28 3.385396632235706790e-28 4.545764009286800893e-28 3.568479341978427755e-01 7.229329345993246416e-28 1.906692008486143841e-03 5.043663273130291266e-04 6.340458348250734011e-04 1.553712161077016873e-01 1.943583779959067413e-03 1.591557255938632879e+06 9.358744451409834437e+05 7.657361868937138934e+05 3.410047362422445882e-01 1.224151889020637143e+06
1.358973530383588368e+00 1.965497403438581969e+01 5.796398219836785159e+00 5.466349262565296740e+00 1.402918354783280197e-01 1.898088568177662694e+01 5.557753771945512152e-28 2.983405223798040013e-28 4.570063912077235256e-28 3.984646681049967554e-01 5.900980240070856637e-28 1.608999104737577615e-03 7.874943847382459474e-04 3.913541517159978451e-04 1.600050699622190264e-01 1.423202894590902589e-03 1.984748558852093527e+06 1.140204268258851953e+06 1.328483082261508796e+06 3.215254202262818883e-01 1.935928119128436781e+06
2.361625327349063497e+00 1.499776432486733135e+01 6.228716336035642342e+00 6.121161597684399602e+00 1.975394917666251637e-01 1.396668475155070865e+01 4.713333455416223629e-28 2.384933916419175387e-28 3.298972620774706400e-28 3.750980391463439867e-01 4.499950428939983720e-28 1.608827808127784266e-03 5.749660999114067274e-04 5.511986416881285537e-04 1.594640147933061025e-01 1.615009478074038189e-03 2.132527483651623130e+06 4.113922436502403580e+05 1.078387880951171042e+06 2.222023486776274759e-01 2.282906580313277431e+06
4.104034451062715583e+00 1.212485472744307025e+01 3.135185053387790077e+00 5.271479768839718361e+00 2.127957902045982674e-01 1.104975700034204955e+01 5.828084529014588828e-28 9.257405009885526906e-29 2.393734271517056647e-28 4.017301777020783615e-01 3.704054920714511037e-28 1.416165659126546140e-03 2.447857442034269328e-04 3.921230460666221690e-04 9.850323186338184878e-02 1.453402979431929996e-03 2.534830822064490058e+06 5.475828766987565905e+05 7.436675064163934439e+05 2.094713866047724915e-01 2.316597354985579848e+06
7.131994470272771558e+00 7.674657847424779078e+00 1.763079601656816209e+00 2.861097219388990531e+00 1.430404350139180825e-01 7.470020321416967590e+00 2.716606301999349709e-28 9.749167855178350795e-29 9.893904190517226476e-29 2.886155807851669697e-01 2.220122016216538626e-28 1.217082106398822885e-03 1.210901620653469495e-04 1.477653945881347419e-04 7.193963821095035460e-02 1.237796831213024617e-03 2.346945354675836395e+06 3.955765872547137551e+05 3.040789574110829271e+05 1.518106000359583929e-01 2.197469078074479941e+06
1.239398590107599851e+01 4.202721181316432464e+00 4.302936658658049751e-01 3.170209172904154826e-01 4.806994806911196738e-02 4.103440619117813881e+00 1.193983067609645219e-28 2.439971154762973443e-29 9.121001053357028081e-30 1.155737695698991346e-01 1.066833777855977695e-28 1.137558601053326353e-03 7.853509044652832484e-05 6.770620577962408598e-05 3.812833164902416916e-02 1.126502614020334072e-03 2.069190652937178034e+06 1.365912738910838962e+05 1.480953136268625967e+05 7.214458339116330832e-02 1.972808176247476134e+06
