# R (Mpc), mean rho (Msol/kpc^3), errup (Msol/kpc^3), errlow, std, median rho (Msol/kpc^3), mean pth (Msol/kpc/s^2), errup(Msol/kpc/s^2), errlow, std, median pth (Msol/kpc/s^2), mean gas-mass-weighted metal (fraction), errup, errlow, std, median metal, mean gas-mass-weighted temp (K), errup, errlow, std, median temp  
#  nprofs 402, mean mh 1365782719210.766357, median mh 1304599748889.125488 
#  Mass range 12.00 - 12.3 
#  Nhalos 48
5.932145057505327102e-04 3.274251691572984681e+07 2.160899231666864827e+07 1.271640379021687061e+07 2.531888656728495390e-01 2.677874649420167878e+07 7.691676856595288380e-24 9.424088282434206766e-24 3.765878595276624775e-24 6.748464916260795698e-01 5.088970209210515172e-24 1.292824340986107809e-02 4.869530749248375534e-03 8.151480245970947613e-03 2.308046961077308556e-01 1.387988724156453968e-02 2.566329484375074026e+04 1.272184348790440163e+04 2.332880571505245825e+03 5.716098798295142780e-01 1.406431811859996924e+04
1.030888659719426644e-03 1.468769454931246676e+07 7.262076881145069376e+06 5.560458089319978841e+06 4.021529435583577339e-01 9.137464013244051486e+06 5.003559536118647473e-24 4.402739158568608178e-24 1.870421351729159716e-24 6.306385029333745340e-01 2.284575943148139114e-24 1.169662351293720634e-02 6.210669815444385886e-03 6.065872727516013509e-03 2.473908291374715129e-01 1.121811925423062649e-02 3.709544547911512200e+04 5.510367065156783792e+04 8.502764693641323902e+03 4.427867067435578008e-01 1.869897027957241880e+04
1.791479167208752171e-03 1.159715097598381154e+07 1.040138723559003510e+07 2.519117945417897310e+06 5.011294005961509646e-01 4.675633331649003550e+06 1.429676111620374940e-23 3.905588029814378512e-24 1.401923387751671701e-24 1.055244998653232846e+00 1.529928920327844687e-24 1.121260107363096156e-02 4.788478431770607641e-03 4.590352362327266948e-03 2.070463248346371965e-01 1.106632564452244422e-02 4.461983541523963504e+04 4.671494252071812662e+04 8.031854475284128057e+03 6.017278457760142363e-01 1.828332355540543358e+04
3.113233981462612109e-03 4.773157630768284202e+06 6.820249181074479595e+06 1.801747270882545738e+06 5.393556913562821409e-01 2.512825969050266314e+06 7.984132890386858671e-24 1.102810021555805755e-23 4.832899286937543750e-25 1.012929542593423715e+00 5.468853848405402170e-25 1.121582149550895240e-02 6.426086930406381403e-03 5.116340109885608028e-03 2.186418247736505449e-01 1.073888028024648153e-02 2.397921433539595455e+05 1.116122171541001590e+05 1.201440734420797889e+04 6.730345532220848304e-01 2.080056467264997627e+04
5.410180593076441800e-03 2.693267153338844422e+06 1.465155058374811895e+06 6.530823827645229176e+05 2.759678308276959369e-01 1.908995383711623959e+06 3.584221858443330205e-24 4.500849643541965660e-24 5.129447340429803224e-25 8.104710001480687209e-01 6.189462008076219247e-25 1.140788209142786121e-02 8.454070182099709604e-03 4.541310054777668304e-03 2.348613167103257571e-01 1.012411032248093472e-02 7.050048380912629364e+04 1.049466094739093533e+05 2.161811520181000378e+04 5.187312272866647644e-01 3.149101028040326491e+04
9.401816318332032948e-03 8.568879636252257042e+05 7.184826757674368564e+05 5.577398448890530271e+05 4.258469008130816302e-01 7.607535433953104075e+05 1.590833670408200484e-24 1.656280086407163286e-24 7.420335114184958916e-25 8.141264181089492569e-01 8.099086394351543684e-25 1.063817872740464160e-02 9.023974385202568338e-03 3.999798975953689981e-03 2.595114000934302667e-01 8.771923694296850094e-03 1.599667341190871084e+05 1.636155840834374831e+05 5.264673022442348156e+04 5.876350672938732700e-01 6.516674049674838170e+04
1.633848418974679848e-02 1.830900826581217116e+05 2.184696023098973965e+05 1.178787380588416563e+05 5.609397061405753115e-01 1.403775646818448149e+05 6.260509878060855503e-25 5.668445755016598924e-25 3.114512718717455994e-25 7.480428687046403180e-01 3.790138013145850899e-25 9.640015327041848506e-03 1.054094827373944394e-02 2.902547977125014694e-03 2.578517020512005598e-01 7.272976488565436812e-03 4.008711041216683225e+05 6.965182384486112278e+05 1.206150169479480246e+05 5.978100028144748279e-01 1.582331499012321874e+05
2.839303136545056824e-02 4.157390327242728381e+04 6.775795804826550011e+04 2.331739063697001257e+04 6.295736868516232931e-01 2.691176554959248097e+04 2.511674140659001692e-25 1.912474472085440006e-25 1.227089964154514743e-25 6.690980408616834518e-01 1.610879427562107311e-25 7.876401248573196637e-03 6.604167370020216921e-03 2.187795315074450228e-03 2.295668188213758898e-01 6.339490958186063188e-03 6.917492543476566207e+05 6.262046347016989021e+05 3.269463628167695133e+05 4.861038140085886528e-01 4.551113069521436701e+05
4.934143343758698452e-02 9.265238330068508731e+03 1.114669252487450285e+04 5.403196350541840729e+03 5.752155800738546487e-01 6.863596307230276580e+03 9.168997594489554945e-26 5.646816189164962839e-26 4.935954905429535454e-26 6.510625536490123322e-01 7.174629374809805117e-26 6.769689692467605567e-03 4.939684127052931285e-03 2.147436345030617755e-03 2.599969540381538713e-01 5.673924169855469428e-03 9.375471319518104428e+05 6.844180860031385673e+05 3.799389708877675002e+05 3.705793859759806130e-01 6.966593010302976472e+05
8.574558391952083469e-02 2.744693264618214471e+03 2.686051196625286593e+03 1.748672011186410145e+03 5.386532808499542302e-01 2.282605984030599302e+03 3.193517292285699314e-26 2.299533953478597494e-26 1.415577257730786596e-26 4.929139547392103471e-01 2.347905038243528711e-26 4.945979142759444544e-03 2.707441254312015558e-03 1.576931925684618100e-03 2.359731756561465610e-01 4.266807767480240016e-03 1.075793424145598197e+06 7.174474540844548028e+05 3.685508760323110619e+05 2.853679982161616557e-01 8.091650473336724099e+05
1.490087467969423429e-01 9.564491354672278476e+02 9.180689779761795535e+02 5.689291034921564005e+02 4.576181628525102241e-01 7.981688983254194909e+02 9.858219718315165178e-27 6.597940313814816772e-27 4.800718789470732534e-27 4.023403463132075863e-01 8.457721666798401898e-27 3.743202909934892353e-03 2.488280356874117763e-03 9.190245865266788439e-04 2.150663072512268847e-01 3.090018827922300093e-03 9.775125453870386118e+05 7.198918025941764936e+05 3.949406261305733351e+05 2.896572817968681157e-01 7.861623806219613180e+05
2.589475236746323628e-01 2.807256754492586879e+02 2.441474956547821193e+02 1.597000209375026429e+02 3.694038803019654149e-01 2.598444227871701742e+02 3.268640701626320227e-27 1.375195727876529291e-27 1.352869071733862710e-27 3.739071837716823610e-01 2.694946984489424001e-27 2.573355603319154444e-03 1.099800014362481860e-03 9.326154155556037363e-04 1.998533943104549016e-01 2.400400884476701965e-03 9.759017410913306521e+05 8.663100764163350686e+05 4.588236066214450984e+05 2.763123039976252415e-01 8.422715588463870808e+05
4.499992212443744144e-01 9.545260979001319868e+01 5.252317208379375302e+01 4.137530418967915580e+01 2.891535384023529720e-01 8.816660974318452304e+01 1.451615558039936096e-27 1.069095804479934986e-27 3.915693982366362812e-28 3.783890279155906478e-01 9.708102345456350980e-28 1.949259031807548627e-03 8.113021976830509917e-04 7.886125251346345118e-04 2.015743339520167376e-01 1.906596426289019911e-03 1.126734462772969622e+06 5.838178308777238708e+05 4.799033769209099701e+05 2.717427199269791815e-01 1.009901940470297588e+06
7.820090196150470963e-01 4.022857289751702581e+01 1.546111123431136036e+01 8.324730706689141613e+00 2.338246708288721221e-01 3.571442653630258235e+01 8.136570288256096845e-28 4.703102219504632050e-28 4.420262252441075873e-28 3.731042514050245118e-01 6.932068309931622409e-28 1.501153104200722782e-03 8.086586916139074967e-04 5.152424551889157054e-04 2.100472144139188535e-01 1.349603546178928474e-03 1.549494163225989556e+06 9.768204745915380772e+05 6.692268271489259787e+05 3.004035859043958645e-01 1.333881682474295842e+06
1.358975922376516987e+00 2.260874140532584420e+01 1.563076860821286118e+01 5.939244482776597778e+00 2.311190891967405958e-01 1.968791210418073234e+01 7.340021539564407820e-28 7.433504269260141098e-28 3.629544671367638376e-28 4.310310721520723698e-01 5.785652062327088659e-28 1.164985630715717610e-03 8.822421845493884536e-04 4.665927795633074016e-04 2.169452997538746652e-01 1.045895453667575106e-03 2.329308177738165949e+06 1.760038187239108607e+06 1.016891210763845011e+06 3.022577183666114720e-01 2.046863521546125412e+06
2.361629484156356984e+00 1.576164844707375323e+01 8.977629362058285878e+00 5.324520975424940517e+00 2.288550986014108168e-01 1.377375742946891002e+01 6.608391901573193085e-28 7.487251278707421569e-28 2.256148428601232227e-28 4.139727803710324117e-01 4.351900033343141430e-28 1.178578076145170685e-03 6.053572334156814751e-04 3.885641967570921613e-04 2.286352933543124855e-01 1.040130637806584461e-03 2.755317965797119308e+06 1.821776087720188312e+06 1.151321264420548454e+06 2.405394605078398085e-01 2.617492914216960780e+06
4.104041674765874781e+00 1.286439914863700018e+01 5.384512259220301189e+00 3.363716041145465852e+00 2.100348364041951521e-01 1.046761648788842436e+01 7.226355453400199356e-28 4.074754265048826692e-28 1.948610713261327630e-28 4.086507886330021377e-01 3.872929627728762318e-28 1.236497293153367713e-03 4.003414843185425405e-04 4.432728027026003326e-04 1.380196664202399948e-01 1.240141188514143691e-03 3.125541676968684886e+06 1.071615948609679937e+06 7.202086508701811545e+05 2.234864678724758635e-01 2.846598195795522071e+06
7.132007023630110076e+00 9.137806803658156340e+00 1.473316215958110575e+00 3.104520231877767600e+00 1.174147056395456329e-01 9.365000883699309497e+00 3.584270193398193423e-28 9.527500310322230330e-29 1.721433700547291794e-28 2.348758649449466940e-01 3.570124133659306945e-28 1.067990823545892720e-03 1.456631247010278015e-04 2.888672696615102956e-04 9.800616396699012023e-02 1.117724307187354825e-03 2.773696069499410223e+06 2.775257243181481026e+05 8.465636696528114844e+05 1.324794990580910603e-01 2.925916880920130759e+06
1.239400771631078335e+01 4.787597497569284322e+00 9.178007484157264528e-01 5.354027825025120535e-01 6.332027048569398298e-02 4.665535424486203731e+00 1.859182736050138813e-28 1.424948097901206268e-28 2.696015911084178182e-29 1.590498448316562119e-01 1.537109091973096151e-28 1.059582278522733191e-03 1.295646068408126076e-04 7.590664575611366302e-05 4.295830818942237422e-02 1.041333446094577916e-03 2.784727067589312326e+06 1.222617938152560499e+06 2.670758802545168437e+05 9.637961577607109809e-02 2.525037249437878840e+06
