# R (Mpc), mean rho (Msol/kpc^3), errup (Msol/kpc^3), errlow, std, median rho (Msol/kpc^3), mean pth (Msol/kpc/s^2), errup(Msol/kpc/s^2), errlow, std, median pth (Msol/kpc/s^2), mean gas-mass-weighted metal (fraction), errup, errlow, std, median metal, mean gas-mass-weighted temp (K), errup, errlow, std, median temp  
#  nprofs 457, mean mh 1455593254079.123779, median mh 1433068248309.386963 
#  Mass range 12.00 - 12.3 
#  Nhalos 45
5.932145288224347380e-04 9.900823912153434753e+07 8.778202700006222725e+07 2.295434323740141094e+07 4.306216147782424564e-01 4.460663117024333775e+07 5.447845949753062202e-23 4.494111824646828045e-23 1.109389955903459360e-23 6.093448056195370777e-01 1.587114258931686260e-23 1.025807771858472904e-02 4.588912921653484980e-03 3.684534787642376394e-03 2.007905102968069733e-01 9.627016290428542719e-03 3.077269719989748046e+04 1.172134763885149368e+04 8.713912284598372935e+03 2.340345373774766480e-01 2.571809745623624258e+04
1.030888699813797393e-03 4.039873916038704664e+07 5.922035370971705019e+07 2.152831497395443916e+07 5.686800223168226864e-01 2.497055803542982414e+07 1.442716823957155232e-22 4.900824463023816666e-23 7.765484483319114020e-24 9.347725192661324733e-01 9.038056183681320781e-24 1.005630451884886520e-02 7.009642114281915484e-03 3.843697238169919636e-03 5.521185255825029614e-01 8.922226325998769761e-03 1.611715812903422338e+05 1.294797362758373492e+05 1.102470254822157221e+04 5.730034637943386411e-01 2.741573159526740346e+04
1.791479236884782524e-03 2.061166697614213079e+07 1.946235583024922386e+07 9.981847444060815498e+06 4.584622047427621139e-01 1.416947150353168324e+07 3.659623053628828266e-23 2.126474312249059107e-23 3.818321078911844061e-24 7.576912250119897108e-01 5.322858328314889905e-24 9.708685552485697701e-03 4.319771862306396454e-03 3.192362875638202376e-03 2.148894008735906525e-01 8.898066434220955681e-03 1.388596570449345454e+05 7.030168123554173508e+04 9.809939644235058950e+03 5.391922608766964720e-01 2.632009461687158182e+04
3.113234102545675390e-03 7.230233142226391472e+06 5.273601434449816123e+06 4.223297560610893182e+06 4.601032743426953231e-01 6.303349559822188690e+06 1.923697926046679092e-23 1.435395155191893462e-23 1.578854703645596897e-24 9.085042142645887164e-01 2.043826604638541840e-24 1.039205074646942263e-02 3.609550929239219857e-03 2.867621819175044523e-03 1.989835931985365902e-01 9.143975585377286941e-03 1.277215583053096052e+05 1.405738485326808295e+05 7.525770218060433763e+03 5.599234206286196613e-01 2.205109946442099317e+04
5.410180803494689730e-03 3.180291041562110186e+06 2.018035817767217290e+06 1.321511327722249320e+06 2.963934948992329454e-01 2.973756568715534639e+06 5.130860362227938934e-24 6.685293296703277488e-24 1.678393637400854156e-24 6.733648862252756828e-01 2.166429644660835472e-24 1.035740977478934351e-02 6.395736874945583822e-03 3.734870570924791328e-03 2.224543693845000281e-01 9.232515999534771090e-03 1.245984525870344514e+05 1.132535314464935218e+05 3.895421249485460430e+04 5.143359473548015925e-01 5.484519271103799838e+04
9.401816683997036433e-03 9.166447718957738252e+05 7.332554618545292178e+05 5.769880485379379243e+05 3.795488686158173808e-01 8.642506860424677143e+05 1.406904434608499238e-24 1.013744576616798231e-24 5.970425960411544187e-25 5.234251165232975955e-01 1.102763501778558737e-24 9.286609731918419458e-03 6.273867240789875697e-03 2.943445997255707963e-03 2.446049319104019182e-01 7.561132757599830882e-03 1.682216602521173772e+05 2.053352357590880129e+05 5.736504722964944813e+04 4.334540407554258179e-01 9.860717675738480466e+04
1.633848482519974915e-02 2.143445044356645085e+05 2.906511804622041527e+05 1.195079559474373236e+05 5.102795699525879414e-01 1.553932251958677953e+05 5.517365202438256764e-25 5.568499001874322509e-25 2.140744058569178251e-25 5.740328386168257468e-01 3.728177966943999896e-25 8.341394291604110889e-03 4.692778390180263846e-03 2.144937456350118690e-03 2.483423772621890235e-01 6.579171926161629137e-03 3.386606101284410688e+05 3.563388121764952084e+05 1.248117673165272281e+05 4.713850727388806949e-01 1.926016457046646392e+05
2.839303246974122716e-02 3.297243125496825087e+04 4.438006502643528802e+04 1.408393069616909270e+04 4.713918951159943305e-01 2.064472930146780345e+04 2.771661874404586314e-25 3.644300716341345720e-25 1.215831100902269910e-25 4.360753668915505199e-01 1.857707343851930495e-25 7.079346297294505236e-03 5.111744113768369388e-03 2.331109824469004398e-03 2.554731339585560312e-01 5.779000958105772953e-03 8.368795054666911019e+05 5.565045471080250572e+05 3.498674992577671073e+05 3.373358110031949297e-01 6.667425318635737058e+05
4.934143535662420532e-02 8.503094459515212293e+03 9.695520370585993078e+03 4.221611738209851865e+03 4.101840405117663235e-01 6.542212464067400106e+03 1.088971468350349392e-25 9.192950882822780025e-26 4.739822536957216584e-26 3.993837695167826163e-01 8.557263248507416433e-26 5.621647411403743119e-03 2.324605755645115478e-03 1.752801869410580866e-03 2.113845730896553587e-01 4.969416003087088682e-03 1.118074588656598236e+06 7.747449696150647942e+05 5.604699013039248530e+05 2.759687566699257077e-01 1.051336062340493081e+06
8.574558725442532614e-02 3.380844592558977183e+03 4.389872941557800914e+03 1.418064572007893275e+03 3.937635104206690939e-01 2.352997613928818282e+03 5.192158530112834112e-26 5.167673381436921044e-26 2.251899373273007470e-26 3.366038948303771705e-01 3.980270747541358220e-26 4.230751009394766692e-03 1.899931500634462374e-03 1.123207467979678211e-03 2.067840838847132823e-01 3.623810592587031407e-03 1.518893476759407669e+06 7.302516496441576164e+05 6.447550012214544695e+05 3.061253850793395626e-01 1.262456359934336040e+06
1.490087525923421141e-01 1.181808901959044761e+03 7.159672734594741996e+02 5.541271699373138517e+02 3.326727911823783579e-01 1.033613085179635391e+03 1.908143573482196838e-26 2.328651191228563419e-26 6.463744987515825135e-27 3.201870049176274713e-01 1.417408003398193425e-26 2.890643623393604998e-03 1.508493183735110967e-03 8.507854842970861108e-04 1.929197139326077892e-01 2.562157702333071711e-03 1.407211745962215587e+06 7.928925110412335489e+05 8.137395799564784393e+05 2.802742961479628980e-01 1.357248734896681504e+06
2.589475337458828630e-01 4.238521970462388708e+02 3.313869131986846241e+02 6.921820464812762452e+01 2.513051276585882010e-01 3.007474387513652800e+02 7.638288782217636242e-27 8.677908722322656655e-27 2.629324771855251769e-27 3.950808087679678615e-01 5.029332792613498190e-27 2.181301892437479024e-03 1.087950739902473780e-03 1.160506947313629834e-03 2.454241435940274496e-01 2.158336394191876471e-03 1.242595230790408095e+06 5.780712014856645837e+05 7.917410581160096917e+05 2.828166917971034477e-01 1.243147258812380722e+06
4.499992387462019017e-01 1.509126202788636988e+02 7.118258755596602327e+01 4.193110137614210942e+01 2.129852802459025196e-01 1.285392529569469957e+02 3.339323908295759250e-27 3.962127416912037645e-27 1.121277941407281218e-27 4.645938181112054810e-01 1.795140603279565835e-27 1.551903522674952891e-03 5.237118254791089510e-04 5.603369781834353306e-04 2.141521869336161232e-01 1.528997459926088572e-03 1.317397169770951150e+06 1.227095397194948513e+06 5.635602035102627706e+05 3.268241267383937831e-01 1.103289310182723682e+06
7.820090500297373071e-01 7.310804850123669496e+01 3.277172894318543683e+01 1.617044463744380778e+01 2.235784821025008640e-01 5.946688637343363837e+01 2.024663511818745936e-27 1.361217176567648018e-27 6.946277998714079749e-28 4.777958576165647897e-01 1.048837984681873961e-27 1.295452611093388887e-03 7.030257388619385629e-04 5.170500306700461651e-04 3.087637466898180971e-01 1.291252504550511725e-03 1.563052011481067166e+06 8.561140531483681407e+05 8.453902493483646540e+05 3.313778605925435938e-01 1.409386060997096123e+06
1.358975975231191180e+00 3.885799107239955674e+01 1.636533248409081409e+01 1.176341649043569504e+01 2.371222006587009323e-01 3.149592277527654716e+01 1.653119085724070913e-27 1.002441568927460794e-27 3.094207499909865205e-28 4.691773256334568765e-01 5.736594830335448149e-28 9.565297277869953992e-04 5.258209769854889056e-04 3.551025993822407153e-04 2.294143960464842535e-01 8.748008257767580760e-04 1.941812581581780920e+06 1.286298949050243013e+06 9.459682382013533497e+05 3.022685679128565561e-01 1.662146382818872575e+06
2.361629576007254094e+00 2.576985063536533005e+01 1.163773950240106103e+01 6.758245577557033812e+00 2.072821673529466890e-01 2.113269720677824637e+01 1.029431403705643284e-27 6.427309992173366501e-28 2.751741931059015280e-28 4.308158610566816260e-01 4.831105511694117497e-28 9.191122891097785758e-04 4.240315148911411773e-04 3.330364590074505254e-04 2.231107033835720566e-01 8.626431927187743843e-04 1.994083863822903251e+06 1.100207295745380456e+06 8.935850525511651067e+05 2.481248777288835028e-01 1.840839189127660124e+06
4.104041834384438481e+00 1.986217583841434475e+01 7.655857688058659960e+00 4.368387624019502979e+00 1.501147434448301954e-01 1.740897429876751801e+01 6.256467779792911538e-28 3.424205285581981718e-28 2.413832433893110869e-28 3.524682751770981670e-01 4.162598549463512366e-28 9.344886852442203361e-04 2.967879366927698602e-04 1.765410828267676910e-04 1.309012307265072783e-01 9.183990866657663335e-04 1.921718165966924978e+06 4.566282371687241830e+05 8.858197143299955642e+05 2.171754524187901048e-01 1.920892352410047781e+06
7.132007301015381273e+00 1.586459459123912019e+01 3.674016949458353665e+00 2.542415724969435686e+00 1.026898368453137006e-01 1.535483029805086552e+01 4.375192289748706976e-28 2.101372733999571389e-28 1.269593795314647680e-28 2.587638034409532883e-01 3.406483302193705963e-28 8.331516638084254019e-04 1.178127312520261790e-04 2.196639756437417275e-04 1.011043067797180728e-01 8.459374925782568852e-04 1.857204929182140622e+06 5.731290100110629573e+05 3.278444474742675666e+05 1.574216742682471026e-01 1.645249283058001660e+06
1.239400819835114298e+01 3.479184230264440902e+00 5.179907650602619817e-01 4.492258818351531069e-01 6.326967393362120662e-02 3.357854996548019777e+00 9.892368444805464046e-29 1.319203538337364491e-28 1.697148582158375625e-29 2.251354328959916939e-01 7.162297302659937073e-29 8.629840935258125453e-04 1.880361696763129713e-04 9.467135040706474870e-05 7.403798900920717518e-02 8.319840295558680833e-04 1.975953181099528447e+06 1.806522953148250002e+06 2.161118468748135492e+05 1.634777003856446587e-01 1.612874747322133742e+06
