# R (Mpc), mean rho (Msol/kpc^3), errup (Msol/kpc^3), errlow, std, median rho (Msol/kpc^3), mean pth (Msol/kpc/s^2), errup(Msol/kpc/s^2), errlow, std, median pth (Msol/kpc/s^2), mean gas-mass-weighted metal (fraction), errup, errlow, std, median metal, mean gas-mass-weighted temp (K), errup, errlow, std, median temp  
#  nprofs 450, mean mh 9874304139193.113281, median mh 9658142735574.056641 
#  Mass range 12.81 - 13.2 
#  Nhalos 5
1.633848418974679848e-02 1.286863602879071404e+05 5.888146252763981465e+04 9.487228699193095963e+04 3.795818967914336706e-01 1.392242427758296835e+05 2.318352450857770297e-24 4.075261926318621058e-24 2.306850798796916081e-25 7.033046504082529626e-01 6.562892771916189457e-25 2.369181630734148308e-02 2.794099803957866834e-03 1.607037071514924587e-03 5.142003126320412315e-02 2.336645923964071267e-02 1.175644532931419089e+06 1.994260686486030463e+05 1.490655904421491083e+06 5.635211479041530858e-01 1.691512368828148581e+06
2.839303136545056824e-02 2.851596909476188011e+04 2.607974512484727165e+04 1.349787584095165585e+04 3.718484879831029932e-01 2.312572463217765471e+04 1.127196243663791553e-24 2.082283136686901497e-24 2.017662595806203936e-25 5.558590659472844031e-01 3.750650439122719164e-25 2.311173903527550394e-02 2.761419767081108034e-03 2.446922412611768349e-03 5.988673201017823133e-02 2.294464622888912203e-02 2.202615741217699833e+06 7.239796819804557599e+05 1.609585311631534016e+06 2.928753049754019844e-01 2.539481322665535379e+06
4.934143343758698452e-02 8.450819741853283631e+03 1.121541131952066826e+04 1.791475777492643829e+03 4.109042917790278748e-01 4.170856255833617979e+03 4.445979397224188302e-25 6.918221976865400609e-25 9.260269115267826635e-26 5.115332090797779507e-01 1.654917215719534012e-25 1.857918797471320993e-02 3.431432629235339066e-03 1.177288095654524178e-02 2.015488937705890160e-01 2.178745950826129624e-02 2.939166392732811160e+06 9.942792199241616763e+05 3.701195260504609905e+05 1.127922330166390985e-01 2.690275173942741472e+06
8.574558391952083469e-02 4.260637361874599264e+03 6.013232124456984820e+03 1.078004661421896799e+03 4.938834620170802214e-01 1.885371333183083607e+03 2.647271429314549149e-25 3.005625502522185022e-25 1.055777990278030238e-25 4.111918638247220037e-01 1.706022778263119092e-25 1.264708367556380622e-02 2.030909097685690279e-03 1.126101325234870124e-02 2.870168208629108597e-01 1.625481063298908277e-02 5.267140809114246629e+06 1.400128442005245946e+06 7.224532074391106144e+05 9.900187733716525607e-02 5.032108233853138052e+06
1.490087467969423429e-01 1.886051485852609858e+03 2.372754768752670770e+03 5.542491092288422578e+02 4.089329807766516889e-01 1.066838182821973533e+03 1.541787231119062590e-25 8.904449353658229422e-26 9.397202876287763892e-26 3.255072487243620971e-01 1.453948558701120885e-25 6.724580609124297843e-03 3.933320250913125045e-03 2.667097999747568803e-03 2.666827779739230353e-01 6.183078969596703979e-03 6.737325302867121994e+06 3.134474328863669187e+06 1.201713194989917800e+06 1.391843540604373042e-01 6.025889795690590516e+06
2.589475236746323628e-01 9.983809283664247687e+02 9.093356153544833660e+02 1.755817605767794021e+02 2.684760669449258730e-01 6.716847573583339681e+02 6.486735275796948037e-26 4.163675847314808302e-26 8.949599689407846276e-27 2.437209638423454838e-01 4.768081506979413972e-26 4.052292386833670004e-03 9.776003768538531549e-04 2.756942119229714716e-03 2.527025021444245234e-01 4.753508980277281262e-03 5.058599048805454746e+06 2.481970014946173877e+06 2.213533523215640336e+06 2.080612133249483686e-01 4.858543462258911692e+06
4.499992212443744144e-01 3.964128197084896215e+02 1.171982212617960499e+02 1.415290061953281224e+02 1.540944118156714615e-01 4.004955953615360045e+02 1.640924792870215266e-26 7.302196611046464166e-27 3.657097856263216485e-27 1.373098353980098940e-01 1.495001213092792549e-26 3.137424056127417586e-03 9.557657732952849240e-04 1.687726392028290976e-03 2.070607343419240687e-01 3.435096619237187465e-03 3.021377729024227709e+06 5.411711948236995377e+05 8.710136873962976970e+05 1.191871496532320301e-01 3.196665992918309290e+06
7.820090196150470963e-01 1.289288854759270748e+02 5.129552756919508738e+01 1.712118720336178512e+01 1.283351055729751167e-01 1.117314361831401186e+02 3.470542476166863823e-27 1.257915434381897150e-27 6.764826474262999941e-28 1.737773676075943796e-01 3.141669744539275433e-27 2.131054147488168661e-03 3.302428808487681798e-04 7.431457368671425673e-04 1.307904839678607212e-01 2.297951171497214333e-03 1.913844306714507286e+06 1.707124032252919860e+05 6.759150676837945357e+05 1.199699665593359360e-01 2.123628148841137066e+06
1.358975922376516987e+00 3.938049997530104207e+01 6.363761142089508382e+00 5.495706001127032891e+00 7.718514833694835320e-02 3.830294330024731408e+01 1.017100587816936990e-27 6.897405319878607813e-28 3.912576026512304561e-28 2.665181519923908171e-01 8.366503105533333749e-28 1.590042145992440854e-03 1.225742632712128501e-04 2.566263916402766656e-04 9.549683140011148985e-02 1.667135375745763641e-03 1.739519150552023901e+06 5.521956109764282592e+05 8.922658339796650689e+05 2.019416432680305462e-01 1.826712801636368968e+06
2.361629484156356984e+00 1.902312906606657350e+01 5.090971923279557387e+00 1.772900327535982257e+00 9.511497859427446577e-02 1.767026264402861102e+01 5.186307446760743230e-28 1.800017923618674621e-28 2.367902710444579737e-28 1.989457511642430398e-01 5.256706161666668537e-28 1.231389173072171012e-03 3.131807594522627216e-04 2.103758699333814659e-04 1.059646675543087918e-01 1.180920816400888316e-03 1.915770126690223813e+06 2.969575781172993593e+05 6.582039530579941347e+05 1.134693090814391930e-01 2.049743219437343534e+06
4.104041674765874781e+00 1.356529660668341286e+01 1.770388228650990214e+00 1.017821709173572842e+00 4.869472620125451373e-02 1.325542847090563114e+01 3.628056043598854786e-28 1.272798889182518494e-28 2.666673089886975962e-29 9.355122910689186999e-02 3.257387163782812483e-28 1.018133309393172599e-03 2.928482543864286552e-05 3.097307850412757239e-04 7.825692491323635314e-02 1.132010152728263547e-03 2.002598984609577106e+06 1.872104262298955582e+05 4.667633722328874283e+05 7.852935915873471284e-02 2.099096410628064536e+06
7.132007023630110076e+00 1.139564773447880874e+01 2.907576384441911799e+00 3.520517729124026829e+00 1.322072880499725878e-01 1.139995642244669760e+01 5.176438900749038625e-28 4.824183734983275982e-28 9.951786376567973370e-29 2.923035244161659718e-01 3.230915492203505937e-28 1.150656932214262716e-03 1.325868206037996138e-04 3.746363790588865157e-05 5.072078130794053369e-02 1.098864402788872095e-03 2.928193962679543532e+06 1.647142501803756692e+06 1.309906486857202835e+05 1.580058822455200074e-01 2.202027769152022898e+06
1.239400771631078335e+01 4.585914265361519249e+00 5.533874001950271904e-01 8.361893628940944012e-01 6.983913680253259204e-02 4.702942820778686972e+00 1.697662059854090003e-28 1.523487313031572461e-28 3.880552382392994826e-29 2.437802353381636478e-01 1.232367907147794455e-28 1.109868156759376062e-03 7.021944627756313527e-05 1.002297683637377260e-04 3.263261362320012821e-02 1.123238789735677822e-03 2.543040022555416916e+06 1.813265845408854308e+06 3.276759146517484915e+05 1.713473346810671927e-01 1.945258130458326777e+06
