# R (Mpc), mean rho (Msol/kpc^3), errup (Msol/kpc^3), errlow, std, median rho (Msol/kpc^3), mean pth (Msol/kpc/s^2), errup(Msol/kpc/s^2), errlow, std, median pth (Msol/kpc/s^2), mean gas-mass-weighted metal (fraction), errup, errlow, std, median metal, mean gas-mass-weighted temp (K), errup, errlow, std, median temp  
#  nprofs 457, mean mh 8797535663957.728516, median mh 9394679313231.076172 
#  Mass range 12.81 - 13.2 
#  Nhalos 5
1.633853208052144651e-02 1.031553546277924033e+05 9.002473424089286709e+04 4.892505566802609246e+04 5.289202622131990994e-01 7.790021661321364809e+04 1.702230691469559673e-24 4.517550218708719373e-25 1.359371319310227395e-24 1.364609556220825137e+00 2.070752855465223173e-24 2.139425435455712815e-02 2.683814474313650500e-03 4.887853418071179401e-03 9.759481586795243357e-02 2.256825604397342394e-02 1.760247264244268415e+06 2.085280604046432301e+06 6.547833885998337064e+05 9.476608074334345044e-01 9.698218562124929158e+05
2.839311459007843805e-02 3.368255966809526581e+04 2.763328843997463991e+04 2.017111353873575717e+04 5.659914773727512394e-01 2.751458739430493733e+04 8.880630613825958404e-25 7.439415099076897735e-25 4.245518717031609871e-25 5.894703214754988263e-01 7.003244252389035233e-25 2.041312516267389937e-02 9.680873050622734732e-04 2.345297599808390115e-03 5.618918664095777504e-02 2.121239851134996274e-02 1.913924205242559314e+06 7.104006655480551999e+05 2.515965540144050028e+05 1.080849146137034950e-01 1.714338120306003606e+06
4.934157806541426133e-02 5.799268147827074245e+03 2.882034979807120180e+03 4.760418856482696356e+03 4.179057843921155646e-01 6.585977423325286509e+03 5.443360461770586704e-25 4.577980105491622539e-25 3.257756252187696270e-25 5.794300145133227664e-01 4.946770488282948263e-25 1.520450252485340027e-02 4.811894121925194487e-03 2.747311051276551258e-04 9.452949183134988498e-02 1.300006973547669469e-02 5.726243584953444079e+06 3.996946268356908113e+05 2.717834681710386649e+06 1.921611849987388265e-01 6.803484639067506418e+06
8.574583525387895200e-02 2.557987948638658054e+03 4.352215359824626830e+02 2.178917333320242506e+03 3.581054231598642112e-01 3.284973690754826293e+03 2.613253001991529648e-25 2.782207797105422923e-26 1.986506641020853973e-25 3.308505389553492160e-01 3.371080262970069293e-25 1.158491522406543926e-02 4.016008905161501039e-03 1.947343724110107629e-03 1.546410749387472916e-01 1.068216916691245612e-02 7.333529245218822733e+06 4.429389016847116873e+05 1.044325983912203461e+06 5.968441873917766649e-02 7.594305192918874323e+06
1.490091835659981823e-01 1.674914859552132839e+03 5.443393821227896296e+02 8.003402523147606189e+02 2.793081607444777292e-01 1.755469807769574345e+03 1.450319719058904962e-25 5.221238950343817842e-26 6.467881921043632893e-26 2.372650685559234141e-01 1.527663370845050624e-25 6.255590617113249499e-03 1.275955615222884414e-03 3.673754444386453412e-03 2.058971885065115359e-01 7.250838730030057140e-03 6.471272369895519689e+06 8.323733797210287303e+05 2.831963631193514913e+06 1.251949733644730500e-01 7.252152757802693173e+06
2.589482826922595571e-01 1.077373506561973045e+03 1.939444516922621915e+02 2.220524017266209285e+02 1.606481262233977469e-01 1.100207937163264432e+03 6.071274636052936135e-26 1.895343576578809770e-26 2.031358860572389612e-26 1.667535036637068646e-01 5.922057155568670528e-26 3.908723249525987778e-03 2.124526740869425549e-03 1.266164998441676737e-03 2.188149530065251758e-01 3.588307850225585897e-03 4.041900484653803054e+06 1.300155811360341031e+06 1.326928680885759648e+06 1.468612751526148508e-01 3.973817049595914315e+06
4.500005402658359133e-01 4.639871684159426763e+02 1.582562383398966404e+02 1.408011719279151066e+02 1.674219775067671556e-01 4.403695205420257253e+02 1.698065223946188280e-26 7.083572856087053720e-27 5.796586396713979312e-27 2.089975054264828214e-01 1.565790996359678145e-26 2.864306892458568475e-03 5.102136250697713628e-04 1.204633595112205484e-03 1.541704418162737900e-01 3.121574653457049979e-03 2.621014803872515913e+06 8.632459068348822184e+05 4.442630140313268639e+05 1.598312663077228191e-01 2.443149983656512108e+06
7.820113118116359674e-01 1.348624347325460917e+02 5.979098142175864439e+01 2.565325973345267130e-01 1.259296372008466558e-01 1.060341295179002401e+02 3.185045942222642892e-27 1.940993557681198340e-27 8.486613883567153354e-28 2.068690300546988936e-01 2.769886967350640454e-27 1.968771156772684914e-03 7.868578638811703392e-04 3.650405431724812379e-04 1.480908313574973711e-01 1.794560066060438969e-03 1.723085764194581192e+06 6.093764017860596068e+05 2.128528851988953538e+05 1.621781568942075036e-01 1.514313349391233642e+06
1.358979905757649043e+00 4.664301785528588340e+01 1.268618793499400965e+01 4.868953779550999172e+00 1.004838005644097393e-01 4.255781730911623129e+01 1.247595446318137023e-27 1.292442833010592560e-27 1.421984439988355682e-28 2.919883907543299184e-01 6.880794340996659608e-28 1.390385477765140442e-03 2.646410719217495103e-04 2.712156184348866322e-04 8.405780523509444324e-02 1.391348905222764302e-03 1.737086148867323995e+06 1.284880429210974136e+06 1.013626228107511997e+05 1.900066020584605664e-01 1.200342221455522580e+06
2.361636406479389549e+00 2.298566707069409887e+01 6.363576306969441987e+00 2.086795297994282095e+00 9.590451920938598829e-02 2.118143004818061570e+01 6.690604015641033319e-28 4.900853398388859246e-28 4.446628465024728096e-29 1.680852563353385787e-01 4.879462666576633032e-28 1.133691452346525510e-03 2.843068263215643536e-04 1.872718300852142456e-04 9.548568201442043935e-02 1.078890101849904913e-03 2.093497296851733234e+06 6.075211478289598599e+05 2.199295817875335924e+05 8.510459307873044499e-02 1.921585667438950390e+06
4.104053704384576839e+00 1.652556189882650983e+01 1.246552474237873298e+00 2.437322216196847080e+00 5.226298015815747378e-02 1.689663751930035218e+01 4.998032414955562703e-28 3.899944153416895131e-29 8.959551429694679330e-29 6.211036086038794479e-02 5.194897627769944762e-28 1.003048070816396891e-03 1.427415575025621757e-04 9.048801397615281392e-05 6.664565362615988697e-02 9.920652870225176063e-04 2.317300295691453852e+06 8.361262913058905397e+05 1.503816350385809783e+05 9.251079791330844848e-02 2.038548927702340996e+06
7.132027928711459630e+00 1.471465325666786939e+01 3.526102192165319948e+00 4.764209201431230056e+00 1.256664085421277943e-01 1.505494417593368262e+01 7.183060809231438747e-28 7.211065182632749524e-28 1.610962677456348467e-28 2.796208087542706444e-01 4.829664424602628846e-28 1.195678762108385662e-03 2.575906021718187347e-04 5.954387317069981603e-05 6.409687855715796856e-02 1.117490638650142816e-03 3.248062748310116585e+06 2.101357358471879736e+06 2.498800516477944329e+05 1.524310363095470189e-01 2.515615767009727657e+06
1.239404404517848235e+01 3.139752660883112778e+00 2.258230083418304446e-01 5.195481168681301831e-01 6.456872651245558481e-02 3.248487272951829929e+00 1.149610089148554572e-28 7.816207164864728553e-29 2.244919559891532587e-29 2.215189093709138690e-01 8.712866164247763968e-29 1.131093764344023303e-03 1.093978088733790939e-04 6.669876976680673766e-05 4.482071457382774682e-02 1.111178935716616595e-03 2.544677940009145532e+06 1.397539780977986520e+06 2.400669029392113443e+05 1.555693474445019597e-01 1.998572697630526731e+06
