# R (Mpc), mean rho (Msol/kpc^3), errup (Msol/kpc^3), errlow, std, mean pth (Msol/kpc/s^2), errup(Msol/kpc/s^2), errlow, std, median rho (Msol/kpc^3), median pth (Msol/kpc/s^2) 
#  nprofs 424, mean mh 1238960913654.126221, median mh 1185750016297.869141 
#  Mass range 12.00 - 12.2 
#  Nhalos 27
1.633845543166654105e-02 6.774134129355286132e+04 1.136398985702813370e+05 2.014830241944983936e+04 3.859073251835569152e-01 1.652652395998605660e-25 3.061773602732302944e-25 8.250518152015795151e-26 9.920490396866978866e-01 4.146382195358016907e+04 8.413105795536985040e-26
2.839298138963486026e-02 1.041089958123570068e+04 9.436462706539572537e+03 4.624455791790856892e+03 3.896026346023281350e-01 6.648490698135690819e-26 1.245175484840943882e-25 1.899111151060177683e-26 9.357899244777831971e-01 6.946025575950684470e+03 2.123865357631998926e-26
4.934134658957302355e-02 2.270449281351542595e+03 2.208722871087418298e+03 7.872332835998118981e+02 4.402814692118019457e-01 4.313243793230380759e-26 4.650614272626903292e-26 6.355750127477789942e-27 7.363873415727939520e-01 1.327567167611359309e+03 1.033162444894599028e-26
8.574543299497019988e-02 8.728100560020183138e+02 8.297878193357906866e+02 1.417863991659745011e+02 4.748537394485762286e-01 1.822934082848075496e-26 3.533584490171355210e-26 2.562160959502011440e-27 7.111061582463621411e-01 4.281009090187559423e+02 4.493126060947290652e-27
1.490084845201332109e-01 3.368926647228475986e+02 4.040103117393098842e+02 5.966831978496105648e+01 4.510666507845733642e-01 6.849644388893076674e-27 1.204566554765327673e-26 8.791974110210774629e-28 6.324830614839881404e-01 1.561716675946070723e+02 1.619910449924250017e-27
2.589470678897760059e-01 1.076498824348649634e+02 1.062241364827487189e+02 2.445205670835905920e+01 3.862587651269929201e-01 3.119834190215267432e-27 4.163918147786081918e-27 6.040578248942801512e-28 5.943513574541285927e-01 6.206324758321155599e+01 9.292097342541941280e-28
4.499984291810734116e-01 4.727846305037157038e+01 4.130783683362614767e+01 1.991738163354178681e+01 3.580110751441241135e-01 1.557929275056997702e-27 1.997782123073648266e-27 4.533173846174181693e-28 5.761776476872282338e-01 3.846492269222951421e+01 6.194281835625394006e-28
7.820076431667862815e-01 2.618966819331965823e+01 1.470170042925574805e+01 1.158372361875814249e+01 2.947658709244560526e-01 8.452285705323055887e-28 1.020372856214472881e-27 3.444586306371258634e-28 5.209443748529667406e-01 2.444900179139242269e+01 4.966881220168051618e-28
1.358973530383588368e+00 1.536372003037783607e+01 5.568089426583428647e+00 4.550489832115692579e+00 2.289229015121043431e-01 5.457606446337334979e-28 5.560221646312430000e-28 1.518670721011711062e-28 4.321430431563897945e-01 1.418142292072881183e+01 3.465041220532769075e-28
2.361625327349063497e+00 9.914122421027828480e+00 3.729970691121174298e+00 2.741702459303584583e+00 2.021680460273036495e-01 4.646796774892724017e-28 4.114834413961874353e-28 1.554077333415585380e-28 3.928135974493107141e-01 9.304187107376733934e+00 3.631620662318260529e-28
4.104034451062715583e+00 8.971816213368660087e+00 4.294509549236511070e+00 1.930248011802613739e+00 1.917259453139520953e-01 5.207312737479080512e-28 3.581073025747362731e-28 1.512626223019070590e-28 3.408013727152710559e-01 7.505281142800741101e+00 3.545389483815561610e-28
7.131994470272771558e+00 7.201199760252744220e+00 2.329296064138279831e+00 1.276773029902527057e+00 1.231186791021644661e-01 3.571145937505522425e-28 1.270980782720860815e-28 1.490408986631593032e-28 2.088401842006616382e-01 6.615764262186017319e+00 3.547646956062084434e-28
1.239398590107599851e+01 4.100943172407941262e+00 8.157787996435024169e-01 4.371345898562966070e-01 6.589147299188165274e-02 1.931484336663883922e-28 5.656310931911026560e-29 3.546819332008383480e-29 1.064884570323341995e-01 4.012043772958437060e+00 1.859133850860082840e-28
