# R (Mpc), mean rho (Msol/kpc^3), errup (Msol/kpc^3), errlow, std, median rho (Msol/kpc^3), mean pth (Msol/kpc/s^2), errup(Msol/kpc/s^2), errlow, std, median pth (Msol/kpc/s^2), mean gas-mass-weighted metal (fraction), errup, errlow, std, median metal, mean gas-mass-weighted temp (K), errup, errlow, std, median temp  
#  nprofs 457, mean mh 2011020576841.979248, median mh 1899773920724.544922 
#  Mass range 12.21 - 12.4 
#  Nhalos 20
1.633845543166654105e-02 1.032482675604370161e+05 1.571697480211520451e+05 3.470631193903758685e+04 4.876357406086739843e-01 5.229679964501333598e+04 2.408398510016637611e-25 3.419064364800276151e-25 1.103339857482142987e-25 8.298802873919779444e-01 1.368708409005505885e-25 1.522058619056897155e-02 7.248797822817509839e-03 5.593419803874958435e-03 1.701506591135952262e-01 1.477687795787708397e-02 2.153200661080710124e+05 1.221839005040845950e+05 1.223092525458139135e+05 5.714700896472969527e-01 1.719391069538097363e+05
2.839298138963486026e-02 1.349909164148893069e+04 6.668559715104594943e+03 5.249163185231875104e+03 3.562172284540565670e-01 1.017021491253647037e+04 8.767661098934268937e-26 6.943788194731477874e-26 3.290408224761970380e-26 4.315941433616236056e-01 6.190752152044938873e-26 1.317498869710536681e-02 5.970443763878782034e-03 3.806396720166393619e-03 1.816168356711988230e-01 1.227711136921066579e-02 6.256375023795438465e+05 3.583795048846663558e+05 2.869844098643604666e+05 4.043759642678610433e-01 4.838885247296441230e+05
4.934134658957302355e-02 3.102766455452421724e+03 3.405251205688121445e+03 8.033311547910714125e+02 2.686293542482885432e-01 2.392889444106777773e+03 4.175323375488878082e-26 3.381169371187301455e-26 1.699019550208127646e-26 2.616271986704559738e-01 3.416153698675596526e-26 1.086287375598905293e-02 4.692148032216476167e-03 3.413467536550892148e-03 1.834546123239139404e-01 1.006032648999771392e-02 1.055746546726935776e+06 2.570499898757648189e+05 5.877742862511791755e+05 2.287642371886195181e-01 1.101446692400154658e+06
8.574543299497019988e-02 1.054480928982868136e+03 5.505218380439304156e+02 1.589937450182471821e+02 2.276797184853409928e-01 8.528791963898671611e+02 2.352759342562954234e-26 1.648101140202062202e-26 7.748652215563963228e-27 2.931866525734680429e-01 1.672464709292233523e-26 7.954097191231405961e-03 3.021054115547725481e-03 3.545205172802016677e-03 2.314356527826407495e-01 7.746354254791094039e-03 1.588367971672908403e+06 4.908408609730084427e+05 3.001711590847314801e+05 2.036498289607933665e-01 1.318602760042074602e+06
1.490084845201332109e-01 4.435152151756642525e+02 2.733070483633053414e+02 9.406777621034353842e+01 2.264974202458955865e-01 3.577434356817453249e+02 9.700839307384168884e-27 6.391987414798239764e-27 4.185217743418523525e-27 2.784686313615783448e-01 8.222660356625012282e-27 4.636484837867107904e-03 3.048754283557521087e-03 2.397931409631953205e-03 2.765614836430133061e-01 4.214395172896676263e-03 1.601858453379249666e+06 1.065383335214750376e+06 4.092257586190747097e+05 2.096879813093977807e-01 1.372486651532351971e+06
2.589470678897760059e-01 2.135178042645521543e+02 1.278324089413279978e+02 7.038175931960748244e+01 2.457899670194655384e-01 1.831922213027357600e+02 4.344119314865147932e-27 4.019802021478946993e-27 1.073077057694475366e-27 2.748785708285868545e-01 3.245675362208305051e-27 3.394063886466290678e-03 2.556371349630182435e-03 1.182095889586434008e-03 2.657940879775239629e-01 2.934775425315382449e-03 1.498759840231460286e+06 7.241364930376948323e+05 5.442648327249574941e+05 2.081881699520138629e-01 1.411423396282683825e+06
4.499984291810734116e-01 9.834906467077300363e+01 6.089911787710678936e+01 3.666912277889390737e+01 2.227056217130127247e-01 8.995112373834933805e+01 2.174347493834058957e-27 1.738664335792854902e-27 7.451418858292478156e-28 3.041587688411549473e-01 1.589929313247092807e-27 2.602845924574880097e-03 1.519416621834460655e-03 5.651983696175057019e-04 2.118295462329616574e-01 2.115526150136046342e-03 1.570013033426457550e+06 7.120121035718847997e+05 3.412958214076282457e+05 2.327783255486630121e-01 1.429761849917198531e+06
7.820076431667862815e-01 4.414998641324613970e+01 2.077360797745416932e+01 1.645199983470471494e+01 1.858828942557849417e-01 4.340662824575587564e+01 1.388304173984795361e-27 6.655559192366831072e-28 9.209777947537204030e-28 3.551656018809274951e-01 1.268241621130423430e-27 1.967948924340218262e-03 5.886413418616821824e-04 8.292701767483249675e-04 1.525061963848736435e-01 2.059377951235731932e-03 2.448355096922030672e+06 2.047210802005934296e+06 9.291225104354396462e+05 3.444729931974253034e-01 1.843001801952123409e+06
1.358973530383588368e+00 2.225623277849232906e+01 1.581274086884373631e+01 4.767682744280135054e+00 1.594110766467199958e-01 1.979092882189801728e+01 8.819080264888365814e-28 4.109156918137814519e-28 7.336099860851551067e-28 4.229271394484994118e-01 9.102393088565159058e-28 1.420030807013203953e-03 5.110993629605718562e-04 2.770507063646950735e-04 1.284622947796872916e-01 1.302564796346263216e-03 2.815195613512070850e+06 2.565469764099507593e+06 1.384270899888444459e+06 3.382247605063123941e-01 2.360806144578904845e+06
2.361625327349063497e+00 1.570951450174583286e+01 4.046220550484619594e+00 8.506301063857197420e+00 2.198049740337799929e-01 1.619933334250161039e+01 6.187896132843299397e-28 2.658746562099088988e-28 5.229087229117876284e-28 4.297560758648799051e-01 6.798284583259026790e-28 1.503770626360869615e-03 7.155826466465210322e-04 5.468419668405084290e-04 1.650743555689102027e-01 1.468331143727214612e-03 2.670888418089603540e+06 9.054272216459875926e+05 1.196425339561758097e+06 2.529443275050557993e-01 2.766497262672554702e+06
4.104034451062715583e+00 1.298023084261186888e+01 2.464885095948638138e+00 6.273987595038819975e+00 2.245106345689032168e-01 1.226861225196543970e+01 7.386948594286010286e-28 2.186932213138671599e-28 2.532162074680346124e-28 4.400033271807060609e-01 4.561999764678990049e-28 1.336173566609553942e-03 2.950329417770603934e-04 4.220107428168131660e-04 1.087648021462868653e-01 1.363632355449113107e-03 3.233811333885712083e+06 1.204792663943059742e+06 1.206765980211925227e+06 2.397781418156989808e-01 3.153937343485292047e+06
7.131994470272771558e+00 7.908463735582462739e+00 3.082711612315351957e+00 2.555029643384017390e+00 1.371717182825968606e-01 7.471711581392639800e+00 3.566594744310258376e-28 1.207529223898912826e-28 1.457098622385354728e-28 2.663758099141171898e-01 3.099275913955663433e-28 1.164573705194579508e-03 9.038527742292676304e-05 9.084554784012047884e-05 7.927575635931491393e-02 1.204445446948113237e-03 3.089132965579331852e+06 5.879514323540017940e+05 5.311200634649004787e+05 1.358819505176984133e-01 3.035151279635438230e+06
1.239398590107599851e+01 3.971718444876620957e+00 7.362284180538773981e-01 2.946735417262109635e-01 6.374704910310002859e-02 3.749251010630065828e+00 1.412833818851075897e-28 2.418480739112258887e-29 1.093659867158105035e-29 1.250902645630078414e-01 1.223799492343773456e-28 1.078104373599352711e-03 1.414196714655863076e-04 7.516199299720076332e-05 4.770096331164636744e-02 1.054675361487761743e-03 2.589291287900590338e+06 1.753732725935452618e+05 3.087403698778809048e+05 7.396608047844706324e-02 2.524042152648802847e+06
