# R (Mpc), mean rho (Msol/kpc^3), errup (Msol/kpc^3), errlow, std, mean pth (Msol/kpc/s^2), errup(Msol/kpc/s^2), errlow, std, median rho (Msol/kpc^3), median pth (Msol/kpc/s^2) 
#  nprofs 467, mean mh 3890447751577.982910, median mh 3353311365042.583984 
#  Mass range 12.41 - 12.8 
#  Nhalos 15
1.633847555135692006e-02 1.056603166906640254e+05 9.985034887611324666e+04 6.624810507099618553e+04 5.915093376319422447e-01 6.970403354607040914e-25 5.848432087924038214e-25 5.255005185894783404e-25 4.175965356982213605e-01 8.096727445205685217e+04 6.718814736206326860e-25
2.839301635364948131e-02 2.326345367533453464e+04 1.821488558140246823e+04 1.004565762282912510e+04 3.911644892819321484e-01 3.558691373461920418e-25 3.502489557131508448e-25 1.359819257460854956e-25 3.740879980997792176e-01 1.625393433561680649e+04 2.659202891853914951e-25
4.934140735006660450e-02 6.677308730666661177e+03 3.386758798033300991e+03 3.490441490841383256e+03 2.951934158442749978e-01 2.033191421533192013e-25 1.264575952044706427e-25 6.089438513811776013e-26 2.686205457054701706e-01 5.622744082697870908e+03 1.645930936252007451e-25
8.574553858460631783e-02 3.556859216320015094e+03 2.370525656323770818e+03 8.612528083410761610e+02 2.827200159289430248e-01 1.052529006774819339e-25 3.453787319497428811e-26 2.903808679072212478e-26 1.699856321834620487e-01 2.530675159663995146e+03 1.012946569968337464e-25
1.490086680138903164e-01 1.733488553823423445e+03 1.285469697361411363e+03 5.128768767599747207e+02 2.126939845700001330e-01 4.948266421181691640e-26 2.590128513192134929e-26 1.559363654875174452e-26 1.977569147698981789e-01 1.462619886391828459e+03 4.294344423131255036e-26
2.589473867653792616e-01 6.524766653747529972e+02 8.355680426581136544e+01 1.537441501434153679e+02 9.757337425991317870e-02 2.071978466152161355e-26 1.188482364358854828e-26 4.999844943630571074e-27 2.581568793802355155e-01 6.633990545825223535e+02 1.550120334039035599e-26
4.499989833233608572e-01 2.684869543735047159e+02 5.156826987629483483e+01 8.241528047971445403e+01 1.488306208496186778e-01 9.773074237359599316e-27 6.428678940243972478e-27 1.460849166769727586e-27 3.713230894056097076e-01 2.566839098157029753e+02 4.349214892195012556e-27
7.820086061557125490e-01 1.351002154822502348e+02 2.200991080082663132e+01 1.204849579930125003e+01 2.418133687557008360e-01 9.529303097686509662e-27 1.174776993978334237e-27 9.308927542618577728e-28 5.400278399086699821e-01 8.949963430729249581e+01 1.771263587286582949e-27
1.358975203866542802e+00 7.976598054880250288e+01 5.430783502752788650e+00 1.311672668404312958e+01 3.159730429504757354e-01 8.524324061555281324e-27 6.505253601698470108e-28 6.569147034152546285e-28 6.721184164261222449e-01 4.350041766448844527e+01 9.253006197383597440e-28
2.361628235529128705e+00 2.757970336644806508e+01 6.299074787360883221e+00 1.144178258125920067e+01 2.221299542343780353e-01 9.523175593348879383e-28 3.767320529318601138e-28 4.204222587171797621e-28 4.998336693918964957e-01 2.571026496554414464e+01 5.972029479473355084e-28
4.104039504900442559e+00 1.612366676647707564e+01 5.169360586992043594e+00 3.759962696613747823e+00 1.301725713176735688e-01 3.187586268375314001e-28 1.712639737426318973e-28 1.664241443729547785e-28 2.898287786030517843e-01 1.495308328874067350e+01 2.957203118165014317e-28
7.132003252836161877e+00 1.461242682780049407e+01 4.842669513065624542e+00 3.844898290148238473e+00 1.380821909933963865e-01 4.691944890088256568e-28 8.765246587525956330e-28 1.565092598982826406e-28 4.079107464827982921e-01 1.401616585853079222e+01 2.783394688988765081e-28
1.239400116342193847e+01 3.039706674124213581e+00 2.762953019226528362e-01 4.864515005396889968e-01 6.127442040808871865e-02 6.220780409997195779e-29 1.778764085446612106e-29 9.171102097168861881e-30 1.978925491513918167e-01 3.068212833696377206e+00 4.759211342081889264e-29
