# R (Mpc), mean rho (Msol/kpc^3), errup (Msol/kpc^3), errlow, std, median rho (Msol/kpc^3), mean pth (Msol/kpc/s^2), errup(Msol/kpc/s^2), errlow, std, median pth (Msol/kpc/s^2), mean gas-mass-weighted metal (fraction), errup, errlow, std, median metal, mean gas-mass-weighted temp (K), errup, errlow, std, median temp  
#  nprofs 465, mean mh 1823520081825.385254, median mh 1851799000998.826660 
#  Mass range 12.21 - 12.4 
#  Nhalos 14
1.633855776443408903e-02 2.992828715959649417e+05 4.854652363494298770e+05 1.069109479203027586e+05 4.846590913979566539e-01 1.736004698722357280e+05 3.368181991023899755e-25 2.090730507086628563e-25 1.382208767239438595e-25 2.846182968523195966e-01 3.086906112564129838e-25 1.079606590514464899e-02 1.384083074237237726e-02 3.828794689661843206e-03 3.872861991805666149e-01 6.900721507009415639e-03 2.063456996976771334e+05 2.913515681355473935e+05 5.267948619623971172e+04 4.462740384405520233e-01 9.962595472999755293e+04
2.839315922360311981e-02 5.355931904178964032e+04 6.285530335324157932e+04 1.653303738709821846e+04 4.117095372033945933e-01 3.046555487353253557e+04 1.654173512936973466e-25 8.705973290010284772e-26 8.938116166787619862e-26 3.853612202554835275e-01 1.531199252183830870e-25 1.052691588106514746e-02 1.400131610015337494e-02 4.038475836062917386e-03 3.912704266756323879e-01 6.827076130581453267e-03 3.892833838714577141e+05 5.174073460570615134e+05 8.770590125910910137e+04 4.059956433767937245e-01 2.079582690073168487e+05
4.934165562959044737e-02 1.656686986032753339e+04 2.016516462223577400e+04 4.377874638722138116e+03 4.752798503755433779e-01 7.445000600735347689e+03 8.590338573027011201e-26 4.255059278260995190e-26 3.671418858101989969e-26 2.727229776301446362e-01 6.991791237622981327e-26 9.412086653481087015e-03 1.166802655862106061e-02 3.739631654683989084e-03 3.806754233249493025e-01 6.366764166122512031e-03 6.645545821025187615e+05 5.688023308227160014e+05 3.702405670266437810e+05 3.379150904346339135e-01 5.632507226375204045e+05
8.574597004496860297e-02 4.792262516288536062e+03 8.979769878355498804e+03 1.149667910044168821e+03 5.593023942795829484e-01 2.071193346158692293e+03 5.057019084698204167e-26 1.994105606442840620e-26 2.973606915230247803e-26 5.125579882439323942e-01 4.294397417601183380e-26 8.102979933873820026e-03 1.146044641203922479e-02 3.190739763379912830e-03 3.914388639560148486e-01 5.288508245076094759e-03 1.247714296717377845e+06 1.304988716094294563e+06 5.700544292075583944e+05 3.551528797313526775e-01 1.020424912114101113e+06
1.490094178060654695e-01 1.478677026466450343e+03 2.206415275386469148e+03 6.233529575424831819e+02 6.082076910202589559e-01 9.551045820571432614e+02 2.359638014101380787e-26 1.443509737869500388e-26 1.127363242966197554e-26 7.396087079592249536e-01 2.070538709376521250e-26 5.681713393013963949e-03 4.845159165823687171e-03 1.695029123469547327e-03 3.416367883008635808e-01 3.727516446145035141e-03 1.578166389924133662e+06 3.848006861531697214e+05 1.244667693092439789e+06 3.653135002508992590e-01 1.702843789832447190e+06
2.589486897548426425e-01 3.068842849476437209e+02 1.965235960476467767e+02 1.539853695601124457e+02 4.706881877649553569e-01 2.993658993006065430e+02 8.210425771802770502e-27 1.159030996669739006e-26 1.816755339725833119e-27 4.964885150816005788e-01 5.194580147811919929e-27 3.706270466657304603e-03 5.127013459604071524e-03 1.287978798543056285e-03 4.527289231809914494e-01 2.359264134878320124e-03 2.052710852310681716e+06 1.173399481432178291e+06 6.382288527194461785e+05 2.835867495088033041e-01 1.703900812056136550e+06
4.500012476595302013e-01 1.222759738825124458e+02 4.349370188529393033e+01 2.318926530441150646e+01 3.647362609828213587e-01 1.082708598495372740e+02 3.724370627908786116e-27 4.070863843316536397e-27 1.089700656498316699e-27 3.750806897694091147e-01 2.364145456317906212e-27 2.071325903280794942e-03 3.089184408626985141e-03 9.520862420200149143e-04 4.425375089707699883e-01 1.403109131074785614e-03 3.498704898974475451e+06 3.217072803193923086e+06 6.347592521788955200e+05 4.296395505764195599e-01 1.666301882688158425e+06
7.820125411209841726e-01 5.814876305558669856e+01 4.997909024537167966e+01 1.652650648292843627e+01 2.062593031200763427e-01 4.828669181949844358e+01 2.194602907837129798e-27 2.276127120995015024e-27 7.328757971090709891e-28 4.423131288477269440e-01 1.304026790544795014e-27 1.247428842664910801e-03 1.020728100392699622e-03 5.498195896455190454e-04 3.354125701698256745e-01 1.039397063070662038e-03 2.716226457886010408e+06 1.631490183509722818e+06 1.097030400086494396e+06 3.913018110551877426e-01 2.266180078726855572e+06
1.358982042052452988e+00 3.042906847143965976e+01 2.095607318744987424e+01 7.516380481806432812e+00 2.414882349455683141e-01 2.391827311672351897e+01 1.770941798514121981e-27 2.096097417798921492e-27 6.937855647435094884e-28 5.085029904535546263e-01 1.073419427727797440e-27 8.826729743612530665e-04 1.678695508630513155e-04 3.506333750705493144e-04 1.653502933051732848e-01 8.688471201908302272e-04 3.723500090516591910e+06 2.266440062605043873e+06 1.708111371316206409e+06 3.838007111412497507e-01 3.402385202474162914e+06
2.361640118934270394e+00 2.072980800431503923e+01 7.246615547725923534e+00 1.060659602787448641e+01 2.299210962354662491e-01 2.021882541850747828e+01 1.283270875945283502e-27 6.341324434084247345e-28 9.118977225158015532e-28 4.410661634009633292e-01 1.200275603694310681e-27 9.427835455148839052e-04 2.682033135011649763e-04 1.727303156565940245e-04 1.606150897702231239e-01 8.520521328847076390e-04 4.255619829966833815e+06 6.723582793677886948e+05 2.919372567382851150e+06 3.145104761219676970e-01 4.704808524692968465e+06
4.104060155891746220e+00 1.871828461436627222e+01 5.903101914132399486e+00 5.809253703360409915e+00 2.178932306551444320e-01 1.536853127851768974e+01 1.422953752146980062e-27 3.376713482776587423e-28 6.494110394260280393e-28 4.369889868761529517e-01 9.938135178401481662e-28 1.106233472877253933e-03 3.627331366166835266e-04 1.846701685393587443e-04 1.735040249508019161e-01 1.020652552991763422e-03 4.365819135219883174e+06 9.267139709388092160e+05 1.549989934636348858e+06 2.315950913506449049e-01 4.184790740427511744e+06
7.132039140145964851e+00 1.106719606411820500e+01 2.649623836647318598e+00 1.265160008250749257e+00 1.044437678679650955e-01 1.058476953219103223e+01 5.513510051560448486e-28 1.356609384738639605e-28 9.843750581256297180e-29 1.908379553026531839e-01 4.849138277543958108e-28 8.669199422267945916e-04 5.454413291484255539e-05 3.276752035254221380e-04 1.095709274760781338e-01 9.279983673965449100e-04 3.528463249890340026e+06 4.903046560522080399e+05 4.426212601559720933e+05 9.876609986017195753e-02 3.444263403969225008e+06
1.239406352841865555e+01 3.937125947303158124e+00 3.281844335574009008e-01 2.880836816555345514e-01 5.227114288693592709e-02 3.849005169857373510e+00 1.625504465377501315e-28 1.564215738953406024e-29 2.393023911502692922e-29 1.311784838148866983e-01 1.449342726616961018e-28 8.443153537306123972e-04 1.598973568758903750e-04 7.571774911737728150e-05 7.372324450533565554e-02 7.998591867055052096e-04 3.002028989348918200e+06 3.497247670562029816e+05 5.662379836412016302e+05 9.078515781327614609e-02 2.917231282624237239e+06
