# R (Mpc), mean rho (Msol/kpc^3), errup (Msol/kpc^3), errlow, std, median rho (Msol/kpc^3), mean pth (Msol/kpc/s^2), errup(Msol/kpc/s^2), errlow, std, median pth (Msol/kpc/s^2), mean gas-mass-weighted metal (fraction), errup, errlow, std, median metal, mean gas-mass-weighted temp (K), errup, errlow, std, median temp  
#  nprofs 470, mean mh 215872849993.193451, median mh 206919928596.052063 
#  Mass range 11.00 - 11.5 
#  Nhalos 206
5.932171770859670339e-04 9.566170157066395879e+07 1.187050488072295189e+08 3.624640586022167653e+07 4.026976667216861649e-01 5.972417815526757389e+07 2.398925708007716875e-23 2.879601468869423130e-23 9.033973358655020508e-24 5.112534216093407302e-01 1.330199412919715024e-23 1.726003389561719514e-03 1.440541811265627853e-03 1.072530867163804013e-03 4.456067834861879851e-01 1.481736755069043522e-03 1.768407838470436036e+04 4.238473574846389965e+03 2.732920862366543588e+03 1.200932293008377810e-01 1.728368226472928291e+04
1.030893301968358478e-03 6.291682745446150750e+07 6.804595377654784918e+07 2.458420068324496225e+07 3.557737016360044136e-01 4.462501260373114049e+07 1.317839678654473683e-23 1.658337447665793117e-23 5.270282789851615806e-24 4.345001469158779606e-01 8.472353270077514089e-24 1.561989938292607629e-03 1.307050030974913745e-03 8.968754167256322947e-04 4.020743746274171859e-01 1.295271010638820303e-03 1.627942547420533447e+04 2.413987834041836322e+03 2.078219115609033906e+03 9.642602665361847680e-02 1.556690939054983392e+04
1.791487234512792676e-03 2.894079548223996535e+07 2.417638209748132899e+07 1.184370428910767101e+07 3.071993802993990275e-01 2.252447691608064994e+07 4.163400124018602354e-24 3.556535493087815981e-24 1.721626826693500364e-24 3.353488638550579659e-01 3.166613124776173898e-24 1.470768363976821458e-03 1.303027957257263262e-03 8.385753311281611729e-04 4.137035079447820562e-01 1.186093515431562275e-03 1.318166157317690522e+04 2.805704229668759581e+03 2.723750442559099611e+03 1.092120138398888218e-01 1.287957353764539403e+04
3.113248000830259356e-03 8.060141879015295766e+06 4.700658751292899251e+06 2.634894195507691242e+06 2.641670997393838483e-01 7.024114087012305856e+06 8.159459070517145130e-25 6.370948160183554488e-25 2.774811745960765961e-25 3.356154195836626442e-01 6.430465772285362805e-25 1.450012561550685164e-03 1.292396019280590922e-03 7.923670004556772556e-04 4.278325705200147211e-01 1.124561996625994022e-03 1.105019727228018746e+04 2.892128633781749159e+03 3.402473657927484965e+03 1.583978409497165118e-01 1.092970600562704385e+04
5.410204955945158156e-03 1.893116126825738698e+06 8.424076668862593360e+05 6.174821166660445742e+05 3.046020289645018919e-01 1.797966008159970399e+06 2.233672166256640742e-25 1.547868162985851177e-25 8.274525698816623786e-26 3.741077889496699505e-01 1.723039793863491891e-25 1.432351860203407096e-03 1.240763585820094236e-03 7.579090438761565841e-04 4.653355644007967085e-01 1.024702786701332498e-03 1.321497676392547328e+04 4.042326136173094710e+03 2.543728873707859748e+03 1.825164670692893121e-01 1.103811963521682083e+04
9.401858656145479012e-03 3.764321376116814790e+05 2.924254000378652127e+05 1.644952181210732961e+05 3.726113393373982063e-01 3.345733313011415885e+05 6.945186635746448245e-26 5.682055169881530182e-26 3.753831630987967009e-26 4.952810597730537001e-01 5.612364347297541460e-26 1.347767606205231127e-03 1.137026334823479888e-03 7.169507907536386195e-04 4.498230651544731784e-01 9.940947990154697274e-04 1.989643052637233268e+04 1.236955928189661245e+04 3.406763299106803970e+03 2.866996747194852646e-01 1.294296663110319969e+04
1.633855776443408903e-02 5.907263060424203286e+04 5.449201562282580562e+04 2.317082119821981178e+04 4.115135881589880307e-01 4.551113705268607737e+04 3.611730667205926727e-26 3.318099327119728320e-26 1.809315430929640209e-26 5.399209153750269552e-01 2.912374120593402194e-26 1.216769367376478988e-03 9.609968199221908917e-04 6.812771669275771106e-04 4.210877095509973911e-01 9.963372576288244409e-04 1.028109651249883609e+05 6.593092505393648753e+04 2.629280028162482631e+04 4.294150119624255413e-01 4.244729732725472422e+04
2.839315922360311981e-02 1.224365250871679928e+04 9.289836669746868210e+03 5.245761641267967207e+03 4.320536357426576490e-01 1.003429983016913138e+04 1.947673890675014669e-26 1.056880465701652145e-26 8.364717811001035552e-27 4.311455762879245479e-01 1.634319378852565083e-26 1.233762793749213285e-03 8.441946556393308465e-04 5.574081182658169667e-04 4.069219941517295269e-01 9.135639982587926257e-04 3.525755417981455685e+05 1.134924051030932605e+05 7.401831500615598634e+04 4.632291426460513617e-01 1.203093883771789115e+05
4.934165562959044737e-02 3.543846579212809502e+03 2.011772228463999909e+03 1.618602844485418700e+03 3.831756941854121412e-01 3.155389150464411159e+03 9.665081912607584777e-27 5.933482793162981940e-27 3.022233371751998304e-27 3.765951872867016048e-01 6.794966846847024961e-27 8.997233073255566640e-04 5.352170910495491346e-04 3.752309109603305494e-04 3.494765296712958880e-01 6.645957193980350959e-04 8.040038328475198941e+05 1.146315768326553225e+05 7.080036276382647338e+04 4.452858614637258405e-01 1.579860744957208808e+05
8.574597004496860297e-02 1.092185020271773055e+03 6.106860938200732107e+02 4.781178854858983414e+02 3.202318095322947422e-01 1.015014362775187919e+03 5.260295698143060653e-27 3.513865997034200336e-27 1.386350497571056564e-27 4.219306494233720506e-01 2.670604804649879991e-27 6.385829104130119659e-04 4.962710466589281919e-04 1.808748454243045410e-04 3.297694613736386615e-01 4.186384937316328745e-04 9.699983985744898673e+05 2.708238920173367951e+05 6.715713746413150511e+04 4.710475745388270630e-01 1.765678616800072487e+05
1.490094178060654695e-01 3.399406530387195744e+02 1.761402666277645039e+02 1.329988026944180604e+02 2.750773116598631551e-01 3.112137032744022918e+02 3.627927482029389076e-27 4.058111752670444730e-27 6.716632717267777432e-28 5.523360069089772173e-01 1.053540563307602121e-27 4.616793957830656590e-04 3.545910376530492106e-04 1.163654224096208464e-04 3.354037490954829281e-01 2.726926488088282207e-04 1.626701001542465296e+06 8.179667168053344358e+05 1.627902252105199732e+05 5.560057106544089578e-01 2.560210766500455793e+05
2.589486897548426425e-01 1.426347767335069818e+02 1.005120030871878498e+02 4.940382137898505022e+01 2.893932766279054825e-01 1.103042668726325246e+02 3.237914708359828843e-27 3.205191264389491068e-27 6.455009429920845940e-28 7.190404093060025481e-01 7.780222902624175962e-28 4.846887648906974297e-04 3.535754098068591444e-04 9.135460418465924596e-05 4.027719366718030547e-01 2.028459113600507399e-04 1.425930664593260270e+06 1.767492237850168021e+06 3.961450536261402303e+05 6.242228752689527038e-01 4.805524437337249983e+05
4.500012476595302013e-01 8.063561514763362936e+01 7.353359580315996880e+01 1.759846358265826893e+01 3.445348982706354368e-01 4.476864768867081068e+01 3.253874322170500366e-27 2.542065478148471388e-27 5.639950300732358148e-28 8.607917499952574270e-01 6.370425186784349043e-28 6.302559500645139607e-04 6.754339410541857717e-04 1.104096143333491175e-04 5.204370842917784845e-01 1.935355661588367680e-04 1.812680792237663409e+06 2.433514717045411468e+06 9.003523944092334714e+05 6.925502722471602590e-01 9.981930999920056202e+05
7.820125411209841726e-01 5.392377542833630599e+01 4.316682603323018697e+01 1.043189912804437647e+01 3.883740807080630075e-01 2.472479880454564949e+01 3.923576963825210881e-27 1.748546728893898043e-27 5.690816105832556371e-28 9.156441072484664545e-01 6.362354155039347114e-28 6.659865518026362747e-04 9.066304045449188973e-04 2.474771862656914719e-04 5.586805527984246567e-01 3.232725118548494575e-04 2.535660556916777510e+06 3.491746307421773672e+06 1.449950600176912034e+06 6.962428850809903036e-01 1.730744978206344880e+06
1.358982042052452988e+00 3.759835324085147334e+01 2.063580441952774436e+01 8.266365378877308601e+00 3.982461335998232488e-01 1.725939492621256477e+01 3.685311048545665585e-27 1.335626573737835576e-27 5.408345724425580991e-28 8.739550285761791271e-01 6.389022819861061068e-28 8.312475094887810442e-04 1.030758592144329338e-03 4.047228706909346534e-04 5.426655016468117099e-01 5.774791842089854049e-04 3.174012561358151957e+06 3.167642832986195572e+06 1.947924131499011302e+06 6.201366324511761174e-01 2.481434484130351804e+06
2.361640118934270394e+00 2.069707371285603514e+01 1.284246264405052251e+01 6.058897983389583963e+00 3.289717769192185837e-01 1.320279498577187915e+01 1.403303905533519045e-27 1.023193203562409583e-27 3.997020461940748481e-28 6.058488441168323746e-01 5.394237832167897611e-28 8.857910344396418157e-04 7.833220174037034030e-04 4.423613271434002079e-04 3.499810847059866004e-01 7.383604038590954426e-04 3.284863759671583772e+06 1.831693778018766083e+06 1.948680933494276134e+06 3.595848633400848815e-01 3.221350816460235976e+06
4.104060155891746220e+00 1.347454005357352713e+01 7.488759557522115529e+00 3.901313188206481541e+00 2.198931709223865549e-01 1.134983994643650362e+01 7.210989894182182830e-28 5.947401368298329059e-28 2.963891538245696993e-28 3.770291988353016155e-01 4.965875523979848107e-28 9.264317723673933707e-04 3.793399680204323889e-04 2.920541596696661938e-04 1.708790119372464167e-01 8.833277453692880412e-04 3.373827599787273444e+06 1.098001929626798257e+06 1.479546169251376996e+06 1.864696426094648307e-01 3.415550302240977064e+06
7.132039140145964851e+00 1.117927160859335523e+01 3.984542670235255102e+00 2.730396262759623660e+00 1.344078612905015568e-01 1.057266659971482703e+01 5.765504204940144263e-28 2.776669744632967434e-28 2.187622958359822099e-28 2.595743752937197946e-01 4.785790723521365113e-28 9.650899308149766664e-04 2.178943886332279731e-04 2.150373083559269007e-04 1.072687130124923560e-01 9.505577730810935936e-04 3.494193048876975197e+06 7.948433592021479271e+05 8.579983324716929346e+05 1.269447310967166398e-01 3.379320085349561181e+06
1.239406352841865555e+01 3.145174488466643492e+00 8.363867610766129168e-01 3.661028667233181544e-01 7.601263634357684207e-02 3.002260063760972209e+00 1.477349967296920367e-28 8.243826510199577900e-29 2.223414559723400360e-29 1.602072028695896710e-01 1.231691046378128580e-28 9.487102742452030056e-04 2.245402122468954757e-04 1.240746815411792377e-04 7.726068771254299139e-02 9.192841841350642140e-04 3.363397742979759816e+06 8.355774428695128299e+05 3.701214729394274764e+05 9.009376079400450987e-02 3.145079836444384884e+06
