# R (Mpc), mean rho (Msol/kpc^3), errup (Msol/kpc^3), errlow, std, mean pth (Msol/kpc/s^2), errup(Msol/kpc/s^2), errlow, std, median rho (Msol/kpc^3), median pth (Msol/kpc/s^2) 
#  nprofs 442, mean mh 3730059095716.432617, median mh 3357030339611.213867 
#  Mass range 12.41 - 12.8 
#  Nhalos 22
1.633855776443408903e-02 1.385318635735447751e+05 3.294667765652156086e+05 3.607343309202599630e+04 5.678029630727996491e-01 7.231679051678071619e-25 9.608630765900314377e-25 3.804432162261510534e-25 6.653830998536132135e-01 5.113617944896731933e+04 5.597364870521622612e-25
2.839315922360311981e-02 2.399370464731112588e+04 3.165473063678252947e+04 1.080661244029084628e+04 4.682794635447384279e-01 3.300620746453405042e-25 2.764499131351923182e-25 1.428154761955882649e-25 4.066970369446101796e-01 1.454228966006577684e+04 2.286246349719660520e-25
4.934165562959044737e-02 7.245876003819392281e+03 6.184606196626731617e+03 2.124382449660165548e+03 4.440479430070066735e-01 1.687489099275897087e-25 1.715608648986041200e-25 8.173674909221951308e-26 4.572098882805471498e-01 3.623241773573225146e+03 1.214546884819182679e-25
8.574597004496860297e-02 3.148763766422128811e+03 4.641030691713111992e+03 1.151527505755906532e+03 4.360223422781254743e-01 7.934914349436824538e-26 7.245401852433729444e-26 3.772390933256243291e-26 3.224338916798591415e-01 1.805675902556432220e+03 6.435912620475213908e-26
1.490094178060654695e-01 1.284030075107990569e+03 1.164407340000451541e+03 8.307159137498667860e+02 3.720697565449398447e-01 3.747530453315846330e-26 4.219926462097561542e-26 1.120626354918714234e-26 2.837570727711611340e-01 1.154674454442230626e+03 3.215758521108631776e-26
2.589486897548426425e-01 4.606591622174432246e+02 2.211377755333897994e+02 2.167896449060302189e+02 2.457243437880062276e-01 1.414468949648105748e-26 1.055465855804976289e-26 3.654736298425018413e-27 2.649853911728762834e-01 4.458020209110241012e+02 1.098208324764807460e-26
4.500012476595302013e-01 1.657080810480974549e+02 8.197655844942582348e+01 3.359934088370252425e+01 1.738250416470061288e-01 5.111574489858670250e-27 3.064536002134185107e-27 2.172934914397084644e-27 3.374617423413800998e-01 1.470750827281882209e+02 4.025018143072992400e-27
7.820125411209841726e-01 6.241919707490776403e+01 2.455901772547286299e+01 1.410901269758548437e+01 1.459542329759015711e-01 1.987364383939668672e-27 1.068955420075311670e-27 8.101008476190411538e-28 3.697813425060298420e-01 5.672227099980222675e+01 1.687969489087110475e-27
1.358982042052452988e+00 3.195740669029379433e+01 1.503379541496271088e+01 5.943388709147271243e+00 1.463589147037029359e-01 1.007609198177705812e-27 5.517888726783459147e-28 4.710558615037025122e-28 4.100882699797481767e-01 2.982078638962236283e+01 8.792601647272872540e-28
2.361640118934270394e+00 1.943982614138017695e+01 9.007133101798949326e+00 7.922366673140595950e+00 1.798730241875168001e-01 6.766692822895701344e-28 4.947672479975109327e-28 3.957682996833534864e-28 4.165552941882446070e-01 1.970219252766364804e+01 6.644661443225147999e-28
4.104060155891746220e+00 1.301409243465383270e+01 4.854994782541453446e+00 3.495444539564431352e+00 1.376476998073090652e-01 4.932515026344281241e-28 3.182135957289847737e-28 1.686136772801420571e-28 2.952942806388088037e-01 1.216558377162855464e+01 4.514987715041195057e-28
7.132039140145964851e+00 1.130971083136502031e+01 3.493117251392494182e+00 2.695753531667698155e+00 1.264956961139360458e-01 5.110832916594909107e-28 5.065085166019890624e-28 8.455935368816767421e-29 2.681364709642673483e-01 1.089697187120342292e+01 3.941190948145127221e-28
1.239406352841865555e+01 4.508681895927889371e+00 4.937445501477260024e-01 6.944307611760143217e-01 6.143161373161940692e-02 1.642048112064725420e-28 3.660807646899084612e-29 2.604442747512238197e-29 1.257026555078834262e-01 4.521121481495612215e+00 1.490240677735222730e-28
