# R (Mpc), mean rho (Msol/kpc^3), errup (Msol/kpc^3), errlow, std, median rho (Msol/kpc^3), mean pth (Msol/kpc/s^2), errup(Msol/kpc/s^2), errlow, std, median pth (Msol/kpc/s^2), mean gas-mass-weighted metal (fraction), errup, errlow, std, median metal, mean gas-mass-weighted temp (K), errup, errlow, std, median temp  
#  nprofs 466, mean mh 3995203425027.427734, median mh 3808646499799.769043 
#  Mass range 12.41 - 12.8 
#  Nhalos 13
1.633852131856735820e-02 1.702870778748346202e+05 3.241214978720267536e+05 9.084393577495866339e+04 6.962033323200724766e-01 1.007985777585485921e+05 2.693143697482744393e-24 3.378832228616623170e-24 7.210854333583440127e-25 6.756228436974535123e-01 1.184662801903998449e-24 1.403866782871664859e-02 3.138280946858508502e-03 1.094910383961985798e-02 2.633647360149206640e-01 1.638138937993919783e-02 1.649195913311655400e+06 1.056082851538146380e+06 5.195982537831243826e+05 3.538924517162110872e-01 1.111114684211038519e+06
2.839309588794570668e-02 3.807603384644804464e+04 2.333631945464824457e+04 2.004610923096149418e+04 4.562575812315321500e-01 2.628076772524984335e+04 1.128686078677264463e-24 1.540086785575047157e-24 4.707176830756873329e-25 4.233364865106371000e-01 7.090721421832645293e-25 1.098797304703334234e-02 3.375164694112092398e-03 6.918189083764183026e-03 3.071247075963160489e-01 1.177001921450907852e-02 2.728830817148181610e+06 1.731748249966129195e+06 1.307766422008826165e+06 2.612863149694502618e-01 2.432179739428933244e+06
4.934154556483250076e-02 1.669227028175563100e+04 1.290597762750352740e+04 5.821975618147018395e+03 4.033923779508374885e-01 1.030673614351560354e+04 4.788595893914764247e-25 5.214556504253881820e-25 1.754416217246108430e-25 3.085364011212090585e-01 3.560610525481268441e-25 7.156457246083559529e-03 2.573221075959192597e-03 2.337306940161501534e-03 3.028437977029679873e-01 7.059829273630382346e-03 2.791591166034388822e+06 1.492072130998770706e+06 1.590933453713150462e+06 2.527550597462813187e-01 2.733801984453638084e+06
8.574577877434103046e-02 6.454901079087174367e+03 8.356087898499281437e+03 1.432608669557566827e+03 3.158112701556102242e-01 3.957398916433875002e+03 2.072097366696021882e-25 2.407750493709390428e-25 5.581111973385818442e-26 2.657354233310096903e-01 1.460934373061669410e-25 4.341477357198707081e-03 2.227784182240765895e-03 1.800187296203091970e-03 2.968327027689083852e-01 4.076155919090626231e-03 2.543044332290623803e+06 1.139455277689382434e+06 1.155281536974882241e+06 1.856762223734997330e-01 2.513256520613219589e+06
1.490090854158103439e-01 2.650006899234750563e+03 2.333573197476745918e+03 8.772683612493055989e+02 2.349482750977567591e-01 1.990587105953371747e+03 7.948781203977275591e-26 7.831911440413844782e-26 2.705056568396656392e-26 2.602665366850333006e-01 6.610006528920381164e-26 2.937189995474673819e-03 5.706470230564296767e-04 7.618168405641684120e-04 2.396442393541301508e-01 2.800986080065152959e-03 2.095878519474638859e+06 7.328374752046938520e+05 3.890392167882001959e+05 1.392844141854902573e-01 2.007125798605138203e+06
2.589481121267818153e-01 9.549005818880307288e+02 4.049546255244132453e+02 3.569204163246756707e+02 1.948753582453213173e-01 8.957776968988067665e+02 2.442056136584465921e-26 2.084765302767747021e-26 7.089401859038935212e-27 3.051118193628173381e-01 1.719917311079411727e-26 2.111730823793071549e-03 1.223934221894329606e-03 9.605614155367031039e-04 2.098666659364120113e-01 2.035735659035497937e-03 1.675370317765206099e+06 7.118427233112792019e+05 6.033399778923494741e+05 1.459811569173333490e-01 1.660241606142967707e+06
4.500002438570074315e-01 3.091743427589930775e+02 1.348000079387970231e+02 1.839412037472121142e+01 1.346736061414910979e-01 2.537369121332266673e+02 6.788151215620481073e-27 5.870128334658793677e-27 3.740226851376048670e-27 3.061426015981414395e-01 6.060611735837216894e-27 1.541191688813243121e-03 7.665807603854078462e-04 6.570988551704274759e-04 1.882906490119416743e-01 1.511271743253355575e-03 1.547165943833877333e+06 1.152043693724912824e+06 5.148811413924798835e+05 2.381605946499432414e-01 1.217043334361455170e+06
7.820107967121281423e-01 1.175528151472874470e+02 5.897091822837552400e+01 1.638153172662325119e+01 1.586213900636863627e-01 9.826541257864522549e+01 2.392685332913576559e-27 3.159521716974431872e-27 7.985459869279505060e-28 4.126180896053099345e-01 1.311057798564844281e-27 1.414638257596024769e-03 6.431205469041279509e-04 5.398846649987349214e-04 1.706364020146772797e-01 1.432635169949657023e-03 1.284733332389548887e+06 1.124530432553397492e+06 5.586422154118751641e+05 2.836787428040745129e-01 1.060101192767299246e+06
1.358979010617297423e+00 5.164456655146463504e+01 1.810129164648489564e+01 9.587785321686688178e+00 1.289769763179250406e-01 4.672344892670190575e+01 8.427281317132190369e-28 6.348753459075526831e-28 4.949189872577692384e-28 3.361073087822244454e-01 7.509996176372476315e-28 1.005524708305271034e-03 7.458015998515151769e-05 4.111770079276228429e-04 1.633683840629841511e-01 1.104169698200608554e-03 1.121405670263942098e+06 2.376650406088908203e+05 7.283955371554512531e+05 2.414302844495709310e-01 1.178685650662811706e+06
2.361634850903744809e+00 2.922838529816444364e+01 2.848513640486018517e+00 1.289907450490801821e+01 1.389163441100709495e-01 3.227233820253085383e+01 5.338034160558494873e-28 3.169771478922537031e-28 2.499552027591188025e-28 3.035346532335621572e-01 5.222120408780260082e-28 9.025647695733746579e-04 1.564558036596618278e-04 4.004255618096360736e-04 1.736733076254034780e-01 9.300877105930165176e-04 1.297232915524887620e+06 3.527077089998242445e+05 5.001828505208337447e+05 2.001195498366042658e-01 1.239513985711750574e+06
4.104051001103932172e+00 2.245435213266414110e+01 6.455252233115061244e+00 5.887286819417525408e+00 1.039680512810671614e-01 2.223935986291266786e+01 4.064393809021319440e-28 1.217195615167318223e-28 1.874734410304952561e-28 2.567893412685635091e-01 3.904942402019651433e-28 8.456186103489777596e-04 1.556693278029433079e-04 2.580550875404235677e-04 1.338734086999248118e-01 8.549756104925422670e-04 1.292683764938608976e+06 1.886386850544381887e+05 3.836387279431280913e+05 1.696224213257838953e-01 1.310849293865966378e+06
7.132023230948114190e+00 2.024781392810543323e+01 6.576234424807488210e+00 2.681720521450017714e+00 9.796313898470795922e-02 1.913578898996100364e+01 5.328109402586894749e-28 1.041073562425314173e-27 1.127111946774554072e-28 3.417242796889770062e-01 3.156602950533348963e-28 8.612031464210677086e-04 2.914039393650919799e-04 2.243403405533328857e-04 1.183932306992266925e-01 8.422885547067651777e-04 1.701745397695615655e+06 2.300173412417064887e+06 2.518083126546205021e+05 2.428070301615452842e-01 1.177580132156955544e+06
1.239403588140144663e+01 1.519717687031870046e+00 1.230972189007106810e-01 1.575797338692390692e-01 4.752618210413320221e-02 1.516985751580192776e+00 2.666900643139631813e-29 9.127927434638288022e-30 7.613172417555529461e-30 1.542324607289781713e-01 2.485587276585157653e-29 8.202934478985981354e-04 8.989749531384259081e-05 1.428150151545560164e-04 5.771115537572140547e-02 8.351177425516907293e-04 1.278002967466619331e+06 4.445885467487513088e+05 1.696983651195011334e+05 1.112699987439042804e-01 1.145398784507722128e+06
