# R (Mpc), mean rho (Msol/kpc^3), errup (Msol/kpc^3), errlow, std, median rho (Msol/kpc^3), mean pth (Msol/kpc/s^2), errup(Msol/kpc/s^2), errlow, std, median pth (Msol/kpc/s^2), mean gas-mass-weighted metal (fraction), errup, errlow, std, median metal, mean gas-mass-weighted temp (K), errup, errlow, std, median temp  
#  nprofs 465, mean mh 1957750999314.364990, median mh 1869211550743.706543 
#  Mass range 12.21 - 12.4 
#  Nhalos 22
1.633847555135692006e-02 9.743344902405705943e+04 2.077950342371517036e+05 3.305822745893973479e+04 5.585415380733735891e-01 4.502855909273905127e+04 3.299835629271820159e-25 2.894712084059567426e-25 1.962598257661587954e-25 7.268660590296479596e-01 2.600621508947576124e-25 1.518168688615950841e-02 9.310935682157839982e-03 4.856939768723750675e-03 2.110994434490109373e-01 1.332520943089425883e-02 4.840705484999892651e+05 6.222196778619099641e+05 2.221367528157341003e+05 6.063809736010785656e-01 2.938502953751346795e+05
2.839301635364948131e-02 2.030107843117367520e+04 2.008256755470523785e+04 9.722524277276119392e+03 4.847561419275586703e-01 1.254253991744929590e+04 1.441475100817935662e-25 1.474613276076800536e-25 7.782254164370668733e-26 3.711910260013334129e-01 1.150967923955089954e-25 1.306238010054160993e-02 5.931378071309927752e-03 6.100505563025965250e-03 2.279129044397462112e-01 1.315647476102583396e-02 8.566449258541391464e+05 5.688963104394361144e+05 6.111796136645500083e+05 3.746874299919326634e-01 8.341908926438639173e+05
4.934140735006660450e-02 4.128586301396010640e+03 3.900036282285757807e+03 2.093335076725922136e+03 3.594072744155095700e-01 3.372168005530326809e+03 6.470680991526622030e-26 6.165875618453647645e-26 4.135968497540967644e-26 3.826042690342066899e-01 5.783666915134280872e-26 9.937393213333242659e-03 7.828152576739539487e-03 4.049483508293784222e-03 2.510852203330525834e-01 8.517710409359325469e-03 1.351381505036717281e+06 5.490482249460434541e+05 5.914693499078033492e+05 3.054621383908268650e-01 1.128001782610791270e+06
8.574553858460631783e-02 2.030298801766129372e+03 2.358905867960615524e+03 4.822046049309745399e+02 4.024225393085107405e-01 9.932203340149358155e+02 4.018332363748512000e-26 4.140637152062340070e-26 1.965770047561146406e-26 3.766098089751436784e-01 2.989502002384236356e-26 6.503953152966098807e-03 4.807035525525021370e-03 1.674753943235535430e-03 2.397845314497520086e-01 4.972741178930825158e-03 2.179012666143925861e+06 7.493137612539026886e+05 3.810289412687341683e+05 2.797557715651800003e-01 1.434206848514477257e+06
1.490086680138903164e-01 7.826330207400907284e+02 4.894461950064126086e+02 3.018478959706835099e+02 3.292870157171901568e-01 5.740006435727636926e+02 2.303535188618937438e-26 2.584002564353070675e-26 4.677706546634449944e-27 3.733305548862521084e-01 1.373296266865472897e-26 4.241342204057877742e-03 2.130326407801879599e-03 1.614527015573466711e-03 2.159823885190348680e-01 3.825657738775751614e-03 2.591239946824706625e+06 1.285307639658153523e+06 5.460835016775263939e+05 2.999649168172522362e-01 1.734252599545211066e+06
2.589473867653792616e-01 3.792815238197034091e+02 1.925834685287071579e+02 1.838065094939332766e+02 2.773524711296552203e-01 3.654727199281651338e+02 1.103612875881981882e-26 8.792225530373685482e-27 3.530992710051980459e-27 3.957104135144310364e-01 6.683510409658695869e-27 3.020739619948193191e-03 2.069846404079254184e-03 5.022839006169064254e-04 1.886741420545381409e-01 2.337314367026133936e-03 1.909841877881686902e+06 5.239565693377661519e+05 7.836350259004739346e+05 2.302500962033297016e-01 1.757835332965906244e+06
4.499989833233608572e-01 1.625164074175989128e+02 7.887059385240274878e+01 5.699491338081030278e+01 2.707230631114186936e-01 1.451952555030388226e+02 6.284561547475107213e-27 6.208974729762104442e-27 1.201937291738546694e-27 4.794385046134118089e-01 2.731423032440876541e-27 2.048129025123187914e-03 8.843944150976898802e-04 6.676194758778873813e-04 1.601518341118992050e-01 1.965708907810171692e-03 2.127542569984529633e+06 1.210137524093328044e+06 7.439670362054589204e+05 2.664085362627736653e-01 1.743506661083909217e+06
7.820086061557125490e-01 9.076335095405714526e+01 3.649994102851056255e+01 2.142581819940514265e+01 2.522699124401247550e-01 7.111203603522076833e+01 5.049730289803359075e-27 2.145405335686039808e-27 1.045165315792210645e-27 4.528207214451154261e-01 1.746816433597740565e-27 1.912753875610880569e-03 6.124080975337601977e-04 7.737110052285034543e-04 1.982294721584144659e-01 1.826798213489319676e-03 2.268690267769051716e+06 7.575237092762503307e+05 8.633467923653204925e+05 2.439764662132132000e-01 2.036559049272639444e+06
1.358975203866542802e+00 5.541853909494484043e+01 1.438657573464701045e+01 9.659494639627883572e+00 2.566452275819064988e-01 3.605026256397978557e+01 4.834336764275878932e-27 8.433200740741687413e-28 7.543784395861159932e-28 4.544878239850845825e-01 1.297627147324480587e-27 1.383312949345373187e-03 6.946074237792216471e-04 2.612854527533846859e-04 1.499258478478170120e-01 1.253104296190565674e-03 3.016270131118831225e+06 1.282869195760091301e+06 1.056830104287302354e+06 2.302987756570991917e-01 2.521396003950320650e+06
2.361628235529128705e+00 2.726903345405249013e+01 9.456921821741708811e+00 7.193727968182351162e+00 1.947194749101704703e-01 2.293707561460002609e+01 1.443917614598967533e-27 7.989977188091912174e-28 6.725509655698338199e-28 3.316985113048557809e-01 1.091482557580250512e-27 1.173483063283657082e-03 3.442382406972279568e-04 2.880913184397121841e-04 1.219242228963327429e-01 1.134936445075496441e-03 3.402021037705020979e+06 1.240245933521809056e+06 1.325133779971388169e+06 1.619287753889633863e-01 3.429517215074298903e+06
4.104039504900442559e+00 2.045462343394238758e+01 2.956796170716430083e+00 9.616082372555272428e+00 1.786232657202025953e-01 2.125119137471712349e+01 1.113903230155888406e-27 3.941904012358732413e-28 4.103796977394163685e-28 3.043458057921567539e-01 8.691205407154132952e-28 1.190374924243718137e-03 2.868169553684521682e-04 1.754220679284089392e-04 9.288524697330849400e-02 1.128761115963804575e-03 3.515094634070989676e+06 1.232970014452788047e+06 4.534764583191610873e+05 1.435872354903352244e-01 3.018609046319927089e+06
7.132003252836161877e+00 1.523319755719878010e+01 5.370731730110790636e+00 2.897392496512715354e+00 1.023461207004507795e-01 1.426613767809788769e+01 6.688834637533343900e-28 3.370741436348055735e-28 1.286797156470140288e-28 1.866900568370069846e-01 5.511741069738382768e-28 1.112378879363774961e-03 9.264047093111805672e-05 1.156947052769951786e-04 5.677704400840265231e-02 1.101187767361280420e-03 3.118741151712293737e+06 1.835911515108426102e+05 7.600966449473667890e+05 9.746466909001516576e-02 3.155117784329459071e+06
1.239400116342193847e+01 2.154313442102654630e+00 1.834927137153998800e-01 2.189444882157456362e-01 5.108672882081130573e-02 2.115705488759954900e+00 8.421500366864639920e-29 1.427331668050378116e-29 6.140396148640048854e-30 1.345857057642615151e-01 7.172277162095525090e-29 9.952721118078591486e-04 9.091154859206299586e-05 1.397454166773271205e-04 6.188950491736266990e-02 9.913704635815829419e-04 2.847096671162781306e+06 3.373237137255975977e+05 3.501737278437530622e+05 9.384630911122263108e-02 2.667699600804636255e+06
