# R (Mpc), mean rho (Msol/kpc^3), errup (Msol/kpc^3), errlow, std, mean pth (Msol/kpc/s^2), errup(Msol/kpc/s^2), errlow, std, median rho (Msol/kpc^3), median pth (Msol/kpc/s^2) 
#  nprofs 451, mean mh 1990220614578.094727, median mh 1974010964900.792480 
#  Mass range 12.21 - 12.4 
#  Nhalos 16
1.633847555135692006e-02 2.458901042401988525e+05 3.167702161384589854e+05 9.613399017530676792e+04 4.071499153661117254e-01 8.339022110861362679e-25 4.990941619128556735e-25 4.548727145934651038e-25 2.679233514056796328e-01 1.609591577063116129e+05 7.783387511048795620e-25
2.839301635364948131e-02 3.317797928871320619e+04 3.315265470104943233e+04 1.511918129951158335e+04 3.313763906393332737e-01 2.896943194208369288e-25 1.221289003498123105e-25 1.980680449168693671e-25 3.025526254961598549e-01 2.644940131136422860e+04 3.085913461249531363e-25
4.934140735006660450e-02 8.839996328288596487e+03 8.103579164618371578e+03 1.733502917118740697e+03 2.428397512618316878e-01 1.122739534971538561e-25 2.767087108151180211e-26 7.944411268463588081e-26 2.667337030089123595e-01 6.528985951754339112e+03 1.293562968647678215e-25
8.574553858460631783e-02 3.794260520570310746e+03 1.766610237120258716e+03 6.531184630192931309e+02 2.842169031561785908e-01 5.001604879155325844e-26 1.450963099676825885e-26 2.983614338686361147e-26 2.604633867423784555e-01 2.435462331981248099e+03 5.562429136481515275e-26
1.490086680138903164e-01 1.408100863812731404e+03 8.001834954397129422e+02 4.660506569322919859e+02 2.383977400585740869e-01 2.165757764639138567e-26 8.561724695852666311e-27 5.378930853929122177e-27 2.253039955941885109e-01 1.187997163804682032e+03 2.044856798011900107e-26
2.589473867653792616e-01 5.377852652278354526e+02 2.682936970422656486e+02 1.579833976605607404e+02 1.856584090223387662e-01 7.542734309088606386e-27 3.538562476002499585e-27 2.824498076412547331e-27 2.076184116489944442e-01 4.827420190567887630e+02 6.936501277261691437e-27
4.499989833233608572e-01 1.705488329240466783e+02 9.714166044211927442e+01 4.764039860020842809e+01 1.631542305954013228e-01 2.363042433295176157e-27 2.448410176381907689e-27 8.371151150120844203e-28 2.905765434554408722e-01 1.564397318365415401e+02 1.721213255944140868e-27
7.820086061557125490e-01 7.123723322451263584e+01 4.735094965679149226e+01 1.198816790271173005e+01 1.726666299565990381e-01 1.191489401037414075e-27 3.768187305515050108e-28 9.656844081622704842e-28 3.590533391051300427e-01 5.988053686580972368e+01 1.272409218872845229e-27
1.358975203866542802e+00 3.466021908297481247e+01 1.799198638075149148e+01 6.858491197608643120e+00 1.710191149988643800e-01 6.885676902234668566e-28 7.425343003053579894e-28 3.924313377999152480e-28 3.716452495989532312e-01 2.970269768559327872e+01 5.942559318031123872e-28
2.361628235529128705e+00 2.271160149708002152e+01 8.227901498243344491e+00 7.515042253606445399e+00 1.568533805051654517e-01 4.844027512688699835e-28 3.498889621620965717e-28 3.201995069143613975e-28 3.457433875914935895e-01 2.213711257501606156e+01 4.535765984772932591e-28
4.104039504900442559e+00 1.931443353097476034e+01 4.204412251166960601e+00 9.122763232928569721e+00 1.739305214940730371e-01 6.152660595923748642e-28 1.713456567600039367e-28 2.445718932323396655e-28 4.068966431652892846e-01 2.026232275629172364e+01 3.813945928791157342e-28
7.132003252836161877e+00 1.397368868171312073e+01 3.356998443208492944e+00 1.689862768310826269e+00 1.039862573379974897e-01 3.396147333147999929e-28 2.412788290529873203e-28 2.166850038549409968e-29 3.399217051790261457e-01 1.300435588699899370e+01 1.676994412791480922e-28
1.239400116342193847e+01 5.027985576642537424e+00 5.673607604060748599e-01 3.972757297548739075e-01 4.983424006642406257e-02 9.561877608934883337e-29 2.307449725899839582e-29 1.461429405513350987e-29 2.296017759348094323e-01 4.889421263373126436e+00 6.812342605531531681e-29
