# R (Mpc), mean rho (Msol/kpc^3), errup (Msol/kpc^3), errlow, std, median rho (Msol/kpc^3), mean pth (Msol/kpc/s^2), errup(Msol/kpc/s^2), errlow, std, median pth (Msol/kpc/s^2), mean gas-mass-weighted metal (fraction), errup, errlow, std, median metal, mean gas-mass-weighted temp (K), errup, errlow, std, median temp  
#  nprofs 410, mean mh 10088144733518.197266, median mh 9603283853293.566406 
#  Mass range 12.81 - 13.2 
#  Nhalos 5
1.633852177236155140e-02 2.787922418407000805e+04 3.422654765629635949e+04 8.553890806766150490e+03 4.423090556410989027e-01 1.553660069871895030e+04 7.728256671478611973e-25 3.554447446110978847e-25 5.742972603383095629e-25 1.047846651819561714e+00 8.780432227859438904e-25 2.075719078216655550e-02 4.048966318210937831e-03 5.555314924844678703e-03 1.096945628795024941e-01 2.148139684304815888e-02 5.259623145514839329e+06 7.171801770639566705e+06 2.364921492665167898e+06 1.143511493973591753e+00 2.948623011873301584e+06
2.839309667654963537e-02 4.479598060074604291e+03 2.046343494754652966e+03 3.044048152765914892e+03 5.276108208088753360e-01 4.786528260623296774e+03 2.723479124834735984e-25 2.704680313504957010e-25 1.337531817116177634e-25 5.581891618344402284e-01 1.901538556151307544e-25 2.030742250206151595e-02 5.307813777056292343e-03 4.579581732493419322e-03 1.040529024577043493e-01 1.992966158020037168e-02 4.713771328286504373e+06 3.244733524536949117e+06 2.556476806996877771e+06 3.668634991754834429e-01 4.126360810761117842e+06
4.934154693526905666e-02 1.633117997534883671e+03 6.486544997862258697e+02 4.518102281025226148e+02 2.970789637937727434e-01 1.523315626101009229e+03 1.447255964761272251e-25 1.201019538572691768e-25 6.433193976730208529e-26 3.846994820166043660e-01 1.053326373614306160e-25 1.494863252797564226e-02 1.087227085904271875e-02 4.566301221847915946e-03 2.257302654251664153e-01 1.222021010910324251e-02 5.640281697670585476e+06 3.066292032672052272e+06 1.678645595997224096e+06 2.806100961407718142e-01 5.199094409084062092e+06
8.574578115588683824e-02 9.957068196412159296e+02 1.123268389375004745e+03 1.036180293834827353e+02 3.293964433935612224e-01 5.335955816549451356e+02 7.669963825121937905e-26 8.125523726502648949e-26 2.170285230448168687e-26 3.586456276932784015e-01 4.581400045232976197e-26 1.089311019569479122e-02 1.072438751556121367e-02 2.442745575559238796e-03 2.710367698580136153e-01 7.538421562272776960e-03 4.973831245165882632e+06 4.228096439749812707e+05 1.356328129555742256e+06 9.339273585815693890e-02 5.409660751893200912e+06
1.490090895544625982e-01 7.161709700588282885e+02 1.026140202395168899e+03 5.905549996159018633e+01 3.939980778681964613e-01 2.865322417859621851e+02 4.260118430986455010e-26 2.816677864751183923e-26 2.253234997387381735e-26 3.555855209744471779e-01 3.691023052740011354e-26 8.219505119496844925e-03 9.809581156474863825e-03 1.337290827202506673e-03 2.887390749873190998e-01 4.835377799876089053e-03 5.268129894944665954e+06 4.314102028907912783e+06 1.528978190923787653e+06 2.540284494748608068e-01 3.966664027544495650e+06
2.589481193189351327e-01 4.816723510387010947e+02 5.909742568996638283e+02 9.537815779839766606e+01 4.638747454746119381e-01 2.291373681053904647e+02 2.226305408119678227e-26 2.473432784787610133e-26 8.031515586501946094e-27 4.120496091912783099e-01 1.354150139832834504e-26 5.748792451130229492e-03 5.676719584606802413e-03 8.259690262212219906e-04 2.803662475736381499e-01 3.702375189297035449e-03 4.187034998659551144e+06 4.223512294068278745e+06 7.958500889254296198e+05 2.561251685664722721e-01 2.812535247913317289e+06
4.500002563555373647e-01 1.705259707412128876e+02 9.787074100248710806e+01 7.678609882352934335e+01 3.064403359321206111e-01 1.514850737696729368e+02 8.000939942643953441e-27 9.438156334044559574e-27 1.556194446620455181e-27 3.613547451393668286e-01 4.464621257515055378e-27 3.427034570757427675e-03 2.301500893957210934e-03 6.438605614241315819e-04 2.345887250793234069e-01 2.704251111670097178e-03 3.469039105803805403e+06 1.825603034407925326e+06 1.831098326845773496e+06 2.533566750832533798e-01 3.374817221577824559e+06
7.820108184320838651e-01 5.546253665075464312e+01 2.056697220094275025e+01 8.592387276301082011e+00 1.465839962482766434e-01 5.000014553304178122e+01 2.758476860605111710e-27 2.317653068958485647e-27 1.822923780664370714e-27 4.091997854128377465e-01 2.472993561135040793e-27 2.171446964755498199e-03 9.767263650472049474e-04 6.550860307972668998e-04 2.228378853884546984e-01 2.019398552452996917e-03 3.139466076893977821e+06 2.213392423298371490e+06 1.683057317581055686e+06 2.944404429602103801e-01 2.882078394878622610e+06
1.358979048362254582e+00 2.358999377294801647e+01 5.021923432772013030e+00 3.110977730128279717e+00 8.898291666610903816e-02 2.281434869746561844e+01 1.073125825655858812e-27 1.740840938432116941e-27 4.669223521398444075e-29 4.426988497051858595e-01 3.146063327738015797e-28 1.710911162175605266e-03 2.880125598413200375e-04 5.776437485620973707e-04 1.922975193932825455e-01 1.874847989428843993e-03 2.928541355381609872e+06 4.063802383577912115e+06 1.203079084519888274e+05 3.726354018544888458e-01 1.096822956144133583e+06
2.361634916496962333e+00 1.349406499420830485e+01 4.586665702709465720e+00 5.465189380515340645e-01 9.158703952999622255e-02 1.168518249769225115e+01 4.612575220104253345e-28 4.345369704714808619e-28 9.016332870714678668e-29 2.742692379328158792e-01 3.012707217257126110e-28 1.680437558098892307e-03 9.702249940954452839e-05 7.826321063871392349e-04 1.551269036778461508e-01 1.975142821452121212e-03 2.257217972444131039e+06 1.277466555901519256e+06 4.928990206767753698e+05 1.816959280998477477e-01 1.909399517041940009e+06
4.104051115091881030e+00 9.496655728469294289e+00 1.144793135649598170e+00 1.296142871985585643e+00 5.769810337457817462e-02 9.605664002381997690e+00 3.441848041597883100e-28 7.468528375699175414e-29 5.713025323674344622e-29 7.698949398904446351e-02 3.371753509492447211e-28 1.266829461466045413e-03 2.042610429777882812e-04 2.219249198179922521e-04 9.356987542543891700e-02 1.275837067805237705e-03 2.693676787448993418e+06 1.789638238395331427e+05 4.027529111276036128e+05 5.217791755942125659e-02 2.757841819516140036e+06
7.132023429036466133e+00 7.754684076358971723e+00 1.443537563610266083e+00 2.067161400687096418e+00 1.085851753998904601e-01 7.853587625863085897e+00 3.761313362870625813e-28 1.362724279690629599e-28 5.888981539181696636e-29 1.450676665348962224e-01 3.290139078487953139e-28 1.144107783211526777e-03 8.300998131749730453e-05 2.552091722925024786e-05 2.695459389280996029e-02 1.117925751288665476e-03 3.521431819412845187e+06 6.142652784420815296e+05 8.788863167492998764e+04 4.939747212930965803e-02 3.285318082362377550e+06
1.239403622563954954e+01 4.153022976217892293e+00 1.923004880293612828e-01 1.548469878719933135e+00 9.422676278573888231e-02 4.685697307467600048e+00 2.067117711343978986e-28 5.339710329187795338e-29 1.034471295411269404e-28 1.647776112524814984e-01 2.263638141104814179e-28 1.214619321866987605e-03 1.720151245123455012e-05 2.292733889824353447e-04 5.039277036041730357e-02 1.305688779760429781e-03 3.533300754461260978e+06 5.990722394499797374e+05 5.706326693416675553e+05 6.657223376344008348e-02 3.519870950216557365e+06
