# R (Mpc), mean rho (Msol/kpc^3), errup (Msol/kpc^3), errlow, std, median rho (Msol/kpc^3), mean pth (Msol/kpc/s^2), errup(Msol/kpc/s^2), errlow, std, median pth (Msol/kpc/s^2), mean gas-mass-weighted metal (fraction), errup, errlow, std, median metal, mean gas-mass-weighted temp (K), errup, errlow, std, median temp  
#  nprofs 453, mean mh 1354259884214.571777, median mh 1263099071290.663086 
#  Mass range 12.00 - 12.3 
#  Nhalos 39
5.932180175954789589e-04 9.505640831024771929e+07 4.516026299223390967e+07 1.331410583772657625e+07 4.499089432589156723e-01 2.910828437614759058e+07 1.642999275723813357e-22 5.031892512378262238e-22 2.193123731959997892e-23 1.191158762268228699e+00 2.528480103858822406e-23 1.143955016214721551e-02 8.564916636973382569e-03 6.175076208730439879e-03 2.822351961631865414e-01 1.006651015808232227e-02 3.464806319436854101e+05 3.309675221644041594e+05 1.087302646218521841e+05 1.085993594360464831e+00 1.204577565771693626e+05
1.030894762606484986e-03 1.780923284165732563e+07 4.704777173735117540e+06 4.830914077462781221e+06 4.068383890284942850e-01 8.947164073963200673e+06 6.911558581281239416e-23 1.972109375499857439e-23 1.593137461294927921e-24 1.120932511534957543e+00 1.855313939869450305e-24 1.448357033832687810e-02 1.082296940089391528e-02 5.814531480311143675e-03 3.117997609903551681e-01 1.157141952557638222e-02 1.222367110867028241e+05 1.985885551902668376e+05 1.613214017797089218e+04 8.894589357644701044e-01 2.108556199197788010e+04
1.791489772810939867e-03 8.586841083184724674e+06 4.193661207010134123e+06 1.561407164766652044e+06 4.069516098690550421e-01 4.443533406495456584e+06 1.605694116918429817e-23 2.150823801460622362e-23 1.438029428546443214e-24 1.156186542695968544e+00 1.516702872689810826e-24 1.682088249565433583e-02 8.211497036794000032e-03 8.822968754667454006e-03 2.563318055511989435e-01 1.597366107901201926e-02 1.133346280045239546e+05 2.580669191734440683e+05 3.397146674630897905e+04 8.318809545286555140e-01 3.739153248041481856e+04
3.113252411886883054e-03 4.022242524233256467e+06 1.979119348086589482e+06 1.016993410824878374e+06 3.454282915301408741e-01 2.344947908363041934e+06 8.924630201479891777e-24 1.371731841036460250e-23 1.059924692473037840e-24 1.047975879204445127e+00 1.105086806800755741e-24 1.777282154898233643e-02 9.029535161635487972e-03 4.884438185939369431e-03 1.883123387658034720e-01 1.558097607317759578e-02 1.137801213517046272e+05 2.028704650109079375e+05 5.955730149837920180e+04 7.097090671293577735e-01 6.650855626529190340e+04
5.410212621483013670e-03 1.954383948336405214e+06 8.201677974551466759e+05 7.200521747120672371e+05 2.214499180566814607e-01 1.773255847006102325e+06 3.204362451181250361e-24 3.177329275137691485e-24 6.300385470720267754e-25 7.609624736468828532e-01 7.449728257302178694e-25 1.887176235500516094e-02 5.047408014449184660e-03 6.139157837824229386e-03 1.563939917393033230e-01 1.913294234419289641e-02 1.081384354368582717e+05 1.581889231703839032e+05 2.862691169615414765e+04 5.907276955882019287e-01 3.846507507160039677e+04
9.401871977323516399e-03 4.765791964657438220e+05 3.283528586876093759e+05 2.617644004844166629e+05 2.959507230331258620e-01 4.572037535585639416e+05 5.374445199972289728e-25 5.883213782027931369e-25 2.402618376035465828e-25 7.936973596120227015e-01 2.578712354008392054e-25 1.830131651210141486e-02 6.064686873611259410e-03 4.645719637180970724e-03 1.672168649150272968e-01 1.815908118780036259e-02 9.162367997179382655e+04 1.001049081611382717e+05 3.465933537003569654e+04 5.669865866872877413e-01 4.405301722763291764e+04
1.633858091398833132e-02 7.647117638196374173e+04 6.367619866569311125e+04 1.460151538886666458e+04 4.300311765538321618e-01 3.928899620375441737e+04 1.267564255065328123e-25 1.342932917672931819e-25 7.431696070593567099e-26 9.070808240111030152e-01 7.660666634100782313e-26 1.707172666266583774e-02 6.319243242881120159e-03 6.975048733927721734e-03 1.892402753059644616e-01 1.699316613442655721e-02 1.517710379782248929e+05 2.452842127629098250e+05 8.184423647615555092e+04 6.924193099938674711e-01 8.981989988126257958e+04
2.839319945291765221e-02 1.540563632798871367e+04 6.573831009650662054e+03 4.543225260904504466e+03 4.526132400021486424e-01 7.525512737740175908e+03 6.666197560277861120e-26 5.253731339415302806e-26 5.721794390206308418e-26 7.456994892069774838e-01 6.648916347384344978e-26 1.505034911192175764e-02 8.876802389818987463e-03 5.413196659322537865e-03 2.038736131863164158e-01 1.422285561969079994e-02 4.515693648762744269e+05 4.479234212156822905e+05 2.636730552805761108e+05 5.267105095078898902e-01 3.802374855794950854e+05
4.934172554012659223e-02 3.246815714566438146e+03 2.150170551655917279e+03 1.368991266683284721e+03 4.286188570776521267e-01 2.347280610497313774e+03 3.846738220447792145e-26 1.893102578267236645e-26 2.020039121189044119e-26 5.107414247675150509e-01 2.715135861382291718e-26 1.252231833304527295e-02 9.682552159921486296e-03 2.842717459029095797e-03 2.291343080163936174e-01 9.618464329160306830e-03 9.973394998759975424e+05 7.052393727069945307e+05 2.747543457725920598e+05 3.298076384701068009e-01 6.276232305952993920e+05
8.574609153555624863e-02 1.149257506810021141e+03 1.161106340874875059e+03 4.539645070679267747e+02 4.138826441862443195e-01 8.125502670263525715e+02 1.440012825185414087e-26 8.979205740100029174e-27 7.427228892234401847e-27 4.730096591426067310e-01 1.044650128387026884e-26 8.892618588214523667e-03 7.007969923561268438e-03 3.440440156722960469e-03 2.687041945211913196e-01 7.165920490002733803e-03 8.540708802138211904e+05 5.140370741854802473e+05 2.767424029003180331e+05 1.935241773433115930e-01 7.569512701344391098e+05
1.490096289325093804e-01 4.875006937092518342e+02 5.494023452301619272e+02 2.272321813756723827e+02 4.565481941009109090e-01 3.408092673705698417e+02 6.073060821709070378e-27 5.290314512761167897e-27 3.440465184342300988e-27 4.821729791203843152e-01 4.597731128920766277e-27 6.674771537974575827e-03 6.877752571677558588e-03 1.985049950414712223e-03 2.965832485872700874e-01 5.004556307066502716e-03 9.350428446458119433e+05 4.155733615880252328e+05 3.746241159441170166e+05 2.176372238102417256e-01 8.733848708020553458e+05
2.589490566505518454e-01 1.653721899028454345e+02 1.757521396957875197e+02 1.164011016237146521e+02 3.911919642658273633e-01 1.561956250574579883e+02 2.524438060172689425e-27 1.340570258446643250e-27 1.428969107920150675e-27 4.237539472861766021e-01 2.249902005472749581e-27 4.017533227360384207e-03 3.383702138731857316e-03 1.546369613741446899e-03 2.907730074102865547e-01 3.270509918136642671e-03 1.102535036949343514e+06 6.042469996898929821e+05 2.648834058643493336e+05 2.168656980434495452e-01 9.424049488909976790e+05
4.500018852511976086e-01 7.034511055577192451e+01 5.541857466168294621e+01 3.873728322928030110e+01 3.757612179885848058e-01 5.875881442935271792e+01 1.171576359126093562e-27 1.101899629168297830e-27 3.344162681135334224e-28 3.384718295032486113e-01 7.916470970941669664e-28 2.756717561661785332e-03 1.854634380680074673e-03 9.720196842173762976e-04 2.304478412416239019e-01 2.362301432447749729e-03 1.412210040418192279e+06 1.010419119047178654e+06 4.500117421332453378e+05 2.798475901393108756e-01 1.157991889781996375e+06
7.820136491283121716e-01 3.142669918121930195e+01 1.296455999272897941e+01 1.182350050101186056e+01 2.497430670600449820e-01 2.979745108684023336e+01 6.031765315187495007e-28 7.334673836695872387e-28 2.019091127914528425e-28 2.993903205479129248e-01 4.381827235382692751e-28 1.889830686390398624e-03 7.012074934470914796e-04 6.209014831026231016e-04 1.906790435354177859e-01 1.728362234397551496e-03 1.520289891016352922e+06 1.561407998486483702e+06 4.187189822120226454e+05 2.758933039459339764e-01 1.158438788802897790e+06
1.358983967548505811e+00 1.765687866078978274e+01 5.299369338427339926e+00 6.608527561413993112e+00 1.954845817961474164e-01 1.768650473976315496e+01 4.076451785670687091e-28 2.149583658878716236e-28 2.359259744995166425e-28 3.146274786117644329e-01 3.739484948058888752e-28 1.486297936659335735e-03 6.170619241089695967e-04 4.300254965109542079e-04 2.130806963597175752e-01 1.320243336360202519e-03 1.706687292860176414e+06 9.319715645818803459e+05 7.795384540059767896e+05 2.550502158025593769e-01 1.466818134576179087e+06
2.361643465062907232e+00 1.215531299703282642e+01 6.102628494640473633e+00 3.337768694255817792e+00 1.929922890888839671e-01 1.112669116856645957e+01 3.660624473768159411e-28 3.767867386744250015e-28 1.624287627775770948e-28 3.768704731620842185e-01 2.755840824817131615e-28 1.271799421696952854e-03 6.808079234790140322e-04 3.452667136781987839e-04 1.756245954556507616e-01 1.174096257909393835e-03 1.998802416705701267e+06 1.035804737388894428e+06 5.726431011026410852e+05 2.431331735970188868e-01 1.834189856061332393e+06
4.104065970796863638e+00 1.068864991995338620e+01 5.728056886135453496e+00 2.196358639554711445e+00 1.859075554542515829e-01 8.604695042014457229e+00 4.296656936916294989e-28 3.317537701544682154e-28 8.955445040736666670e-29 3.978594000103393147e-01 2.063583879736108209e-28 1.306107661254292136e-03 3.484428313189765706e-04 4.342870179167593282e-04 1.358422684174738493e-01 1.329667174775569973e-03 2.153446212849034462e+06 7.152920392663751263e+05 6.715588464042281266e+05 2.310001683755794066e-01 2.014619642133814516e+06
7.132049245292897410e+00 7.877473777792736165e+00 1.973620111582595982e+00 2.154134251348516216e+00 1.255500668126428854e-01 7.668367863929191230e+00 2.346435336719428451e-28 9.472592718298902789e-29 1.052319011409278745e-28 2.668269843007484154e-01 2.132580942029656259e-28 1.201914594631137622e-03 1.583770312178324827e-04 2.989180806260558669e-04 8.806375130036953047e-02 1.245730884338570703e-03 1.999714016462679487e+06 3.248307503358791582e+05 5.084152431278172880e+05 1.478705638658870669e-01 2.017160239794283640e+06
1.239408108915136886e+01 4.669186351753997322e+00 1.153518070722919120e+00 3.882721360948409028e-01 6.264651783987106037e-02 4.489332297765225022e+00 1.451462323423719722e-28 1.660867984961820961e-28 1.469250380298269473e-29 1.944190619930902253e-01 1.095989907132658159e-28 1.183780139746220834e-03 1.864170240601511434e-04 8.877106255300148269e-05 4.842862844990930560e-02 1.162030432587188820e-03 2.176723040508789010e+06 1.529566575693279272e+06 1.920537714634493459e+05 1.307841477689277720e-01 1.869689020610391861e+06
