# R (Mpc), mean rho (Msol/kpc^3), errup (Msol/kpc^3), errlow, std, mean pth (Msol/kpc/s^2), errup(Msol/kpc/s^2), errlow, std, median rho (Msol/kpc^3), median pth (Msol/kpc/s^2) 
#  nprofs 467, mean mh 9952268161355.890625, median mh 9549107989972.154297 
#  Mass range 12.81 - 13.2 
#  Nhalos 5
1.633845543166654105e-02 5.414331533535349990e+03 6.712217699175318558e+03 4.103057022301297820e+02 4.305478351502914913e-01 4.164936530457137143e-25 6.308292311813497254e-25 5.671080198288924641e-26 1.081998930060426689e+00 1.930336428063977564e+03 9.322919517270436783e-26
2.839298138963486026e-02 3.774194594224092725e+03 3.854790123426503669e+03 1.117116400089680837e+03 4.304577727486240124e-01 2.483383608886446224e-25 3.785213261281301920e-25 3.498370357047285848e-26 5.599933890693081784e-01 2.482884955809108760e+03 7.289272906269899578e-26
4.934134658957302355e-02 2.660877890890690651e+03 2.546019037658856178e+03 4.839586665517947495e+02 2.861378462780517773e-01 1.728703997394080031e-25 2.254253147075796389e-25 5.072797411224628454e-27 3.891898175804101023e-01 1.657788421939759019e+03 6.148291838911535609e-26
8.574543299497019988e-02 1.594875938969576055e+03 1.863312283089630910e+03 3.620998567287443848e+02 3.628320956686686416e-01 9.840186404997082653e-26 1.188513676284808323e-25 1.165694605743448317e-26 3.909932350475107676e-01 8.613697561676690384e+02 4.196625236037705072e-26
1.490084845201332109e-01 8.967347846038352372e+02 9.450809805913875152e+02 2.978199873521817267e+02 3.784333452929048436e-01 4.726334703254310355e-26 4.860048182564488541e-26 1.001349745762340110e-26 3.858548243796428578e-01 5.567782263405581489e+02 2.505406350959998472e-26
2.589470678897760059e-01 5.015397027978393680e+02 6.147364208191111175e+02 9.583456488467379586e+01 3.954853001086071629e-01 2.097792723927111534e-26 1.807950674800184995e-26 6.798163496455953415e-27 3.627130222115404479e-01 2.644382363924623291e+02 1.412808195559861474e-26
4.499984291810734116e-01 2.370294900078232274e+02 2.470600518648956267e+02 5.914018799360999878e+01 3.323153721969199226e-01 7.651983369569746543e-27 5.381778928505250731e-27 2.196098785650680800e-27 2.732234801645213040e-01 1.517533510551929794e+02 5.661087313143914791e-27
7.820076431667862815e-01 7.774831154732615346e+01 2.830046223649777914e+01 1.164554850267126085e+01 1.448029069627178866e-01 2.409284886965954638e-27 1.786786473849015175e-27 4.170150874388151083e-28 2.476592483920863896e-01 6.817979574398073339e+01 1.775495213179538394e-27
1.358973530383588368e+00 2.931982899924953401e+01 3.828147701254088986e+00 1.932311537365606569e+00 4.854131624505980680e-02 7.857961468170454086e-28 4.750219188013498408e-28 1.268239343319216146e-28 1.978061565660723664e-01 2.856129581546569085e+01 6.244355920006198362e-28
2.361625327349063497e+00 1.591743393853024102e+01 5.395585638715871823e+00 1.779483278747708397e+00 1.141703489177193082e-01 4.703450197494699006e-28 2.511456079579247219e-28 1.126232902340277426e-28 2.132639766833771822e-01 1.406658146592657488e+01 3.806123820630557685e-28
4.104034451062715583e+00 1.086760371825160121e+01 1.550677460942710084e+00 4.468947000083343113e-01 5.931759545891188146e-02 3.920086233661596833e-28 1.285290334091467305e-28 2.205179536121942677e-29 1.045786424459084762e-01 1.029907533709723388e+01 3.415360941871336314e-28
7.131994470272771558e+00 8.780831623769103089e+00 2.247147642363923836e+00 2.276710711814089905e+00 1.278734331048416162e-01 4.272446554386997529e-28 2.523334634938738259e-28 8.040848783197762249e-29 2.245229952534028572e-01 8.533959696158426311e+00 3.237329084925370406e-28
1.239398590107599851e+01 4.646904086538306444e+00 4.277918869652328482e-01 1.349130241343068803e+00 8.363497079516010735e-02 2.064028374505021273e-28 1.112604114392101110e-28 8.584186398407834589e-29 2.054773954136155933e-01 5.012600843775231851e+00 1.961618330734070339e-28
