# R (Mpc), mean rho (Msol/kpc^3), errup (Msol/kpc^3), errlow, std, median rho (Msol/kpc^3), mean pth (Msol/kpc/s^2), errup(Msol/kpc/s^2), errlow, std, median pth (Msol/kpc/s^2), mean gas-mass-weighted metal (fraction), errup, errlow, std, median metal, mean gas-mass-weighted temp (K), errup, errlow, std, median temp  
#  nprofs 442, mean mh 1255037529796.500977, median mh 1203070708632.806641 
#  Mass range 12.00 - 12.2 
#  Nhalos 26
1.633850140332886169e-02 2.257145888959309668e+05 6.338741188275962486e+04 1.148849650593482511e+05 2.448983923592871204e-01 2.407403221481841465e+05 6.420999657624758842e-25 3.592301041077782955e-25 2.049944782688436926e-25 3.625211614941801219e-01 4.116162516680434203e-25 8.275429912219502138e-03 5.084558592961815372e-03 1.934686678570439987e-03 2.203952000122818000e-01 6.397792942556772451e-03 5.421854873466679128e+05 1.667606911140793818e+05 6.015582151237656944e+04 5.366018523438083054e-01 1.209635665822406736e+05
2.839306127922774578e-02 5.910508432162961253e+04 2.290766466336618760e+04 3.739588659659428231e+04 2.649092916063008896e-01 6.175265919357941311e+04 4.042702685206353489e-25 2.925292609514339759e-25 1.685495944483671196e-25 3.192656663347527290e-01 2.937340765822780605e-25 5.447926630830420523e-03 2.045936363337858867e-03 1.214401819477735171e-03 1.769548713099166615e-01 4.670575818963977957e-03 9.388098096219488652e+05 6.900935124639361165e+05 2.943499975384688005e+05 5.212783545021505427e-01 4.263371342724107089e+05
4.934148542177373836e-02 1.886035828485296224e+04 1.189644206611644040e+04 5.090251599554892891e+03 2.248619687147090651e-01 1.614313547170404127e+04 1.733549068988153989e-25 7.984467670552552191e-26 6.790400450167715170e-26 2.316099862593640479e-01 1.674264787731048364e-25 3.677350995568253074e-03 1.726365182815959524e-03 9.561130809224442813e-04 1.920879773939029589e-01 2.986409526143367788e-03 8.035462924057603814e+05 3.996766155400017742e+05 4.287462705393818324e+05 3.383312070743541566e-01 7.796748263917460572e+05
8.574567425768368778e-02 6.062222126346390723e+03 8.412054657961643898e+02 1.975223584072629819e+03 1.490696023023077299e-01 6.316752660851161636e+03 7.448613185055033759e-26 2.442226631582538690e-26 2.874990091731745678e-26 1.811008570113558924e-01 7.050765285156737639e-26 2.512651166920107804e-03 1.461809911983327943e-03 7.789428667628918446e-04 1.973375160710567899e-01 2.164791440571882473e-03 8.290386774689587764e+05 1.228696967643402750e+05 2.056753769758691778e+05 1.105757334893430061e-01 8.123510911588130984e+05
1.490089037866766386e-01 2.279740956617656593e+03 6.950350545362366574e+02 6.804194341467443792e+02 1.380758995264705913e-01 2.200349121636624659e+03 2.271858338270521367e-26 8.183157231065554072e-27 4.517289505797396612e-27 1.933479817783737009e-01 1.847989821594294628e-26 1.641949212527998858e-03 3.919387391695405582e-04 5.570925267199481733e-04 1.893719873093521744e-01 1.531789651881792017e-03 6.574373430244710762e+05 2.507430421742454637e+05 8.278373865885083796e+04 1.199094454785963187e-01 5.812133256545338081e+05
2.589477964915226638e-01 6.016212633283611240e+02 2.410565879681539627e+02 1.185312627199160147e+02 1.335651269219424453e-01 5.544903472227479142e+02 3.853454889499499660e-27 2.142128966702260099e-27 9.621239665978983829e-28 2.303418347415347178e-01 3.197385093809701555e-27 1.179533005891915615e-03 4.345197715990469899e-04 3.126648591936499700e-04 2.379737971638528626e-01 1.023842186340460057e-03 4.142756899679928320e+05 8.139159063652460463e+04 8.858828839513933053e+04 1.258530957929355765e-01 3.988434524220720050e+05
4.499996953457924831e-01 1.358187824579563028e+02 6.547114037765507533e+01 3.097974477812095984e+01 1.502295933278118278e-01 1.199600965142602433e+02 5.442874025423461326e-28 3.553707859145640393e-28 2.189957795133972174e-28 3.004932863815610311e-01 4.093970224594271635e-28 7.815653384039282676e-04 3.211944280576353597e-04 3.307391931012583237e-04 3.448400206319436889e-01 6.475527862803190891e-04 2.427599683586953906e+05 6.386860633594467072e+04 8.373337459102433058e+04 1.686082979380489344e-01 2.266896842866953812e+05
7.820098435088842503e-01 5.107358385538667989e+01 1.326635503154193430e+01 1.623162218540091928e+01 2.016551449984675115e-01 4.430549121255266698e+01 2.049666714508449379e-28 1.611455373655585071e-28 7.719330230552919156e-29 4.583390173122360856e-01 1.093287586145232558e-28 4.607044917993613118e-04 3.835836802649862176e-04 2.365261165042469829e-04 5.379088031795471458e-01 3.129761168705710210e-04 1.905355077544366941e+05 1.322956643605037825e+05 6.006231934625803842e+04 2.869875686687580196e-01 1.307166769442103832e+05
1.358977354139910165e+00 2.695200401233905296e+01 2.448286637498037521e+01 5.809716823037890165e+00 2.333189950414523706e-01 1.953419969258321487e+01 1.132575131018096413e-28 2.111130253739477546e-28 2.211064174074818541e-29 6.157636575827488690e-01 3.260839142215068852e-29 5.197892016875598755e-04 7.537535880673949286e-04 3.335587671738955034e-04 6.521195152020463626e-01 3.803630669386012450e-04 1.940432659137671289e+05 2.258366335171967512e+05 6.145816145725832757e+04 4.056499243095356144e-01 1.133749721108439262e+05
2.361631972275968661e+00 1.859818508431824924e+01 1.028525002401965338e+01 3.877167766822516626e+00 1.774274055712004861e-01 1.564583822512748057e+01 9.042106674658807469e-29 1.381956762362871860e-28 2.769421053634980019e-29 5.483590368409511084e-01 4.323972225510521044e-29 6.083261081030357084e-04 5.190420824500085670e-04 4.350623995046291968e-04 4.576587904447522726e-01 5.810414621551362319e-04 2.669559103329739301e+05 3.667962427291801432e+05 9.392540628419103450e+04 4.034231158853524568e-01 1.693043030585842207e+05
4.104045998622196656e+00 1.864459706494779567e+01 6.675514112339943296e+00 4.875230793713093647e+00 1.999168248886684929e-01 1.602496305381047392e+01 5.341050643785857713e-28 1.038448915135962712e-28 3.482461831016020771e-29 6.195154950076858791e-01 6.665309295459882266e-29 7.901266748090775846e-04 2.796211157152777172e-04 2.239511040116712488e-04 2.114369184445819283e-01 7.134968229725422058e-04 8.403853114975044737e+05 2.398799139314841595e+05 7.328006314978920273e+04 4.355613154024853828e-01 2.653549567506874446e+05
7.132014537631209627e+00 1.443126007418251433e+01 2.826747416816182579e+00 2.891380114113609068e+00 1.231084334654275192e-01 1.433616628405183846e+01 2.268033729703135493e-28 6.611129531825864310e-29 1.582393138938201014e-29 5.244740844979264294e-01 6.570011854218677561e-29 7.447634257610376025e-04 1.102797869362683383e-04 9.341821630742450609e-05 1.454000628822968710e-01 7.493598122013482837e-04 7.921215280213573715e+05 1.916120250888600131e+05 8.611949259856899153e+04 4.148442427258948184e-01 3.286770867426127661e+05
1.239402077414812453e+01 3.000073328469290868e+00 5.420041825884180930e-01 3.256672038767818300e-01 7.916929629945032576e-02 2.911075377007131593e+00 5.035798773759233444e-29 9.408279190622879173e-29 5.961863385913257188e-30 5.219833485285098051e-01 1.412927341852777143e-29 7.210723109537697968e-04 2.246788362294123952e-04 1.490017926956679548e-04 1.243050530006847426e-01 6.744237579181625334e-04 9.233620432681023376e+05 1.788591707806247286e+06 1.223561484340956667e+05 4.523584747006461071e-01 3.337783498984495527e+05
