# R (Mpc), mean rho (Msol/kpc^3), errup (Msol/kpc^3), errlow, std, median rho (Msol/kpc^3), mean pth (Msol/kpc/s^2), errup(Msol/kpc/s^2), errlow, std, median pth (Msol/kpc/s^2), mean gas-mass-weighted metal (fraction), errup, errlow, std, median metal, mean gas-mass-weighted temp (K), errup, errlow, std, median temp  
#  nprofs 438, mean mh 4351684137449.510254, median mh 3365885825932.354492 
#  Mass range 12.30 - 13.1 
#  Nhalos 37
3.113231678211726954e-03 8.667987412156298757e+06 6.597349869034584612e+06 8.622886535059114918e+06 7.636234146685054736e-01 9.257357190791385248e+06 9.483445273680176484e-24 6.628011391263358541e-24 4.184540778114999928e-24 2.967824637244659836e-01 7.845747734217664799e-24 1.885904113924540687e-02 4.788957105966325928e-03 1.363335202178374457e-02 3.505296575229954192e-01 2.041810714100478902e-02 9.943762755468880059e+05 2.905697447124624159e+06 4.290037513591853349e+04 8.342244586103225723e-01 6.933658269892475801e+04
5.410176590485145202e-03 2.161189421404341701e+06 2.140397559873192105e+06 1.973091798728943337e+06 8.482705049018568477e-01 2.039607370686903596e+06 3.021380128214966999e-24 3.355502297070797581e-24 6.417816400873926420e-25 3.343575644470889174e-01 1.708636639636039569e-24 1.330681771541731076e-02 8.592663976301210399e-03 8.017451421601845540e-03 3.283373278036543219e-01 1.222917875706947335e-02 1.436710460316983750e+06 3.820567391091981437e+06 5.735216853202611674e+04 9.436466736888794449e-01 8.177988967341621174e+04
9.401809362625560343e-03 6.824297656150633702e+05 5.633999023022740148e+05 5.474584183011401910e+05 6.433156531868708949e-01 5.910683761086354498e+05 2.523018404444362413e-24 1.970147738157765481e-24 9.004941757698772875e-25 3.480914919207334646e-01 1.641047763563891764e-24 9.214435738062616219e-03 4.576250989753402956e-03 4.757964538548934558e-03 2.837627169083156708e-01 8.517852138775636184e-03 1.224061590996838873e+06 2.430712801675749477e+06 1.921972852546497597e+05 7.157460011931042754e-01 2.598237467110101134e+05
1.633847210211432713e-02 1.919641623420439428e+05 1.827904045455383020e+05 1.212023299469352787e+05 4.728410434287810826e-01 1.477817437468339340e+05 1.732034497522647665e-24 1.394530278430781190e-24 4.345870565458666249e-25 2.810677294790034919e-01 1.256927914352427611e-24 6.829828442298213273e-03 3.750612953693411959e-03 2.885686319195614972e-03 2.405070013306975230e-01 6.129529235712087749e-03 1.425853785703595495e+06 2.768480363214498386e+06 4.526859154866822064e+05 4.867922237753997128e-01 6.985480398817330133e+05
2.839301035955283867e-02 5.786746022090962651e+04 4.860107753210663941e+04 1.740367185612214962e+04 3.414582702114917767e-01 3.982570764166941080e+04 1.204803123823915401e-24 9.105301099398798250e-25 3.402605585154836206e-25 3.091468604468373682e-01 8.863900091006489210e-25 4.978187674996180714e-03 2.893166466234812877e-03 1.664504563279324903e-03 2.199957116417105285e-01 4.249827635811894745e-03 2.017129675530738430e+06 2.481512081991606392e+06 5.285614932492083171e+05 3.478816698979019795e-01 1.162663701267775381e+06
4.934139693352049272e-02 2.280148427685545539e+04 1.192812042667771675e+04 1.115097315322015857e+04 2.865316043350601416e-01 2.136724480568514628e+04 6.016611104927787314e-25 4.093556923161987447e-25 1.510616960102950906e-25 2.794372464946716650e-01 4.809221982660391692e-25 3.585213917830324618e-03 1.326306913135178768e-03 1.692358889377944481e-03 2.136205366182393761e-01 3.593985222964266035e-03 2.023777928592047188e+06 9.881330623864044901e+05 6.076828767476340290e+05 1.972498675491528297e-01 1.765019666940632509e+06
8.574552048272386651e-02 1.070533592802184467e+04 3.826505584198748693e+03 4.847128484500483864e+03 2.611681975612533679e-01 1.048051597637577288e+04 3.103805808822997744e-25 1.700986395664060200e-25 8.581746465727427497e-26 2.876552247552371377e-01 2.457415808513826955e-25 2.764250120769539982e-03 1.326230522748408219e-03 8.316843439030662498e-04 2.057719703685112478e-01 2.471972473644717862e-03 2.017392470888527576e+06 1.492150703902755864e+06 4.169911866680304520e+05 1.827846662395689048e-01 1.650142936281518079e+06
1.490086365564239901e-01 5.217182245326420343e+03 1.439900192532885740e+03 1.640183537492553114e+03 2.254697402350829827e-01 5.091967649116383654e+03 1.295930480315740266e-25 7.309666391126343896e-26 3.965638035179084399e-26 2.770007227625853052e-01 9.952078090558875407e-26 2.055219899920848400e-03 7.827718419790999707e-04 6.908635080733575851e-04 1.959898265773082904e-01 1.990022433708217488e-03 1.659828968285682146e+06 1.151720808596273884e+06 3.545159449441641336e+05 1.956257610644903111e-01 1.303604148385450710e+06
2.589473320985681837e-01 1.862537663425663823e+03 7.716756859777299269e+02 6.299586182957384608e+02 2.072695004809664010e-01 1.722980853678850281e+03 4.267438575152708147e-26 5.086887898168230547e-26 8.569709877152740411e-27 3.680018804149348677e-01 2.211485366283998286e-26 1.404507379268043988e-03 9.058437821381837892e-04 2.595313985598241609e-04 2.296004094694522601e-01 1.136209263670766431e-03 1.308424221183850663e+06 1.103394387301014271e+06 3.057505258639251115e+05 2.235993320576436239e-01 9.763439211983705172e+05
4.499988883233312364e-01 4.447017598314845372e+02 3.218765921443190337e+02 1.120382260796566243e+02 2.007836162303802130e-01 3.704354246235077426e+02 7.282197798737862667e-27 1.028874997433752784e-26 2.196240945926668389e-27 4.310274671193775053e-01 3.844516430328199951e-27 8.793337547426154565e-04 4.516524496608171312e-04 3.504632707776673462e-04 2.790911054104481814e-01 7.783777634021559616e-04 8.741948658200229984e+05 5.409945294148317771e+05 2.443126608204921358e+05 2.448334762230642003e-01 6.805552358813156607e+05
7.820084410645824491e-01 1.353407561920276692e+02 7.532055713113646789e+01 5.357607040701826406e+01 2.325993871607457963e-01 1.217475383417056207e+02 2.202766479376736437e-27 7.974869347249122799e-28 9.056333470215535525e-28 5.521540656468154618e-01 1.126534759040318532e-27 8.869857337166865479e-04 7.956788390191904623e-04 6.689506184483136894e-04 4.745198082819111485e-01 8.224748734683134249e-04 6.630330143896669615e+05 2.367660980659008492e+05 3.437970495897001238e+05 3.359977176502887408e-01 5.490676679282742552e+05
1.358974916971039892e+00 6.467783056753199844e+01 2.173138700418390101e+01 1.067567855434682045e+01 2.577376701272008352e-01 4.032418525114239571e+01 4.171847377636608843e-27 3.458351213837205819e-28 1.206921474187473228e-28 6.424170633762222860e-01 1.877603796669031606e-28 5.777469964368811073e-04 3.999649047877145260e-04 3.704312745188138812e-04 4.381736065598088592e-01 5.364960383025803130e-04 6.842852862085410161e+05 2.539673439286049688e+05 1.280676035335967026e+05 3.976916864761738113e-01 2.767825505393445492e+05
2.361627736961885660e+00 2.808865660375224493e+01 1.760347129271619693e+01 6.119843570519108766e+00 2.047746914332126966e-01 2.221417974467035705e+01 3.980320350050488026e-28 2.085118352417929274e-28 4.189899916126581590e-29 5.887520040859925974e-01 7.260877662936578263e-29 5.378526074077016233e-04 5.032567358782425587e-04 1.874822860852110138e-04 3.372383754429622571e-01 4.194959378182818886e-04 4.391133197592672077e+05 3.473757912588550826e+05 9.887488138568562863e+04 3.982605598284582049e-01 2.186103196075995802e+05
4.104038638489875268e+00 1.964703455761149442e+01 6.725151222325411737e+00 5.292430514893617044e+00 1.597131818536203784e-01 1.817273452285283142e+01 2.891010686582122565e-28 9.713894027893295292e-29 3.728048762888793895e-29 4.983118106747392861e-01 7.273167543299834396e-29 5.464496990606104634e-04 1.847553300370553993e-04 1.897339062505184028e-04 2.290409052049705851e-01 5.381758192772167094e-04 5.225170130585727165e+05 2.680707016339327674e+05 1.059753126397391898e+05 3.594952989356940964e-01 2.727357606768583646e+05
7.132001747187159957e+00 1.751500150715333604e+01 8.900637739834156292e+00 2.703884753094740745e+00 1.298928274693083862e-01 1.577311993630760512e+01 4.453691445918975441e-28 1.355426570922006877e-27 3.936202939423361871e-29 6.600075939296694560e-01 8.282288684357768830e-29 6.244587235088344852e-04 3.154146926005763638e-04 1.541437821827721971e-04 1.656481695475787719e-01 5.823794909455180194e-04 1.307069815212098416e+06 3.409882467531306203e+06 1.600131994159501046e+05 5.379314396203258575e-01 3.700322406660997658e+05
1.239399854690385538e+01 1.978667613681670101e+00 2.729015615660832506e-01 2.791615911269822448e-01 7.467965802317452773e-02 1.930329450210965136e+00 3.443680558158257286e-29 3.110643999085077471e-29 4.605661584739226676e-30 5.201692654423858420e-01 9.734740093759085260e-30 5.483762675477393302e-04 2.643780700863087273e-04 7.537256976620110727e-05 1.531911151472447330e-01 4.717881405789076761e-04 9.556808105323687196e+05 8.255081414499665843e+05 1.517784696600595489e+05 4.544213171385542149e-01 3.536016575504824286e+05
