# R (Mpc), mean rho (Msol/kpc^3), errup (Msol/kpc^3), errlow, std, median rho (Msol/kpc^3), mean pth (Msol/kpc/s^2), errup(Msol/kpc/s^2), errlow, std, median pth (Msol/kpc/s^2), mean gas-mass-weighted metal (fraction), errup, errlow, std, median metal, mean gas-mass-weighted temp (K), errup, errlow, std, median temp  
#  nprofs 460, mean mh 2021231286055.971680, median mh 1913313680213.106201 
#  Mass range 12.21 - 12.4 
#  Nhalos 19
1.633852022730607895e-02 2.610409509852200572e+05 3.231547649850066518e+05 1.600869584300431889e+05 4.914501112164734731e-01 2.001286549859764054e+05 1.142577807305881374e-24 1.317749748215906512e-24 4.059221816936948889e-25 3.586422157497666241e-01 7.285405632373145201e-25 7.519012164988847502e-03 4.726875504661386639e-03 3.245419622122719915e-03 2.191338793750319813e-01 7.359937765210765835e-03 6.182951393570272485e+05 5.349554869570219889e+05 3.113982616978108417e+05 4.699024589210417102e-01 4.295983405817018938e+05
2.839309399155095365e-02 7.708421878160809865e+04 6.875963661119333119e+04 3.377238479168259073e+04 4.053842198942837483e-01 5.350500522645856836e+04 6.693995806274300077e-25 4.916241792038021449e-25 4.192601241036741874e-25 3.011587941254627587e-01 6.290349113505817446e-25 5.989071289989233472e-03 3.766910105306632388e-03 2.196906538413486310e-03 2.123970575974708785e-01 5.546618414193440517e-03 8.846228075688168174e+05 4.692284244605073472e+05 3.999425177115673432e+05 2.851256268967427010e-01 7.236972395289918641e+05
4.934154226927617293e-02 2.073498338465261259e+04 1.425128621031252624e+04 1.173349670673160654e+04 3.255289510532088926e-01 1.854140624130940341e+04 3.136367647519415513e-25 1.767880815601542483e-25 1.583748116416410205e-25 2.722875308516740644e-01 3.009594658046337541e-25 4.209405352538229776e-03 2.506141773316148454e-03 1.208519965576500179e-03 1.957159323261729034e-01 3.736159011304146602e-03 1.146557244702356635e+06 3.754026325522637926e+05 3.768806417012867751e+05 1.408139702985449215e-01 1.093573703966010595e+06
8.574577304732042271e-02 8.438456029065622715e+03 2.391249381423111117e+03 6.612157352548616473e+03 3.131520998962843971e-01 1.016191254353220756e+04 1.504060675289534814e-25 1.070615344952072628e-25 6.156880957695579680e-26 2.825934084236239596e-01 1.389578957618330500e-25 3.164655420753156867e-03 9.442131132922351386e-04 1.311224205861924886e-03 2.297017482192980353e-01 3.141792413772571783e-03 1.291134137288569706e+06 2.297576019371917937e+05 3.795794708323748782e+05 1.289605259633610501e-01 1.288245319592947839e+06
1.490090754633893733e-01 3.400854867846271645e+03 1.193469497190596030e+03 1.162436005502578610e+03 2.550306715908007282e-01 3.397491970730088269e+03 5.158828710724637611e-26 2.494054394550537989e-26 1.281295836048639130e-26 2.126588481401953945e-01 4.842279899325071506e-26 2.051738235551944702e-03 9.854086418684552054e-04 7.835446456550194168e-04 1.992657937614131791e-01 1.992260497560350164e-03 1.115256799709853018e+06 1.744754581773995887e+05 3.679484875464702491e+05 1.385438034286274878e-01 1.113503482346622273e+06
2.589480948314561437e-01 1.045188989190121447e+03 4.187037845046952498e+02 3.463147338290950756e+02 1.983922540996289618e-01 1.002466507187945354e+03 1.173981838436100088e-26 8.554682917997892425e-27 5.177684759738784790e-27 2.706221824547004884e-01 1.109538279234720330e-26 1.346324443742748581e-03 9.120510916813117253e-04 3.115634678449015439e-04 2.645613107098730987e-01 1.177624074248136447e-03 7.464014549182448536e+05 2.994752021094193915e+05 2.254501691397717223e+05 1.598783692217741192e-01 7.389991204068396473e+05
4.500002138011764963e-01 2.708163152817617743e+02 1.519311636512464077e+02 4.140282730488755192e+01 1.712019548991788043e-01 2.308984874900924353e+02 1.967312162852788389e-27 2.278779239643595115e-27 5.896098627153140644e-28 3.122943765760339274e-01 1.492708642654448495e-27 9.346742855953776722e-04 8.986071892940990019e-04 5.621327128177881034e-04 3.263549198901222748e-01 8.513652803621947008e-04 4.621300693034578580e+05 1.565562573163720663e+05 1.945994311127913534e+05 1.878803417154813471e-01 4.582177044005836942e+05
7.820107444810802111e-01 1.066046250448837043e+02 5.765321457220497336e+01 5.360691569374777288e+01 2.304280613561299207e-01 1.021766904370572036e+02 7.743931932867974940e-28 6.975044699794237785e-28 5.968415979883037824e-28 5.497390813943183741e-01 6.874416593690851580e-28 9.921593576713082056e-04 1.041029302302317033e-03 6.869850043623676548e-04 5.399750319754511585e-01 8.750364336599842675e-04 3.876667938815152156e+05 1.754512945634917705e+05 3.560042260764357634e+05 3.310279271457032269e-01 4.880059815937808598e+05
1.358978919850138967e+00 4.053774042673020972e+01 1.351754344522524320e+01 1.072483083384479485e+01 1.654590631887095376e-01 3.972142699795183773e+01 1.511078559651339762e-28 1.000002965076575388e-28 8.818887226488586974e-29 4.777160537670128715e-01 1.435494533970728810e-28 5.369718715641396724e-04 4.479313853396829507e-04 3.829939428956520564e-04 5.119785973937520662e-01 4.748714135012043879e-04 2.250342663624341949e+05 7.313445327950609499e+04 1.451023454692980740e+05 3.283550355679776822e-01 2.554429787298059964e+05
2.361634693168501720e+00 2.867710632516005020e+01 1.767172034860600860e+01 4.057077385903355093e+00 1.756695659650831520e-01 2.338629259468822852e+01 1.393235886424049792e-28 1.691589463264872082e-28 4.530952823651412206e-29 5.002280484420357221e-01 7.231558320966061683e-29 5.930355797202672367e-04 3.105571674650658368e-04 3.165049069702866383e-04 2.836750433963861617e-01 5.967843819082565898e-04 2.663709308148093405e+05 1.827796156168221496e+05 1.732818979322212399e+05 3.432473048626349388e-01 2.649713801210110541e+05
4.104050726991497200e+00 2.362357369216960734e+01 9.721948237549774774e+00 4.775864727240721308e+00 1.533014872606100476e-01 2.059964010773909493e+01 4.363427908787762841e-28 6.247474750971111935e-29 4.906052607759695074e-29 5.523452202100954667e-01 8.799694072489788002e-29 6.368716852774284525e-04 1.761409654484336323e-04 1.421694042742173880e-04 1.795362153910962377e-01 5.879127138620691799e-04 7.078940535454025958e+05 1.909885470500431838e+05 1.147233570487062098e+05 4.261167500722591872e-01 2.592656416235405486e+05
7.132022754595307212e+00 2.146634811485759897e+01 9.602012773787620858e+00 1.544244515664424000e+00 9.262502013693085789e-02 1.895890720982502842e+01 3.541438289818272417e-28 1.242201026887407217e-27 2.387900168365803096e-29 5.298403979450461154e-01 8.265736833581351910e-29 6.483800016649185786e-04 3.316063701124874474e-04 1.432545007354987950e-04 1.211664586593265702e-01 6.051201776014834399e-04 8.762770935501063941e+05 2.557635367841662839e+06 7.388646346655680100e+04 4.420671723845053247e-01 3.035186312792722019e+05
1.239403505359512359e+01 1.014658290247337558e+00 1.021115236406913152e-01 9.063656058838720497e-02 6.199536623025132115e-02 9.913816920631999263e-01 1.555186097129737596e-29 8.342804805284937544e-30 1.742150381463857868e-30 4.662169616700443386e-01 5.035592399243662458e-30 6.454291840718581145e-04 1.136646530048119816e-04 1.703552481957562831e-04 1.447139207316351650e-01 6.524979048289428207e-04 8.415581177748768823e+05 5.124066511822929024e+05 1.139032755373639229e+05 4.174743633548022581e-01 3.425728539599422948e+05
