# R (Mpc), mean rho (Msol/kpc^3), errup (Msol/kpc^3), errlow, std, mean pth (Msol/kpc/s^2), errup(Msol/kpc/s^2), errlow, std, median rho (Msol/kpc^3), median pth (Msol/kpc/s^2) 
#  nprofs 454, mean mh 8451721391491.697266, median mh 8504179703143.043945 
#  Mass range 12.81 - 13.2 
#  Nhalos 4
1.633852022730607895e-02 6.308150729267414135e+04 2.368357210124608537e+04 2.690553479504551069e+04 1.879047034399617677e-01 3.263644700628577574e-24 1.292380145974085428e-24 8.984791407998541441e-25 1.914847523003364305e-01 6.463052781853925262e+04 3.074269217371735568e-24
2.839309399155095365e-02 4.790428748706808256e+04 3.607710690077816253e+04 1.607040941754402593e+04 2.664536921552081439e-01 2.722933815537932594e-24 8.422157802810735229e-25 1.348966533744045330e-24 2.568443729000451370e-01 3.828568292782090430e+04 2.966563985472053146e-24
4.934154226927617293e-02 2.567085857419532840e+04 2.577273570052323339e+04 9.035555547530533659e+03 3.570276272690797170e-01 1.854321076859891990e-24 5.600514405989284700e-25 7.059478809013778524e-25 2.550445398693027554e-01 1.762413734679498884e+04 1.924463596236069584e-24
8.574577304732042271e-02 1.433395207337105239e+04 1.112606715965002513e+04 4.748235557502219308e+03 2.731150337288584251e-01 8.158537042651723266e-25 5.792688906003516223e-25 1.942801266595384711e-25 2.403525228147475878e-01 1.126768688003076022e+04 6.307629523705505822e-25
1.490090754633893733e-01 6.569639629220085226e+03 2.585898585258564708e+03 2.433904134606692878e+03 1.752976883723435797e-01 3.653079199897348390e-25 1.711305372796127708e-25 1.769164668005504535e-25 2.277436792227395257e-01 6.496565374098992834e+03 3.680896168748010661e-25
2.589480948314561437e-01 2.853871721409236670e+03 7.033909039096192828e+02 4.476031941261021529e+02 9.796820842139841723e-02 1.058888397058043949e-25 3.985777602052439314e-26 7.653852186600360659e-27 1.246562799144931288e-01 2.730896860936392386e+03 9.040618401641784144e-26
4.500002138011764963e-01 8.512778896896877541e+02 1.838554597736699634e+02 1.286038805412363217e+02 8.141091369919577214e-02 2.207632552388100295e-26 9.248718361788063510e-27 3.731721841437822881e-27 1.567344139906751976e-01 8.247146304433254045e+02 1.942392335063569837e-26
7.820107444810802111e-01 2.437647686628950510e+02 1.283864307981082220e+01 2.654081513398796233e+01 5.037354826171292627e-02 3.184859905942095578e-27 1.390744982542920606e-27 1.122904708304951988e-27 1.905161078546312170e-01 2.503523513812494343e+02 3.056090543327687755e-27
1.358978919850138967e+00 6.592377218804841732e+01 2.300557096219916531e+01 1.275507004440144243e+01 1.344210464594121357e-01 4.360745613052726986e-28 2.873417480643036680e-28 2.380685337100493572e-28 3.117067895818639300e-01 6.099564674679950116e+01 4.123855159426504606e-28
2.361634693168501720e+00 3.461299549598943059e+01 1.226247709027765609e+01 4.146374199873783084e+00 1.307459034303082024e-01 1.855625840821794093e-28 2.254538711324099026e-28 5.339830380150467940e-29 4.299352062987955581e-01 3.071102295252603653e+01 1.028435613269365299e-28
4.104050726991497200e+00 2.361060293286830358e+01 2.053272201222419824e+00 2.032337348995632453e+00 4.771228136309923346e-02 9.217191011202123513e-29 1.816295793381888781e-29 3.083735472488344001e-29 1.973533634138327220e-01 2.360053810006696295e+01 9.826537010772535130e-29
7.132022754595307212e+00 2.398402105498145787e+01 6.615304261025631405e+00 4.865982634345481728e+00 1.065872978687334438e-01 6.676398204337823878e-28 6.857387428065251667e-28 5.376448093709476059e-28 6.677368451104206404e-01 2.314300104215446297e+01 5.964408139743700730e-28
1.239403505359512359e+01 1.101801685334833802e+00 7.964359876589410803e-02 1.057386950707104312e-01 4.076684460986513409e-02 1.840176289560864090e-29 2.349585203115184515e-29 2.572286096800227450e-30 3.872648067791179538e-01 1.114347404712149547e+00 8.342356196401131200e-30
