# R (Mpc), mean rho (Msol/kpc^3), errup (Msol/kpc^3), errlow, std, mean pth (Msol/kpc/s^2), errup(Msol/kpc/s^2), errlow, std, median rho (Msol/kpc^3), median pth (Msol/kpc/s^2) 
#  nprofs 440, mean mh 1911272893913.313477, median mh 1773307924209.524170 
#  Mass range 12.21 - 12.4 
#  Nhalos 16
1.633854802708544635e-02 1.712453345599499298e+05 2.018598466928365815e+05 1.239894285446671129e+05 5.962410638183303080e-01 6.148394177988233970e-25 6.978929977977614551e-25 1.807773696562119047e-25 5.152899170367941650e-01 1.480731293717202207e+05 2.838622812615137670e-25
2.839314230203058426e-02 4.451368412876285583e+04 2.492515243271611689e+04 2.864459678056080156e+04 4.584701961312726559e-01 3.602415794624363839e-25 3.603896548916498089e-25 2.132546022948957333e-25 5.317741635291491908e-01 4.266829899273929186e+04 2.661648510376286048e-25
4.934162622326766084e-02 1.421149691442690528e+04 7.998004514435031524e+03 8.193000242139061811e+03 3.436126731176739058e-01 1.783553942486288112e-25 1.537893335718910211e-25 1.340421818439440038e-25 3.992099216008473395e-01 1.356942750037489714e+04 1.665142045438457929e-25
8.574591894263650094e-02 5.615061362028966869e+03 3.397382961891235027e+03 3.655228600441806975e+03 3.705787116561364836e-01 8.163032723967194934e-26 7.573104567552053310e-26 3.729777376370701467e-26 3.437714230487643463e-01 5.655152083730194136e+03 6.878942575456405135e-26
1.490093290003903781e-01 2.407669845150592664e+03 1.351904088510329530e+03 1.756220671161310975e+03 3.556156764706187579e-01 3.477923798751305438e-26 1.520016231599862191e-26 1.822786534196302729e-26 3.052196613951216331e-01 2.511488851426629935e+03 3.364831638421473420e-26
2.589485354282668461e-01 9.165692810718310284e+02 5.030148952943172844e+02 2.220988997779850251e+02 2.560212606581682704e-01 1.018227465334370184e-26 5.014061376512801095e-27 5.238075677538485269e-27 2.614253917462057708e-01 8.617081628237710902e+02 1.060750463659052926e-26
4.500009794706789079e-01 2.632511524100448810e+02 1.517056948312275040e+02 7.889920936713880906e+01 2.345686142854811196e-01 2.637954586583753687e-27 3.424790582949501976e-27 9.257845323848660612e-28 3.824479468317062980e-01 2.347319532567865394e+02 1.606790819171174838e-27
7.820120750621762928e-01 7.708771082275789865e+01 7.242816953627507814e+01 2.199606037373206391e+01 2.449749444024953704e-01 5.571282546465903464e-28 8.694494905638147447e-28 2.318721897161888397e-28 5.259061084986024204e-01 5.934079536808872035e+01 2.992107853261962476e-28
1.358981232135070272e+00 3.095680708214116095e+01 2.234868404127766439e+01 8.282793115211696033e+00 2.024723430459521301e-01 1.492065393536032435e-28 2.255857115816756394e-28 6.610373716458994391e-29 5.342477866620484184e-01 2.596702335468211231e+01 9.378522126429738473e-29
2.361638711459171702e+00 2.353701868248808182e+01 1.247658275320792853e+01 6.532540565727348536e+00 2.253831847325301618e-01 1.961572164741270787e-28 1.637893853428904399e-28 7.673849280788010463e-29 6.260147761067801353e-01 1.981777308693547468e+01 1.002214697927586679e-28
4.104057709980352797e+00 2.034811942392332895e+01 5.302659228273977732e+00 7.976801358904708650e+00 2.265750637889479557e-01 8.347397855279208931e-28 1.073882204450354316e-28 5.256824809786966524e-29 7.520340822240165757e-01 1.817123366761598291e+01 7.742803834992512796e-29
7.132034889639118802e+00 1.255130294131992308e+01 3.364848462908582860e+00 2.389871221699859660e+00 1.240054459238058571e-01 2.376022294061181515e-28 2.890964505099593548e-28 2.791471393679347696e-29 5.932788768823293868e-01 1.200559019211273082e+01 5.609142824972742151e-29
1.239405614188433624e+01 2.821358592633735007e+00 2.128157061737416811e-01 3.285886933112811548e-01 4.251284899222445429e-02 2.576793855208066377e-29 3.283701859694324050e-29 3.141249068248466421e-30 3.452984581879923742e-01 2.871040838547386898e+00 1.279954229536545549e-29
