# R (Mpc), mean rho (Msol/kpc^3), errup (Msol/kpc^3), errlow, std, mean pth (Msol/kpc/s^2), errup(Msol/kpc/s^2), errlow, std, median rho (Msol/kpc^3), median pth (Msol/kpc/s^2) 
#  nprofs 455, mean mh 1223285012730.858398, median mh 1234466161658.273193 
#  Mass range 12.00 - 12.2 
#  Nhalos 33
1.633847210211432713e-02 2.006593416075700661e+05 1.836068818194610358e+05 1.368575360456239432e+05 4.560832192058743018e-01 7.292617697763070906e-25 5.115932407895380976e-25 4.233035531135858616e-25 4.153926587426856609e-01 1.737222241951324104e+05 6.195262243810669456e-25
2.839301035955283867e-02 5.535330904980569903e+04 6.229334182925336791e+04 2.461682480295735513e+04 3.695925145452429450e-01 3.917311023611758484e-25 2.662515082387550391e-25 2.275133859702258456e-25 3.797548919470582485e-01 4.182248356307384529e+04 3.439406175737489763e-25
4.934139693352049272e-02 1.498638921732357267e+04 4.099179471702947922e+03 8.233692446878851115e+03 2.769624411253879814e-01 1.575979637145320027e-25 5.264428276688637090e-26 9.580292345866278687e-26 3.269575583432179355e-01 1.518232634176940337e+04 1.670122498066153692e-25
8.574552048272386651e-02 5.538733932223552983e+03 2.136800675071427577e+03 2.868533739989077731e+03 2.780575159209789371e-01 5.983969116038775249e-26 2.852975345717835185e-26 3.127182264136260256e-26 2.826347393867313929e-01 5.698081165950812647e+03 5.826661724999883013e-26
1.490086365564239901e-01 1.888725303780598324e+03 7.744752937070247754e+02 1.011512138113543642e+03 2.259118595091909598e-01 1.701415640061707928e-26 6.924746393229130572e-27 4.809232316149593722e-27 2.044692325320875415e-01 1.961122512292178271e+03 1.521331667110698343e-26
2.589473320985681837e-01 5.442534077019685128e+02 1.741180567046686747e+02 1.258316324015207783e+02 1.311854337444813834e-01 3.907231413974576393e-27 1.570642889744639848e-27 1.285838953971040842e-27 2.331350913467765407e-01 5.113751984195639579e+02 3.298965824444522690e-27
4.499988883233312364e-01 1.500038637065523517e+02 4.532456480580515290e+01 4.769246461831207284e+01 1.523577310325331113e-01 8.909205551503610761e-28 1.054829065338395123e-27 3.200802461472112379e-28 3.835834357717730070e-01 1.419995634893096224e+02 5.557788670325790999e-28
7.820084410645824491e-01 6.076046428908564678e+01 2.685523633615382977e+01 2.355648132644158110e+01 2.172201619332094213e-01 3.271019426790497577e-28 3.532302059752066622e-28 1.134784069455475212e-28 5.501613634750729398e-01 5.259528117225411137e+01 1.506131009115570006e-28
1.358974916971039892e+00 3.013694569122850453e+01 2.209537136740537377e+01 8.235909501501824437e+00 2.137631119516336664e-01 1.454101444556869472e-28 1.872987777272504100e-28 4.884419946906822586e-29 5.841650338715732582e-01 2.353893486372578892e+01 6.489478452736444406e-29
2.361627736961885660e+00 2.285135039317574979e+01 1.143381487177918387e+01 6.605847496115043072e+00 1.936272243275893590e-01 1.423739253972446155e-28 1.458155341810598765e-28 5.311490116175390438e-29 5.740764597291689864e-01 2.017732441453336989e+01 7.015714840558252019e-29
4.104038638489875268e+00 2.018041767635891048e+01 8.810393645621395819e+00 4.433041457599788515e+00 1.840184084060826342e-01 5.063524882881774116e-28 1.206519538325236409e-28 3.269810364534661209e-29 5.891704074120877044e-01 1.673161456878078468e+01 6.730374599868409630e-29
7.132001747187159957e+00 1.539961859837754332e+01 3.222197233575542441e+00 2.810796999159908438e+00 1.072661083984029901e-01 1.841149108357120815e-28 5.071486305656122183e-29 2.870518766084215825e-29 4.561537653924469526e-01 1.462998145228241142e+01 6.798022490768735922e-29
1.239399854690385538e+01 1.840525419217801772e+00 1.467929394701912305e-01 2.425615182359441846e-01 5.201633988468822023e-02 1.291063508346247555e-29 5.289546901522116526e-30 2.562906832767872920e-30 3.222362262942823352e-01 1.868122068189630669e+00 7.715508271827553740e-30
