# R (Mpc), mean rho (Msol/kpc^3), errup (Msol/kpc^3), errlow, std, median rho (Msol/kpc^3), mean pth (Msol/kpc/s^2), errup(Msol/kpc/s^2), errlow, std, median pth (Msol/kpc/s^2), mean gas-mass-weighted metal (fraction), errup, errlow, std, median metal, mean gas-mass-weighted temp (K), errup, errlow, std, median temp  
#  nprofs 446, mean mh 11380448799661.933594, median mh 12266536662056.697266 
#  Mass range 12.81 - 13.2 
#  Nhalos 5
1.633847485430494142e-02 5.923361628150441538e+04 4.237175632417446468e+04 1.972230938121425424e+04 2.629183579542527793e-01 4.658910904505345388e+04 2.223138677983887451e-24 2.665606781496001578e-24 2.981575142187858465e-25 3.083442373568181516e-01 1.206212535306054601e-24 5.154360551467758803e-03 2.260273863280598192e-03 1.271390597969343592e-03 1.582830746832237234e-01 4.795678479166124580e-03 3.649612257263612933e+06 4.141373214120287914e+06 1.357332830168090295e+06 4.188309139280881888e-01 2.334221289240432438e+06
2.839301514231197185e-02 3.327077441767332493e+04 1.397380725629387598e+04 1.507688302406738512e+04 2.291771879597593320e-01 3.308703926454031898e+04 1.345382019066451237e-24 1.393320274208892462e-24 2.618547936130371614e-25 2.568213257137336170e-01 8.946766945706845182e-25 4.467262469389130485e-03 1.200139658431646252e-03 1.330360368936823849e-03 1.682775309174946721e-01 4.415248489861048516e-03 3.509423507641218603e+06 2.283917201108427253e+06 2.362933958130721468e+06 3.506118430031331390e-01 3.386307158011321444e+06
4.934140524500327946e-02 1.573944067809743501e+04 5.190649682360362931e+03 3.069781006830198749e+03 1.735086979751574998e-01 1.467041542922057488e+04 7.616018945116916968e-25 5.243439666857107958e-25 1.536578237672019306e-25 2.043830269491037355e-01 6.064117341055850052e-25 3.878761800888833652e-03 1.276309790787388040e-03 8.312845850814471090e-04 1.732432661118522843e-01 3.660902794268360450e-03 3.419046811487480067e+06 1.700311928380719386e+06 1.857000253500635736e+05 1.579304283863533498e-01 2.648795747697222047e+06
8.574553492642551789e-02 7.558568410279028285e+03 4.519723614343625741e+03 7.728078062731738100e+02 1.727561262558630628e-01 6.035499749593856905e+03 4.519602976336542383e-25 1.283742144495330628e-25 9.545371316018153677e-26 2.033061320840707509e-01 4.386222989283357516e-25 3.365351611701131954e-03 9.181410587287284000e-04 8.785600740096647342e-04 2.086388481852920196e-01 3.309103889572689687e-03 4.132667281244369689e+06 9.940251265577040613e+04 2.031930391250012442e+06 1.240060268067352672e-01 4.914302173329687677e+06
1.490086616567007083e-01 4.017036708619612909e+03 2.870915438131560222e+02 2.840323385196088566e+03 1.866178539771572997e-01 5.043082979143646298e+03 2.247856203097433499e-25 1.361722792125474327e-25 9.947342842478003873e-26 2.708527097248462079e-01 2.101179786980950430e-25 2.663879621210939533e-03 8.551470455870871686e-04 8.805113557481241554e-04 1.676272615512816311e-01 2.625672273581432150e-03 3.630069275260215160e+06 5.126800908539127558e+05 1.514940383793585002e+06 1.317046494165687864e-01 4.025769423083653674e+06
2.589473757178498703e-01 2.268021851140700619e+03 9.774361467706794429e+02 7.543070925566889855e+02 1.806296469046159703e-01 2.172546274878196527e+03 9.912849369857122060e-26 7.436551405950898060e-26 2.166055441709681331e-26 2.667236513829308042e-01 7.977004578339860406e-26 2.926467240132457192e-03 2.876089573638712996e-04 8.323988851822866630e-04 1.636813717375085464e-01 3.224232985953425727e-03 2.812383223256007768e+06 5.126701081061530858e+05 6.237922720658872277e+05 1.081569229913019736e-01 2.861701354534157552e+06
4.499989641249551586e-01 9.386411693423715406e+02 2.969785480935555597e+02 1.755280769991543366e+02 1.489331907265788180e-01 8.755596107408726994e+02 2.965785707500048675e-26 1.302018719559526727e-26 1.029767393068557206e-26 2.361418155501898986e-01 2.856673012362655272e-26 2.226967372593191379e-03 6.006025333687454310e-04 6.374566568716124454e-04 1.345614631553230522e-01 2.260119758871840905e-03 2.046188243134176824e+06 1.368228970877919346e+05 4.989514702777692582e+05 1.003236539786287879e-01 2.208344596464662347e+06
7.820085727927073016e-01 2.316240459491716024e+02 7.683413920954944842e+01 4.229110408318857139e+01 1.137469841374007667e-01 2.193739220521914604e+02 4.062235435251375669e-27 2.026249647216477606e-27 9.055831436660663212e-28 1.864169412843797169e-01 3.675295147082018481e-27 1.541065329497744076e-03 4.277558575765060510e-04 2.047031877486520015e-04 1.269450690098331558e-01 1.450987866579352484e-03 1.147259051976576215e+06 1.191515375536219217e+05 1.532968215101314709e+05 7.841036524196981494e-02 1.170793030880193925e+06
1.358975145888284608e+00 5.290567049171814062e+01 1.474917540956671047e+01 4.750620943743001590e+00 1.170703485137809530e-01 4.794593755538554802e+01 5.358288262656327053e-28 2.046734759656137621e-28 2.330382644770517370e-28 2.166068107509153406e-01 5.247125903148408932e-28 1.190675955778435543e-03 1.791723569831210269e-04 4.459490610135920284e-04 1.648791697486502728e-01 1.320588758760228836e-03 6.498800922424269374e+05 6.146302896735141985e+04 2.640768401850661030e+05 1.143110120990020739e-01 7.256269401724620257e+05
2.361628134774462762e+00 2.031952094881204474e+01 1.171626633106614257e+01 1.108671573863572846e+00 1.830778029685132535e-01 1.490384924978689618e+01 1.487713387141952172e-28 1.894860882186450197e-28 1.399719468938843595e-29 4.244130848363205644e-01 5.955906353418102188e-29 9.286540314961240711e-04 9.372100601770028735e-05 1.912371571051921628e-04 9.520101543836302638e-02 9.682424108766494531e-04 3.807494782583326451e+05 2.807895108830383397e+05 6.510140824547511875e+04 2.492036025558139190e-01 2.799216680584662245e+05
4.104039329808901293e+00 1.064127880403651538e+01 7.101635127260621516e-01 1.158687602978661246e+00 5.568013532917270164e-02 1.086758613440545673e+01 4.070692292492593748e-29 3.922549536614754179e-30 1.953530643073577547e-29 2.137833850079127740e-01 4.812191715377154668e-29 7.188972202578821627e-04 3.167922604301035743e-04 1.577391695528568370e-04 1.612446086417449187e-01 6.582116004948961215e-04 2.516235707367930154e+05 2.586852943896333454e+04 8.859659388920632773e+04 1.617943527482918753e-01 2.822871724690817646e+05
7.132002948561937394e+00 1.004153613683218360e+01 2.816930621784889510e+00 2.804217194769764276e+00 1.492581640495394268e-01 9.634909758490206144e+00 3.443645546911474199e-28 5.693433199280678701e-28 3.019388865773022245e-29 6.524138021556916689e-01 5.685330406396581668e-29 9.224236451240815570e-04 2.276349407989879722e-04 9.881784072556356116e-05 1.092752358984242916e-01 8.388842231530789419e-04 1.548938516304923687e+06 2.381156089858455118e+06 1.266914649260024889e+05 5.092876111074459144e-01 3.961484273184100748e+05
1.239400063465394020e+01 4.583254339771416497e+00 6.432683935375544948e-01 1.094208979530386205e+00 8.290220187726041190e-02 4.773391406710538298e+00 1.365404960318820846e-28 2.335021658131924972e-28 3.716309396611593232e-29 5.599361896109567027e-01 5.743103227117969043e-29 9.726661872660593905e-04 2.044067804210423188e-04 1.506955174962333176e-04 8.082094622710961351e-02 9.565156104459190869e-04 1.759625373084832681e+06 2.820664638223745860e+06 4.473151197055235389e+05 4.794792544035954007e-01 8.151622001984959934e+05
