# R (Mpc), mean rho (Msol/kpc^3), errup (Msol/kpc^3), errlow, std, median rho (Msol/kpc^3), mean pth (Msol/kpc/s^2), errup(Msol/kpc/s^2), errlow, std, median pth (Msol/kpc/s^2), mean gas-mass-weighted metal (fraction), errup, errlow, std, median metal, mean gas-mass-weighted temp (K), errup, errlow, std, median temp  
#  nprofs 443, mean mh 4271668338916.161621, median mh 3316694250264.549316 
#  Mass range 12.30 - 13.1 
#  Nhalos 36
3.113231678211726954e-03 8.380113467950136401e+06 6.420668586988159455e+06 8.033433150988151319e+06 9.388078424848682602e-01 8.172787457207354717e+06 7.933330258988517557e-24 9.636239887880475840e-24 2.758044709055691027e-24 6.609963014483278831e-01 5.338108226961836781e-24 1.762279534102020179e-02 6.729945390690102863e-03 1.354276977291521411e-02 3.166202167178480686e-01 1.950054728660492037e-02 1.042437178961000638e+06 2.472892643503577914e+06 2.312491383579626563e+04 8.747461296060775604e-01 4.972342163353555952e+04
5.410176590485145202e-03 1.744512193543923553e+06 3.345779266539050266e+06 4.375929665593322134e+05 8.255536087410568769e-01 4.997171934010416735e+05 2.630667560857981497e-24 2.594409556140854944e-24 9.640011476251378887e-25 3.227231745983414335e-01 1.882929762487710156e-24 1.274499281049614949e-02 9.768932912191441442e-03 4.772959859665654864e-03 2.699523409275489949e-01 1.055093126482024857e-02 1.526532200606106548e+06 2.863215899421385489e+06 2.288719550852179527e+05 9.413557901344870027e-01 2.552968963341314811e+05
9.401809362625560343e-03 4.905953382886095787e+05 7.398402909293125849e+05 2.725093946283141850e+05 7.023050814650144691e-01 2.998154522504626657e+05 1.482691855531248101e-24 7.225330987486421886e-25 5.966234977197827678e-25 3.551138100226837735e-01 1.135361572567659832e-24 9.543199262301831770e-03 3.961237640561535503e-03 3.690814153851595253e-03 2.047664170667823913e-01 8.944810245335488991e-03 1.448315568664634833e+06 2.600538462801282760e+06 2.023439208670414228e+05 7.672638826009084978e-01 2.765115097609502845e+05
1.633847210211432713e-02 1.692952751529791567e+05 2.141317882185824274e+05 9.726900451089101261e+04 5.047316188288568650e-01 1.219817978457002027e+05 1.245712460003219007e-24 9.685631315403938912e-25 4.056249730407961526e-25 3.430388742160690452e-01 9.050879429516175708e-25 7.734908302764108463e-03 3.831905053927264597e-03 2.738955996183445145e-03 2.025907242730781987e-01 7.153391284828802300e-03 1.288582516108979937e+06 1.793986425775416661e+06 4.747119816363660502e+05 5.602702236530948676e-01 6.253643868070999160e+05
2.839301035955283867e-02 5.331521562273422023e+04 5.051543551776725508e+04 2.666954293081496508e+04 3.552200452958596544e-01 4.208653499372358783e+04 8.143238222971700775e-25 5.508652187983432172e-25 3.601653662890230175e-25 3.067174548728316408e-01 6.776199648548830789e-25 6.091240837456852499e-03 3.168323471962883504e-03 2.378755719789807811e-03 2.150956427619969691e-01 5.742609804182382226e-03 1.482267051382834557e+06 1.577571720675143646e+06 7.002397752823573537e+05 3.492706387805761259e-01 1.102640192964937771e+06
4.934139693352049272e-02 1.929276843385935354e+04 1.012812514571748761e+04 9.999619793106208817e+03 3.012071780510840457e-01 1.770034133732227201e+04 5.041716395269873681e-25 3.698081698467714451e-25 1.809696980412948819e-25 3.174425846368099102e-01 4.294033189865134819e-25 4.462445288590096044e-03 2.844861409524295295e-03 1.426967620822649271e-03 2.167207386609451003e-01 3.839261020879546418e-03 2.040050859629758168e+06 1.551234415196235292e+06 5.522436909936887678e+05 2.415530375621519621e-01 1.554756105751133990e+06
8.574552048272386651e-02 8.729615107651470680e+03 3.168845755608399486e+03 5.867452986396061533e+03 3.003492553325268211e-01 9.007828428914453980e+03 2.653178505521073880e-25 1.628611893169452055e-25 1.273046993565355326e-25 3.179142327739660212e-01 2.371351425347567120e-25 3.265484806023454933e-03 2.157749629270359383e-03 9.315623710244979455e-04 2.341923209907014747e-01 2.801455198311654862e-03 2.316927228326948825e+06 1.723757049114223104e+06 7.329355766250609886e+05 2.263718885108008116e-01 1.942127221103297081e+06
1.490086365564239901e-01 4.292155509828430695e+03 1.837395393150247401e+03 2.059852398324313526e+03 2.522914445811939577e-01 4.294933875670342786e+03 1.087284376105870963e-25 7.042701592924116578e-26 3.176033601427868046e-26 2.921280198323943367e-01 9.192224445050103827e-26 2.610879709093241567e-03 1.594808304569881111e-03 7.302639816163590362e-04 2.010639931965004235e-01 2.336581766637120007e-03 1.833060467952029780e+06 1.384047006716242991e+06 4.790760959111675620e+05 2.142093463933101849e-01 1.499063946575590875e+06
2.589473320985681837e-01 1.526092199883230023e+03 5.574044378995320130e+02 5.029278798348382225e+02 2.044153606448803617e-01 1.427449455778315496e+03 3.376775271721699069e-26 3.608472960614544139e-26 9.651933941063147987e-27 3.188046825823117603e-01 2.195502067438222429e-26 1.741578075196878591e-03 9.985003798385573472e-04 5.685532152868084162e-04 2.319500130280640060e-01 1.588682246365752783e-03 1.419001714022865053e+06 1.176788695805682335e+06 4.079302022583731450e+05 2.201659242472414624e-01 1.201009397379708942e+06
4.499988883233312364e-01 4.351797144299620754e+02 1.988575558303992921e+02 1.157434074963146031e+02 2.127251300219088759e-01 3.681976274754218821e+02 8.597237141689920089e-27 8.972216557618796675e-27 2.947398858251564063e-27 4.521285239328098338e-01 4.648508152488774514e-27 1.184066356091663863e-03 8.968958870832757432e-04 5.231724707178662948e-04 2.811781710888955899e-01 9.956139943071186382e-04 1.029029151345769409e+06 6.830283579926970415e+05 3.866575966753448592e+05 2.655194041074569467e-01 8.654836073161966633e+05
7.820084410645824491e-01 1.348694584008898119e+02 7.113772932062293819e+01 4.238050885568523540e+01 2.413865704211677343e-01 1.100337827227603071e+02 2.832327425105926432e-27 1.701918102212913274e-27 7.615740871756394643e-28 5.898987060928229109e-01 1.000898507629657017e-27 1.036444556782392841e-03 9.409369646796671670e-04 6.669654997385345658e-04 4.501612849659161197e-01 9.136478418635134331e-04 7.772830289959223010e+05 3.793524287990034791e+05 4.397277196838431410e+05 3.645029509467302420e-01 6.446187640254518483e+05
1.358974916971039892e+00 6.427476955759422594e+01 2.612720620762100765e+01 1.240834201486034161e+01 2.554260956343127331e-01 4.140883379459553026e+01 4.059483613959582986e-27 3.325443380336061126e-28 1.534818686578753748e-28 6.342882415402085750e-01 2.251444086345909187e-28 7.731071442429327933e-04 5.129947154738714616e-04 4.249998970603560797e-04 3.850102041566098587e-01 6.930331906600079809e-04 7.482892167850106489e+05 1.959262332384348847e+05 2.284212417774505739e+05 3.939930007060337136e-01 3.982378080139239319e+05
2.361627736961885660e+00 2.879343461283976424e+01 1.596950929422477117e+01 7.531401042136870672e+00 2.012535698928383798e-01 2.365297115931259242e+01 4.381668591083220054e-28 2.618389478338973664e-28 7.209099826179635219e-29 5.846423464607112264e-01 1.081424173968288273e-28 7.298784356073844673e-04 3.630386329755814438e-04 3.645488323434889662e-04 2.900427729473245009e-01 7.088901817882858111e-04 4.963522139838247676e+05 3.225084152131725568e+05 1.736001528256875172e+05 3.967707531730415571e-01 3.068701070039537735e+05
4.104038638489875268e+00 1.976480068367974496e+01 6.917468603125652038e+00 5.072821680411964351e+00 1.566562958630460245e-01 1.798005953412971536e+01 2.944201136598652812e-28 7.825363297803853556e-29 4.578738578396285722e-29 4.700462801550843728e-01 8.498426693364293563e-29 6.989582069775218849e-04 1.968410316529248640e-04 2.265940354115722130e-04 1.850370700872758789e-01 6.922283022600676967e-04 5.424827850184282288e+05 2.667629371546588372e+05 1.311832378013727139e+05 3.329014648934562337e-01 3.079117384565328248e+05
7.132001747187159957e+00 1.753466670579145870e+01 8.658440137502658729e+00 2.652471071983383055e+00 1.291366195621978796e-01 1.574047226351968476e+01 4.498851527457302562e-28 1.327247270470415779e-27 3.938410501385470372e-29 6.508054675120438226e-01 8.733840951576195704e-29 7.650399858957026601e-04 3.478696022511806743e-04 1.985986590470083983e-04 1.526786352662571622e-01 7.249601756394219226e-04 1.332535827404166339e+06 3.371645283415347803e+06 1.620981125677334785e+05 5.292002601846346188e-01 3.944570828919993364e+05
1.239399854690385538e+01 1.812276817829648667e+00 2.667448329529222839e-01 2.513467137817524399e-01 7.773464248833354684e-02 1.759999491151197137e+00 3.283641223578851254e-29 4.173297811529200478e-29 4.188665044636715043e-30 5.204890691280621429e-01 9.283423930151795366e-30 6.859041914263275730e-04 2.531151975442700501e-04 1.098296514344050982e-04 1.430950929561453644e-01 6.204382015674371779e-04 9.941835860520458082e+05 1.167155307818928035e+06 1.222249520115087507e+05 4.526860181674386974e-01 3.492361902587630902e+05
