# R (Mpc), mean rho (Msol/kpc^3), errup (Msol/kpc^3), errlow, std, mean pth (Msol/kpc/s^2), errup(Msol/kpc/s^2), errlow, std, median rho (Msol/kpc^3), median pth (Msol/kpc/s^2) 
#  nprofs 469, mean mh 8148230466130.698242, median mh 7845526831531.253906 
#  Mass range 12.81 - 13.2 
#  Nhalos 5
1.633852022730607895e-02 1.634536077710087120e+05 8.613571807256154716e+04 1.345395824065208726e+05 4.174245127952047052e-01 2.543420964511068522e-24 3.000360172862331155e-24 4.549499244153261990e-25 3.982483585119231950e-01 1.747381759233891789e+05 1.349758582267599139e-24
2.839309399155095365e-02 5.711325727263539011e+04 3.286331027701537096e+04 2.876886080835014582e+04 2.647882946366333923e-01 1.976227557660311671e-24 1.330203383161635946e-24 1.181513422465153819e-24 3.798763573409060790e-01 5.391995664954483073e+04 1.807483274193941424e-24
4.934154226927617293e-02 2.163916914475022350e+04 1.621310160905011071e+04 9.128642790469175452e+03 2.821716068186916893e-01 1.162930268164724625e-24 1.383921429481888066e-24 1.950573719979226232e-25 3.396498536888692410e-01 1.828142038302022775e+04 6.758688858757308937e-25
8.574577304732042271e-02 1.095004795709251812e+04 7.888821995763623818e+03 1.784977316494998377e+03 2.783449805829928958e-01 4.526050215207573250e-25 1.286294202980395201e-25 1.915980562820580337e-25 1.832490171826305358e-01 8.073552787719015214e+03 4.609371707165988371e-25
1.490090754633893733e-01 4.850967775145284577e+03 1.753930238849156012e+03 1.128200940097824059e+03 1.254970722328059285e-01 2.194494730135864637e-25 7.845097214305588295e-26 1.517153750417877884e-26 9.101991209555150564e-02 4.579578127883238267e+03 1.953509274163121503e-25
2.589480948314561437e-01 2.487909713277299943e+03 8.590917249232770700e+02 6.168541186103329892e+02 1.285543460248082526e-01 8.563786360755138133e-26 8.632528403692386274e-27 3.024263773100937954e-26 1.086341624168861986e-01 2.349643642482495579e+03 9.449182452642877263e-26
4.500002138011764963e-01 7.364136992179380741e+02 1.213435727571984444e+02 1.833022354157549216e+02 9.545704240519270467e-02 2.043403308477304944e-26 7.646221502128316543e-27 1.447869287134159159e-27 1.302139619012485927e-01 7.562933841381643560e+02 1.730146389368362895e-26
7.820107444810802111e-01 2.330015546898744674e+02 1.334443227588224090e+01 4.331448192665834540e+01 5.599830062937041775e-02 3.283531055336158029e-27 6.758675382890756548e-28 1.055398863221096068e-27 1.307680502674061218e-01 2.453904287114661997e+02 3.380072497941164419e-27
1.358978919850138967e+00 6.593521835245424256e+01 1.673754496610969511e+01 1.505885100752618655e+01 1.089211178677029768e-01 5.533450147683156507e-28 3.660037392832019544e-29 4.435356020708000802e-28 2.343454426546268121e-01 6.428255269648049364e+01 7.168248352438417091e-28
2.361634693168501720e+00 3.718327519115807434e+01 1.839364251985425369e+01 3.584644891924071430e+00 1.333117867727629247e-01 2.564934787560800247e-28 3.485440374076239633e-28 8.874166354237795591e-29 4.414560838464244297e-01 3.120492857596420322e+01 1.503155245182805215e-28
4.104050726991497200e+00 2.468956605178599517e+01 3.850282783200785985e+00 2.275426368468654204e+00 5.957781382723203317e-02 1.120411920195912437e-28 3.553342994686110308e-29 3.002501252957583043e-29 2.172434444216000959e-01 2.411021042638948941e+01 1.131467501852225869e-28
7.132022754595307212e+00 2.435764227560620654e+01 1.878100323663410620e+00 8.699258271733015135e+00 9.725459841151115614e-02 6.902723459447467348e-28 2.645042467720870789e-28 8.471007311314630962e-28 6.166190487720080160e-01 2.690703478951248684e+01 9.084384466475770698e-28
1.239403505359512359e+01 9.278805097087415854e-01 2.264748469926236574e-02 1.026232612684385703e-01 3.511568768773651317e-02 2.620866608813367849e-29 4.489067000183591675e-29 4.011274466397381398e-30 5.020808639669133155e-01 9.618681695122857089e-01 8.572236508162306374e-30
