# R (Mpc), mean rho (Msol/kpc^3), errup (Msol/kpc^3), errlow, std, median rho (Msol/kpc^3), mean pth (Msol/kpc/s^2), errup(Msol/kpc/s^2), errlow, std, median pth (Msol/kpc/s^2), mean gas-mass-weighted metal (fraction), errup, errlow, std, median metal, mean gas-mass-weighted temp (K), errup, errlow, std, median temp  
#  nprofs 446, mean mh 1242107628972.754883, median mh 1248492265205.911865 
#  Mass range 12.00 - 12.2 
#  Nhalos 41
1.633859116181033549e-02 2.067787330589364865e+05 1.241709372236377676e+05 1.814757533999512962e+05 4.699729647514629405e-01 2.202410953271891340e+05 2.921759912323202444e-25 2.970695870376752063e-25 1.254740245303646432e-25 3.066873717300397928e-01 2.340528390975399269e-25 8.330109253222422669e-03 5.093810705575031392e-03 1.804972155774069165e-03 2.006537613563266487e-01 6.755248035240619606e-03 2.214389317217779462e+05 3.608234591423352249e+05 5.801860466021945467e+04 4.895168845766327270e-01 9.944443220451682282e+04
2.839321726159124010e-02 5.867879659719489428e+04 4.865587797403910372e+04 4.353393420253410295e+04 4.069727543395234570e-01 5.692364916948652535e+04 1.849004774145853430e-25 1.330628545961146098e-25 6.628867091856944902e-26 2.850189381664242627e-01 1.389560668480416841e-25 6.304355130253388138e-03 3.029792984276824877e-03 1.652981038595489199e-03 2.109630866104360569e-01 5.246446920479749809e-03 3.820347582736949553e+05 4.717767181805141736e+05 2.238803457368559611e+05 4.455218799797345253e-01 2.991679003731110133e+05
4.934175648805434050e-02 1.532438819077209519e+04 7.411985353077556283e+03 8.381062226918278611e+03 3.124985687048937866e-01 1.455852347548583384e+04 1.028495795465707551e-25 9.386329766604598439e-26 3.200450544000404326e-26 2.518855863543028595e-01 8.318974107798359709e-26 4.507973503752501707e-03 2.648438400827121848e-03 1.247020956299004987e-03 2.272385391292288948e-01 3.827279638511252823e-03 6.049961468638035003e+05 3.082694148701470112e+05 4.556724815708261449e+05 3.158666591654201716e-01 6.559813575763767585e+05
8.574614531689064845e-02 4.469211499634893698e+03 1.887363410035061861e+03 1.360213412930485902e+03 2.029403633020733233e-01 4.346688269802813920e+03 4.721693160823354202e-26 2.471643140217529342e-26 1.264107373616082987e-26 2.163519229365993557e-01 4.403120415275438313e-26 2.938556957299790807e-03 1.473964931280159676e-03 7.873544166220347064e-04 2.347109076531775640e-01 2.398174143310870862e-03 7.520560705742774298e+05 1.643869455004744232e+05 1.978312171349725686e+05 1.596952654545555350e-01 7.174855529684731737e+05
1.490097223937570103e-01 1.856619586923425459e+03 7.977992758372329263e+02 6.737738061747631946e+02 1.842626350018204962e-01 1.821363601564215060e+03 1.863917653603676018e-26 1.093187015148790692e-26 6.248229391646567025e-27 2.205009435650295557e-01 1.646739359500545224e-26 2.064457440751772330e-03 1.375937924670120023e-03 4.165566884494016544e-04 2.318268736380686978e-01 1.641537914402374987e-03 7.079957440952014877e+05 2.741021217460257467e+05 1.282709327538793441e+05 1.643950564231308753e-01 6.070165671038548462e+05
2.589492190675852235e-01 6.148615448647550465e+02 3.138122836392260524e+02 1.287956729746280189e+02 1.485739595617721343e-01 5.521142280859987750e+02 5.179660689239684491e-27 6.331461869227301317e-27 1.418336402314207091e-27 2.827714049415772091e-01 3.737452776549937292e-27 1.447563990438144928e-03 1.119663242685889088e-03 4.568478968758418485e-04 2.514554086048899628e-01 1.151058198889924004e-03 5.330061804212025600e+05 4.033059690969262156e+05 7.592037749429867836e+04 1.874263780576607141e-01 4.133490906277477625e+05
4.500021674996532717e-01 1.623495557082986522e+02 9.527503235672318738e+01 4.063546884621102606e+01 1.854532405672515982e-01 1.390481630697007347e+02 9.895153323745136073e-28 1.274003223444180818e-27 2.928653618771672072e-28 3.671290950586759139e-01 6.182235072191424937e-28 9.570224374142329536e-04 8.695234793629529535e-04 2.650270929245506857e-04 2.894839248121307551e-01 7.363899312668051528e-04 3.531253383677059901e+05 2.706135969065593672e+05 8.346962375615639030e+04 2.019259039288859858e-01 2.744701598898864468e+05
7.820141396199125072e-01 5.029158220235011356e+01 3.062197175001013250e+01 1.659936478213896294e+01 2.409511672784384051e-01 4.057694829767365263e+01 3.025661644770254458e-28 2.734446509952861684e-28 6.320280251233555125e-29 5.461439345399358158e-01 1.011584386297331162e-28 6.825234131271928125e-04 7.181120823530266588e-04 4.020214309203149665e-04 5.405560160122759861e-01 4.942956874841848789e-04 2.663281775160126854e+05 2.361821437838609272e+05 8.586655999152021832e+04 3.240288623413424829e-01 1.820471040599455300e+05
1.358984819925215248e+00 2.511605985607905112e+01 2.221159308800549326e+01 6.517353719993632666e+00 2.717506977072429164e-01 1.721809337520448224e+01 2.089944506810776265e-28 2.269421047231402598e-28 2.115476186102390056e-29 7.026108008201800148e-01 3.361051440717532668e-29 5.980776869698240438e-04 8.779171860082547827e-04 2.580286601087566543e-04 6.164256196921814590e-01 3.359338672228241621e-04 3.056156776236776495e+05 4.231124762625859585e+05 8.857113314506159804e+04 4.586871151792742407e-01 1.554957607921925664e+05
2.361644946323858463e+00 1.535164386329814690e+01 9.692459821766680861e+00 5.611656428397590268e+00 2.357068472085495914e-01 1.280776845691415566e+01 1.186006650301610357e-28 2.037199953536896806e-28 3.410074032280877944e-29 6.848066071685205980e-01 4.119666957676215604e-29 6.666495898471794072e-04 8.262441828596243194e-04 3.773803847794773457e-04 4.444863535493188689e-01 5.217646669501268273e-04 3.712583262687470415e+05 3.613575876696132473e+05 1.570977033685491187e+05 4.754026976029399609e-01 2.192672334477783297e+05
4.104068544933373808e+00 1.489017452238023687e+01 6.667896050262317686e+00 3.375496170742563251e+00 2.624331661981275099e-01 1.057187493773384901e+01 6.782793484812976554e-28 1.146712842771475337e-28 3.471562238337991536e-29 7.768105738405034488e-01 4.912733165447692928e-29 8.733957095887361945e-04 4.946239016506485909e-04 4.084074337835051096e-04 2.713077569335480832e-01 8.588005797519885536e-04 1.060855707899735542e+06 4.149268371459549526e+05 1.626596965803153580e+05 5.231969721077311952e-01 2.933776462938400218e+05
7.132053718629468797e+00 9.572900268698102622e+00 2.865481358063906470e+00 3.198591883596673568e+00 1.506067734691958204e-01 9.207611466485900564e+00 1.632992191910162309e-28 7.314331606416341172e-29 3.149103274018528402e-29 5.352909712393461028e-01 4.636722162535694311e-29 7.868907253966518677e-04 1.863518788608989514e-04 2.505144617478245132e-04 1.449667362639195933e-01 7.994075732403759828e-04 7.556206238057183800e+05 3.110824802446106332e+05 1.296242038176333881e+05 4.006305243528032189e-01 3.220801314906185144e+05
1.239408886291934841e+01 3.776168837199911366e+00 9.250917679225327817e-01 4.431097061509108315e-01 8.892010748233647455e-02 3.565804489688327195e+00 6.891840209319402498e-29 1.884951573870974241e-28 7.066263481708094066e-30 5.181840921407102618e-01 1.876340198362198435e-29 8.049047799566147595e-04 2.177473508076840231e-04 1.554534180613986001e-04 1.085743884311630991e-01 7.896199822873344563e-04 1.020453941124063102e+06 2.849149406790183391e+06 7.708976482697669417e+04 4.439304610241489590e-01 3.353317882722729701e+05
