# R (Mpc), mean rho (Msol/kpc^3), errup (Msol/kpc^3), errlow, std, mean pth (Msol/kpc/s^2), errup(Msol/kpc/s^2), errlow, std, median rho (Msol/kpc^3), median pth (Msol/kpc/s^2) 
#  nprofs 442, mean mh 1948272785794.413330, median mh 1813772477508.212891 
#  Mass range 12.21 - 12.4 
#  Nhalos 16
1.633854802708544635e-02 1.937022156053539074e+05 1.635686829953195993e+05 1.675086989574095351e+05 6.683477898882937973e-01 5.652922079813198433e-25 5.508217655716349979e-25 1.499327439528349132e-25 4.260069281264339258e-01 1.787159645935927401e+05 2.868096679948640655e-25
2.839314230203058426e-02 4.718221545648785832e+04 5.637366201503108459e+04 2.408915541771415519e+04 4.978206049139334288e-01 3.204602153253664593e-25 2.925360995188516035e-25 1.299490765836283178e-25 4.282216663870627715e-01 3.075513371961589291e+04 2.230940116877171646e-25
4.934162622326766084e-02 1.369603371289530332e+04 5.277884160126210190e+03 1.041204208961041877e+04 3.657408811777173030e-01 2.054928905192075910e-25 1.977192562187878215e-25 1.232031179140492580e-25 4.113483252904943654e-01 1.468482647471864038e+04 1.757482891078334680e-25
8.574591894263650094e-02 5.679636665741420074e+03 3.557374077886450323e+03 4.853338486286882471e+03 3.828255594644732751e-01 1.173065770741075017e-25 7.110292087815174295e-26 8.476484698439700287e-26 4.137109342286671709e-01 6.184436586296180394e+03 1.102615101669166879e-25
1.490093290003903781e-01 2.663746346385719335e+03 1.301180138923815775e+03 2.247561720581000372e+03 3.682825143110786681e-01 4.276663375415151589e-26 1.359796547720450489e-26 3.233459104275885399e-26 3.628617168577543128e-01 2.899450168733420924e+03 4.427464756856057629e-26
2.589485354282668461e-01 8.658142802112822665e+02 5.212281154638246790e+02 5.136004295786626699e+02 2.715119244425504008e-01 1.027545022883208678e-26 7.870920385976397070e-27 3.194039031900688908e-27 3.047295749236133000e-01 8.533676639964062360e+02 8.028979256909153884e-27
4.500009794706789079e-01 2.146492656635345497e+02 1.052993646522409392e+02 4.920782499132832299e+01 1.885084663881015088e-01 1.898600359785662025e-27 2.498734205066373397e-27 8.360878313968692002e-28 3.393597561766201753e-01 1.847573720498403702e+02 1.445678798127194017e-27
7.820120750621762928e-01 7.505243938328960951e+01 6.186322503687140539e+01 1.924314781750425851e+01 2.278535922217124199e-01 5.458392359799179958e-28 1.034902423942011125e-27 1.439854626833031080e-28 5.517026099954587259e-01 5.694988439491149990e+01 2.068087543947898206e-28
1.358981232135070272e+00 2.945902273068949029e+01 1.656273986587855518e+01 1.004479773581386226e+01 1.939092752108017292e-01 1.591224297001885756e-28 2.004408422547219693e-28 8.302457788729534892e-29 5.973234739739614607e-01 2.658945056159350884e+01 9.469778508120256600e-29
2.361638711459171702e+00 2.256861338628648639e+01 1.534530941917627800e+01 5.492975029827494637e+00 2.277264549738172161e-01 2.012988448571294095e-28 2.262752876638884548e-28 5.574562735350821751e-29 6.548670784120336208e-01 1.727808699497681388e+01 7.788865753944376222e-29
4.104057709980352797e+00 1.857327659775097572e+01 7.364405142742445065e+00 5.290751551830926047e+00 1.993972467605948373e-01 5.193528567959876547e-28 8.107169814380076757e-29 6.137170521217984516e-29 5.779128137699606205e-01 1.547996497833898033e+01 9.097729977705928585e-29
7.132034889639118802e+00 1.215282820934305619e+01 2.500811664907136134e+00 7.656157907354099734e-01 1.115992152643432017e-01 2.007742864230705434e-28 3.927947776874984678e-29 2.483545657867539647e-29 5.304711081829348585e-01 1.095170107038438800e+01 5.416999424641577161e-29
1.239405614188433624e+01 2.719578538177908733e+00 2.144425405799830209e-01 2.142843146243036401e-01 6.423782680012242452e-02 3.454059569656022759e-29 3.633536264028422315e-29 3.014260391495940210e-30 3.974771274451552316e-01 2.636814026554962886e+00 1.291552508647824911e-29
