# R (Mpc), mean rho (Msol/kpc^3), errup (Msol/kpc^3), errlow, std, mean pth (Msol/kpc/s^2), errup(Msol/kpc/s^2), errlow, std, median rho (Msol/kpc^3), median pth (Msol/kpc/s^2) 
#  nprofs 440, mean mh 1998174600852.724121, median mh 1962846481148.167480 
#  Mass range 12.21 - 12.4 
#  Nhalos 16
1.633847485430494142e-02 1.575647827506603498e+05 4.840407031659767381e+04 7.860714848181411799e+04 2.299731338354508714e-01 8.675409567059475963e-25 9.054400390059565758e-25 2.408676445410330829e-25 3.361825118675174084e-01 1.592134559249480080e+05 6.317534260710577837e-25
2.839301514231197185e-02 4.900087063598720852e+04 2.964754906907887198e+04 1.553898723113844244e+04 2.081836041771131796e-01 6.194408527722007319e-25 4.328186582330274571e-25 1.889944253645579795e-25 2.657365167745927570e-01 4.470990967143829039e+04 4.815188084959947524e-25
4.934140524500327946e-02 1.839505265182995572e+04 8.081615804608853068e+03 4.113502394430874119e+03 1.651782716159862774e-01 3.436270549335662879e-25 2.058731179794358145e-25 1.248523986372525328e-25 2.064392451334959855e-01 1.602131390399625161e+04 3.081922688056141749e-25
8.574553492642551789e-02 8.168475467873680827e+03 1.541549546360645763e+03 2.801592732373313993e+03 1.263869234678259568e-01 1.482031523537588092e-25 3.900675662996906603e-26 4.825580271933531942e-26 1.457466179988300969e-01 8.282232933150042300e+03 1.463111248513700475e-25
1.490086616567007083e-01 3.603236315492931681e+03 1.094786110847056989e+03 6.015160981786802950e+02 9.051299311382096646e-02 4.655946961862569217e-26 1.896749566622790413e-26 7.176135111383487170e-27 1.039869417211403552e-01 3.518730181089123107e+03 4.303376784672248417e-26
2.589473757178498703e-01 1.128369026602261556e+03 1.871509637305928209e+02 2.048369488997151393e+02 6.787955482239629856e-02 9.971771322451674217e-27 2.729133666052691273e-27 3.635833481695832549e-27 1.320610726989495942e-01 1.129165133797011322e+03 9.956221651904703601e-27
4.499989641249551586e-01 2.503957340532630269e+02 1.252193202428614995e+02 5.741588977644011038e+01 1.729255122164537473e-01 1.641389327800803513e-27 1.477657482259026918e-27 4.341362028940325138e-28 3.071350193942467555e-01 2.211277790102113840e+02 1.135511363787679083e-27
7.820085727927073016e-01 6.380114818637331098e+01 4.850722193201490029e+01 1.007550524337037956e+01 2.681100894815460767e-01 3.789586018195210804e-28 3.914846640378258528e-28 6.352142062616436268e-29 5.037845992482615776e-01 4.052927587073216387e+01 1.249594768885969588e-28
1.358975145888284608e+00 2.137368248942974347e+01 1.549914107911938288e+01 6.164912181367782296e+00 2.179830358681401348e-01 9.201088341621648647e-29 9.546362306742763191e-29 2.012421843948820983e-29 5.669612492179419982e-01 1.767303703396738968e+01 3.256712180990854288e-29
2.361628134774462762e+00 1.730849067124464469e+01 2.032822966263957198e+01 4.073512476959104234e+00 2.835807687841984115e-01 1.640640216521783262e-28 2.651365820930614712e-28 3.286681546946315669e-29 7.570257607492124619e-01 1.184101005327221579e+01 4.058792594174548970e-29
4.104039329808901293e+00 1.689325094371049119e+01 6.922315221704002042e+00 5.615883619708269769e+00 2.770212136990897744e-01 8.501333587414730107e-28 1.778091911849124311e-28 6.659846945779982275e-29 8.368652992170106941e-01 1.309097780123591725e+01 8.402487416145226867e-29
7.132002948561937394e+00 8.499970278259439738e+00 1.942456602528512377e+00 2.847403080205930692e+00 1.364890614435302629e-01 1.029454767542350424e-28 4.795918276330008530e-29 3.471744860654619584e-29 4.581826380533708942e-01 8.371213525907212016e+00 5.224055835488228741e-29
1.239400063465394020e+01 3.993762771423743363e+00 1.095908996601946406e+00 1.815120128850655767e-01 6.749541910910916709e-02 7.067140673320689883e-29 1.483557638644073664e-28 1.311084309593841317e-29 4.842624976404598103e-01 3.665485612069034005e+00 2.641072223965377530e-29
