# R (Mpc), mean rho (Msol/kpc^3), errup (Msol/kpc^3), errlow, std, median rho (Msol/kpc^3), mean pth (Msol/kpc/s^2), errup(Msol/kpc/s^2), errlow, std, median pth (Msol/kpc/s^2), mean gas-mass-weighted metal (fraction), errup, errlow, std, median metal, mean gas-mass-weighted temp (K), errup, errlow, std, median temp  
#  nprofs 438, mean mh 212645687524.961304, median mh 200571151981.231537 
#  Mass range 11.00 - 11.5 
#  Nhalos 189
3.113230364662173105e-03 1.131842314257340971e+06 3.719221556052325759e+05 3.380501440958936000e+05 1.734785975212265186e-01 1.120283357437211554e+06 1.310057442170205208e-25 3.542348222236315426e-26 3.118444524861589388e-26 2.217871267733302065e-01 1.007516088055045179e-25 8.003849137742975609e-04 8.447650653313654601e-04 3.682914842595120218e-04 9.377586491724939632e-01 5.852038346934400857e-04 1.307279123341310878e+04 5.507578742936093477e+02 4.041926690799900825e+02 9.758684547963979161e-02 1.188510139529086700e+04
5.410174307797641774e-03 4.017821849768969696e+05 1.417595200522299274e+05 1.042823352902138140e+05 1.588244089310639207e-01 3.825846098124433192e+05 7.355216192082098945e-26 1.686945120684090060e-26 1.011381261722166927e-26 3.201989993758249109e-01 3.645737799650451123e-26 6.895535439773979331e-04 6.983809625525133537e-04 3.329398981121161217e-04 9.222415429213426386e-01 5.437773405637597642e-04 1.849547942424667053e+04 7.768703968923091452e+02 6.503512710325612716e+02 2.330050695445991804e-01 1.177533968787126651e+04
9.401805395769324489e-03 1.320091630286148575e+05 6.380156239682591695e+04 3.982349958392407279e+04 1.746504363828477735e-01 1.206105061868149351e+05 7.157710520174595125e-26 1.291577203656006798e-25 1.387842579950996641e-26 4.853101043690398742e-01 2.617336236569136519e-26 4.920529149827623924e-04 3.590087558842079978e-04 2.605798372720984817e-04 8.732731476678007310e-01 4.348990594150558132e-04 4.042658266237442876e+04 5.290173058621915698e+04 7.003091735625193905e+03 3.690156266164237864e-01 1.880258499972529171e+04
1.633846520850827655e-02 4.860316428056064615e+04 2.568246958453385014e+04 1.876401795280626175e+04 2.173878484776652631e-01 4.394267926509539393e+04 4.126926862818835006e-26 3.625545156541993482e-26 1.874314440578721354e-26 3.622788582231671883e-01 2.957755231857129630e-26 3.152163849244037650e-04 2.462403694287627009e-04 1.745989785840049103e-04 8.214895936216917161e-01 2.852119110381510646e-04 6.368230921004957781e+04 4.513605917092037998e+04 2.752480219322674748e+04 3.014916786848779728e-01 5.101549460706557875e+04
2.839299837983852784e-02 1.794871638832985263e+04 1.167769394760639625e+04 8.701663982702411886e+03 2.486293430715693920e-01 1.681056802052885541e+04 1.851189025843945624e-26 1.254056516307425423e-26 5.504776002254427196e-27 2.741815736520311630e-01 1.376182975791346893e-26 1.986798895354186586e-04 1.335021658893723582e-04 1.063780494801891147e-04 7.742621487215548548e-01 1.827924176111472496e-04 8.790387537651705497e+04 8.770476357915395056e+04 2.808786439053719369e+04 3.069248050106592185e-01 6.127035643908523343e+04
4.934137611516303812e-02 4.123860978886354133e+03 2.339265481395805182e+03 1.507748900708690144e+03 2.231747920339075542e-01 3.695234379449047992e+03 8.398502950746291917e-27 5.123584734121838262e-27 2.329012629971937138e-27 2.317675907277229608e-01 6.593248258420006450e-27 1.253545979401928759e-04 1.084996267166175052e-04 5.897301555784461696e-05 7.312917630004043268e-01 1.019165614197151788e-04 1.585545057536581007e+05 9.885367952959716786e+04 7.179116781036304019e+04 2.536252323308386125e-01 1.411033926530639874e+05
8.574548430456500892e-02 1.074196859152225443e+03 5.714426600597450943e+02 2.563967645058100970e+02 1.574933233455802495e-01 9.752806578268348403e+02 3.292191314769442491e-27 1.807082838381592634e-27 1.077907503767969348e-27 2.346872598744740579e-01 2.731016137684741939e-27 7.905725920596124562e-05 7.073732966763521506e-05 3.316951600427318490e-05 7.043970070170159081e-01 6.199585749393125378e-05 2.037156179455092933e+05 7.905169218367704889e+04 3.933000505229056580e+04 1.499360883104939313e-01 1.798146208360364835e+05
1.490085736859895482e-01 3.939101916696876629e+02 1.675356903010373344e+02 1.139004030657621911e+02 1.681485376389027508e-01 3.599700017703167987e+02 1.069635861221499727e-27 6.271664190308348002e-28 3.987881830965900695e-28 3.014459741973137819e-01 7.791706307322595343e-28 6.023723354298943082e-05 5.412654985329073005e-05 2.459524115935121408e-05 7.526934091595295362e-01 4.862839167493280542e-05 1.778185174617953307e+05 5.156464494854182703e+04 3.436804759997517976e+04 1.902321422280021934e-01 1.378629822311544558e+05
2.589472228422751710e-01 1.407781365504046676e+02 8.001712129935913254e+01 4.190643730796541888e+01 1.950074898769957599e-01 1.236997528927907410e+02 4.009085599600652699e-28 2.641009638916500801e-28 8.422293875017563257e-29 4.131089768854044331e-01 1.669691473110174633e-28 5.133450758348995566e-05 4.726003713568973762e-05 2.356371908507406954e-05 7.391744660935722910e-01 4.143487461581753782e-05 1.516060057823765092e+05 5.696908504292932048e+04 2.960974779335526546e+04 2.552896924054515182e-01 9.462486710054271680e+04
4.499986984576546667e-01 5.639001743202979355e+01 4.206607252510314510e+01 1.646282324401835240e+01 2.489749620795866925e-01 4.312967409496243221e+01 2.802837812789463422e-28 1.485572122215804936e-28 2.812273985695291488e-29 5.671072829398410287e-01 4.363492278425160634e-29 4.494988423323751948e-05 3.953145826981688808e-05 2.185634956586528691e-05 7.853297700447463559e-01 3.292659833348925022e-05 1.434243860440989956e+05 7.740050619110513071e+04 2.915896071240389574e+04 3.406179249587612534e-01 6.933800582360201224e+04
7.820081111158523335e-01 3.334951118616111643e+01 3.031985816993226024e+01 6.219990561069863588e+00 3.512768390438956168e-01 1.670741720843769684e+01 4.492909816809046261e-28 1.156455967011077264e-28 9.600224924405109043e-30 8.221277333786639607e-01 1.376279830040123165e-29 7.282161841618390262e-05 1.169526498613533434e-04 1.461403336384882969e-05 1.065820926076748165e+00 1.825312817966423607e-05 1.922340785835360584e+05 1.608898199368913774e+05 3.090750715403039794e+04 4.850161373715171087e-01 5.619949059472161025e+04
1.358974343585863442e+00 2.357175260046042098e+01 1.837182244366216821e+01 5.070030576796908939e+00 4.067573484400847095e-01 1.010823655291834733e+01 1.073087343724723141e-27 1.148853964228126082e-28 8.001245213201262532e-30 1.002276393059285065e+00 9.896390040981250831e-30 1.187610577685334703e-04 2.565719140212575325e-04 2.650821606207477075e-05 1.185628034677140841e+00 2.932626551505880893e-05 3.028030171302708914e+05 2.239657565587333811e+05 4.251682822050261893e+04 6.066474444582266035e-01 6.403460895115583116e+04
2.361626740532650537e+00 1.274661058410904779e+01 1.036187405764961156e+01 3.783881399951656732e+00 3.343200748048455462e-01 8.063755694083081238e+00 3.289794306643569813e-28 1.093670724834829262e-28 1.236384425548692636e-29 9.090844672691394956e-01 1.411197049649769900e-29 1.316220357359796809e-04 2.115947834272341715e-04 4.978527648412026498e-05 9.232148032546517724e-01 6.146370409992717035e-05 3.294066077886781422e+05 3.456492597377880593e+05 8.557834758237248752e+04 5.923318327205220335e-01 1.121016008095899742e+05
4.104036906894324765e+00 8.600048633168622558e+00 5.958998696284105279e+00 3.303191740162314094e+00 2.574930109543826506e-01 7.256455273261828154e+00 1.130888917690106697e-28 1.065715084603374917e-28 2.573809399680293911e-29 7.812098683834424184e-01 2.857356358074063185e-29 1.711271846516759787e-04 1.507788205840439506e-04 1.090396094129367373e-04 4.834326608099305256e-01 1.431625778290698933e-04 4.435641478260119911e+05 4.861467096992859733e+05 1.905270543071505090e+05 5.407693654741737577e-01 2.403670917602651170e+05
7.131998738018977768e+00 7.801678507846814270e+00 3.123800988207087848e+00 2.338325402357969374e+00 1.930436543201026478e-01 6.859723945435143300e+00 2.026430288402067827e-28 7.328520049712298752e-29 2.221102029624631879e-29 6.485015535050392410e-01 3.701745003483511773e-29 2.245455540000629595e-04 1.102071331467058973e-04 6.916798022903140474e-05 2.305648079108202630e-01 1.929057787028509231e-04 9.743419847347945906e+05 3.776656233442121884e+05 1.528822682839212357e+05 4.717022483226999130e-01 3.652282186080460669e+05
1.239399331756889211e+01 4.686528389266597650e+00 1.613592130134268388e+00 6.419349435247401203e-01 9.294503611904914031e-02 4.370444474243297961e+00 9.699459583619650138e-29 2.861730914460352257e-28 9.765512906591792667e-30 4.944083555033209065e-01 2.784579022502055603e-29 2.398835768588706012e-04 1.470836384918766671e-04 4.963863885548019678e-05 1.384514136121576811e-01 2.149454334569408280e-04 1.174590149524332257e+06 2.851519591343722306e+06 1.376054876387850381e+05 4.150453686047893553e-01 4.592487470981550869e+05
