# R (Mpc), mean rho (Msol/kpc^3), errup (Msol/kpc^3), errlow, std, mean pth (Msol/kpc/s^2), errup(Msol/kpc/s^2), errlow, std, median rho (Msol/kpc^3), median pth (Msol/kpc/s^2) 
#  nprofs 449, mean mh 10464183504402.753906, median mh 11239963713958.425781 
#  Mass range 12.81 - 13.2 
#  Nhalos 5
1.633856291868465010e-02 4.442917362751865585e+04 1.495571160489510657e+04 9.496453901387387305e+03 1.378707185554664816e-01 1.329343317166329398e-24 1.030550121885010871e-25 7.572796304291440957e-25 2.044807470112070258e-01 4.292577856827267533e+04 1.615358355419383665e-24
2.839316818066401488e-02 2.053048512935408507e+04 7.429623562365588441e+03 7.308386523025277711e+03 1.578632010346646963e-01 7.265751962284535638e-25 1.083011122024144469e-25 2.672803389451908128e-25 1.740447061785659333e-01 2.025825862844405856e+04 8.052616894655224531e-25
4.934167119517834238e-02 1.273695387091139492e+04 1.988227574748822008e+03 6.617140188689400020e+03 1.670776478246133734e-01 4.508356003531829502e-25 3.137523286745805468e-26 1.252712675084393078e-25 7.807950799341063786e-02 1.459588025821556766e+04 4.900001121474346201e-25
8.574599709486005472e-02 6.588756413366854758e+03 5.078792735404691484e+03 7.459189057393905387e+02 1.796140454527661023e-01 3.761956981158846142e-25 2.836726818858542393e-25 5.256170951992161121e-26 1.863163641271544380e-01 4.867413150933109137e+03 2.862408891116592173e-25
1.490094648133893918e-01 3.684083477374832910e+03 2.034772219657573714e+03 1.037354328068976429e+03 2.066288182794550066e-01 2.037443361925042955e-25 1.753694767675419727e-25 3.612909651700517462e-26 2.135851833560059032e-01 3.120415881556311888e+03 1.470132027491204937e-25
2.589487714442089139e-01 2.258661575062233169e+03 1.304491727051360158e+03 5.628854098094172969e+02 2.151726381428768209e-01 9.074376733448565798e-26 7.342545984549378339e-26 1.302503769863319119e-26 2.514142637495760946e-01 1.813844651439596873e+03 6.249287692981588737e-26
4.500013896193789109e-01 8.052318072249946681e+02 1.022784794011638496e+02 3.468725045267384530e+02 1.984048549911643922e-01 2.193026753207737594e-26 5.975507603767704076e-27 7.302582566373917488e-27 2.703406319029258986e-01 9.088120866095794099e+02 2.296769688718065808e-26
7.820127878189270243e-01 2.074092482570456468e+02 4.132302811621011074e+01 4.777630852040681475e+01 1.401553829803267870e-01 3.756477164043220610e-27 1.012816627311747471e-27 2.144640909968122757e-27 2.714996478438116978e-01 2.143680323342498184e+02 4.214558187194846846e-27
1.358982470764342532e+00 5.586268295068420286e+01 1.561691629707599560e+01 7.474625694507643914e+00 1.307424569574018036e-01 6.188402791692681007e-28 2.688627800497789978e-28 3.235749017775012502e-28 2.566425999905857513e-01 5.168290514023784255e+01 6.203979833535822130e-28
2.361640863950146940e+00 2.305317806149516002e+01 1.017291423256455829e+01 1.469159701217925829e-01 1.579962713010589492e-01 1.682831053518548475e-28 1.655147440473215009e-28 8.532222469139598539e-30 3.250217381711771880e-01 1.764122234760904817e+01 8.231483436173516357e-29
4.104061450580955395e+00 1.339455764266124049e+01 1.475105746296840437e+00 7.786081764619954271e-01 5.052987754684022670e-02 5.287866820396419719e-29 1.188877592541573867e-29 2.061660074680455324e-29 1.687601690416362932e-01 1.312532242678492977e+01 5.640120966809737516e-29
7.132041390057954899e+00 1.338851995886896873e+01 4.656355452474095102e+00 4.234975346439529886e+00 1.504921039318010412e-01 5.608925849669380817e-28 1.170198475064287563e-27 5.343839295012391057e-29 7.272272828078516493e-01 1.301177457607735732e+01 8.836248472759601057e-29
1.239406743831755797e+01 3.730363897161669939e+00 3.488220791526837061e-01 6.070100892148384553e-01 6.972959769750695924e-02 9.176128792319874642e-29 1.412590533395553429e-28 1.222634019589551267e-29 5.145973358572710765e-01 3.818500925437204430e+00 3.005835402964939036e-29
