# R (Mpc), mean rho (Msol/kpc^3), errup (Msol/kpc^3), errlow, std, median rho (Msol/kpc^3), mean pth (Msol/kpc/s^2), errup(Msol/kpc/s^2), errlow, std, median pth (Msol/kpc/s^2), mean gas-mass-weighted metal (fraction), errup, errlow, std, median metal, mean gas-mass-weighted temp (K), errup, errlow, std, median temp  
#  nprofs 490, mean mh 211872339246.548309, median mh 197494312434.735748 
#  Mass range 11.00 - 11.5 
#  Nhalos 219
3.113246145416726039e-03 2.924526101168340072e+06 1.318222758407905232e+06 6.838758403411556501e+05 1.996069595806040653e-01 2.613382411345647182e+06 4.558545909172718628e-25 3.961931312035995652e-25 1.290730575034090784e-25 3.081687548485795847e-01 3.236205228478526285e-25 1.813278418605401149e-02 6.829652020525621425e-03 5.430788964653057715e-03 1.707781632297926400e-01 1.750251550265339434e-02 1.317669808099488546e+04 3.880963930643951244e+03 1.199391747672301790e+03 8.850101562961756874e-02 1.198222456411437997e+04
5.410201731605981425e-03 8.285806202199065592e+05 4.237754341094705742e+05 1.679590740526062436e+05 2.096898201204526191e-01 7.118891054919438902e+05 1.111057483120588623e-25 6.167103624355763437e-26 2.707579076262998406e-26 2.594193550320613717e-01 8.184828110467890276e-26 1.582691328835163572e-02 5.421721829755234145e-03 5.552561768027080430e-03 1.796132879402224936e-01 1.581603292702671998e-02 1.242289842389325349e+04 1.422299407828933909e+03 2.644285155344332452e+02 1.360083569987327601e-01 1.019691378027552491e+04
9.401853052886184961e-03 3.005391207470482332e+05 1.768702078555398039e+05 9.095532165763754165e+04 2.456110208307147880e-01 2.627042668714778265e+05 5.724959006898598558e-26 4.617407966765521235e-26 1.336678061158738633e-26 3.091219869746887339e-01 3.690050862801133020e-26 1.072984655736914684e-02 4.707044899694066281e-03 3.943725231134628285e-03 2.049078077465036896e-01 1.022816251474932027e-02 1.873182678942554412e+04 8.385387328300284935e+03 8.665120220602693735e+02 2.499841261447804108e-01 1.086920816857760474e+04
1.633854802708544635e-02 1.226214301294324978e+05 5.428237514286815713e+04 4.084082280737876135e+04 2.134042018377876049e-01 1.177677244156811357e+05 3.734948524489665167e-26 3.819400688418012712e-26 1.035809423766638722e-26 3.031236966215586359e-01 2.501211048893145509e-26 6.173546708818548369e-03 2.721757711484966424e-03 2.122341376158428002e-03 2.106538175517251865e-01 5.665239554213285372e-03 2.619986776750583522e+04 1.959794892805214113e+04 4.624227639315175111e+03 2.741696736545912727e-01 1.649783508692654505e+04
2.839314230203058426e-02 3.394348453639204672e+04 1.435484355673547543e+04 1.336887153621919060e+04 2.198830171491171492e-01 3.285429284723777528e+04 1.907371496428218351e-26 1.205899134701484697e-26 5.362299735345253267e-27 2.181342712156775776e-01 1.562912002348501445e-26 3.813013127571096995e-03 1.939932929131802861e-03 1.301123967818826332e-03 2.281580691776428083e-01 3.405714703880213454e-03 5.059877353920032328e+04 4.818472475356055656e+04 1.255815452157695472e+04 2.874109161888120378e-01 3.324753712237854779e+04
4.934162622326766084e-02 4.898293949085369604e+03 2.833314189083761448e+03 1.753752119732659594e+03 2.063866873795370815e-01 4.367065067221516983e+03 8.802249183337743407e-27 4.767258408628537632e-27 2.584290977903635676e-27 1.982591139308728934e-01 7.532335258146931481e-27 2.087422018086354265e-03 1.326913621668946450e-03 7.588262424680399919e-04 2.765225253211546219e-01 1.700391815184273047e-03 1.456098723463135539e+05 9.921830720523660420e+04 6.132661161347535381e+04 2.542335405439776763e-01 1.256475713131288067e+05
8.574591894263650094e-02 1.053488993877846042e+03 4.598152459666587220e+02 2.455006920549553797e+02 1.554182072176789886e-01 9.500740760311305166e+02 3.565229307814190597e-27 2.190095714081764943e-27 9.935771130843205732e-28 2.336148212339112240e-01 2.793806253670935905e-27 9.234284606884975589e-04 6.862436886551206766e-04 3.253369830954327686e-04 3.372934620304597342e-01 6.322043144982375995e-04 2.378490877104366664e+05 8.759265143263782375e+04 5.422380264680867549e+04 1.898525286085887553e-01 1.966094732940554968e+05
1.490093290003903781e-01 3.871693280372477375e+02 1.597798854752643933e+02 1.071478732079585257e+02 1.662496536967993932e-01 3.484800159797251240e+02 1.369601144207612947e-27 1.115068826305039543e-27 4.364588335856620841e-28 3.578534067635396054e-01 8.405667151079072138e-28 6.895073821851995140e-04 4.324464785330767841e-04 2.201077961800988855e-04 3.242445007312827476e-01 4.693670551298813397e-04 2.259260247757527977e+05 1.173632416116693057e+05 4.744907635864155600e+04 2.663828426604877286e-01 1.475785602609417401e+05
2.589485354282668461e-01 1.492364922813768828e+02 1.022330414125239031e+02 4.185109512882920058e+01 2.147152255859473002e-01 1.216793634366698313e+02 6.834631361178208034e-28 6.836114415036182213e-28 1.315543858522504427e-28 5.323177637571077092e-01 2.163070130315212749e-28 6.352092869319843262e-04 6.210255670872385884e-04 1.880290115798447068e-04 3.836257961854479537e-01 3.604862335425225374e-04 2.305283459389164636e+05 2.194004164097405155e+05 4.921863433219404396e+04 3.762886420353125927e-01 1.120378130920795375e+05
4.500009794706789079e-01 6.935446763493729350e+01 5.482675187987438647e+01 1.739414885627738627e+01 2.781126708091213318e-01 4.728136591035121938e+01 4.820302686574771556e-28 4.257126709872712391e-28 6.285026126683157742e-29 6.984595120831583737e-01 8.474078796424197084e-29 7.977266996688953159e-04 1.234721510225206091e-03 2.729435271805714328e-04 5.717890947201198504e-01 3.635388797198774039e-04 2.588142825384153984e+05 3.275708122596846661e+05 7.579297820662635786e+04 4.685659455945013763e-01 1.202718717714553786e+05
7.820120750621762928e-01 3.992581501269668109e+01 3.990510298971284442e+01 1.039277027906087625e+01 3.328959666701560294e-01 2.463204519216930422e+01 5.337353659665436828e-28 4.237932266477717507e-28 4.371914133620196331e-29 8.609409782470560657e-01 5.178187318091284394e-29 1.012685750605503031e-03 1.702337173197335761e-03 5.205325728977392135e-04 7.468954894648456300e-01 5.916154017632705266e-04 3.256008994010083261e+05 4.315657590023763478e+05 1.080950786630657676e+05 5.641009717633211906e-01 1.411909041021979356e+05
1.358981232135070272e+00 2.873238683567136320e+01 2.412600421414104090e+01 9.141156593065025149e+00 3.398694365240346738e-01 1.858684503483164718e+01 9.150175336025586082e-28 3.238629594962866415e-28 4.916084694949644826e-29 9.105771190072584620e-01 5.431146408498734870e-29 1.326911377614289076e-03 1.256166221380133159e-03 9.013513631469455625e-04 8.324534046286001798e-01 1.145376823885291837e-03 4.429742766103313188e+05 4.302647739626127877e+05 1.568527139185253764e+05 5.927524481204893281e-01 1.942747573316417984e+05
2.361638711459171702e+00 2.131668222687517655e+01 1.436846160349360524e+01 8.068377091573244897e+00 3.091323481930380868e-01 1.579526651491716827e+01 8.038083732735051124e-28 2.293308324272811035e-28 5.125395204771075861e-29 8.450965291202637841e-01 5.867830882039525070e-29 1.399452870853175844e-03 9.859699413900884467e-04 7.456308153999344776e-04 3.942151177664945383e-01 1.322380786319641947e-03 6.045421417249084916e+05 3.636909136646006373e+05 1.961210524245475535e+05 5.523507024172694679e-01 2.652114729710230022e+05
4.104057709980352797e+00 1.462809673409445388e+01 8.188589225639130831e+00 4.287096798929008301e+00 2.139290333825733803e-01 1.254737951898384196e+01 2.862510149982510278e-28 1.436327448261455465e-28 4.364973677340364900e-29 6.216505259988162058e-01 6.317650092013649788e-29 1.475477580130589396e-03 4.983739562683402093e-04 5.115769846965573893e-04 1.917300031530312920e-01 1.462884792915712271e-03 6.895025701373822521e+05 3.543444352457178175e+05 1.675948979305279790e+05 4.207551417688858431e-01 3.297587707226047642e+05
7.132034889639118802e+00 1.246501622172923796e+01 5.116246280538877755e+00 2.846505742873493006e+00 1.319668296352183579e-01 1.148028796523121997e+01 2.515179362091334345e-28 5.038960660636114177e-28 3.255961466434242607e-29 5.624844102510099253e-01 6.238069661665950750e-29 1.509428479996547008e-03 4.393754628656035797e-04 3.113827301191309741e-04 1.120157974094694031e-01 1.462086742141553318e-03 9.836122425093901111e+05 1.995411402781138662e+06 1.498723139536791132e+05 4.420194127734211054e-01 3.732876646799109294e+05
1.239405614188433624e+01 2.999769279091000662e+00 7.357970399415227902e-01 3.665284583452064204e-01 7.928018208192508243e-02 2.862945657209549744e+00 5.001732239961906278e-29 1.049624633878719629e-28 4.978507576238631874e-30 4.622501714846974363e-01 1.575272743838213501e-29 1.500736996122366143e-03 3.693394333803422420e-04 2.034418079377760952e-04 8.008452057291542969e-02 1.436071823789770692e-03 9.396938940737834200e+05 1.843599215985570103e+06 1.020710049050832749e+05 3.932576622565960855e-01 3.858830472039580345e+05
