# R (Mpc), mean rho (Msol/kpc^3), errup (Msol/kpc^3), errlow, std, mean pth (Msol/kpc/s^2), errup(Msol/kpc/s^2), errlow, std, median rho (Msol/kpc^3), median pth (Msol/kpc/s^2) 
#  nprofs 476, mean mh 1223792171464.060791, median mh 1206119851692.300781 
#  Mass range 12.00 - 12.2 
#  Nhalos 32
1.633851471008279307e-02 1.400175951957149955e+05 1.982737519856004801e+05 7.544995886069127300e+04 6.874563053684430436e-01 4.658808699190220270e-25 4.185564616971819303e-25 1.046709527122275037e-25 4.929523636685830823e-01 8.657330308721042820e+04 1.896311677776939537e-25
2.839308440371576120e-02 3.772970289049299754e+04 3.658915943490601785e+04 1.944567404486185114e+04 4.972623448869870066e-01 2.805692661425465694e-25 2.513333942635620518e-25 1.369499911792331523e-25 4.774214630396247938e-01 2.705825859597368981e+04 1.836163132135748329e-25
4.934152560752818467e-02 1.057976308084202901e+04 1.098302830868052297e+04 3.678660756484402100e+03 4.082668677296147908e-01 1.057008838390488598e-25 6.731272072250801063e-26 6.037237507564580482e-26 3.773762358163864072e-01 7.086443443051453869e+03 8.958569109811236574e-26
8.574574409252104512e-02 3.825206551424584177e+03 2.670108424824812118e+03 2.068294347460434437e+03 3.776436512363093856e-01 4.640881965271288951e-26 4.078624895331261963e-26 1.625046577578890854e-26 3.167433058558231651e-01 3.168427600938157866e+03 3.688207160332707225e-26
1.490090251457148740e-01 1.673754881383058319e+03 8.044781240754803093e+02 1.223151196367838338e+03 3.294338382746031524e-01 2.090288166658291448e-26 9.080794524213607235e-27 8.353182279082464596e-27 3.198061212416076771e-01 1.726763951526211031e+03 1.693214809582328157e-26
2.589480073893599132e-01 5.633573324886554019e+02 2.115297665956953779e+02 2.048209359181635705e+02 2.486393446961352727e-01 6.217866204424933599e-27 3.053348074180806075e-27 2.296396598583825980e-27 3.461510110999759804e-01 5.491294418482535775e+02 4.482392125943587717e-27
4.500000618442288047e-01 1.725034135166265514e+02 8.224197607080625971e+01 5.225603405151406378e+01 1.982518906246815982e-01 1.833010362551039012e-27 1.713504819896474864e-27 6.132830890485758287e-28 4.347996578031300685e-01 1.554833229975263862e+02 9.925327065329578578e-28
7.820104804101706275e-01 8.421522817128558813e+01 5.453641063218350382e+01 1.803048537137670593e+01 2.387166722106668082e-01 9.064289806141750711e-28 7.399111059134993505e-28 2.274651004128128846e-28 5.427774506187239556e-01 6.496559942139643340e+01 3.406722490949006457e-28
1.358978460947493527e+00 4.466783002773883737e+01 2.396792684998086997e+01 1.850931117825388483e+01 2.569495531655482945e-01 1.130477923483836679e-27 2.937797551776416052e-28 1.122570193054232495e-28 6.719609903265103545e-01 3.613013183864228495e+01 1.460863357060177918e-28
2.361633895687103912e+00 3.102892891135243048e+01 1.286013436810646837e+01 4.617168337897116004e+00 2.158766795813958916e-01 1.011395451137915206e-27 1.493659805969049373e-28 5.977963312451205933e-29 6.062726057850229555e-01 2.343977626143661652e+01 9.152101377479848116e-29
4.104049341127662842e+00 2.219298637883398229e+01 7.748289463494892004e+00 5.595877698257334387e+00 1.421176834392019750e-01 2.784790687296764728e-28 9.395811644263520539e-29 5.644724240093118152e-29 4.380120684791984353e-01 2.026851713965988111e+01 9.917324769799567618e-29
7.132020346239977826e+00 1.790440490219787861e+01 4.083316753628078999e+00 2.118838715060187283e+00 9.430974649228614226e-02 2.466328477206494696e-28 2.024512898981812160e-28 2.738671668384719080e-29 4.698359101043125818e-01 1.685354110165017971e+01 7.762774791791553748e-29
1.239403086835325674e+01 1.585981807996487580e+00 2.202072730499835540e-01 1.480690011319287791e-01 7.430119615483675444e-02 2.461221684931991351e-29 4.805265553326158962e-30 2.148857690443637221e-30 4.849569392691501779e-01 1.519503183925380307e+00 6.821989510700391517e-30
