# R (Mpc), mean rho (Msol/kpc^3), errup (Msol/kpc^3), errlow, std, median rho (Msol/kpc^3), mean pth (Msol/kpc/s^2), errup(Msol/kpc/s^2), errlow, std, median pth (Msol/kpc/s^2), mean gas-mass-weighted metal (fraction), errup, errlow, std, median metal, mean gas-mass-weighted temp (K), errup, errlow, std, median temp  
#  nprofs 437, mean mh 1230190312910.357178, median mh 1179833057615.586670 
#  Mass range 12.00 - 12.2 
#  Nhalos 35
1.633859116181033549e-02 1.409471428494908323e+05 6.722461433628688974e+04 5.981265690808811632e+04 2.789633537055553614e-01 1.300806966829251760e+05 3.445409155727984351e-25 2.648764408597204187e-25 1.253956675900876878e-25 2.740482135213269110e-01 2.918783058475759389e-25 2.463410906428578542e-03 4.897060565842762357e-04 7.626291517930437573e-04 1.426908630963913960e-01 2.501144254820446711e-03 2.544021345579205372e+05 2.040107864063368470e+05 1.066095311391884752e+05 4.027292265030010809e-01 1.846885454152528837e+05
2.839321726159124010e-02 3.994684215040363051e+04 2.893281883753748843e+04 1.338079552080193389e+04 2.735619316686529467e-01 3.249680320869662683e+04 2.243998862487171200e-25 1.080829087130798867e-25 7.108958183907394567e-26 1.984840923254666822e-01 2.054416138918627513e-25 1.723927613606035872e-03 6.283879967035859836e-04 5.818870857055679757e-04 1.519155271176092503e-01 1.638282109662240029e-03 5.561267033575357636e+05 3.893812006602954934e+05 3.017534937723820913e+05 3.438974732034959514e-01 4.773214532166770077e+05
4.934175648805434050e-02 1.331237620027175217e+04 6.768258799634804745e+03 3.257875696171957316e+03 1.638439521152164624e-01 1.178955889879628739e+04 1.267149242751154203e-25 6.435440569189437609e-26 4.010125521588223233e-26 1.683612911585121996e-01 1.215340857291913799e-25 1.224478067200386296e-03 4.934731265665082741e-04 4.257779353854467376e-04 1.869796236939142431e-01 1.124202555581666320e-03 7.604887975829800125e+05 4.321629904888502788e+05 3.493920169229399762e+05 2.549810202955006266e-01 6.929563323750270065e+05
8.574614531689064845e-02 5.295487855258423224e+03 1.157463114921162742e+03 1.006935212468429199e+03 9.019665857304205725e-02 5.217262730186816952e+03 6.355571217068366364e-26 2.825858275592955645e-26 1.644235530021845334e-26 1.446052334347938673e-01 5.933855207253812806e-26 8.212759053319088325e-04 3.885636137435390363e-04 2.502583739602557214e-04 1.995436364129860307e-01 7.175108720763735508e-04 8.080648268673301209e+05 1.624429831116432324e+05 1.757903731467501493e+05 1.016871248524534033e-01 8.118391585611500777e+05
1.490097223937570103e-01 2.379221358462384615e+03 4.976754283078093977e+02 3.033551284232094076e+02 9.497144986307662351e-02 2.331859291423805189e+03 2.241915494140491392e-26 6.672028934594367766e-27 6.019549254437075689e-27 1.462698143283908125e-01 2.172282744938257202e-26 6.225405661732998520e-04 3.257626165210230924e-04 2.007060819843163482e-04 1.976359591947977612e-01 5.504362836564352136e-04 6.277493599287340185e+05 1.059575995626084041e+05 1.121429188834168599e+05 8.208778002818048480e-02 6.269746193673524540e+05
2.589492190675852235e-01 7.326480960260537358e+02 2.513968379716224035e+02 8.460745980324691118e+01 1.135236242470973878e-01 6.679718467404583180e+02 4.790617712415644604e-27 2.774023173900036554e-27 1.112822216892293411e-27 1.988547653729118292e-01 4.125783034831947863e-27 4.614621324303320483e-04 2.058684142541019973e-04 2.217988250415033166e-04 2.263148342916875000e-01 4.517666827751618051e-04 4.259779814175688662e+05 1.207149299063015496e+05 7.780788768183067441e+04 1.047774398118419270e-01 4.085646695898487233e+05
4.500021674996532717e-01 1.606443890637696938e+02 9.031580275751025511e+01 2.300764467458978402e+01 1.604173575525063566e-01 1.307811769601655669e+02 7.508244979141515927e-28 7.241584117221031525e-28 1.663183350869177373e-28 3.051954336374052557e-01 4.714821551649617058e-28 2.909350687165684381e-04 2.070921167421312364e-04 1.166337172350373865e-04 2.721273128140350162e-01 2.372952856092461031e-04 2.815251365582360304e+05 9.424933416510478128e+04 5.250787785186560359e+04 1.702521600613194075e-01 2.461789984444109141e+05
7.820141396199125072e-01 5.028954308784316396e+01 2.297231507289859564e+01 1.607452383524776707e+01 2.293943923989128775e-01 4.045747791054530751e+01 2.878438890670857559e-28 1.564972450059412333e-28 7.172882930183902249e-29 5.298899466253462753e-01 1.018546160691428964e-28 1.701782053748052657e-04 2.189049793629434617e-04 5.623848688229178674e-05 4.452683807243469349e-01 9.490170626818836069e-05 2.383752917390305083e+05 1.834357549059642188e+05 7.900046506909525488e+04 3.202282554073362930e-01 1.600971774068547820e+05
1.358984819925215248e+00 2.847636125917805927e+01 1.996908093671243378e+01 1.186004775455258375e+01 3.105159733838632752e-01 2.223036839024750222e+01 3.179286876437945247e-28 2.946012650376713098e-28 3.636522351400868626e-29 8.037989276413958217e-01 4.505032486376202038e-29 1.821958522649785742e-04 3.606605704618205828e-04 3.938426046495857591e-05 7.123076367964742417e-01 5.871777761381644453e-05 3.417279482373195933e+05 4.607821003203118453e+05 8.764861777290761529e+04 5.209000309940088336e-01 1.352505319460418832e+05
2.361644946323858463e+00 1.582434306566850779e+01 1.176862290755006946e+01 3.747002264135817384e+00 2.426931856625907380e-01 1.183113060989699328e+01 1.452473507596289919e-28 2.296182188226253398e-28 2.476518993866179849e-29 7.498793190995514113e-01 3.157534862683521273e-29 1.984340277383891862e-04 3.109368000562403797e-04 7.583039310970639182e-05 5.944495670895841855e-01 1.019474855344028221e-04 4.042731773311952129e+05 4.348397475595226279e+05 1.191177592951005208e+05 5.350363817698442492e-01 1.742738964227082615e+05
4.104068544933373808e+00 1.610825487114624721e+01 8.829809154565671392e+00 4.445532301340097803e+00 2.865006310899375630e-01 1.152877704579788976e+01 8.527971286823265604e-28 1.575523387471810700e-28 4.734059932977662586e-29 8.516964101213638783e-01 6.022427261266415673e-29 3.181409550033452980e-04 1.750362463938526908e-04 1.806057680513527654e-04 3.948054528088097426e-01 2.902694806468559294e-04 1.246598957249549218e+06 5.122925564303886495e+05 2.127710264117667102e+05 5.760986374408622046e-01 3.366967386856976082e+05
7.132053718629468797e+00 9.745015895320701560e+00 2.801600497582986904e+00 3.269781748581411129e+00 1.578704113595836289e-01 9.336596518888940821e+00 1.989007507714870291e-28 1.026975063410710526e-28 2.748212069166830318e-29 5.659471718652493433e-01 4.550165741480704342e-29 2.723304663988009174e-04 1.172549840324579613e-04 8.271579854915694485e-05 1.865859203099788921e-01 2.536493296463232560e-04 8.774256601823762758e+05 4.443837702801334672e+05 1.145654589001937711e+05 4.260421835802327140e-01 3.257724210936143063e+05
1.239408886291934841e+01 3.891179603759495009e+00 1.078033349581683176e+00 3.103812515183888010e-01 8.363670547985357917e-02 3.634339253903825728e+00 6.387955424190594486e-29 5.094595966648531835e-29 8.006718282319622846e-30 4.625713589829018590e-01 2.174450038558528991e-29 2.831301966438099947e-04 1.151297127847016521e-04 6.363225283401467355e-05 1.406174306779156835e-01 2.643183818399612198e-04 9.317519752618301427e+05 8.374806140680289827e+05 9.438148910809156951e+04 3.938823580647322631e-01 3.797798935239724815e+05
