# R (Mpc), mean rho (Msol/kpc^3), errup (Msol/kpc^3), errlow, std, median rho (Msol/kpc^3), mean pth (Msol/kpc/s^2), errup(Msol/kpc/s^2), errlow, std, median pth (Msol/kpc/s^2), mean gas-mass-weighted metal (fraction), errup, errlow, std, median metal, mean gas-mass-weighted temp (K), errup, errlow, std, median temp  
#  nprofs 434, mean mh 4469607445537.192383, median mh 3502555782367.567871 
#  Mass range 12.30 - 13.1 
#  Nhalos 37
3.113237261443055608e-03 7.943128235768795013e+06 1.156821965335981175e+07 5.385158032062319107e+06 9.725959303946697387e-01 5.520621955769459717e+06 1.388197014136172060e-23 9.413802636928366615e-24 5.409636784430474754e-24 5.344281825435167610e-01 7.092111711291742452e-24 1.539330824361062437e-02 7.005420733770782032e-03 7.705291699723138335e-03 2.639475879883264042e-01 1.519736992001209999e-02 1.037324817392491153e+06 1.944600507933042943e+06 1.591185912558561831e+05 8.024013432649133026e-01 2.015263177739594830e+05
5.410186293029174698e-03 1.893517777713403106e+06 3.268197230084687471e+06 4.384959669721711543e+05 8.060805669613840818e-01 5.134136311530870153e+05 4.234522471576831964e-24 3.688127509101392191e-24 1.026232833247581397e-24 4.953222883561868017e-01 1.953254847697784409e-24 1.207582229281364307e-02 5.935020090404819967e-03 5.603480796188949065e-03 2.645073733214066136e-01 1.176786103367633875e-02 1.183595071183579974e+06 2.327371142073347233e+06 4.977031739254097338e+05 8.723826637876536116e-01 5.214672180533717619e+05
9.401826223714616557e-03 5.798315480692049023e+05 8.858248578773613553e+05 2.125147286038685124e+05 5.633179995289840924e-01 2.858428876547995606e+05 2.105355647273404421e-24 1.659078274649814657e-24 9.765362881604574060e-25 3.456058018121063169e-01 1.652613409855969426e-24 9.895536414127931515e-03 4.707849955263051014e-03 4.141146893789823466e-03 2.045102703009261391e-01 9.634239715472853877e-03 1.067723790715186158e+06 1.911537869946548250e+06 2.296404714328640548e+05 6.892616944721327021e-01 3.073749013423990109e+05
1.633850140332886169e-02 1.898164223661899159e+05 2.204425656861833995e+05 9.614312949416406627e+04 4.597706948869104693e-01 1.379689740091233980e+05 1.293302709468496900e-24 9.565580259412689016e-25 7.423387824785388300e-25 3.254194233691324323e-01 1.183909181270150832e-24 7.664187200289419855e-03 3.242806838624517907e-03 3.241944851025847958e-03 2.085870378576192286e-01 7.858056110491624946e-03 1.204240422776722349e+06 2.053931965538598131e+06 3.797048835135357222e+05 5.556497997717615434e-01 5.434030877970750444e+05
2.839306127922774578e-02 5.577131842478048929e+04 5.839275214858950494e+04 2.430165564172763334e+04 3.546827047029569857e-01 4.075849039056084439e+04 9.411220042244833001e-25 7.585112261015118233e-25 4.296177529450385161e-25 3.008192724458210732e-01 7.687975034834919154e-25 5.965044054934980251e-03 2.937561784031092645e-03 1.980437159492521009e-03 2.037747658756573765e-01 5.696679440268494037e-03 1.803832279368203133e+06 1.822995681780761108e+06 7.250285771216314752e+05 3.806847201817391002e-01 1.236559759013837669e+06
4.934148542177373836e-02 2.208113316351177127e+04 1.842353651022987833e+04 1.183500866533174121e+04 3.203702011001044458e-01 1.927333284814851868e+04 5.738966702607312960e-25 3.771842194672398576e-25 1.857872521147077722e-25 2.953795171170228162e-01 4.242886519610873828e-25 5.149621512214473153e-03 3.338521048435637989e-03 2.174135573124309079e-03 2.451703897243748542e-01 4.878699093495846711e-03 2.139389880950919352e+06 1.512509473294159165e+06 5.459502435553270625e+05 2.574338527293470458e-01 1.580344763982328353e+06
8.574567425768368778e-02 9.884130026719025409e+03 7.305805129763121840e+03 4.897296897976604669e+03 3.087818551528848654e-01 8.161280912892770175e+03 2.717560096738434240e-25 2.484904918494492714e-25 7.347099064889214686e-26 2.874845743519079400e-01 1.924502420473032363e-25 3.645292785486708292e-03 9.229919657951697089e-04 1.772585082396126079e-03 2.231912134694203353e-01 3.695051974127439281e-03 2.113799894292886369e+06 1.259239076776109636e+06 3.527085232344621327e+05 2.079132548119942414e-01 1.644309300270194188e+06
1.490089037866766386e-01 4.511968095595791056e+03 1.976625968187779108e+03 2.191149467396616274e+03 2.174235778256908558e-01 4.578458725228486401e+03 1.207423768885261721e-25 1.154601981766147595e-25 3.002375154137575267e-26 2.876588233938102701e-01 8.658765570887380075e-26 2.821789477429447000e-03 2.323114762434448730e-03 1.058603649179712565e-03 2.341502049917861539e-01 2.403373154113858708e-03 1.870868098667808808e+06 1.782480317872874439e+06 4.006450653404622572e+05 2.402272752497489061e-01 1.357645225120234769e+06
2.589477964915226638e-01 1.605368227356670104e+03 6.509508800123041965e+02 5.739562070380839032e+02 1.825326525485347073e-01 1.498503731376782298e+03 3.685552066846321930e-26 3.265072684230609614e-26 9.567902875865131497e-27 3.489278954434839597e-01 2.257664616160646405e-26 1.856647279511855833e-03 1.038229155463440186e-03 5.641565301997555296e-04 2.032096441699039469e-01 1.693949461128312767e-03 1.364930855889028870e+06 1.255744647130892612e+06 2.675631039429013617e+05 2.311853306895942095e-01 1.020468894381060149e+06
4.499996953457924831e-01 4.612607488287246156e+02 3.311284095029208174e+02 1.244877320106211300e+02 2.146403702772559652e-01 3.855947414455663420e+02 7.791426429778345420e-27 9.068617676815572645e-27 2.063146609727717434e-27 4.250174340777126969e-01 4.008917656023813358e-27 1.272745066432167532e-03 8.725962524893454090e-04 5.813642265044879215e-04 2.712563177321746233e-01 1.162002663638691613e-03 8.978436867599670077e+05 7.796104549318418140e+05 2.169409744826409733e+05 2.272897946725182805e-01 7.418772905557813356e+05
7.820098435088842503e-01 1.230154497765252302e+02 7.522817616163864329e+01 5.537527960837462615e+01 2.359130157901227209e-01 1.112907912524558043e+02 1.256592140097977507e-27 1.280910191555385503e-27 7.541976111496977472e-28 4.978063200418938461e-01 9.452113041847232808e-28 1.064256521643812100e-03 9.609993710699977869e-04 9.065976841559346844e-04 5.055470664620161925e-01 1.070728412303908854e-03 5.524221472001201473e+05 2.835445681127767311e+05 2.892501180298574036e+05 2.784554694072582381e-01 5.172768215663785813e+05
1.358977354139910165e+00 4.411942704958040906e+01 2.063102618130806576e+01 1.011671023237250466e+01 1.602975335229617770e-01 3.787829858039700071e+01 2.849579781851838592e-28 3.639449662862295880e-28 1.176716993152633335e-28 4.237444370857264553e-01 1.812675243968727245e-28 8.291774162984474894e-04 5.976689903751977425e-04 4.878888267462055278e-04 3.785032456213150986e-01 7.321119571482400312e-04 3.664300870514507405e+05 2.041930080691807671e+05 1.719386368584214651e+05 2.855057517957903523e-01 3.290433874234167160e+05
2.361631972275968661e+00 2.483680664849606856e+01 1.517163622895450459e+01 7.084022943126536020e+00 1.810476773984547594e-01 2.118395618075770415e+01 1.530311169111705909e-28 1.771513469611959016e-28 4.109972573052668598e-29 5.114712067727769096e-01 6.553865730031963176e-29 7.404964442794513286e-04 5.024388587139382977e-04 3.641101854470870031e-04 3.018069366734457137e-01 6.921159936009303563e-04 3.223905356429764652e+05 2.751588785240087891e+05 8.965517415304906899e+04 3.442562815416072008e-01 2.054329919987182657e+05
4.104045998622196656e+00 1.780001191719292208e+01 6.502955057272274075e+00 4.482214449611635843e+00 1.630072614065176950e-01 1.623603054296442849e+01 2.822268511367881825e-28 9.977329311164057280e-29 2.730006946849765878e-29 5.069074158928432716e-01 6.533832308031023196e-29 7.327600659504822150e-04 2.910198579656313742e-04 2.018075834019575224e-04 1.965340632703218293e-01 6.954704896306984066e-04 5.318163799699734664e+05 2.352900427128426381e+05 9.342679375680285739e+04 3.600137518801327929e-01 2.621600339736787719e+05
7.132014537631209627e+00 1.528412654373278556e+01 7.040923296685999588e+00 2.311307910896264417e+00 1.354550573986062767e-01 1.364051367838890982e+01 3.829291297830439855e-28 1.358555922216853033e-27 3.804416346718416335e-29 6.493561869003834364e-01 7.592492167430815598e-29 8.104000642268213098e-04 4.116136297717341288e-04 2.128912862555289295e-04 1.598444616656749806e-01 7.890330147111473047e-04 1.251934240060404176e+06 3.721152711323658004e+06 1.862173009767038166e+05 5.217874701080439381e-01 4.040308327951979009e+05
1.239402077414812453e+01 2.875490418351925204e+00 3.587963077162448222e-01 4.796022686759862097e-01 7.496576890890201128e-02 2.866262632788233233e+00 4.651649873959667688e-29 2.902977356083628441e-29 6.214518751110876613e-30 5.051276942892201083e-01 1.379391278383102614e-29 7.082796631542366290e-04 1.664055533026277851e-04 1.336192852087993632e-04 1.234050558172956197e-01 6.690636013715113052e-04 8.930318912901377771e+05 5.748909835503743961e+05 9.580257817755895667e+04 4.379946805890208572e-01 3.145437501936470508e+05
