# R (Mpc), mean rho (Msol/kpc^3), errup (Msol/kpc^3), errlow, std, median rho (Msol/kpc^3), mean pth (Msol/kpc/s^2), errup(Msol/kpc/s^2), errlow, std, median pth (Msol/kpc/s^2), mean gas-mass-weighted metal (fraction), errup, errlow, std, median metal, mean gas-mass-weighted temp (K), errup, errlow, std, median temp  
#  nprofs 412, mean mh 4228288550754.184082, median mh 3685283135095.947754 
#  Mass range 12.30 - 13.1 
#  Nhalos 36
3.113232202630837955e-03 2.759288525854683947e+06 6.432002505527800880e+06 6.850806792315730127e+04 8.619755146523307987e-01 1.573679126967017073e+05 6.229544073543874157e-24 5.768579335662253830e-24 2.970862461434142431e-24 6.595123985524883325e-01 3.856271292668146786e-24 1.323667536266022286e-02 1.961772331183844059e-02 3.328727627093994862e-03 4.104785099677210614e-01 6.465064256847436949e-03 2.098552571962961461e+06 4.243718021725416183e+06 6.991690924341205973e+05 1.003203059320823654e+00 7.200237558997968445e+05
5.410177501821110228e-03 4.219536338795069023e+05 9.579601196182932472e+05 3.615575008159797289e+04 7.447315362854127763e-01 5.661677357431997370e+04 1.636010007444724656e-24 1.584313352202922472e-24 3.117203853359983942e-25 4.340472516951037751e-01 7.867892835332653152e-25 1.094926143686897509e-02 1.599013194403421309e-02 3.775954333244895423e-03 4.246647527771494901e-01 6.343141257025526787e-03 2.276268617252079770e+06 4.320935063228539191e+06 1.222654159887380898e+06 9.252250409319531244e-01 1.247911619223655434e+06
9.401810946345954753e-03 1.016295319954539882e+05 2.227491143792637449e+05 1.626360783204851396e+04 5.772902415106757612e-01 3.136747114913342011e+04 7.890789327896678059e-25 1.120886646490913076e-24 2.170310996356943349e-25 5.600992650279325025e-01 4.140699502501137357e-25 8.151022131294587136e-03 9.440625445627777099e-03 3.436367946384987371e-03 3.714456952159901904e-01 5.864396621900006337e-03 2.190447008563062176e+06 4.480412768609054387e+06 7.609570791998524219e+05 8.268496004378038666e-01 8.254043908603247255e+05
1.633847485430494142e-02 5.098300645654389518e+04 7.829208322253479855e+04 1.312372983288068463e+04 4.297547772750538453e-01 2.437667146354105353e+04 6.175539326455876505e-25 6.232802674113878692e-25 2.314066676075948451e-25 3.328324369703491437e-01 4.340088659012461453e-25 6.931598072130600724e-03 6.666713761681064034e-03 2.980796744528888161e-03 3.316939702047930760e-01 5.134745211949071596e-03 1.914916878797648242e+06 3.503467059040717781e+06 7.825246223230516771e+05 5.538730098116730893e-01 1.088879273612469435e+06
2.839301514231197185e-02 2.017990675967921925e+04 1.351089113319617354e+04 8.197234187420483067e+03 3.213328323473074732e-01 1.483754183887469662e+04 4.478838727602518548e-25 3.350471117143805440e-25 1.669856199002460745e-25 3.236798053265443342e-01 3.350101523386874977e-25 5.847104868300657607e-03 5.245098922464608293e-03 2.819091660358010593e-03 3.211455004865542140e-01 4.797521177485965932e-03 2.123079773451912683e+06 1.883859011136314599e+06 1.489477114926519804e+06 3.882740437436084657e-01 1.961748509250185685e+06
4.934140524500327946e-02 7.437464608997734103e+03 5.881149391114877290e+03 2.359234214290293039e+03 2.319807414954272173e-01 6.170863359483189925e+03 2.787951947595219729e-25 1.453077798109731049e-25 9.126694009989472073e-26 2.853253127839947001e-01 2.152358972232996450e-25 3.929166187242257718e-03 2.926604039879203423e-03 1.767442578939218759e-03 2.897311307794241397e-01 3.300393757431908416e-03 2.554199694390411023e+06 1.255029687112235930e+06 1.173027164263926912e+06 2.062400942077093624e-01 2.523189093152417336e+06
8.574553492642551789e-02 3.998979433960319511e+03 2.311787050326263852e+03 1.622201668638360388e+03 2.388816394176313251e-01 3.564103803710779175e+03 1.560189668459734809e-25 8.230411272768679670e-26 6.696938369782336129e-26 2.839632277652310854e-01 1.351283661210030738e-25 2.744252530395291031e-03 1.303257727485169701e-03 1.206351628055147640e-03 2.763265180574885904e-01 2.343516068986720331e-03 2.656536483770363498e+06 1.132391626778976992e+06 7.657894545665532351e+05 1.637460211337949112e-01 2.400887041672809981e+06
1.490086616567007083e-01 2.342147416210281790e+03 1.388241194032560088e+03 1.081745387648750238e+03 2.283426029891950093e-01 2.208507025362876448e+03 7.994551600410472862e-26 7.189544222232936517e-26 2.573170823491764897e-26 3.013396886357750382e-01 5.793501602717746615e-26 1.736065480287443240e-03 9.728075495990225544e-04 5.908188032841566470e-04 2.208313855446463192e-01 1.535619179772286253e-03 2.238863276122109964e+06 7.467747012382885441e+05 8.201929272326966748e+05 1.784273035490648585e-01 2.190585965288475156e+06
2.589473757178498703e-01 1.234824904574606990e+03 3.753973050024903841e+02 6.365332035438095772e+02 2.045464740570268614e-01 1.300671585900064429e+03 3.231685326212213161e-26 3.138850607606225502e-26 9.975253630220668269e-27 3.178536981813900875e-01 2.402916485159339674e-26 1.243093606620372443e-03 8.192607557239079720e-04 3.256931852404579015e-04 2.022833724826197666e-01 1.026991835171042235e-03 1.644909683237026446e+06 7.487555437653195113e+05 4.437259823763796594e+05 1.873242780304688881e-01 1.449333128968237434e+06
4.499989641249551586e-01 4.601312472486474121e+02 1.860323410137507381e+02 1.235214654693788248e+02 1.783376894754586661e-01 4.145888896681767619e+02 7.994016611862177189e-27 5.088490743786988362e-27 2.737875572499218322e-27 3.230225053353514286e-01 5.953758215655597847e-27 9.647043171884904641e-04 4.792387043253496653e-04 2.669857013653048833e-04 1.529679890652414775e-01 8.923948105792143398e-04 1.038310969487795373e+06 5.195189613105889875e+05 2.392299617555323057e+05 1.758120186629689996e-01 8.869971789983236231e+05
7.820085727927073016e-01 1.285860235289677576e+02 6.617340417388538754e+01 4.436750641736094281e+01 2.091650668466064067e-01 1.142551769655885607e+02 1.490764027007773631e-27 1.001630313473538292e-27 7.249773908252999098e-28 4.277653004577450790e-01 1.047831683132352708e-27 7.576227937908635570e-04 4.141750392225013568e-04 2.686513245334935709e-04 2.000366736347604368e-01 7.062756774950650638e-04 6.379935433731593657e+05 1.912551109571728157e+05 3.223848723660104442e+05 2.285136205997116976e-01 6.431773461433171760e+05
1.358975145888284608e+00 3.882666815674424754e+01 1.971329872246731441e+01 9.153996376053150641e+00 1.847212261964943925e-01 3.297422919788411377e+01 2.963632519777143279e-28 2.889401654652059785e-28 1.045232962750168148e-28 4.227816424493386904e-01 1.735963029475458242e-28 6.188343195914794382e-04 2.634052273743320120e-04 2.132299274694043380e-04 1.990512693012229661e-01 5.856795783624809282e-04 4.111087334386929870e+05 2.602142180438587675e+05 1.834482018712048884e+05 2.537493951046596585e-01 3.717968862661882304e+05
2.361628134774462762e+00 1.838659139601441694e+01 1.112433656453627151e+01 5.627005880687645956e+00 2.150160560746394722e-01 1.516131817991846376e+01 1.443917771031996696e-28 1.302823000732922502e-28 5.044201899089720600e-29 5.706903432047262248e-01 6.416765084495254720e-29 5.281974037798965608e-04 3.041391322085970801e-04 2.438516713363413969e-04 2.638068031272056690e-01 4.983523334925027935e-04 3.584103951077953097e+05 2.689808283791547292e+05 1.490442943950171175e+05 3.668193933004852414e-01 2.449733869228420663e+05
4.104039329808901293e+00 1.186401527098876407e+01 5.696121348697518627e+00 3.625821857793089187e+00 2.018137426821769442e-01 1.042556402773919721e+01 2.760062634749085522e-28 6.598547192196859975e-29 3.461219406617290336e-29 5.883894246563869945e-01 4.666470109638509555e-29 4.770051515890873835e-04 2.096280623152452010e-04 1.167229181212686663e-04 1.706136591513748302e-01 4.323837334022283220e-04 5.482294798954768339e+05 2.197636958212630707e+05 1.638604471565376734e+05 3.962423443299755155e-01 2.748989548446906847e+05
7.132002948561937394e+00 9.304329905471014683e+00 3.519986177396324578e+00 3.004012098054536395e+00 1.699061453660707099e-01 8.613490494780682738e+00 2.614421544932283721e-28 2.459446102251035234e-28 2.568780988731133628e-29 6.720168554977946629e-01 4.866519366518596246e-29 5.112403900444195508e-04 1.005640541327167906e-04 1.185731881592501889e-04 1.502690847027052246e-01 4.948515938605763109e-04 1.207747038373504067e+06 1.258207278518144507e+06 2.017180595131955924e+05 5.145635893111120129e-01 4.453490921476254007e+05
1.239400063465394020e+01 4.188050716180936384e+00 1.393544382062551712e+00 5.265209646851163328e-01 9.705860265918177243e-02 3.998240841998089046e+00 8.587259796188794885e-29 2.471230742224669213e-28 6.763629437013813694e-30 5.415974532402755282e-01 2.165963631356913606e-29 4.929995461620522573e-04 2.090869492590050971e-04 8.375541948825860998e-05 1.069586600668155363e-01 4.627071773081603686e-04 1.129008873195671709e+06 2.954546862258055713e+06 8.336879633103607921e+04 4.553823508537591658e-01 3.852357488212020253e+05
