# R (Mpc), mean rho (Msol/kpc^3), errup (Msol/kpc^3), errlow, std, mean pth (Msol/kpc/s^2), errup(Msol/kpc/s^2), errlow, std, median rho (Msol/kpc^3), median pth (Msol/kpc/s^2) 
#  nprofs 441, mean mh 1820060375851.963867, median mh 1770145323606.561279 
#  Mass range 12.21 - 12.4 
#  Nhalos 16
1.633856291868465010e-02 1.356650089872304525e+05 2.698193209524863050e+05 4.831110523659185128e+04 6.717134101495962906e-01 5.639187191573071370e-25 4.373756492054471217e-25 1.539275573965878309e-25 4.150749750749180844e-01 5.643563440654037549e+04 2.897215900513703641e-25
2.839316818066401488e-02 3.838130000371849746e+04 3.473683763874965371e+04 1.694141848921828569e+04 4.687638624053154235e-01 3.361620782578566393e-25 1.190157777957876495e-25 2.884448081277478422e-25 3.667562145678885388e-01 2.462826740634270755e+04 3.784786205833846183e-25
4.934167119517834238e-02 1.294159125311332537e+04 7.789587624291852990e+03 9.413649202544698710e+03 3.659869533669014019e-01 2.066676239053607166e-25 1.220046137405013657e-25 1.651963196940846221e-25 3.971693921476546763e-01 1.272904662541204743e+04 2.088022379888090323e-25
8.574599709486005472e-02 5.057690302407567287e+03 1.651780121688130748e+03 3.936975822574451286e+03 3.242195665990894038e-01 7.788655152069084796e-26 7.505804593740581601e-26 4.042230527009114583e-26 3.101714730710446455e-01 5.720713347168883047e+03 6.633790451366994596e-26
1.490094648133893918e-01 2.101668420260758012e+03 1.571213727261469785e+03 1.089414426143250466e+03 3.054941670956724531e-01 2.519884467427184663e-26 1.280432987666777351e-26 1.036915008181034583e-26 2.408748920570205343e-01 1.841603769923848859e+03 2.352037859593594334e-26
2.589487714442089139e-01 7.679676988627238643e+02 2.405622387273256209e+02 3.949723828313016156e+02 2.428057875858631587e-01 7.962471601163284512e-27 5.820560714811124662e-27 3.557386794006944209e-27 2.661632967634954272e-01 7.872612183718308643e+02 7.070798768995366670e-27
4.500013896193789109e-01 2.244830540987124436e+02 1.018735199781147855e+02 4.187487062872853016e+01 1.862056458272401127e-01 1.886987150421275754e-27 1.728241441537062088e-27 5.994971000882129789e-28 3.498228265534853998e-01 1.902030508196970970e+02 1.199976863443000740e-27
7.820127878189270243e-01 7.326694071565425759e+01 4.880866441336591777e+01 1.484681310883300398e+01 2.425867758316107847e-01 5.051330537600944752e-28 6.312942314124780518e-28 1.564947277041839719e-28 5.236286496040654104e-01 5.225167575156528699e+01 2.141960795889883878e-28
1.358982470764342532e+00 2.769194966330410779e+01 2.222336369990058103e+01 1.143766594610336007e+01 2.170086927349663686e-01 1.239741873637469434e-28 1.384209094548968920e-28 7.573011555457336597e-29 6.090722592073289920e-01 2.506542672600483002e+01 8.494483230786246196e-29
2.361640863950146940e+00 2.138613153113294985e+01 1.722003211901703779e+01 8.554019256134861138e+00 2.766510481119330844e-01 1.880086405500070709e-28 1.712679343757159801e-28 6.765230633647099978e-29 7.377152984056208895e-01 1.780792174481095103e+01 8.049125306693087478e-29
4.104061450580955395e+00 1.891838958824661177e+01 4.839861009621692745e+00 7.320412262329957898e+00 2.365366863818501864e-01 8.724528147251939355e-28 5.201252919763631965e-29 5.618281283166444254e-29 7.529585663606467305e-01 1.657427662307324212e+01 7.930964696511849119e-29
7.132041390057954899e+00 1.070784700266673539e+01 1.853982175708008384e+00 1.920801634840909600e+00 1.110668924730561641e-01 1.756241471701140309e-28 3.383317754001453450e-29 2.744248984408008076e-29 5.216602973526803799e-01 1.037366926077525875e+01 5.251140651727561084e-29
1.239406743831755797e+01 3.125389802908243198e+00 3.054230321595374775e-01 2.409035247725901385e-01 4.715839115339726106e-02 2.668640080936503323e-29 5.728432486356351721e-30 2.300478054129902763e-30 3.038307626226581792e-01 3.044525724450005910e+00 1.375612544416177996e-29
