# R (Mpc), mean rho (Msol/kpc^3), errup (Msol/kpc^3), errlow, std, mean pth (Msol/kpc/s^2), errup(Msol/kpc/s^2), errlow, std, median rho (Msol/kpc^3), median pth (Msol/kpc/s^2) 
#  nprofs 452, mean mh 1870701584796.794434, median mh 1780997003320.254395 
#  Mass range 12.21 - 12.4 
#  Nhalos 20
1.633854802708544635e-02 2.730790801919269143e+05 1.204788516808834975e+05 2.529761719302714046e+05 6.578646239870409307e-01 7.177892758028250015e-25 7.984032456814061861e-25 3.957049856085948039e-25 4.784992353087344497e-01 2.960009810013757087e+05 5.056662267422697482e-25
2.839314230203058426e-02 7.232427197270403849e+04 4.493680035741964821e+04 2.992993719570936810e+04 4.660795677448320018e-01 4.270336881358215941e-25 3.877052706277840079e-25 2.602005873184707827e-25 4.579231592358999348e-01 6.761525642047481961e+04 3.328893891405901782e-25
4.934162622326766084e-02 1.993500654307665536e+04 1.110919546355864441e+04 1.323957945808638397e+04 3.921519893051405026e-01 2.130292141299521061e-25 2.180062797714524764e-25 1.310410438115020022e-25 4.079718670776019129e-01 2.008749871705834084e+04 1.869118731250313890e-25
8.574591894263650094e-02 6.439940917342839384e+03 2.835896518391371501e+03 5.132196745852079403e+03 3.848286950519512195e-01 8.668397015173500031e-26 5.063296663846122871e-26 6.223172613624165072e-26 3.342519525746497355e-01 7.139512919384626002e+03 8.174865996089856249e-26
1.490093290003903781e-01 2.418888546463772400e+03 9.774106198393774321e+02 1.599311729791482321e+03 3.379565678716105470e-01 3.005003628916451079e-26 1.708890057300852328e-26 1.425823385584270067e-26 2.774642111059760774e-01 2.616221069118110790e+03 2.802062376165922169e-26
2.589485354282668461e-01 7.485088322500804452e+02 2.941028342289054081e+02 2.126553844945748892e+02 2.736707210614657826e-01 7.580079007672129301e-27 6.130540532405643664e-27 1.812786284009354908e-27 2.620093892220260456e-01 7.056946116209400088e+02 6.236783686203504698e-27
4.500009794706789079e-01 2.040261900029264552e+02 8.900906857175152709e+01 6.097638150391576062e+01 1.883111685012593961e-01 1.884511982165216716e-27 2.078573367458406888e-27 7.249017619045744657e-28 3.469161208601200808e-01 1.864050243774147475e+02 1.305464824206371534e-27
7.820120750621762928e-01 7.192790867198422688e+01 5.101391856527354207e+01 2.122668243133231414e+01 2.341577456583003591e-01 5.669899674532670746e-28 6.097721433141938717e-28 1.587313823949909853e-28 5.188611501096977996e-01 5.841945830582668009e+01 2.657533961875704445e-28
1.358981232135070272e+00 2.722419663423386282e+01 1.272801567442938264e+01 8.246027893907740491e+00 1.816507258610829956e-01 1.326601915597161666e-28 1.590207114904392232e-28 9.703621981383143537e-29 5.586521294587029063e-01 2.564236372572085187e+01 1.126274064540420876e-28
2.361638711459171702e+00 2.003655290019110069e+01 1.252066752308670772e+01 3.774051203649234409e+00 2.053774876232524194e-01 1.369172561071025352e-28 1.650039347537549087e-28 2.589060876675921849e-29 5.110534037989874490e-01 1.663210874420218488e+01 5.595131440118847762e-29
4.104057709980352797e+00 1.604815360693897475e+01 1.022337104525181672e+01 2.304805507654116070e+00 1.733595201851322321e-01 3.264550905872032723e-28 8.995159630865439842e-29 3.049666499644767336e-29 5.173019124712601169e-01 1.247655933321970778e+01 6.055910438727597527e-29
7.132034889639118802e+00 1.190066491613250754e+01 3.549634283932073586e+00 1.250358962110452055e+00 1.141485835719319442e-01 1.910254217401735676e-28 4.707054520938906202e-29 2.838754208123306334e-29 5.505568660202215803e-01 1.055959814885965642e+01 5.202327561201615349e-29
1.239405614188433624e+01 2.975253023601440727e+00 5.310957570742957934e-01 2.455404057000083462e-01 6.873306705477731648e-02 5.014562379151244996e-29 8.572608224853002542e-29 1.565993824299556258e-30 4.900683961131364619e-01 2.850379461032687800e+00 1.211437666278965970e-29
