# R (Mpc), mean rho (Msol/kpc^3), errup (Msol/kpc^3), errlow, std, mean pth (Msol/kpc/s^2), errup(Msol/kpc/s^2), errlow, std, median rho (Msol/kpc^3), median pth (Msol/kpc/s^2) 
#  nprofs 498, mean mh 3810455397297.667480, median mh 3337410369904.878418 
#  Mass range 12.41 - 12.8 
#  Nhalos 16
1.633847210211432713e-02 7.324913670153509884e+04 5.183707973469739954e+04 2.417269502279946028e+04 5.061208415958377005e-01 8.832478009381942300e-25 7.606237871654186142e-25 3.191252252043702154e-25 5.149599316516382252e-01 3.261423781135647732e+04 5.110477273142133231e-25
2.839301035955283867e-02 2.872436792856205648e+04 5.285455575752869481e+04 8.762972816141395015e+03 4.434822049067113636e-01 2.690944130044603854e-25 1.695146038996057429e-25 1.151369916506262953e-25 3.246740158526764120e-01 1.499449691049102876e+04 2.095336826568300920e-25
4.934139693352049272e-02 9.686135899203678491e+03 6.289737665157731499e+03 3.462332252490232349e+03 3.413843400775123382e-01 1.685841811818580785e-25 3.079437233455956342e-26 9.660495872064554196e-26 3.224286459284908535e-01 6.623801132818624865e+03 1.505216339857144740e-25
8.574552048272386651e-02 3.917632145017931180e+03 2.711528179229499983e+03 1.466950832661702407e+03 2.699921404921007406e-01 1.072977612793904038e-25 5.276981717488232726e-26 1.250962372861996341e-26 3.539248457301596984e-01 3.220871260169081324e+03 6.477956909272723961e-26
1.490086365564239901e-01 1.783938762721273179e+03 9.996518949697956486e+02 6.017841064174959911e+02 2.378964450627054084e-01 5.107027896196964387e-26 2.189561558572990964e-26 2.127227184339847979e-26 3.265871550076771546e-01 1.528036247324454962e+03 4.745811441221869694e-26
2.589473320985681837e-01 8.849234121817316918e+02 3.514114539295236455e+02 3.004198756226936666e+02 2.695620823322708581e-01 2.142207244394591700e-26 2.054224725671752990e-26 5.796783613065024020e-27 3.282231758447419212e-01 8.381961516771206107e+02 1.534264452747192604e-26
4.499988883233312364e-01 3.021364735163566024e+02 1.263595777189215141e+02 1.254320747360935400e+02 1.771490557808245714e-01 4.864686396569974066e-27 2.940406419978587135e-27 2.074925155530146455e-27 2.568766578563747016e-01 3.121570320969418617e+02 4.139375936057364003e-27
7.820084410645824491e-01 1.042946662023117597e+02 4.130798333265119027e+01 3.374679545814221626e+01 1.358280836332601549e-01 1.148789962861887565e-27 1.026631796977860857e-27 4.484796367624121188e-28 2.620086545468640615e-01 1.043965393613765968e+02 9.235265461303024320e-28
1.358974916971039892e+00 4.632112734449430747e+01 1.061409294541437021e+01 6.158525612060714138e+00 8.946241931308705764e-02 3.463177755324087253e-28 2.201657940493716561e-28 1.309513554816378016e-28 2.274244540681445992e-01 4.432316013028847124e+01 3.123233118640321332e-28
2.361627736961885660e+00 2.515465529177476967e+01 8.042314659836165447e+00 8.340187203423116813e+00 1.291179229983120957e-01 1.544166294981224987e-28 1.434591586182914447e-28 8.211638069219614731e-29 2.936915425845050276e-01 2.545756918681318126e+01 1.359338952052063767e-28
4.104038638489875268e+00 1.783227937697808230e+01 4.803911600259780812e+00 3.858721270213859356e+00 1.172525820751368492e-01 1.079565194566626550e-28 1.018885193947207259e-28 4.108960102858619872e-29 3.578554264995159051e-01 1.782436999915800868e+01 8.597629169581006080e-29
7.132001747187159957e+00 1.682142913438463694e+01 7.763479481136165816e+00 3.216744292435304686e+00 1.442668277216733741e-01 4.910864328508414616e-28 1.189619711133521030e-27 4.887019528693556770e-29 7.033240685531980674e-01 1.515505151560145336e+01 8.880273144614932772e-29
1.239399854690385538e+01 1.625577601547305351e+00 1.497757223559428308e-01 2.709472026898505082e-01 7.390224166689654539e-02 1.465605788557831286e-29 5.212361368148737555e-30 4.299248005858508958e-30 3.684447224942795085e-01 1.659900621871167825e+00 8.450144609916691963e-30
