# R (Mpc), mean rho (Msol/kpc^3), errup (Msol/kpc^3), errlow, std, median rho (Msol/kpc^3), mean pth (Msol/kpc/s^2), errup(Msol/kpc/s^2), errlow, std, median pth (Msol/kpc/s^2), mean gas-mass-weighted metal (fraction), errup, errlow, std, median metal, mean gas-mass-weighted temp (K), errup, errlow, std, median temp  
#  nprofs 440, mean mh 1219073437192.922363, median mh 1204656385803.449951 
#  Mass range 12.00 - 12.2 
#  Nhalos 39
1.633852177236155140e-02 1.771545477077098622e+05 1.457976533858289185e+05 1.100145513638846896e+05 5.080089517909489594e-01 1.427419618199763645e+05 2.550905296521871878e-25 2.535010991614865954e-25 7.807550675689521366e-26 3.616633657498208865e-01 1.598174446394972232e-25 8.467116617218864785e-03 3.939357680171854705e-03 1.773451518981872775e-03 1.650675100170014287e-01 7.302596870763855726e-03 2.143787191327599285e+05 1.524651601468014414e+05 9.213266565503660240e+04 4.883536985966800414e-01 1.322798144042264903e+05
2.839309667654963537e-02 5.500920247088307224e+04 3.809867582365300768e+04 3.877858162511486444e+04 4.636332828635160719e-01 5.176403888161936629e+04 1.545195567168913974e-25 7.471617583929083678e-26 9.651927918945506499e-26 3.499715401722708896e-01 1.407648928355509528e-25 6.643470666962287760e-03 3.452099724496061374e-03 1.319319000942773858e-03 1.637081314166770607e-01 5.794851596659422559e-03 3.389225121769122197e+05 4.248138869819743559e+05 1.130647014722888271e+05 4.391098555488853195e-01 1.962953000340113940e+05
4.934154693526905666e-02 1.529635810010542264e+04 1.042138222512007997e+04 9.153232098958427741e+03 4.095457714921753034e-01 1.467012247013397428e+04 8.640354230243484157e-26 6.620380005328876327e-26 4.776843870294663689e-26 3.340721363591397375e-01 7.776074050752217377e-26 4.756692255682742204e-03 1.809795697321110904e-03 1.190875587591703252e-03 1.910613417232188693e-01 4.248703152207395500e-03 5.484114547220089007e+05 3.601946240927134641e+05 4.314522722444338724e+05 3.649639131110716805e-01 5.653264682825671043e+05
8.574578115588683824e-02 3.850767643691207013e+03 1.524889211281512416e+03 2.366689628178928615e+03 2.982446999627014761e-01 4.055238708352245794e+03 3.940103538065434807e-26 2.242419087516557945e-26 2.048113449653984877e-26 2.904561509946741449e-01 3.994136435469955239e-26 3.018310229194358981e-03 1.030210908198056843e-03 9.260492298502501305e-04 2.213167384097245172e-01 2.751639040003056591e-03 7.204849774731233483e+05 2.107833462530694669e+05 2.014685033630464459e+05 1.354676370263303287e-01 6.953027428542532725e+05
1.490090895544625982e-01 1.550980894801599334e+03 5.727792736478936604e+02 9.249385470493405137e+02 2.854496648939746639e-01 1.709931886906631007e+03 1.452998489814271245e-26 7.363887981963587772e-27 6.006698626101645785e-27 2.564996199195211379e-01 1.314535174565461766e-26 2.127745560747075406e-03 1.234816522778387111e-03 6.714112465722426714e-04 2.250625612882110327e-01 1.794624941931743413e-03 6.807922403584112180e+05 2.711745470957991201e+05 1.229884525408762274e+05 1.587910623123658382e-01 6.034694069097026950e+05
2.589481193189351327e-01 4.959074265457512638e+02 2.447275971489154927e+02 1.707387258388533837e+02 2.024156125352512547e-01 4.683168573166379929e+02 3.584815420619069394e-27 3.111196987541313591e-27 7.850200297299379155e-28 2.470463172057497658e-01 2.735682944377116026e-27 1.621684853114859328e-03 8.207177259958867762e-04 6.329460128482495987e-04 2.320649449413557941e-01 1.387996613872521890e-03 4.967489810817836551e+05 2.924445489508519531e+05 7.430025052207830595e+04 1.749974276565749443e-01 3.974811162778201397e+05
4.500002563555373647e-01 1.380582215769756829e+02 8.117267386858790701e+01 2.351679115224654026e+01 1.634829086998735304e-01 1.161047877660631116e+02 7.167107532070645870e-28 4.950789665610746307e-28 2.432938340144007981e-28 2.984371980705151639e-01 5.246166757687655928e-28 1.107858927260891744e-03 7.040020976485715336e-04 4.242804117433561766e-04 2.470631184737022146e-01 9.845780495711994179e-04 3.279893949881357257e+05 2.765750100542634609e+05 6.604509140885542729e+04 1.863548684039210701e-01 2.674663279513312154e+05
7.820108184320838651e-01 4.197911825880031245e+01 2.930847174367841035e+01 1.122939421169941454e+01 2.085368471288633618e-01 3.412156750253843285e+01 2.062231939623897675e-28 3.482631773817003144e-28 5.586971872795448879e-29 4.422579915077751722e-01 1.009087107966470297e-28 7.683190479527538018e-04 7.876844825008513145e-04 3.965406779521029527e-04 4.514622758522864321e-01 6.079085916685507364e-04 2.757326858743758057e+05 2.384588760817705479e+05 6.540707909838092746e+04 2.660884630768156622e-01 1.862987940575976681e+05
1.358979048362254582e+00 1.922695309116862816e+01 1.620340750987365652e+01 5.534119142412338377e+00 2.660714857622061280e-01 1.418684991865578304e+01 1.327527258419147708e-28 1.578155569774698617e-28 2.605682086579778462e-29 6.682342498842409606e-01 3.613157397229053802e-29 6.339562474395011530e-04 9.743968177331165581e-04 1.946781107137375436e-04 6.396066164483354965e-01 2.525150021503210765e-04 2.853840413975008996e+05 3.721876990447579301e+05 8.466133797933082678e+04 4.400234064223058628e-01 1.507850058344823774e+05
2.361634916496962333e+00 1.217773926680882290e+01 1.059967069984743127e+01 3.447071583349989865e+00 2.632963254886034887e-01 8.745428254785606370e+00 1.735493785019708642e-28 1.293778511480984645e-28 1.164015475409925535e-29 7.566527816346134694e-01 1.694019516944139632e-29 7.633858526310540816e-04 6.690518446682002266e-04 5.220671437443863763e-04 4.342539420457606214e-01 7.079872602642772348e-04 4.385396776983754244e+05 4.288582741881485563e+05 9.653903259919921402e+04 5.108297001503856460e-01 1.625038297856756544e+05
4.104051115091881030e+00 1.058402838537725010e+01 2.165054208294334259e+00 4.024035515100841565e+00 2.905848825698280624e-01 8.406578070878765629e+00 4.367233206131417142e-28 1.035919191714453591e-28 3.374702113261693120e-29 8.358795186417353751e-01 3.816179769748944028e-29 8.916865713183478150e-04 4.135841241547149813e-04 6.019581977538548349e-04 3.473737057816843055e-01 9.401161801913242733e-04 8.165123727556361118e+05 4.008576753339451971e+05 2.377397159126576735e+05 5.585717284169032792e-01 3.149947407246535877e+05
7.132023429036466133e+00 6.495049232067739098e+00 1.991027768581789203e+00 1.521027285668789197e+00 1.615193804836592695e-01 5.903594436949485491e+00 1.065575982872081454e-28 3.879163049252688310e-29 1.218839667974967510e-29 4.963235760117030160e-01 2.438317748668938042e-29 8.437697380485442277e-04 2.671327796497912363e-04 2.196157046461297930e-04 1.351039243902118769e-01 7.903852555767773005e-04 6.211095241543580778e+05 2.536448844645702047e+05 1.136539044836153626e+05 3.484668308400236114e-01 3.126212809852759819e+05
1.239403622563954954e+01 4.673819448078421424e+00 1.231724175029295765e+00 6.199515889085889242e-01 8.889560478686754641e-02 4.483570054625183765e+00 7.389358950011010307e-29 2.406301687104891634e-28 9.067282726639497810e-30 4.848761998301753806e-01 2.337581095120749040e-29 8.607467663261124998e-04 2.075799272552849781e-04 1.476860895062725738e-04 9.147678855176598345e-02 8.505049506957323979e-04 8.930320530686724233e+05 2.500492075091438368e+06 1.052931495489579393e+05 4.076744013122611254e-01 3.697325945424626116e+05
