# R (Mpc), mean rho (Msol/kpc^3), errup (Msol/kpc^3), errlow, std, median rho (Msol/kpc^3), mean pth (Msol/kpc/s^2), errup(Msol/kpc/s^2), errlow, std, median pth (Msol/kpc/s^2), mean gas-mass-weighted metal (fraction), errup, errlow, std, median metal, mean gas-mass-weighted temp (K), errup, errlow, std, median temp  
#  nprofs 443, mean mh 10494861787521.187500, median mh 11271649063512.794922 
#  Mass range 12.81 - 13.2 
#  Nhalos 5
1.633856291868465010e-02 5.341259643991611665e+04 4.431645935471377743e+04 4.802537318982034776e+03 2.034405469715290793e-01 3.755546512660097505e+04 3.555992688992587429e-24 4.224609364234169552e-24 5.874752540807813773e-25 3.876043350817821032e-01 1.621312084020115196e-24 5.148236294165121560e-03 2.803561971819219269e-03 7.590957290496240517e-04 1.462769790974568218e-01 4.291657487068796691e-03 4.166812418211975601e+06 5.674870453341737390e+06 2.026408402755202260e+05 3.265635966835714332e-01 1.909733618514142465e+06
2.839316818066401488e-02 3.017912483352081472e+04 1.321059509170507954e+04 9.905434355253175454e+03 1.761223702897015964e-01 2.822006478369160322e+04 2.332038918012494180e-24 2.714358433520761079e-24 4.183479516236193943e-25 3.799402151789766369e-01 1.119355613487054708e-24 4.615947900873777071e-03 2.322659573177772961e-03 4.853209927696234757e-04 1.327841857339126241e-01 3.820153780747888826e-03 4.665547112769786268e+06 4.886070678773817606e+06 7.739628964780876413e+05 3.170582530265966259e-01 2.935713857566177845e+06
4.934167119517834238e-02 1.562148422816774109e+04 8.765200977708445862e+03 2.431084532483007933e+03 1.836759316927237817e-01 1.226682466429989654e+04 9.164869360574259579e-25 4.210773925699482782e-25 2.969780991730823393e-25 1.988923185401974547e-01 8.396651931606172025e-25 4.029137260046572293e-03 1.161076450498140129e-03 3.924291559503287341e-04 1.099128508315815461e-01 3.605826091454955064e-03 4.194376697750999592e+06 1.503727865862280596e+06 5.153698300393223763e+05 1.484054776178888313e-01 3.709665069219261874e+06
8.574599709486005472e-02 9.881112066865984161e+03 4.585536468063304710e+03 4.128982157357499091e+03 2.146738495527794610e-01 9.544267309435572315e+03 4.606295588380801243e-25 8.551339987799660448e-26 7.947843511372121275e-26 1.035964815652437448e-01 4.640031002900906207e-25 4.382557111300600279e-03 7.596662046649126088e-04 8.316745268480184652e-04 8.709259624984727610e-02 4.439720982429295332e-03 3.726594612753750291e+06 1.954018245306061581e+06 4.754877827337016352e+05 1.729259735486650684e-01 3.127349930549850687e+06
1.490094648133893918e-01 4.525468335205568110e+03 2.333292845876367210e+03 6.483192247271435917e+02 1.572570071208376219e-01 3.742571232228659937e+03 2.305377309469011283e-25 6.520904384564892567e-26 6.428869483338068615e-26 1.409675496341721568e-01 2.250730517839404368e-25 2.597657170284164985e-03 9.774598008521775093e-04 4.732971450297500556e-04 1.473666375868274703e-01 2.399408758694835265e-03 3.682953861180003732e+06 1.606207901300634723e+06 5.577239457514295354e+05 1.381271680713798411e-01 3.244697796154335607e+06
2.589487714442089139e-01 2.503436018116360174e+03 9.897150246584665183e+02 6.253889090902553107e+02 1.737195504164386617e-01 2.295601731858346739e+03 9.463336533622391117e-26 3.352885753437497862e-26 3.069198331419274626e-26 2.083373456167308124e-01 9.121086979549371782e-26 2.524677221768995439e-03 2.788892268227628757e-04 7.459644587643051925e-04 1.661065223670881164e-01 2.769518837625996668e-03 2.538510959183237515e+06 6.747818082527108490e+05 2.030666204725480638e+05 8.590297240855197802e-02 2.307317924801853485e+06
4.500013896193789109e-01 8.631117550973910966e+02 9.242556309077860988e+01 3.201035718086341149e+02 1.432878827801652155e-01 9.572866773656638770e+02 2.353586896954979052e-26 1.996656395062636055e-27 1.015009029658655334e-26 1.994917085831327264e-01 2.741501836069809477e-26 1.981978366757613987e-03 5.663798188294466227e-04 7.033327919751608884e-04 1.726026923379357647e-01 2.072065697772029931e-03 1.803706524743936490e+06 6.800377918543713167e+04 3.509951108290827833e+05 7.005257943699477741e-02 1.940285455751216039e+06
7.820127878189270243e-01 2.346190649772370875e+02 6.799615123531131644e+01 3.734038089255733439e+01 1.031524197878829902e-01 2.233498649121564483e+02 4.213193361695126171e-27 1.625815053570691576e-27 1.564291971784014394e-27 1.967096555116919221e-01 4.252698747028093443e-27 1.620957594696385796e-03 3.167639745132559692e-04 4.077127194745172514e-04 1.183506480594533755e-01 1.653889381773581899e-03 1.175706035279416945e+06 6.286496247505908832e+04 4.443275378376868321e+05 1.086326672243530800e-01 1.338110718318244442e+06
1.358982470764342532e+00 5.399613187469461906e+01 1.444376385344098424e+01 8.743942426723677386e+00 1.249523248241435486e-01 5.016400846403644209e+01 5.442453445770898057e-28 2.506031393692320404e-28 2.157230460548886255e-28 2.181338652697224212e-01 5.044043708550182489e-28 1.039454864434167028e-03 2.742602908231920461e-04 2.729630186889214858e-04 1.757286395153672132e-01 1.060526014075544119e-03 6.512444370430444833e+05 5.086783726513106376e+04 2.901569400995243341e+05 1.241431767364086086e-01 7.476329605536244344e+05
2.361640863950146940e+00 2.254261298139799763e+01 1.091299961962865694e+01 2.396520087913920349e+00 1.726823785681411150e-01 1.782864339943191823e+01 1.555736500408360937e-28 1.873031242086251394e-28 3.075402439312835168e-29 4.262168483215353909e-01 7.520970528783682307e-29 8.737547753794649768e-04 2.740317702128999616e-04 1.809594601325824944e-04 1.377994903633215917e-01 8.244213529658717945e-04 3.696327659015752724e+05 2.802555346040500444e+05 9.225904096939676674e+04 2.686421724075770956e-01 2.857619116068953299e+05
4.104061450580955395e+00 1.343024381814280410e+01 1.136015311530485405e+00 9.038452203371214466e-01 4.903194859514532766e-02 1.334990346994748123e+01 5.004895198009967832e-29 2.293610630431362374e-30 2.500497349244514167e-29 1.863057819574933383e-01 6.025147078085035772e-29 6.502863176583134185e-04 8.884428545584616751e-05 2.049054831234077253e-04 1.128900174483054158e-01 6.976139852015842985e-04 2.470001776348810527e+05 2.608723683107201941e+04 8.935315308073710185e+04 1.438290349443737126e-01 2.775089298904889729e+05
7.132041390057954899e+00 1.346538259286058903e+01 4.892992497592235424e+00 4.117792760107972683e+00 1.519424938889355758e-01 1.293132253956112621e+01 5.710599567131289534e-28 1.202344112000720972e-27 4.720485974059138631e-29 7.398547766858165620e-01 8.115059772003953304e-29 9.651114637198900115e-04 3.692557650203048911e-04 1.004495223955743487e-04 1.100566993221965828e-01 8.506578820767064873e-04 2.153373771165476181e+06 4.417763800660289824e+06 1.649124804179031053e+05 5.972914472900654470e-01 4.252993631345120375e+05
1.239406743831755797e+01 3.680651710838629409e+00 3.965576370651135996e-01 6.000772922924149100e-01 7.178075626226319839e-02 3.744629384368229008e+00 9.322762862838078030e-29 1.484683386396372504e-28 1.078731955758120306e-29 5.312168447714060715e-01 2.789980043030325265e-29 8.768477156723359983e-04 1.486831529084534087e-04 8.592626283149469059e-05 8.274683377599864609e-02 8.458101234180184346e-04 1.483518264338594396e+06 2.267145040758768097e+06 1.433194751664489158e+05 4.636979708311795845e-01 5.048100657971840119e+05
