# R (Mpc), mean rho (Msol/kpc^3), errup (Msol/kpc^3), errlow, std, median rho (Msol/kpc^3), mean pth (Msol/kpc/s^2), errup(Msol/kpc/s^2), errlow, std, median pth (Msol/kpc/s^2), mean gas-mass-weighted metal (fraction), errup, errlow, std, median metal, mean gas-mass-weighted temp (K), errup, errlow, std, median temp  
#  nprofs 450, mean mh 3954293403517.486816, median mh 3660642953303.403320 
#  Mass range 12.41 - 12.8 
#  Nhalos 20
1.633847210211432713e-02 1.597150720792489010e+05 1.462546372349479934e+05 9.540907447861565743e+04 4.763475380552180116e-01 1.175124623614413285e+05 1.326964630971740853e-24 1.015094022755681073e-24 7.698774589203927436e-25 3.894793429411238517e-01 1.091651120458417670e-24 7.934738904082107996e-03 2.594507861214352673e-03 3.886249319014468961e-03 2.433923369074653953e-01 8.212892399097263332e-03 1.167990587898038328e+06 8.115763366835784400e+05 2.963169692433504388e+05 4.706959467285055654e-01 5.500704325796858175e+05
2.839301035955283867e-02 5.622480437716215238e+04 5.791473458237272280e+04 3.235680286552977122e+04 3.899692651498922191e-01 4.505046959135661018e+04 8.207909179159722406e-25 5.120371366505971834e-25 2.713006462231194941e-25 3.845490816297167935e-01 6.444501223394286932e-25 6.259020372769012394e-03 1.800284615958457068e-03 3.284011674162159566e-03 2.492542893455475250e-01 6.642168105396195621e-03 1.412619008621757384e+06 7.966397494150488637e+05 7.824925503631597385e+05 3.913770829325262102e-01 1.214847239247516263e+06
4.934139693352049272e-02 2.116109442500654404e+04 6.406462822639568913e+03 1.371687628909068007e+04 3.654417089564053200e-01 2.053992764446097863e+04 4.747244103797360188e-25 2.369043480058081162e-25 1.904351810227297420e-25 3.373426982561934517e-01 4.170434898155921759e-25 4.691782033595373255e-03 1.850730500607872080e-03 1.441798324497947821e-03 2.399496107871156303e-01 4.462730531911405368e-03 1.903985112303522183e+06 1.429234341534869047e+06 5.245270798797202297e+05 2.590031548340351319e-01 1.463928610805997858e+06
8.574552048272386651e-02 9.566497775744463070e+03 9.914161315295277745e+02 7.951129923084040456e+03 3.625202013538244561e-01 1.107510291379194132e+04 2.581220756158275857e-25 1.469224400487076538e-25 1.188102568091831343e-25 3.389546221328095243e-01 2.251617766106737240e-25 3.723266656402930089e-03 1.789755450808834351e-03 1.476774105632018465e-03 2.429124036923380192e-01 3.374124617785135595e-03 2.120727334019768052e+06 9.279456655543087982e+05 4.696528522885551210e+05 1.868569853648469337e-01 1.766988957544832025e+06
1.490086365564239901e-01 4.664609325754790007e+03 1.121500422757739216e+03 3.866031768235327036e+03 2.905111428448341471e-01 5.537211060819288832e+03 1.076938322506243786e-25 7.185410724116672309e-26 3.738960294593921325e-26 2.687398666151481486e-01 9.095976713001642586e-26 2.689172901135467551e-03 1.570446133699735826e-03 9.612349985010705013e-04 2.209388692190333292e-01 2.534353067664242738e-03 1.692902302321967436e+06 5.446092052736403421e+05 4.888067759245038033e+05 1.623667028387768829e-01 1.515447743912825361e+06
2.589473320985681837e-01 1.617430858973170416e+03 6.867308174261142995e+02 6.764061687197577157e+02 1.674732994483062454e-01 1.632164042054518177e+03 3.078930765832942050e-26 2.005713639041757313e-26 8.753486272903385227e-27 2.249383691466995405e-01 2.510746416469163043e-26 1.642073290863321029e-03 5.057640930478477653e-04 4.166698076502851292e-04 1.601916475486054592e-01 1.515082654332720446e-03 1.275169307786352700e+06 6.003171491580074653e+05 2.425019749848364154e+05 1.516971395065926376e-01 1.102826787906912621e+06
4.499988883233312364e-01 3.905015501380269143e+02 1.388041977212203619e+02 1.036333915823853715e+02 1.710742077975744013e-01 3.508348786068831942e+02 6.024608057126713939e-27 4.185961982280043434e-27 1.706203737115986971e-27 3.394948147098293401e-01 3.659904150432494895e-27 1.060332778713841224e-03 5.431968400440953960e-04 3.948473891162857788e-04 2.761392565162881785e-01 9.247722483304899894e-04 8.800104582326477394e+05 3.305249583337288350e+05 2.687918197219749563e+05 1.916610673060663295e-01 7.795337220866531134e+05
7.820084410645824491e-01 1.213821590768079233e+02 7.957802607071789680e+01 2.076700065189606903e+01 2.139352461750881895e-01 9.690521889877345529e+01 2.703888574101454480e-27 1.309837118300838142e-27 3.385317611331636907e-28 5.394675976407201645e-01 5.809902147963124379e-28 8.577696368433929954e-04 6.107635355353429121e-04 5.567767568176639143e-04 3.610968799071943569e-01 7.852072164207034126e-04 7.542820537863570498e+05 2.690594189631948248e+05 2.364937475677716429e+05 3.410230584519789443e-01 4.454677982352790423e+05
1.358974916971039892e+00 8.013173734676124127e+01 1.094918236940912948e+01 1.302011213494656516e+01 2.924078964619672427e-01 4.660420672054728186e+01 7.131210535620610370e-27 2.147873229960225958e-28 1.418630583094515736e-28 7.170505203807064909e-01 2.169723850194907030e-28 8.590855005291489358e-04 4.063428640114575066e-04 3.286378081451887942e-04 3.193928878035560137e-01 7.226360787925868463e-04 9.488247449167085579e+05 1.665353699808422825e+05 1.989548777158384037e+05 4.319525107574557765e-01 3.334030748729580082e+05
2.361627736961885660e+00 3.066296924138777769e+01 1.551802897539859316e+01 7.432096874827490041e+00 2.178741152739573084e-01 2.363716005706152146e+01 6.119931964685119419e-28 2.271279600552472376e-28 4.508696444823971587e-29 6.506014112430533736e-01 7.909459112085287006e-29 7.748212231856942914e-04 5.196627210481057167e-04 3.776659802998944384e-04 3.190219787993646694e-01 7.450420721872921814e-04 5.500770095269304002e+05 2.483390391104389564e+05 1.307667789499142236e+05 4.457827085350755114e-01 2.524637351262019947e+05
4.104038638489875268e+00 2.123514834482137204e+01 7.568507648626770390e+00 4.940481849191936448e+00 1.736817314726119832e-01 1.862182448768929532e+01 4.523137834705314424e-28 1.041499883449166794e-28 3.678830227481734579e-29 5.745844598180456231e-01 7.861239554214438246e-29 7.575786771289165934e-04 3.840321225304613346e-04 2.144632330975538691e-04 2.203843021197121332e-01 6.773230707402765581e-04 7.047451464194298023e+05 2.936464913186240010e+05 1.135962738005761930e+05 4.149950728441001990e-01 3.007568850325718522e+05
7.132001747187159957e+00 1.706411620973904775e+01 6.931684945105537565e+00 2.296453054519670189e+00 1.291573382714514828e-01 1.619044286756660256e+01 4.120359800287826316e-28 1.243790744867557401e-27 5.993762564330677434e-29 6.801250841250504608e-01 9.083235924094187743e-29 7.676827435967067785e-04 3.251213088250105333e-04 3.396336149570348853e-04 1.740683373609890616e-01 7.859911276542276733e-04 1.259765218747877982e+06 3.319070051343597006e+06 1.959444131858221372e+05 5.608613888373865652e-01 3.633198888918004232e+05
1.239399854690385538e+01 1.991406762865102875e+00 1.920648307380665720e-01 3.757974235628558368e-01 7.092855041881478140e-02 2.024826250448384712e+00 1.950221421853714455e-29 6.585829130952048406e-30 5.224323841349919634e-30 4.160037923007878224e-01 9.769284341102601824e-30 6.288236468917324891e-04 1.283216270084266584e-04 8.425554887781200146e-05 1.156409850076386275e-01 5.965727817690330472e-04 5.587217652462285478e+05 1.940650942273361143e+05 1.470707281702479231e+05 3.511716006053527406e-01 3.261059398880640510e+05
