# R (Mpc), mean rho (Msol/kpc^3), errup (Msol/kpc^3), errlow, std, median rho (Msol/kpc^3), mean pth (Msol/kpc/s^2), errup(Msol/kpc/s^2), errlow, std, median pth (Msol/kpc/s^2), mean gas-mass-weighted metal (fraction), errup, errlow, std, median metal, mean gas-mass-weighted temp (K), errup, errlow, std, median temp  
#  nprofs 450, mean mh 538095729573.828308, median mh 495615063756.682129 
#  Mass range 11.50 - 12.0 
#  Nhalos 171
3.113230364662173105e-03 3.012317716540569440e+06 1.324983511747749057e+06 8.921474268818139099e+05 2.585680617350152866e-01 2.719557597870508209e+06 8.004651128020584130e-25 4.478552429855323429e-25 1.929343822758064765e-25 4.256309519776387273e-01 3.769879564040368446e-25 1.471522284265435951e-02 7.318773617075219687e-03 5.132256053367418094e-03 2.214305386166308121e-01 1.363805547708450867e-02 1.969316790527436387e+04 3.782113214803779556e+03 1.592452911836191561e+03 1.936048275821247167e-01 1.343215306279246215e+04
5.410174307797641774e-03 1.021339667974770418e+06 6.649669914809801849e+05 2.936823913199561648e+05 2.509271446165025621e-01 8.579231496086878469e+05 2.015367744172668340e-25 1.513798934947254695e-25 4.333878006972226240e-26 3.519964798369677461e-01 1.042841736763979801e-25 1.250077403987630807e-02 7.047347253376421219e-03 4.288783192051094650e-03 2.122206030063162885e-01 1.142383744501056751e-02 2.750626461351122634e+04 4.399282985030826239e+03 1.915190419699065387e+03 2.683236686169913621e-01 1.208148070725356592e+04
9.401805395769324489e-03 3.944538089295572718e+05 2.705355963962681708e+05 1.439079229070952861e+05 2.529008217646994683e-01 3.379639400692321942e+05 1.193086126059828151e-25 1.476121199129571993e-25 3.230097560578381686e-26 4.024233348873905158e-01 6.269513403960581959e-26 8.296275973062962328e-03 4.830200362952966932e-03 2.843073331689806478e-03 2.171662891949448226e-01 7.359850832684674930e-03 2.980335780143105512e+04 3.126621258340720669e+04 3.055361766867794358e+03 3.396444722943533501e-01 1.364931226118526138e+04
1.633846520850827655e-02 1.571261548657123931e+05 8.125173805456500850e+04 7.293709759005581145e+04 2.336772832752452567e-01 1.519106577724230883e+05 1.229804913646132808e-25 1.093727738403533930e-25 6.314928201197871709e-26 3.859854699609812645e-01 9.591815951699559977e-26 5.187566933197336472e-03 2.822933174271496232e-03 2.026236042296668607e-03 2.354813698278721834e-01 4.669828273903301949e-03 7.679883285080437781e+04 7.235631077463731344e+04 2.844497595550888218e+04 4.019624176893976664e-01 4.474435445457136666e+04
2.839299837983852784e-02 4.384447561901912559e+04 2.499523158092827362e+04 1.655397702432855658e+04 2.378682410386460111e-01 3.864648702441372734e+04 6.939458521683200208e-26 7.416315795604834210e-26 2.631369707168345000e-26 3.521611834312499134e-01 5.015536035342448044e-26 3.494092933970373554e-03 2.108160149322974974e-03 1.333816901598128442e-03 2.479878950398164417e-01 3.013320386107142240e-03 1.525127380325794511e+05 1.371237516389846278e+05 5.275733126334394910e+04 4.059119874538659190e-01 8.864414452156602056e+04
4.934137611516303812e-02 9.496429731541595174e+03 6.205213721416691442e+03 3.488481690971490025e+03 2.350539847624331380e-01 8.126610998743914934e+03 3.395162709873752664e-26 2.986918582291567200e-26 1.237131616708357664e-26 3.201070562709824041e-01 2.515163391104158137e-26 2.281379792003869218e-03 1.441560330469163686e-03 8.957025123066809751e-04 2.608312646001906820e-01 1.894016862032787485e-03 2.909549374504298321e+05 2.576592188318662811e+05 1.361774555354240583e+05 3.474638214946322856e-01 2.360762379748572130e+05
8.574548430456500892e-02 2.339507860515336688e+03 1.125439779471481870e+03 6.506877496480306036e+02 1.688339932557888501e-01 2.126321681755760437e+03 1.415803264033230520e-26 1.272349663356222246e-26 4.394676092833612903e-27 2.856375691355231838e-01 1.031670744356278656e-26 1.318575673230858863e-03 9.382031783102210559e-04 4.819834254745677515e-04 2.732407571459636308e-01 1.059459010285053633e-03 3.817393025590411271e+05 1.905564506543203606e+05 1.130696635347683332e+05 1.718436216906054637e-01 3.500794326230948209e+05
1.490085736859895482e-01 8.594819596998958104e+02 4.020705010337884460e+02 2.523488801129885815e+02 1.744353179464177284e-01 7.862779371459881759e+02 4.205972724903894915e-27 3.472047706857481810e-27 1.678905289233868318e-27 2.893583822277058792e-01 3.267488672504928680e-27 9.237271171536485994e-04 7.522341045307102134e-04 2.880008241149282166e-04 2.565060336558220855e-01 7.105315190883268245e-04 3.066078006685068249e+05 1.124591803531409823e+05 1.054213740284732776e+05 1.547936405991154341e-01 2.946740607659321395e+05
2.589472228422751710e-01 2.818304801998117455e+02 1.091646751340470587e+02 8.791225330078287925e+01 1.793541582843638238e-01 2.616211317918171630e+02 1.132129625132441631e-27 8.199034466020570089e-28 4.786989924498209693e-28 3.564633674043946598e-01 8.395749345925132574e-28 6.888943304240397001e-04 4.223678835860660659e-04 3.002093332094435017e-04 2.684308262869962158e-01 5.991676797251671615e-04 2.427374945813495433e+05 1.241007875567925512e+05 8.842407246966433013e+04 2.213824024496656440e-01 2.090472506870017387e+05
4.499986984576546667e-01 8.853343739530974688e+01 5.380258927036254590e+01 3.048451711931247132e+01 2.202349152508119301e-01 7.783051106599958757e+01 3.878671103765496122e-28 4.068794998052586745e-28 1.174263863914725870e-28 5.042144766353688912e-01 1.754869595650136157e-28 5.440824947989797693e-04 5.064750914890472867e-04 2.302926201271614237e-04 3.555256854740292405e-01 3.966627694818740434e-04 2.304004394377181015e+05 1.952639299412046093e+05 6.018687337559506705e+04 3.276431747800440109e-01 1.419156143061565235e+05
7.820081111158523335e-01 3.646769272786382032e+01 3.560922756688972868e+01 1.095513392279042897e+01 3.009978952324417478e-01 2.501337385209390618e+01 2.482061972600575896e-28 3.886904476986163112e-28 2.989875488639073207e-29 7.102158084229114321e-01 4.202973974815466153e-29 4.908887795178752504e-04 6.402129057287622022e-04 1.728705151754224398e-04 5.453598259215839406e-01 2.380693800828023493e-04 2.512137347487279330e+05 2.838543487927085371e+05 7.619061867522628745e+04 4.419424213628271869e-01 1.271808306318567920e+05
1.358974343585863442e+00 2.148048551013406282e+01 2.243340347107040600e+01 6.385674244545373135e+00 3.462435083482063303e-01 1.345444817105438773e+01 3.474862282852392853e-28 3.210499315911672467e-28 2.255380196381615634e-29 8.859254140313359560e-01 2.570358249517384958e-29 5.999099438170607795e-04 9.521337799738834127e-04 2.994965104992466150e-04 7.990021664197930473e-01 3.389686726575295416e-04 3.452936730961977737e+05 5.052601353357861517e+05 9.522033774466160685e+04 5.621586635547147770e-01 1.279225129841071175e+05
2.361626740532650537e+00 1.553617347479474908e+01 1.242420675195138102e+01 5.600353954352950581e+00 3.261962843720540017e-01 1.065815206507026858e+01 4.893348826110917295e-28 1.716523883629959840e-28 2.674315298079393980e-29 8.602356576173990632e-01 3.178670119973749882e-29 7.280502302323093970e-04 6.032382201611951288e-04 5.019849007246433327e-04 5.451972238568136842e-01 6.747781934808099423e-04 5.138547184308332507e+05 4.024457902361458400e+05 1.657872906026476994e+05 5.505382563823512099e-01 2.317217715702507121e+05
4.104036906894324765e+00 1.117887113707300273e+01 7.783493998213629084e+00 3.921990077644390560e+00 2.908245406495841290e-01 8.150567680686990002e+00 3.938335129228234422e-28 1.273637003428905270e-28 3.220009116220689427e-29 8.169391092361996121e-01 3.815712713377971892e-29 8.405963933132441562e-04 3.787995382068665281e-04 4.276587707986595228e-04 3.219696207961249002e-01 8.261228709878332783e-04 8.179946727111483924e+05 4.167259255642316421e+05 2.223821495935136918e+05 5.364064804687987964e-01 3.211340871328673675e+05
7.131998738018977768e+00 7.447930444025860908e+00 2.543462204064308452e+00 2.170610668552740208e+00 1.679780986465826409e-01 6.849151653009185381e+00 1.354052461818937932e-28 4.257908572561247744e-29 2.190076078608497727e-29 5.577607724638633524e-01 3.479452643278860125e-29 8.117252308416384593e-04 2.079412990236241196e-04 2.481408804914494916e-04 1.438475683025333129e-01 8.004099106687365735e-04 7.315684821598402923e+05 2.649095608541885740e+05 1.606041985987547669e+05 3.996122447336529770e-01 3.446064370906312834e+05
1.239399331756889211e+01 4.191369670498921174e+00 1.470234026479035450e+00 5.014861457912567211e-01 9.556528544124771873e-02 3.922294127673256803e+00 7.480547799517889825e-29 2.304825042938119242e-28 6.144097189739302713e-30 4.987535356052015256e-01 2.051683728886371882e-29 8.137908258803173674e-04 3.049972508001945167e-04 9.929527452994890788e-05 9.169197740070006430e-02 7.709989058836832316e-04 9.806169151859538397e+05 2.667797996335238684e+06 9.339833226553892018e+04 4.132547396328058453e-01 3.755185932148928405e+05
