# R (Mpc), mean rho (Msol/kpc^3), errup (Msol/kpc^3), errlow, std, median rho (Msol/kpc^3), mean pth (Msol/kpc/s^2), errup(Msol/kpc/s^2), errlow, std, median pth (Msol/kpc/s^2), mean gas-mass-weighted metal (fraction), errup, errlow, std, median metal, mean gas-mass-weighted temp (K), errup, errlow, std, median temp  
#  nprofs 428, mean mh 9506435561972.355469, median mh 8289963448390.468750 
#  Mass range 12.81 - 13.2 
#  Nhalos 8
1.633847210211432713e-02 1.515953392794593819e+05 7.911945308096853842e+04 3.423065860933151271e+04 1.754613749510087195e-01 1.298885669312446407e+05 4.171519506204632378e-24 1.200262014140626361e-24 2.028062316296693307e-24 2.425760087740566340e-01 4.436277866619545393e-24 4.374583209270423503e-03 5.481953891196271640e-04 3.542984330295452337e-04 1.479574608356106491e-01 3.679399982337793872e-03 2.361492347581763752e+06 1.848612370074469596e+06 1.510703638109498657e+06 3.598835446321278497e-01 2.151014288521235809e+06
2.839301035955283867e-02 6.836194464728677121e+04 2.224961396792987944e+04 1.778382578865273535e+04 1.339205262185716172e-01 6.742565120944590308e+04 4.012992181150756859e-24 2.204388472198535458e-24 1.817934286176001894e-24 2.444338891208379660e-01 3.842838698818746703e-24 3.164558785771093199e-03 1.125703443865835179e-03 3.938115406829840494e-04 1.866575776367772888e-01 2.413812209507376714e-03 4.110557040499951225e+06 2.328847000680578873e+06 1.263873289240851067e+06 2.342968270486402438e-01 3.832490412292663939e+06
4.934139693352049272e-02 4.544565004707178741e+04 1.845972263607825880e+04 9.582935844891781016e+03 1.512752251166039064e-01 4.174325752058365470e+04 2.680521157930408561e-24 8.656056464444412791e-25 1.149318524354139950e-24 1.539866501439691726e-01 2.752955780593000618e-24 2.349227087850910313e-03 1.442698127512252130e-03 4.496716876666207070e-04 2.110095544718146865e-01 1.851722027424967769e-03 4.237271658167526126e+06 4.997322989789200947e+05 1.535382623168113641e+06 1.470707176128928373e-01 4.234575899931438267e+06
8.574552048272386651e-02 2.449310434719258410e+04 5.901668858138276846e+03 8.098654859355090593e+03 1.128352480879638020e-01 2.512468728199253383e+04 1.422649245079825567e-24 1.983751538960341779e-25 4.897559772917405829e-25 1.092274356838487531e-01 1.487484537714385155e-24 1.332681246088704592e-03 4.045144646489286233e-04 4.235792232380235440e-04 1.844215609431740788e-01 1.204602436705103866e-03 4.038956128675874788e+06 4.172775581727405079e+05 3.478578831536686048e+05 8.783147567610927187e-02 3.747933023361624219e+06
1.490086365564239901e-01 1.382579269523129915e+04 1.326861635860488605e+03 3.883319483459596086e+03 8.461258620365233463e-02 1.481700765492228311e+04 6.138802128313722626e-25 1.696503764736942370e-25 1.930337953672583289e-25 1.351746174186492511e-01 6.243546702958042073e-25 9.832105218931792671e-04 4.213463503486680056e-04 2.513485687331532166e-04 1.489978552969814241e-01 9.174099853479500410e-04 3.029597464985970873e+06 8.843843626150391065e+05 3.067876683474420570e+05 1.089966719197719425e-01 2.674307098391472362e+06
2.589473320985681837e-01 5.066661262651326069e+03 1.957070570268158008e+03 6.613185303061900413e+02 1.000148303532906319e-01 4.695646713291545893e+03 1.804972237012027675e-25 1.152028943298031359e-25 2.603635623404816317e-26 2.030801665655976307e-01 1.425382448419027216e-25 7.679473732906976673e-04 3.255453501624051491e-04 2.360215629391885324e-04 1.698983344237934290e-01 7.176302998275260053e-04 2.306185518315342255e+06 9.952652635355242528e+05 3.246611369828393217e+05 1.153883896882521715e-01 2.138378297166980803e+06
4.499988883233312364e-01 8.977667783196579876e+02 4.098662162616353726e+02 1.562148815173022740e+02 1.408861091461734716e-01 7.987663140678778291e+02 1.942229993298609977e-26 1.198079374331095398e-26 5.317301695631103128e-27 2.064705266171868447e-01 1.621300519058343820e-26 3.646749425475993216e-04 2.443022947984801758e-04 3.894618984819276557e-05 2.674877624201260073e-01 2.287087587258468998e-04 1.399471307648262940e+06 2.193540374808050692e+05 3.001312372216107324e+05 8.581130281487064915e-02 1.380921019328831695e+06
7.820084410645824491e-01 1.507431340272937348e+02 1.111745162722371276e+02 1.976547766815305351e+01 1.975626247878954633e-01 1.097964893773610413e+02 1.692790014749257190e-27 2.093097718684334430e-27 3.168903234053753194e-28 3.166674033115968734e-01 1.006652726211641942e-27 1.397538571646634144e-04 2.120666080600277158e-04 5.549440036100936741e-05 4.645410856600195593e-01 7.918657654441030075e-05 6.805148518642504932e+05 3.598352060418870533e+05 7.898110565623757429e+04 1.448561145718712528e-01 5.937217429795345524e+05
1.358974916971039892e+00 4.589963128474446563e+01 2.055003407857349629e+01 6.766447633894991043e+00 1.171822396492389617e-01 4.098822085785329250e+01 2.089916088840037701e-28 1.457093162569657492e-28 6.252438676604641611e-29 2.834946170781927899e-01 1.488372411465616404e-28 8.141328325213251162e-05 6.114911085428631509e-05 3.270241514015722874e-05 4.117618076871177868e-01 5.251470944825825025e-05 2.838454350651319255e+05 2.198881609764173627e+05 7.191341899329420994e+04 1.937982996844249683e-01 2.332865679900333635e+05
2.361627736961885660e+00 3.016942350113484395e+01 2.404794620561153096e+01 4.940819598570264759e+00 1.686520508856776956e-01 2.418888963130492442e+01 2.742474724468725327e-28 5.623232487044201899e-28 3.114240546313367949e-29 5.466726618021839901e-01 7.020192957837520339e-29 1.926666604809451654e-04 2.361605348052485506e-04 4.728379847465203972e-05 4.503455447347694540e-01 9.872850954671995663e-05 4.393784975766990101e+05 6.728162612032978795e+05 6.290458566153273568e+04 3.793029166039754707e-01 1.967300100349932618e+05
4.104038638489875268e+00 1.865256065321381840e+01 2.477077516759283782e+00 1.743297497076845559e+00 4.798575904184538415e-02 1.846407521780750471e+01 6.639049325604374442e-29 1.871470222354190435e-29 2.156945645350359347e-29 1.105388978230090330e-01 6.752751317369124800e-29 1.070780434997938214e-04 2.082947853640322524e-05 2.856534185485545363e-05 1.383196481862156990e-01 1.066051442821548949e-04 2.404820848691757419e+05 3.532436915830994258e+04 6.399094439636249444e+04 9.045250476765064052e-02 2.464482883147362154e+05
7.132001747187159957e+00 1.853633559899921934e+01 5.817100780841471419e+00 3.266397803342393047e+00 1.129910791637891571e-01 1.754112155402071949e+01 4.589751199789638160e-28 1.137044138496434206e-27 1.048922143433611668e-28 6.080133150489188676e-01 1.538265405591003819e-28 2.138290429932812326e-04 1.662030171750458578e-04 4.087531958121896859e-05 2.099052334167180456e-01 1.784651952394181586e-04 1.319156101789049339e+06 2.848326428451925516e+06 3.504988897424947936e+05 4.977910922650615189e-01 5.815025482537149219e+05
1.239399854690385538e+01 2.466024827020458332e+00 5.373453211358611981e-01 3.886096783402661625e-01 7.603068783154522114e-02 2.379719938063581175e+00 7.295048697115572207e-29 2.021078545184628003e-28 3.559429808477517829e-30 5.513333035953317252e-01 1.499347088999225446e-29 2.392421430596345842e-04 2.743625345586484313e-04 4.271518327851901633e-05 2.322515874024592697e-01 1.674614248764313344e-04 1.668078967015957460e+06 4.184756948765967041e+06 7.255311422474525170e+04 4.837437218267280348e-01 4.428968638158962713e+05
