# R (Mpc), mean rho (Msol/kpc^3), errup (Msol/kpc^3), errlow, std, mean pth (Msol/kpc/s^2), errup(Msol/kpc/s^2), errlow, std, median rho (Msol/kpc^3), median pth (Msol/kpc/s^2) 
#  nprofs 459, mean mh 1271326376120.901611, median mh 1262261895589.156250 
#  Mass range 12.00 - 12.2 
#  Nhalos 33
1.633852022730607895e-02 2.546492150989146612e+05 1.452035423218913784e+05 1.575546300632844795e+05 3.256850588550175285e-01 6.886495687210841961e-25 4.995509469346451706e-25 2.540802067881807469e-25 2.843710230464097655e-01 2.551943518153163313e+05 5.279910676574913007e-25
2.839309399155095365e-02 6.016453144188314036e+04 3.519462132794725767e+04 2.796526476142401589e+04 2.599723075186068932e-01 4.605092973227735163e-25 2.449154585783370498e-25 1.778967838686456771e-25 2.548741321200304610e-01 5.602023048504356120e+04 3.984319426526629951e-25
4.934154226927617293e-02 1.697365712361168335e+04 7.126432465223353574e+03 2.656174314083082209e+03 1.780828494776768856e-01 2.107604844820868950e-25 6.767199418327125742e-26 6.989714465403963697e-26 1.752331269885354925e-01 1.566234941879290818e+04 1.976129189425221931e-25
8.574577304732042271e-02 6.600054839698776050e+03 2.157360842854168368e+03 2.264194305583878304e+03 1.516964309410561984e-01 8.377239550965847237e-26 4.632202368507720565e-26 1.926218646249504752e-26 1.519487139743204152e-01 6.527740819393931815e+03 7.358272050245804246e-26
1.490090754633893733e-01 2.559328341864995309e+03 7.038605968973320159e+02 5.522423472483214937e+02 1.339073018701926188e-01 2.456410742587407397e-26 8.444717160482953187e-27 6.887731662914555587e-27 1.807866984524606202e-01 2.498069159910375674e+03 2.280024772148751533e-26
2.589480948314561437e-01 7.523220262982837312e+02 2.597810673163716046e+02 1.810459708554174085e+02 1.400398066756676774e-01 5.734711086107143889e-27 4.936864576851028035e-27 1.575069832163832945e-27 2.929275473948732555e-01 7.342630851126226617e+02 4.025248232185485111e-27
4.500002138011764963e-01 2.104357551488683669e+02 1.295688289527485324e+02 3.650309046348164088e+01 1.782286843925516839e-01 1.441850280265234788e-27 1.660868273399366825e-27 1.876561488367890775e-28 4.054699386613921930e-01 1.740972165582499258e+02 5.963105905452076544e-28
7.820107444810802111e-01 8.456221751278977194e+01 5.226059153037527238e+01 1.082179202698237219e+01 2.261197448990338865e-01 7.247329288814470556e-28 3.875327008379223840e-28 1.022416581891279815e-28 5.698234427188051399e-01 6.070161706349534114e+01 1.650991361246297882e-28
1.358978919850138967e+00 4.423468725080094544e+01 2.949545544140515574e+01 1.375350109765628304e+01 2.361498207635956414e-01 6.760582684158947466e-28 2.547956373979916067e-28 6.399674638759324232e-29 6.940964864338067253e-01 3.563659602815364735e+01 8.274413999814586126e-29
2.361634693168501720e+00 3.405246795480332622e+01 1.242936556118997160e+01 6.114713583580144274e+00 2.126523976742561717e-01 1.061028603894876969e-27 1.098906975924573295e-28 6.793931624673766324e-29 6.316171915881761967e-01 2.661010885349604038e+01 9.306610638584345078e-29
4.104050726991497200e+00 2.518009944301837777e+01 7.881406118828810037e+00 8.024198554344224021e+00 1.460703670699166068e-01 3.040339693346344533e-28 1.244977616412028971e-28 4.361562096759363154e-29 4.683804252875316543e-01 2.381805248441023082e+01 8.429501999935265175e-29
7.132022754595307212e+00 2.088158645025268711e+01 3.981819686712125161e+00 2.318547827396972849e+00 8.205774110208859107e-02 2.668002598459925961e-28 1.779073430055533944e-28 2.684753649122014088e-29 4.687993436184617058e-01 1.982046352216224605e+01 8.552479032054564023e-29
1.239403505359512359e+01 1.020775711125728735e+00 1.761597792881710589e-01 1.175783078366835488e-01 7.953074425425418759e-02 1.582836279188777759e-29 4.892404653918546041e-30 1.131663478896603453e-30 5.097060553089353130e-01 9.725125601367381467e-01 3.742968222120190753e-30
