# R (Mpc), mean rho (Msol/kpc^3), errup (Msol/kpc^3), errlow, std, median rho (Msol/kpc^3), mean pth (Msol/kpc/s^2), errup(Msol/kpc/s^2), errlow, std, median pth (Msol/kpc/s^2), mean gas-mass-weighted metal (fraction), errup, errlow, std, median metal, mean gas-mass-weighted temp (K), errup, errlow, std, median temp  
#  nprofs 456, mean mh 4066792362556.970215, median mh 3289566869938.929199 
#  Mass range 12.30 - 13.1 
#  Nhalos 37
3.113239796992746389e-03 6.861553613345608115e+06 1.089438811496720836e+07 4.661454230526691303e+06 9.176578961268655465e-01 4.797927078431275673e+06 2.722166289255726405e-23 1.017073374348539440e-23 3.715749966101963496e-24 5.663798806863473700e-01 5.529274132535319289e-24 2.344129967707488452e-02 2.080520271651950179e-02 9.728697473110040420e-03 3.145321735620021930e-01 1.952708886074544861e-02 9.062664534501363523e+05 1.440043017999234376e+06 1.403141672892869101e+05 7.862494461625764153e-01 1.740213426393835398e+05
5.410190699309528305e-03 2.478622793906936422e+06 4.661245217024039477e+06 5.789302044677842641e+05 8.102044167457358448e-01 6.897873563931901008e+05 1.774431772297652445e-23 3.783019827901041697e-24 7.145422439089493586e-25 5.284845981427839234e-01 2.024010486260326498e-24 1.857884077486431432e-02 9.810682152742208895e-03 8.663453889197519214e-03 3.009596407844628008e-01 1.741582481171577781e-02 1.234820114905399503e+06 1.594573498497143155e+06 3.563439928901560488e+05 8.396008882783714267e-01 3.852450247775385506e+05
9.401833880952267797e-03 1.117260617331204703e+06 1.882356556648883503e+06 6.078101679325264413e+05 7.553825128598595784e-01 6.588640932552199811e+05 2.856307915947453333e-24 2.556511193984639977e-24 7.932827668638735568e-25 3.993814615722828254e-01 1.504969264861345086e-24 1.479720615187649080e-02 6.248955744875949597e-03 7.033852401552527500e-03 2.478590853848933184e-01 1.497043043182646679e-02 1.096997902209069347e+06 1.675524352012215182e+06 2.501371527247911145e+05 7.554030906061005579e-01 3.004672502105691237e+05
1.633851471008279307e-02 3.882158148821176728e+05 3.134874031102610752e+05 3.719684696070387727e+05 6.287567722397898740e-01 3.984209101259458112e+05 2.106220066198411758e-24 1.171150962202900252e-24 8.854187637039985617e-25 4.068134850685216075e-01 1.368921491493506771e-24 1.210921246064249231e-02 3.952140841724910078e-03 5.317347698795873642e-03 2.160952667120786541e-01 1.261787039886504667e-02 1.146808827349795727e+06 1.633157114461539779e+06 1.643515948207948531e+05 5.588372430569372717e-01 3.025300688768629916e+05
2.839308440371576120e-02 7.765597032143932302e+04 6.477874022715257888e+04 5.122763730430912983e+04 4.399509439472947259e-01 6.662823992934091075e+04 1.103291094464000361e-24 9.537544879809755770e-25 6.305218898830988117e-25 4.031461709040131680e-01 9.373076595160695875e-25 9.172340230488192081e-03 2.164586174883038200e-03 3.558411920626300927e-03 1.851949547364661608e-01 9.222969744278743803e-03 1.375382272590297507e+06 1.109379356952720322e+06 5.484013285245590378e+05 3.223075365468719977e-01 1.020251749209024129e+06
4.934152560752818467e-02 2.502104541049927866e+04 1.762634043060284239e+04 1.876732607802550046e+04 3.906251379382246203e-01 2.536348354956859475e+04 4.981491334973392617e-25 3.297110857147640824e-25 2.362167580172806544e-25 3.658140391906071209e-01 4.414787324632917085e-25 7.636010699585440292e-03 2.399686321939441085e-03 3.301729801059602107e-03 2.034125223830100804e-01 7.487916082681231496e-03 1.716519763279477367e+06 1.704300803187913261e+06 4.647213365815061843e+05 2.776787146463522982e-01 1.225539140435677953e+06
8.574574409252104512e-02 9.279327325628186372e+03 6.547860038513403197e+03 6.362064177934099462e+03 3.540168900982647027e-01 9.152139068734390094e+03 2.588494068273046546e-25 1.707001802670538367e-25 1.569443517577019831e-25 4.063972467267152888e-01 2.103593490550386669e-25 5.707429953131158175e-03 3.444880237276769404e-03 2.510789357810722273e-03 2.665665472854576445e-01 5.405079719121471706e-03 1.937293422446365701e+06 1.542477710168793797e+06 4.804921667780373245e+05 2.323544600359364332e-01 1.508818107441317756e+06
1.490090251457148740e-01 3.746051057451286852e+03 3.037771178072640396e+03 2.350974483232944749e+03 3.542311942951816839e-01 3.257090358588057825e+03 9.360698630827311383e-26 7.253491906250623461e-26 4.721331291931975392e-26 3.604762903072173952e-01 7.175264468254334154e-26 4.100508587646086410e-03 2.049533133808817409e-03 3.081922821066404063e-03 3.340184330310819183e-01 4.423868665020537841e-03 1.795786093311659992e+06 1.022148218847217504e+06 5.053282982653841609e+05 2.194240053208420804e-01 1.506201414834463038e+06
2.589480073893599132e-01 1.178966423347141472e+03 3.798531374441204207e+02 5.683098079266248988e+02 2.335748480577747588e-01 1.173677699083840935e+03 2.715382218578486884e-26 2.586169895494095928e-26 1.017841143252699637e-26 3.498295425007235671e-01 2.070446565050182335e-26 2.453109178656411472e-03 1.667292590863036356e-03 1.824166251642766415e-03 4.548837233202285835e-01 2.267945706430221121e-03 1.431913750081551960e+06 6.968998174827762414e+05 3.805767682389057009e+05 1.977020975476294073e-01 1.250743054786878871e+06
4.500000618442288047e-01 3.542179358432142067e+02 1.838958510142784348e+02 9.793169939969061488e+01 2.237364010763197575e-01 2.973260499002336132e+02 6.496335207690802217e-27 4.774399182445419612e-27 2.875101253447409607e-27 4.463064687900568650e-01 4.759632249838833076e-27 1.840722123295497007e-03 1.815815145610979791e-03 1.093433015010910041e-03 4.734616346111937824e-01 1.559059746942407674e-03 1.052150528355734888e+06 3.772603065083590336e+05 5.643424385793928523e+05 2.658568828399636708e-01 1.089739409124704776e+06
7.820104804101706275e-01 1.289157126621814484e+02 6.566605338414406390e+01 6.339261545716023249e+01 2.549305019314642706e-01 1.205749103532926227e+02 2.178578337500904705e-27 2.216188903463821500e-27 1.066291348921742034e-27 6.138760537866949640e-01 1.284269673758155137e-27 1.786737558603957625e-03 2.068132001679002727e-03 1.244165979176887777e-03 5.980044061439376835e-01 1.496575238460434330e-03 7.958356469926431309e+05 4.613153312366934260e+05 4.118562696627808036e+05 3.824972949644986353e-01 6.220761472709135851e+05
1.358978460947493527e+00 5.920873105735297059e+01 2.498846709750510087e+01 1.786080733988909586e+01 2.399644796881035547e-01 4.578982994210624469e+01 2.544290324134393918e-27 3.758529476336242622e-28 1.802085895362250420e-28 6.641262495120557885e-01 2.437812174151374313e-28 1.217988227603183839e-03 1.030375272815627985e-03 9.381167628642332786e-04 5.714254411657994082e-01 1.120147711346178082e-03 7.079951534237556625e+05 2.546784134942539968e+05 2.223378286494177883e+05 4.393577492945094365e-01 3.720038896569705103e+05
2.361633895687103912e+00 3.041988592347965437e+01 1.178041896590739057e+01 9.026711470154115347e+00 1.998826249279395950e-01 2.725627580087811097e+01 5.971302121388914535e-28 1.652657309516909615e-28 7.287496731618594255e-29 5.797340311073321262e-01 1.068260140164150063e-28 1.125308340964520067e-03 5.399650232143415798e-04 5.750165440025692539e-04 3.347539941790582674e-01 1.132421152363963235e-03 5.124205358319299412e+05 2.435655722547130426e+05 1.548162537609561405e+05 3.943022008384293731e-01 2.768158183766242000e+05
4.104049341127662842e+00 2.115221467186161419e+01 6.354303355784654883e+00 6.461120779060875563e+00 1.463467248578491087e-01 2.029076413527229406e+01 2.761781167532654350e-28 7.874740779448338205e-29 4.965257232416159756e-29 4.576874513877651762e-01 9.321114673170930862e-29 1.144897952408337931e-03 3.794034323780235210e-04 3.171484517149545648e-04 1.729067272292991730e-01 1.099473194697313727e-03 5.249945524866874330e+05 1.774794150642589084e+05 1.138561747310153150e+05 3.318027566632991698e-01 3.060886454696726869e+05
7.132020346239977826e+00 1.901289059527794834e+01 8.803339790343802207e+00 1.957919377949199458e+00 1.137617306612916102e-01 1.698141703847962347e+01 4.026654128639840358e-28 1.164729128583731723e-27 2.662306738155102409e-29 6.018917309398312820e-01 8.141160891849567360e-29 1.193052324375073027e-03 3.700174406771087818e-04 2.951288312991781192e-04 1.281279314525887170e-01 1.190022388213031381e-03 1.128870933409805177e+06 2.730771416847074404e+06 1.058066111777316546e+05 4.947876732896624996e-01 3.426175669521019445e+05
1.239403086835325674e+01 1.493456982122270960e+00 1.857242636005123071e-01 1.944028332418923366e-01 6.061228554193796858e-02 1.490878427923458149e+00 2.134451664732961542e-29 1.005887779685913118e-29 3.899983674096238083e-30 4.653011349649226469e-01 7.621436744492912743e-30 1.074748875417942066e-03 3.089930269592874781e-04 2.600069303591054197e-04 1.220201635227557563e-01 1.057574998648239117e-03 8.144382933690444333e+05 3.483177360462993965e+05 1.803207475883501756e+05 4.115928751207582059e-01 3.686867626624212717e+05
