# R (Mpc), mean rho (Msol/kpc^3), errup (Msol/kpc^3), errlow, std, mean pth (Msol/kpc/s^2), errup(Msol/kpc/s^2), errlow, std, median rho (Msol/kpc^3), median pth (Msol/kpc/s^2) 
#  nprofs 421, mean mh 1280920436356.250000, median mh 1273964165824.125000 
#  Mass range 12.00 - 12.2 
#  Nhalos 26
1.633851471008279307e-02 1.006255061798276729e+05 7.500746981520939153e+04 3.069844432141602010e+04 2.597121461897040073e-01 3.542129799662933239e-25 2.215150242426351964e-25 1.224859113158547622e-25 2.246326744099576833e-01 8.665448242137735360e+04 2.976383668664303075e-25
2.839308440371576120e-02 2.693330458524073765e+04 1.386975762441762345e+04 1.110232216127534775e+04 2.417559938882496429e-01 2.222839104056029849e-25 1.231806240764773112e-25 6.610656558781487758e-26 2.083579622728413960e-01 2.547813610323653847e+04 1.961421776639329592e-25
4.934152560752818467e-02 9.806010279198668286e+03 5.521818561174541173e+03 3.724839423756469841e+03 2.189750917082801951e-01 1.228528615584977413e-25 4.667793745150477326e-26 4.224372318912104145e-26 1.896585442188522264e-01 8.860727075349564984e+03 1.155876594893489235e-25
8.574574409252104512e-02 4.517656305231293118e+03 1.650670588593068715e+03 1.807848706086885613e+03 1.820702298580181011e-01 6.027979647430816410e-26 2.492722186416635274e-26 1.809765596918784314e-26 2.110935570496422498e-01 4.483587972882505710e+03 5.601222136960532951e-26
1.490090251457148740e-01 1.978765142157226137e+03 7.869770597410483788e+02 7.673177809187784533e+02 1.918925193906452498e-01 2.207527405066627750e-26 1.462469412569570003e-26 6.747103684482939252e-27 2.612313991240751143e-01 1.971596145649353730e+03 1.793669971924485732e-26
2.589480073893599132e-01 7.052744910652817225e+02 4.789034113474672267e+02 1.551157199425975932e+02 2.106051073659739037e-01 6.523820198908392282e-27 7.201413013193289955e-27 1.568450439636824907e-27 3.477552124738505501e-01 6.190844221274539905e+02 4.088927195947973927e-27
4.500000618442288047e-01 2.221037977928775433e+02 9.923807155120010748e+01 7.374204773722732398e+01 1.895730695559018908e-01 1.813010265248179210e-27 1.848762496746704986e-27 6.013114657646196125e-28 4.094424745814580491e-01 2.073084873466930276e+02 1.006774934915361474e-27
7.820104804101706275e-01 9.302057430183428721e+01 3.884187917378224597e+01 1.549659405975977222e+01 2.038517580325376610e-01 8.939131053160845598e-28 3.364120348447191827e-28 1.033739617216731084e-28 5.086146571401799488e-01 7.173844893669388512e+01 2.233088601234759129e-28
1.358978460947493527e+00 5.004280038547304343e+01 2.684317506269674425e+01 1.301303608294132630e+01 2.559805547957111349e-01 1.537604349687376019e-27 2.454034473609997637e-28 6.915191404543240206e-29 6.942814791989725398e-01 3.555226994040097566e+01 9.797827690471471387e-29
2.361633895687103912e+00 3.442921756030395386e+01 1.621061550975335308e+01 4.656538196750346970e+00 2.386364486571692090e-01 1.278719289398563261e-27 1.198633124533612840e-28 8.170915563212973002e-29 6.666472929682074611e-01 2.345239037546722471e+01 1.038185875074185920e-28
4.104049341127662842e+00 2.391461257642327709e+01 4.699892094855393054e+00 9.531643457294451949e+00 1.524514499703844561e-01 3.409734851612756218e-28 1.024401718973639822e-28 6.627278750347164185e-29 4.830197879952610185e-01 2.393281785599394595e+01 1.048626739390259159e-28
7.132020346239977826e+00 1.839180684029728141e+01 3.335602822180895544e+00 3.105349965466164264e+00 1.016992060840371526e-01 2.482524181064816327e-28 1.901467279482483483e-28 3.788226793291712861e-29 5.094710584495507621e-01 1.811770221496530553e+01 7.640422652852728896e-29
1.239403086835325674e+01 1.694956501850487740e+00 5.065844551627987080e-01 2.252795185104310427e-01 9.335522918328732767e-02 3.475255524107293511e-29 5.481859098973225877e-29 1.702672937513463652e-30 5.976610302607996417e-01 1.595289009552352866e+00 5.733245858906393968e-30
