# R (Mpc), mean rho (Msol/kpc^3), errup (Msol/kpc^3), errlow, std, mean pth (Msol/kpc/s^2), errup(Msol/kpc/s^2), errlow, std, median rho (Msol/kpc^3), median pth (Msol/kpc/s^2) 
#  nprofs 453, mean mh 1225218261001.560791, median mh 1208038057234.333008 
#  Mass range 12.00 - 12.2 
#  Nhalos 35
1.633852022730607895e-02 2.635421798667677795e+05 1.597653021934132557e+05 1.044443346961584466e+05 3.348966464916220964e-01 6.173427001037839552e-25 3.574747747654806632e-25 2.575392158146472309e-25 2.452976301214550015e-01 2.540577636389523977e+05 5.759531689475956376e-25
2.839309399155095365e-02 6.484286336634539475e+04 5.149556851658764208e+04 2.454926791307866370e+04 3.100589723314108870e-01 4.267594955325379788e-25 1.985725879088090103e-25 1.906874943387913340e-25 2.521684985009676194e-01 5.587627182433401322e+04 4.098815189447392272e-25
4.934154226927617293e-02 1.649780859461748696e+04 4.462902009793539037e+03 3.392561817542009521e+03 2.412410937645651232e-01 2.157669651164033565e-25 8.547697485985023607e-26 8.573689062164880244e-26 2.450984702094994860e-01 1.643514518444675923e+04 2.108685251945868135e-25
8.574577304732042271e-02 6.558330189416091343e+03 1.342271084798879201e+03 1.550995537409943609e+03 2.124220607347701295e-01 7.938195861870758709e-26 3.573106438816911567e-26 3.183134609134732391e-26 1.963605050912449745e-01 6.745945537030293963e+03 7.900478102690937041e-26
1.490090754633893733e-01 2.515674072601217631e+03 9.037701735508067031e+02 6.894965907785103809e+02 1.500025575668080258e-01 2.466421674731457590e-26 1.080594475107568931e-26 6.898421437690058753e-27 1.752265301788330787e-01 2.455289663649918111e+03 2.189159688806094954e-26
2.589480948314561437e-01 7.455158476536516901e+02 2.999919280577516929e+02 1.680625066501386300e+02 1.241562353027494958e-01 6.634388513718599186e-27 4.400515023058208429e-27 2.552308808572047157e-27 3.161352432649121025e-01 6.844086497298021641e+02 4.838148068095625379e-27
4.500002138011764963e-01 2.205173259750292516e+02 1.705151521628975502e+02 5.211175880035600017e+01 1.888695212280151747e-01 2.298534033864547841e-27 2.177173266776827171e-27 2.821984132594944772e-28 4.925491404341572066e-01 1.839019905095564695e+02 7.008119805710376399e-28
7.820107444810802111e-01 1.017301809227758866e+02 5.917858398796139596e+01 8.223661424273409182e+00 2.860110301948512457e-01 3.135700684202320827e-27 4.273796417516308718e-28 1.236247299253754228e-28 7.473315132348966605e-01 5.941082275541865698e+01 1.805688504799722428e-28
1.358978919850138967e+00 6.783450296541377611e+01 3.314230384037832522e+01 1.451858889853429702e+01 3.259029559381113605e-01 4.850429310353080963e-27 3.997090131284925032e-28 6.745175495060015070e-29 8.820967672417471261e-01 3.701813372632739885e+01 8.667290539024677576e-29
2.361634693168501720e+00 3.671983437473096501e+01 1.331312282904563560e+01 7.545354277823268063e+00 2.273250084904713808e-01 1.161659653340775707e-27 1.395119522413297711e-28 8.162562997237601557e-29 6.984031697286217089e-01 2.832787120484876553e+01 1.066662530071243729e-28
4.104050726991497200e+00 2.562234130961546441e+01 5.344826981469999794e+00 1.003559532591366477e+01 1.440767535546274847e-01 2.866776010988231655e-28 1.007118193831059788e-28 5.861333490670015045e-29 4.566126991172588245e-01 2.595379747039436324e+01 1.021622648845746584e-28
7.132022754595307212e+00 2.100914099629734011e+01 3.345111053464037809e+00 2.384636368443036503e+00 7.990468254501634227e-02 2.573246619510465912e-28 1.738916824419161524e-28 2.561069170558705176e-29 4.581946353722812781e-01 2.028830565159035260e+01 8.360037305352499851e-29
1.239403505359512359e+01 1.051067382775921821e+00 1.907553519684634935e-01 1.469835316464720432e-01 8.673545006156140047e-02 1.933889517011802873e-29 1.912941623912477526e-29 1.553917691149982572e-30 5.464561022895028097e-01 1.012146986756781608e+00 4.201848556512034278e-30
