# R (Mpc), mean rho (Msol/kpc^3), errup (Msol/kpc^3), errlow, std, median rho (Msol/kpc^3), mean pth (Msol/kpc/s^2), errup(Msol/kpc/s^2), errlow, std, median pth (Msol/kpc/s^2), mean gas-mass-weighted metal (fraction), errup, errlow, std, median metal, mean gas-mass-weighted temp (K), errup, errlow, std, median temp  
#  nprofs 452, mean mh 1213454411688.413574, median mh 1183968687391.444580 
#  Mass range 12.00 - 12.2 
#  Nhalos 39
1.633859116181033549e-02 1.518652400413477444e+05 1.058004478458431258e+05 1.243296297799465683e+05 5.920537320846197549e-01 1.435225237418038596e+05 2.960595125847240436e-25 2.281766165668202994e-25 1.718892465587860682e-25 3.371700246238689136e-01 2.619274639437919186e-25 7.808903900517997695e-03 2.991077588299725747e-03 1.774292889312530097e-03 2.130428484092471431e-01 6.603981198009595786e-03 3.670429691243232810e+05 4.401220200357551221e+05 9.150982950918021379e+04 5.079234204921981854e-01 1.507648173642070324e+05
2.839321726159124010e-02 4.813636656725783541e+04 5.937699310166202486e+04 2.916604269256742555e+04 4.779709272844658852e-01 3.608790508594180574e+04 1.788752455205598512e-25 1.293123547417984323e-25 1.055652782912266193e-25 3.397511444674869430e-01 1.702504523179699689e-25 5.788450348520302567e-03 2.453696692594207682e-03 1.195598989111658437e-03 2.098861094867075228e-01 4.814486768822266033e-03 5.111566975374366739e+05 7.213313579576273914e+05 2.693479826815188280e+05 4.610757072032668491e-01 3.590572641341642011e+05
4.934175648805434050e-02 1.367895269798045956e+04 7.170286616120314648e+03 7.458166084884555858e+03 3.771762711113625932e-01 1.155480615059386218e+04 1.019325777245813175e-25 3.917636569753370417e-26 6.535461848822457772e-26 3.491314169177821558e-01 9.720703165515403722e-26 4.238710516471603899e-03 1.744611961848579161e-03 1.226997650342077136e-03 2.150051895451761119e-01 3.749461221956964033e-03 6.663601723068139981e+05 4.665004080569737125e+05 3.188389101237202412e+05 3.092209222929147017e-01 5.989150338117307983e+05
8.574614531689064845e-02 4.120841813582674149e+03 1.035085269094710384e+03 2.805643666272487280e+03 2.988482927200539763e-01 4.631921310072729284e+03 4.762709640264747284e-26 1.950964099921710343e-26 2.657167193891152551e-26 3.340238437357531676e-01 4.711199838084390472e-26 2.923766610223900442e-03 1.529799282120589566e-03 9.596466008923820561e-04 2.327130116251102665e-01 2.518595055727266326e-03 7.841516860264927382e+05 2.402873637488632230e+05 1.682091508806970669e+05 1.448172518172146095e-01 7.328856750472690910e+05
1.490097223937570103e-01 1.843045032548016707e+03 6.531510171499000990e+02 8.437155103721856904e+02 3.091868124017526087e-01 1.874239464004983120e+03 1.783737834781892934e-26 9.055014480852315766e-27 9.063871061131090919e-27 3.169827484709359933e-01 1.661690427594128283e-26 2.184241430648329891e-03 1.975207100786568418e-03 5.556524232171343100e-04 2.270345726865276303e-01 1.735813782953031081e-03 6.669641049157814123e+05 1.728884573365583783e+05 1.648856961041999166e+05 1.320547354697411968e-01 6.445373439030047739e+05
2.589492190675852235e-01 5.876125157566121970e+02 2.950163267479771321e+02 1.553959565298237067e+02 2.424600370837309837e-01 5.524397998751539944e+02 4.909334564796628886e-27 3.865537208424099250e-27 1.237176302977111555e-27 3.242544345301632269e-01 3.491754852806130612e-27 1.520181562874643602e-03 1.042159836508492433e-03 5.135502606019642577e-04 2.358862072210572147e-01 1.317678808139446716e-03 5.360584003844221588e+05 3.828979489816146088e+05 8.518428977988200495e+04 1.801699735173009909e-01 4.231458983034425764e+05
4.500021674996532717e-01 1.442269050317518406e+02 7.809016512752315009e+01 4.553186056550926253e+01 2.027205572907605502e-01 1.279140300463516127e+02 9.704202893724714238e-28 1.108248974092176408e-27 2.323096274101132455e-28 3.940627829787105019e-01 4.748704827381940447e-28 9.612997164433373680e-04 7.414990697148416028e-04 4.037309365039602489e-04 3.207860062282599789e-01 8.055787854108038219e-04 3.952086864369916148e+05 3.093092580969934934e+05 8.915180647279706318e+04 2.482086811992075259e-01 2.858466461907766643e+05
7.820141396199125072e-01 5.136697820090471112e+01 2.989591466852962043e+01 1.708065898332440469e+01 2.482610314022881404e-01 4.043874825907619908e+01 4.794435527009725783e-28 4.157341399141799138e-28 8.301749456271962317e-29 6.142596455730959804e-01 1.195186871459431541e-28 6.311355157303132806e-04 6.961060089530166518e-04 3.945690435466761353e-04 5.265791687741484539e-01 4.953667255377482755e-04 3.445072731224750169e+05 2.732865415982592385e+05 9.999060485112245078e+04 3.877565279098579842e-01 1.897896119922677171e+05
1.358984819925215248e+00 2.958284509457951827e+01 2.082768708662947432e+01 8.246417439159785090e+00 3.042405400464532339e-01 1.911211646309163115e+01 7.923665194262415512e-28 2.932034844458918985e-28 4.066670791966480876e-29 7.840441509563343958e-01 5.401775449440588373e-29 6.204257066394438689e-04 7.891274708284022350e-04 3.250955244564970740e-04 6.000423152978463515e-01 4.207187438900747488e-04 4.776593735508729587e+05 3.534990937947029015e+05 1.644683511893001851e+05 5.037870437590077355e-01 2.344150715926115809e+05
2.361644946323858463e+00 2.077349427739635956e+01 1.374381729492324844e+01 5.137634700176324287e+00 2.952462094853405272e-01 1.332527877734421118e+01 1.057446095088496810e-27 2.284612587138629648e-28 3.103085721748540038e-29 7.850920364843092525e-01 4.178774901897882324e-29 7.309825091836955622e-04 7.423234864911288765e-04 4.102599917411481377e-04 3.908489080782604486e-01 6.061582253760102595e-04 6.715547714309375733e+05 4.109738658269875450e+05 1.480719859821107530e+05 5.144070505465152543e-01 2.361340522084909899e+05
4.104068544933373808e+00 1.530292486645104511e+01 8.358131228104834776e+00 3.444325145981759206e+00 2.703354374750169820e-01 1.063930945549558871e+01 7.350650990884973497e-28 1.280277784471986862e-28 3.169471707389589760e-29 7.918250012719957320e-01 4.928050482349967652e-29 8.577966347482333291e-04 4.457115933620579493e-04 3.485891241182469363e-04 2.424065770739682879e-01 8.135335336703700126e-04 1.141434695805071853e+06 4.436125451544551179e+05 1.279846953081065731e+05 5.285942625899149316e-01 2.764719101737129968e+05
7.132053718629468797e+00 9.655344131243042582e+00 2.942541427214136363e+00 3.349557009856715339e+00 1.548385738430004266e-01 9.214098126004161671e+00 1.722742180448248092e-28 8.175313811785823952e-29 3.028138037415301864e-29 5.590337094038527743e-01 4.362818532695686537e-29 7.661809558381730287e-04 1.790261627490839476e-04 2.389112388694121687e-04 1.449758041824796839e-01 7.520434966748270082e-04 7.853265675229002954e+05 3.451867464751427760e+05 1.694403832392694894e+05 4.194620905158878421e-01 3.469068711489114212e+05
1.239408886291934841e+01 3.707632384087994559e+00 9.321877915956040539e-01 4.445777125792158557e-01 8.630987186051017335e-02 3.519756476531521017e+00 6.384709836920185962e-29 1.143975961713647211e-28 6.459272673019420537e-30 4.926500099388591014e-01 1.827442043694439011e-29 7.863194475810455272e-04 1.608165018217219125e-04 1.423482302005099533e-04 9.440964834519625926e-02 7.726097055558717045e-04 9.704791597247779137e+05 1.721738806856914191e+06 7.749271799148601713e+04 4.226449989412217612e-01 3.423508831393042929e+05
