# R (Mpc), mean rho (Msol/kpc^3), errup (Msol/kpc^3), errlow, std, median rho (Msol/kpc^3), mean pth (Msol/kpc/s^2), errup(Msol/kpc/s^2), errlow, std, median pth (Msol/kpc/s^2), mean gas-mass-weighted metal (fraction), errup, errlow, std, median metal, mean gas-mass-weighted temp (K), errup, errlow, std, median temp  
#  nprofs 439, mean mh 1868262571614.219482, median mh 1784067632828.361328 
#  Mass range 12.21 - 12.4 
#  Nhalos 20
1.633850140332886169e-02 1.839233282217115629e+05 1.615109833835960308e+05 1.421047105821588484e+05 6.122119614281485989e-01 1.709349295689860301e+05 6.026054377593215088e-25 2.516689350746594121e-25 1.970742102447713460e-25 3.398835260168054928e-01 5.404305550140364791e-25 7.714477419613868792e-03 2.421161672407743867e-03 1.023506302857303887e-03 2.112276438972232329e-01 6.428251750946394755e-03 6.823594753727265634e+05 1.086035829622259829e+06 1.255576647842046077e+05 5.098077624247726591e-01 2.216082362209750572e+05
2.839306127922774578e-02 4.867473902665072819e+04 4.207104368606879143e+04 2.783809963567377417e+04 4.226412603377941446e-01 4.054220072208820784e+04 3.630680338801491340e-25 1.990348512447855766e-25 2.323235178094499730e-25 3.218787869567328319e-01 3.589588277708005260e-25 6.087121335069520765e-03 1.781544245225025538e-03 1.135069258627980412e-03 2.341256166051540466e-01 4.840008458134320221e-03 8.074478892836926971e+05 8.283719643582355930e+05 3.823309761983761564e+05 3.758844222563608728e-01 5.838796041377627989e+05
4.934148542177373836e-02 1.799221039539296544e+04 1.129975442118962019e+04 1.116544391511573122e+04 3.455709730953070991e-01 1.768258044019473164e+04 2.464828297578744691e-25 8.298215086641534706e-26 1.851217468643095228e-25 3.126417592079528407e-01 2.564848329198711848e-25 4.547879410164318639e-03 1.438290624390622593e-03 1.318626620284376206e-03 1.969994727596986739e-01 3.957043167292301905e-03 1.190182944796201540e+06 4.992438592686564662e+05 6.752247567128106020e+05 2.968765692496447839e-01 1.162249741129699629e+06
8.574567425768368778e-02 7.685551098648831612e+03 5.252319094922152544e+03 3.751962946187283251e+03 3.652046341902269178e-01 6.814498185430383273e+03 1.206082818428681966e-25 5.531840010348533362e-26 7.676825513827503960e-26 3.311651134089458881e-01 1.237379241551478677e-25 3.232532220270151711e-03 1.354271778311329222e-03 1.093458201649776147e-03 1.865153255671415378e-01 3.118040016601470073e-03 1.202989922028595116e+06 3.801575708785860334e+05 2.711112711246663239e+05 1.759043253602252666e-01 1.116320770482285414e+06
1.490089037866766386e-01 2.798524865177831998e+03 1.166012977514067643e+03 1.939905396312653011e+03 3.144176664827810219e-01 3.021463981472118576e+03 3.830462276897903368e-26 1.991316529082742115e-26 1.508901172031314203e-26 2.831526025953001180e-01 3.712573756740392710e-26 2.166685835355618671e-03 1.062655555318515587e-03 1.205158225308353799e-03 2.237226746008853517e-01 2.223329809593502931e-03 9.904391577696970198e+05 5.055008438276052475e+05 1.849799461833585519e+05 1.359859248849251967e-01 8.850287065355989616e+05
2.589477964915226638e-01 9.386044597190888226e+02 4.048016542251085639e+02 2.597171995973649246e+02 2.467629204616202665e-01 9.079306901097530726e+02 1.020430774307425124e-26 7.415753712287750137e-27 2.105246897302490908e-27 2.119079380868129914e-01 8.411455341293935138e-27 1.581943769393890547e-03 7.277242065936134329e-04 1.113351935804607253e-03 2.791677217792566390e-01 1.681378527584196031e-03 8.007121535607652040e+05 4.670340876954974374e+05 1.736984981138862786e+05 1.671651022288052069e-01 6.749454896533509018e+05
4.499996953457924831e-01 2.477076022884411373e+02 1.677670168007123266e+02 4.860875048649526775e+01 1.892979763741817478e-01 2.072041525896881353e+02 2.281228172481906115e-27 3.363977516116112869e-27 6.738225681751495591e-28 3.406747173472455259e-01 1.529555822704136987e-27 1.000596414936087957e-03 1.010546083973241308e-03 4.715565390078861586e-04 3.353608354858074736e-01 7.481497054008809725e-04 5.529304918131823651e+05 4.373120390598787926e+05 9.774204940037737833e+04 1.944080390185074780e-01 4.302878262193981791e+05
7.820098435088842503e-01 8.205543630954494461e+01 5.279108711287373978e+01 2.801743492269683600e+01 2.322561183642970206e-01 6.527345207211986633e+01 5.946138352023847978e-28 7.457654918689981963e-28 2.399596343288475012e-28 5.176015761787312597e-01 3.282835119164790150e-28 9.076242229403447834e-04 1.288843765242977078e-03 4.874085934145824936e-04 5.264973411523370395e-01 6.019891693818488643e-04 3.811687889864598983e+05 3.175043409928540932e+05 1.788042136965751415e+05 3.030651747983938993e-01 3.443030162220699713e+05
1.358977354139910165e+00 3.296531067739410759e+01 1.647448859783614239e+01 1.059608038027669963e+01 1.866842600083563619e-01 3.116302216502368339e+01 1.570380550776160199e-28 2.184897611468196946e-28 5.607784508909258278e-29 5.208417389741433201e-01 1.024615212127084474e-28 6.513529928974014574e-04 3.792003973927372080e-04 4.357316902976423093e-04 4.755772438773106514e-01 6.341229990245116467e-04 2.804429916586061008e+05 2.296759523843319330e+05 1.035764669900074077e+05 3.659003209474693263e-01 2.426894699432311754e+05
2.361631972275968661e+00 2.386199752527182483e+01 1.354479152317588841e+01 5.508394954543483379e+00 2.144840026447949188e-01 1.980902439264141179e+01 1.653712057748300098e-28 1.694585250174029806e-28 5.673321434521374076e-29 5.431072945494545001e-01 8.407353756963894913e-29 7.767361156918712152e-04 3.969432375238092937e-04 4.699370812285247443e-04 2.940539557947304261e-01 8.154361609781105111e-04 3.585227069964199909e+05 2.861743140360711841e+05 1.112131937521236687e+05 3.388890707591411533e-01 2.406344172234004654e+05
4.104045998622196656e+00 2.029975445505557730e+01 9.024810414671044612e+00 3.798405414611515596e+00 1.952467201262677865e-01 1.566659566851773278e+01 7.234036532065407656e-28 8.114742194117341173e-29 2.883923883786740387e-29 6.616654694491892474e-01 6.842675245135515411e-29 8.359048514928156537e-04 2.022133188078676074e-04 2.558461694869428212e-04 1.647456540449225293e-01 7.822578727256078879e-04 1.115541564199098153e+06 2.074299226478344644e+05 1.083199527499869291e+05 4.796226856528431060e-01 3.201896459156382480e+05
7.132014537631209627e+00 1.408236581871204507e+01 2.517763050248607470e+00 1.515670950936481631e+00 9.998285130368866902e-02 1.321356967525375481e+01 2.126537163168483020e-28 4.942792606288806890e-29 3.356467751151548561e-29 5.137196857095069902e-01 6.525812710684670447e-29 6.851127800860626772e-04 1.207789886874151286e-04 2.013430367478730686e-04 1.376148947415992418e-01 6.891085904562647361e-04 7.524108369978726842e+05 1.843304187677106238e+05 1.151590501224964974e+05 4.200269087473709750e-01 3.095239642153985915e+05
1.239402077414812453e+01 2.738780227177332716e+00 4.863035839444718178e-01 3.210650523506823895e-01 7.452597378689061747e-02 2.612714807153577290e+00 4.853420272078623899e-29 7.987345879243420807e-29 3.534509520351700859e-30 5.210228443643379892e-01 1.142659446358039914e-29 6.918450458622972098e-04 2.050626673694019245e-04 9.878379714831249381e-05 1.229940460696051091e-01 6.312268563386474844e-04 9.654705346455549588e+05 1.687146740977742476e+06 7.629519387969959644e+04 4.529438028868136290e-01 3.051845903718445916e+05
