# R (Mpc), mean rho (Msol/kpc^3), errup (Msol/kpc^3), errlow, std, median rho (Msol/kpc^3), mean pth (Msol/kpc/s^2), errup(Msol/kpc/s^2), errlow, std, median pth (Msol/kpc/s^2), mean gas-mass-weighted metal (fraction), errup, errlow, std, median metal, mean gas-mass-weighted temp (K), errup, errlow, std, median temp  
#  nprofs 447, mean mh 4014600047604.105957, median mh 3884929303990.765625 
#  Mass range 12.41 - 12.8 
#  Nhalos 26
1.633859116181033549e-02 8.646248997643055918e+04 8.867049105139428866e+04 9.319972440702771564e+03 5.517932752626441006e-01 2.348012755602041580e+04 1.953389057533278871e-24 1.442492322104424263e-24 2.877911287788118848e-25 5.272907149942240856e-01 5.985203207480214107e-25 9.046079614322622559e-03 6.399995498044144457e-03 3.449441456710447378e-03 2.847264682695221372e-01 7.809111172657898919e-03 2.383209011795264669e+06 1.780226096490601543e+06 1.508212190570054576e+06 5.268143769989159786e-01 1.985977202458391432e+06
2.839321726159124010e-02 2.785630817286033198e+04 4.899485129595425678e+04 7.951673579881828118e+03 4.366075350984426340e-01 1.404572241280994422e+04 6.072633212362082113e-25 7.878752685482508173e-25 2.293281897769896098e-25 4.558797048289677800e-01 3.903215818592433733e-25 7.996253853752573887e-03 5.461468641678033330e-03 3.350032445269005444e-03 2.723706680154465154e-01 6.909914235588538768e-03 2.230187985499240458e+06 1.185656384761454538e+06 1.373039058807727648e+06 4.064159236981650380e-01 1.950994095622717403e+06
4.934175648805434050e-02 1.105176638628149340e+04 1.936879006982057399e+04 2.912132027947880488e+03 4.102684680286983743e-01 5.974653189609496621e+03 3.380141678348416140e-25 3.462425914702024585e-25 1.109030253803015696e-25 4.458400809500490114e-01 1.951666025847767194e-25 5.612197482118049668e-03 3.864704547001147558e-03 2.629780804774389021e-03 2.646775872360413451e-01 5.415731109107790528e-03 2.691682713305694517e+06 7.380012022833311930e+05 1.727402862624188885e+06 3.788277221089175750e-01 2.642605504262080416e+06
8.574614531689064845e-02 5.651685329033804010e+03 9.261954999478526588e+03 1.581511893301101281e+03 4.070355029165343974e-01 2.964320492891423783e+03 1.458812335736646539e-25 1.709351299472143930e-25 4.972672582673113418e-26 3.675746563003842171e-01 9.644690185192043742e-26 4.187487958777062237e-03 2.862930620272687889e-03 1.841572789398381819e-03 2.333974301219072234e-01 3.987317332111994794e-03 2.116541973658541217e+06 1.098546765653181821e+06 5.491905765326246619e+05 2.355168603464130594e-01 1.775922520395355299e+06
1.490097223937570103e-01 2.328459071239593868e+03 2.313697132575770866e+03 1.080976698234139349e+03 3.204071446168485493e-01 1.901923475006283752e+03 6.102418037080345954e-26 4.091129355757624225e-26 2.742774940061446504e-26 3.055062925559998144e-01 4.872266418179129275e-26 2.827366236616370154e-03 2.239074378491304890e-03 5.691326290513558980e-04 2.003424745734833368e-01 2.220285638899436621e-03 1.947306906624303432e+06 9.254081390895894729e+05 4.167177413001586683e+05 1.817985964821445810e-01 1.659011270649379119e+06
2.589492190675852235e-01 1.063264077753030733e+03 5.672878226768472132e+02 5.361923451952859523e+02 2.294291081898570950e-01 1.020491655408860993e+03 2.274331330718316921e-26 1.276028896471422781e-26 1.221169100148258114e-26 2.643501335536680985e-01 2.152262459334250904e-26 2.160744220315915717e-03 1.361793918862670445e-03 9.903173639893572081e-04 2.204214481453185825e-01 2.000135740247609845e-03 1.479565404597492423e+06 3.040295412648278289e+05 5.918769484114500228e+05 1.679474053133647449e-01 1.482752214134716894e+06
4.500021674996532717e-01 3.551210524296751601e+02 1.857592826806537687e+02 1.622893971712698260e+02 2.063029198913457485e-01 3.519461132655386564e+02 6.215702658077210157e-27 5.894633758696419456e-27 3.048919387393541790e-27 3.299300125537006356e-01 4.545001751315676052e-27 1.548183145475544873e-03 1.010491467769934629e-03 4.848773316097342327e-04 2.141141884660620054e-01 1.350900467476395415e-03 1.103813085639082361e+06 5.091078678925642744e+05 2.954521673125142697e+05 1.895212265408771912e-01 1.003832390756356763e+06
7.820141396199125072e-01 1.017227503720584281e+02 4.379208654268246903e+01 4.498838947326201065e+01 2.026418608801929255e-01 9.875626099216212594e+01 1.277308759874393791e-27 1.314772063360765704e-27 5.174190079425521402e-28 3.813509951801423159e-01 8.794941943437660736e-28 1.166768080797157261e-03 6.545376484627964380e-04 6.885540910337481068e-04 3.079624389025313325e-01 1.176925062572388350e-03 7.419534946866725804e+05 5.583736849386155372e+05 2.565546409849633346e+05 2.052637973737725385e-01 6.567310244082011050e+05
1.358984819925215248e+00 3.941344006897598717e+01 1.911010752062198748e+01 1.094866939759310398e+01 1.927102236212931696e-01 3.456002974381311788e+01 3.783393672280711996e-28 3.896479505363700439e-28 1.173490952604998171e-28 4.146826823226585357e-01 2.108865062020744379e-28 9.802084208231228672e-04 4.377149051352144642e-04 4.669951489874004302e-04 2.389652132750720026e-01 9.594926251291512921e-04 5.225102720704035601e+05 3.989282977951049688e+05 1.827325545394053624e+05 2.381898414238443618e-01 4.401964239509081817e+05
2.361644946323858463e+00 2.020747102289876551e+01 1.133524632435651824e+01 6.105788296744773191e+00 2.072038078565830721e-01 1.752327244538879825e+01 1.622136045459806391e-28 1.329023057203743610e-28 5.564106352656601767e-29 5.003511974109652316e-01 8.719040666516691406e-29 8.647784603326206208e-04 3.790113133592272997e-04 4.484108561410867877e-04 2.843578918503200659e-01 9.276949841625144622e-04 4.001122564925246406e+05 2.504795908156777150e+05 1.310999822080660088e+05 3.145122944541672849e-01 3.204359855976205436e+05
4.104068544933373808e+00 1.119756083765170018e+01 3.744103760087101662e+00 3.424253908471948549e+00 1.469743850477281399e-01 1.076513601204109349e+01 6.270273144435709003e-29 5.125891054314782077e-29 3.980619192565700326e-29 4.043253619870605386e-01 5.806235850838314075e-29 7.673721659707312967e-04 1.884206789702117749e-04 1.564611291088222576e-04 1.680647738356324805e-01 7.386764887008850575e-04 3.326319858913694625e+05 1.744027806132956757e+05 1.962321340902547527e+05 2.708988320977748776e-01 3.320442041164688999e+05
7.132053718629468797e+00 1.032252755278136291e+01 3.495522612200501200e+00 3.394995849993651227e+00 1.592021836550290281e-01 9.565650671880911560e+00 2.518266923282695645e-28 4.635348449397503710e-29 4.119945328025900557e-29 6.099154834673976566e-01 6.616314978460886146e-29 8.233441138474653599e-04 1.569036890240707756e-04 1.278099898186739599e-04 1.458875096161274809e-01 7.995799751366085284e-04 1.104926518563264515e+06 1.540316543445937568e+05 1.995486952013331174e+05 4.644406590310367067e-01 4.390155220601469046e+05
1.239408886291934841e+01 3.559233015646289910e+00 1.232318655510865391e+00 2.914386107978157447e-01 9.911418687217837808e-02 3.307988382177327935e+00 7.116765789006811349e-29 1.274112622904896541e-28 6.981008166628032147e-30 5.350521447869083236e-01 1.858839178031962034e-29 7.818495027167547684e-04 3.040486735578979468e-04 1.763434151790668281e-04 1.091496770835339719e-01 7.738257312035470500e-04 1.094694421766424784e+06 2.052745304844076978e+06 1.009495997489962028e+05 4.485221114187333269e-01 3.803297951330977958e+05
