# R (Mpc), mean rho (Msol/kpc^3), errup (Msol/kpc^3), errlow, std, mean pth (Msol/kpc/s^2), errup(Msol/kpc/s^2), errlow, std, median rho (Msol/kpc^3), median pth (Msol/kpc/s^2) 
#  nprofs 425, mean mh 1223308823336.816162, median mh 1176630496765.600586 
#  Mass range 12.00 - 12.2 
#  Nhalos 34
1.633847485430494142e-02 9.815393188076779188e+04 5.016902682345671928e+04 4.315009854388792883e+04 3.745777063121462636e-01 2.894848052777663499e-25 2.633023570562618447e-25 1.122905522129962424e-25 4.691892588961359412e-01 8.333014112808334175e+04 1.907835776913746505e-25
2.839301514231197185e-02 2.779018173592540552e+04 2.491295315122447937e+04 1.245174595210332882e+04 3.632382218002063179e-01 1.934200259839859657e-25 1.614287809876090980e-25 6.121878110959031110e-26 3.335557615848914748e-01 2.393122863173195219e+04 1.341918937166179720e-25
4.934140524500327946e-02 9.239802443225125899e+03 4.967238990120059498e+03 2.848194154367503870e+03 3.098188518493165122e-01 1.004061472817286499e-25 6.403555239464558766e-26 3.558817133459468661e-26 2.282394793270050293e-01 7.642219062204026159e+03 9.036231551636031137e-26
8.574553492642551789e-02 3.715219260300234964e+03 1.481947255380483512e+03 9.191245504566186355e+02 2.278101377153065876e-01 4.631861014411643992e-26 2.539126150414482203e-26 1.096688668713797320e-26 2.037736154548581147e-01 3.481503604420211559e+03 4.080928124187393942e-26
1.490086616567007083e-01 1.624502039479555606e+03 4.121831989050676839e+02 3.375114995499200177e+02 1.820866466639738390e-01 1.655904607392759409e-26 9.181809219114197582e-27 3.273613736684197094e-27 1.974330646215936014e-01 1.622805087288756340e+03 1.427992880082202836e-26
2.589473757178498703e-01 6.362731178508507810e+02 1.503349578961299358e+02 2.205027885689934237e+02 1.630349159342160958e-01 5.145172833267666315e-27 3.362566937911699832e-27 2.443809248969018522e-27 2.466013811246047238e-01 6.573714547375557231e+02 4.688220175168425593e-27
4.499989641249551586e-01 1.665944583943134489e+02 1.082281947054961790e+02 3.507098990281264150e+01 1.688665681402977681e-01 1.311044029827609427e-27 1.010398414466978801e-27 2.772433262430237052e-28 3.678367737123558467e-01 1.400168334905023642e+02 6.814091697109948983e-28
7.820085727927073016e-01 5.390717191957143939e+01 2.170497246567369132e+01 1.360769271704874228e+01 2.215881181142161649e-01 8.109474790803645189e-28 2.441819842963189121e-28 7.372461447304806847e-29 5.908714406588626566e-01 4.259452418381808059e+01 1.159607075795405698e-28
1.358975145888284608e+00 3.975832285743562267e+01 2.929647400221032072e+01 6.377875740065267252e+00 3.606133576901203175e-01 2.740415990198467083e-27 3.370252940608437680e-28 3.379356707311011676e-29 8.902473712983207665e-01 1.764743996525851699e+01 4.389778307240196559e-29
2.361628134774462762e+00 1.872957742112046375e+01 1.023263680695147926e+01 3.625820048424511555e+00 3.020708407897170766e-01 8.904489040107937296e-28 1.924930270820659526e-28 1.823101319027679471e-29 8.422964584665506571e-01 1.100645951756201768e+01 2.501508502525095662e-29
4.104039329808901293e+00 1.457314443201261156e+01 8.556729765942364452e+00 4.158123285648807510e+00 3.085390875853017412e-01 8.042504713149034603e-28 1.362093027596991152e-28 3.578082852963342998e-29 9.022044115656133734e-01 9.872064330447336999e+00 4.384502484327451936e-29
7.132002948561937394e+00 8.758119913637809617e+00 2.654760322016556984e+00 2.831930353015442492e+00 1.556525325706650531e-01 1.407302588815450116e-28 5.830047940461827595e-29 2.726906926786454604e-29 4.988253996604908314e-01 8.311488377558578833e+00 4.481977113911342005e-29
1.239400063465394020e+01 4.157251048739001753e+00 1.196349594841695563e+00 5.305751263126747830e-01 8.857177123661745533e-02 7.904744907179318126e-29 2.520041098512000849e-28 6.382207136261798775e-30 5.249706461286692827e-01 3.939831506573409747e+00 2.024219077617296536e-29
