# R (Mpc), mean rho (Msol/kpc^3), errup (Msol/kpc^3), errlow, std, median rho (Msol/kpc^3), mean pth (Msol/kpc/s^2), errup(Msol/kpc/s^2), errlow, std, median pth (Msol/kpc/s^2), mean gas-mass-weighted metal (fraction), errup, errlow, std, median metal, mean gas-mass-weighted temp (K), errup, errlow, std, median temp  
#  nprofs 432, mean mh 3962386457095.402344, median mh 3722099880581.729004 
#  Mass range 12.41 - 12.8 
#  Nhalos 28
1.633856291868465010e-02 1.576317567032272054e+05 8.142182949645890039e+04 8.680570801194374508e+04 2.681669377102115503e-01 1.603076054852359521e+05 1.859912894322445736e-24 1.665664637916877443e-24 8.332244078769491146e-25 3.886425756048602076e-01 1.318739214842877235e-24 3.173288068042426097e-03 1.471383224243802933e-03 1.161031904332184960e-03 1.876755135420145604e-01 2.971776839186931508e-03 1.079585117116818903e+06 1.772884856813651510e+06 3.729548989693900221e+05 4.616048685158295473e-01 5.829956456414208515e+05
2.839316818066401488e-02 5.049213354597471334e+04 3.005633577232970856e+04 4.743207265772070969e+03 1.829508266776256331e-01 3.997109914315080096e+04 1.532187111966184777e-24 1.418432700845188538e-24 6.538425288090194407e-25 3.472886091291073618e-01 1.082718339405573175e-24 2.055476356148256811e-03 7.222947989887554265e-04 6.039297909659745861e-04 1.515550728323262486e-01 2.043504952932554720e-03 2.174663187031358480e+06 1.838846861722949892e+06 7.775270999653944746e+05 3.349610144956366997e-01 1.551492632448739372e+06
4.934167119517834238e-02 2.349204415459458323e+04 9.413700764501638332e+03 5.322624517431160712e+03 1.378172337837071659e-01 2.165401255038773161e+04 8.544922728629168788e-25 7.023528103626986272e-25 2.667132456874762086e-25 2.639396515002924160e-01 6.444192864673708731e-25 1.351665628864766192e-03 4.133023323650338726e-04 6.678329843734778434e-04 1.780976309354156684e-01 1.444300890961992476e-03 2.405362276094614994e+06 9.309356043844870292e+05 7.794523643627399579e+05 1.999263244886453350e-01 2.187491109426296316e+06
8.574599709486005472e-02 1.290844478783330487e+04 4.555332320381956379e+03 3.555212987237755442e+03 1.282431505158151963e-01 1.220388865373587032e+04 3.940014672048580030e-25 2.865585892567120033e-25 1.222728913820107068e-25 2.011015969025366501e-01 3.491140440729536619e-25 9.874898094658285993e-04 3.590317396199313796e-04 3.797403826815611829e-04 1.917292972608669321e-01 9.611037819014837079e-04 2.046555999950090656e+06 6.524405175626606215e+05 4.272625581238549203e+05 1.444683831630598214e-01 1.874366976164972177e+06
1.490094648133893918e-01 6.524615749779463840e+03 2.217939133864306314e+03 1.260849613936465175e+03 1.106684351684008444e-01 6.129716370016975816e+03 1.556829126263440677e-25 1.036201757721443705e-25 4.048842230567497622e-26 1.964732623541141088e-01 1.257228246481433233e-25 7.520952127494771487e-04 4.077920996106649057e-04 2.182747560268495949e-04 1.809069373860788810e-01 6.922269487030540455e-04 1.559821290871799458e+06 5.596179788553300314e+05 1.691007345131172333e+05 1.166286944945363335e-01 1.404634113762884866e+06
2.589487714442089139e-01 2.210829435093000029e+03 6.494709533631175873e+02 2.372869147543553936e+02 1.001239551184731486e-01 2.028062200837940964e+03 3.790725767382731081e-26 1.941517735487016050e-26 1.074475547651595854e-26 2.044993725118742500e-01 3.236436977003254869e-26 5.307893325715915120e-04 2.589792850151281453e-04 1.553749642970040160e-04 2.019459785845592603e-01 4.601468050843464472e-04 1.106317251699311193e+06 3.355358981923044194e+05 2.818248924096861156e+05 1.184895553981674537e-01 1.070494167914577993e+06
4.500013896193789109e-01 4.420815988168652666e+02 1.837591959116956559e+02 1.159706102824045502e+02 1.456479586117620240e-01 4.215528274916413238e+02 4.932363056299938001e-27 4.609253769251335459e-27 1.810907673446987136e-27 2.711687784917449218e-01 3.781824582332786867e-27 3.020301818129345604e-04 1.671060506030711402e-04 6.626150564483494374e-05 2.820335515630500445e-01 2.113191133512994980e-04 6.886050894875924569e+05 3.336849096723715775e+05 1.759335421692758100e+05 1.372862556122202149e-01 6.322841861853867304e+05
7.820127878189270243e-01 8.752051866492054444e+01 4.162537185879462243e+01 2.280286020183055484e+01 1.785893295935330749e-01 7.651142853000435196e+01 6.154672313461480788e-28 4.229885700910053722e-28 2.358614536742630180e-28 3.416568551577872093e-01 4.316575234037611252e-28 1.574195608137147811e-04 2.325488807365319740e-04 2.424921905508982026e-05 4.259215904529863317e-01 6.585136658409987127e-05 4.073040698791953037e+05 1.670980763877080753e+05 1.465311812223147717e+05 1.819928737367279559e-01 3.942404843126559863e+05
1.358982470764342532e+00 3.429237072813540976e+01 1.615982587227364320e+01 5.407157519922066058e+00 1.747401619187141097e-01 2.728213129252291225e+01 2.210394433463231643e-28 1.178513467453544351e-28 6.101685131081907744e-29 4.204337378343213638e-01 1.109642638758920407e-28 1.313053373763387976e-04 1.236413388331990921e-04 5.133401301398450957e-05 3.965039584036310072e-01 8.516197823758500521e-05 3.128706249045647564e+05 1.536784552345666452e+05 1.065029417474989605e+05 2.687754219828035196e-01 2.417928297450579121e+05
2.361640863950146940e+00 2.105680223828760944e+01 1.401574563205233659e+01 8.549082394286362074e+00 2.247561555516059129e-01 1.884721020144488790e+01 1.365897461095289458e-28 1.310951746280003556e-28 6.523598475039549335e-29 6.201896190288269661e-01 7.631056778323894227e-29 1.767812806120852586e-04 2.415441135031807618e-04 7.867776530789032184e-05 5.145723862823693429e-01 1.008095420550613082e-04 3.077389049789698911e+05 2.149223599560136208e+05 1.798563242826605565e+05 4.081200455244070047e-01 2.509512887353817350e+05
4.104061450580955395e+00 1.355116447480187070e+01 6.395127066636131730e+00 4.940650576550609685e+00 1.703881865005972829e-01 1.296917264817618332e+01 9.067183046713612016e-29 1.033403104944314982e-28 5.266614720687613694e-29 5.281075915942075039e-01 6.616956764991466659e-29 1.747897287644840719e-04 6.783812872092931140e-05 8.425055305449406198e-05 2.816978593753511895e-01 1.747543187161667406e-04 3.704550624876439688e+05 3.308061374483509571e+05 2.206251351355394290e+05 3.718540511972211471e-01 3.272415591279477230e+05
7.132041390057954899e+00 1.205780035978508202e+01 6.255585286939457035e+00 3.210592115412522318e+00 1.537619898369331495e-01 1.107815066795503967e+01 3.618015791927149981e-28 1.070712803688453093e-27 4.031456608796250183e-29 6.462694864912915671e-01 7.262410928480691244e-29 2.291264723439686137e-04 1.665176732506934269e-04 6.973165497170939644e-05 2.116312856432557565e-01 2.042169403658838326e-04 1.361807045367107494e+06 3.484259344616279006e+06 1.872776541540432954e+05 5.052089271489835776e-01 4.335493945178031572e+05
1.239406743831755797e+01 3.562391238756413170e+00 6.710685384483325855e-01 3.501064807398925893e-01 9.354391235232785429e-02 3.347464379740328955e+00 7.084550946318593211e-29 1.063349954430837666e-28 1.189840996865807362e-29 5.269235732518219306e-01 2.200012458913530943e-29 1.948941913847762803e-04 8.976492621496097294e-05 6.427231512803459898e-05 1.768330783574569576e-01 1.822191199055535153e-04 1.068394533037272748e+06 1.877793589337623678e+06 2.067528948654349078e+05 4.431526903220466274e-01 4.527715196467946516e+05
