# R (Mpc), mean rho (Msol/kpc^3), errup (Msol/kpc^3), errlow, std, mean pth (Msol/kpc/s^2), errup(Msol/kpc/s^2), errlow, std, median rho (Msol/kpc^3), median pth (Msol/kpc/s^2) 
#  nprofs 446, mean mh 3957840036810.225098, median mh 3880230251784.616699 
#  Mass range 12.41 - 12.8 
#  Nhalos 27
1.633859116181033549e-02 1.385241101657107647e+05 1.914721178158922703e+05 5.525233779619621782e+04 5.853955386551409346e-01 8.802500085078226907e-25 7.061872263030020145e-25 1.901693263366100153e-25 3.448646221154340608e-01 6.671625925767541048e+04 5.191432282007730327e-25
2.839321726159124010e-02 4.191367348725683405e+04 4.083927907416741073e+04 2.161431313871904422e+04 4.521523028441659098e-01 5.042550371714477033e-25 3.452804882047526953e-25 2.291357245329080829e-25 2.994615434939993381e-01 2.919531832657172708e+04 4.068995553870552002e-25
4.934175648805434050e-02 1.531521870580110408e+04 1.860787923503216007e+04 8.420789666329052125e+03 3.902364607109040651e-01 3.271328088495724494e-25 2.889823554237201473e-25 1.323286315714259316e-25 3.093994023415240768e-01 1.188567952083322416e+04 2.485464706950276320e-25
8.574614531689064845e-02 7.178500505726027768e+03 7.281435526236406076e+03 2.987113501108927267e+03 3.628994928443444734e-01 1.788673764061109549e-25 1.857877752186735859e-25 4.719956624026561258e-26 2.791873148571816787e-01 4.854837022939220333e+03 1.303552151253062252e-25
1.490097223937570103e-01 2.841473131188705793e+03 2.058323087162994852e+03 1.493361612263807046e+03 2.738108814740816133e-01 6.657385960070389794e-26 4.324453689600600691e-26 1.799958540790353348e-26 2.132923151145277030e-01 2.629108623390991852e+03 5.893527156672145414e-26
2.589492190675852235e-01 1.234766699173884717e+03 6.036362524145442876e+02 4.515277090855331608e+02 1.860132435347382485e-01 2.290597134471166139e-26 1.316726042038758865e-26 7.393671443115636589e-27 1.871959424925520588e-01 1.205141802889037763e+03 2.159060750521379936e-26
4.500021674996532717e-01 3.927712661973363311e+02 1.651846929625856433e+02 1.145026004735545939e+02 1.630936779898105871e-01 5.687791602515813568e-27 3.549397599599357366e-27 1.389028675792714164e-27 2.534783499376449534e-01 3.709963351022788061e+02 4.325027104202014861e-27
7.820141396199125072e-01 1.029906143559131948e+02 4.276969286357440581e+01 4.039885195916659910e+01 1.896615083097999976e-01 9.971463083507914215e-28 9.162587220654011760e-28 5.771162707578146444e-28 3.536489594369233713e-01 9.482259425106728656e+01 8.396792353209045784e-28
1.358984819925215248e+00 3.657706694600287278e+01 2.492118173932676939e+01 7.338065150201302345e+00 1.805097542244765429e-01 2.792007759985029181e-28 3.060306638328569565e-28 8.383865640238056177e-29 3.799084086776732816e-01 3.045706069683303951e+01 1.515257901563851323e-28
2.361644946323858463e+00 1.955650169802105154e+01 1.237338918129344734e+01 6.690326246928908205e+00 2.028125474981346543e-01 1.247130444481705016e-28 1.436250077243968405e-28 5.202747928434243417e-29 4.780881271014388312e-01 1.748438780683036242e+01 7.027652600887172152e-29
4.104068544933373808e+00 1.146909216454278280e+01 5.780801236255136644e+00 4.135141067362712697e+00 1.584852905863271266e-01 6.190347248547812115e-29 6.434327429825727385e-29 3.772282031335303379e-29 4.414462608861405846e-01 1.104692309951771989e+01 5.258076355654627215e-29
7.132053718629468797e+00 1.013383496460516220e+01 3.146112955500381503e+00 3.247615821504338030e+00 1.548847631355504129e-01 2.473109869369630321e-28 4.098765214525634137e-29 3.715513785676589856e-29 6.260581752080276452e-01 9.584919581551483603e+00 5.858609459657192539e-29
1.239408886291934841e+01 3.654902825541097133e+00 1.306453083458675390e+00 1.539035543949260898e-01 1.008981027738732883e-01 7.026098840213053151e-29 1.284155978255560674e-28 6.454816859834189353e-30 5.445079381606096058e-01 3.243516858825750138e+00 1.744906701957603216e-29
