# R (Mpc), mean rho (Msol/kpc^3), errup (Msol/kpc^3), errlow, std, median rho (Msol/kpc^3), mean pth (Msol/kpc/s^2), errup(Msol/kpc/s^2), errlow, std, median pth (Msol/kpc/s^2), mean gas-mass-weighted metal (fraction), errup, errlow, std, median metal, mean gas-mass-weighted temp (K), errup, errlow, std, median temp  
#  nprofs 464, mean mh 1943228267574.571045, median mh 1858088164087.237793 
#  Mass range 12.21 - 12.4 
#  Nhalos 19
1.633852022730607895e-02 3.714901806084046839e+05 2.439113171944526839e+05 3.589376304616219713e+05 6.111038830244905906e-01 3.901780269383785198e+05 1.314607396050341607e-24 1.049060321874079089e-24 7.997307675922513884e-25 5.011384257859541336e-01 9.311370989511214293e-25 1.057148574997478219e-02 3.677537467766101714e-03 4.617347588311258161e-03 1.900263446096619180e-01 1.058130277363941024e-02 3.788935713344938122e+05 3.541236698730307398e+05 1.014819461299858522e+05 3.736966803750283450e-01 2.442993170375946502e+05
2.839309399155095365e-02 8.508451441105123376e+04 9.252415688118711114e+04 6.109546074784612574e+04 5.324040368787013033e-01 7.598461617103629396e+04 6.667722001812893589e-25 7.049372310520672914e-25 5.736871883383880000e-25 5.190023683391350451e-01 6.404849173492940914e-25 8.406297140502415333e-03 2.603104923000806176e-03 3.450523338755431303e-03 1.685435988224247839e-01 8.716562897013859640e-03 6.492285790315127233e+05 1.841653296806745930e+05 4.453082376218255959e+05 2.969708861417523216e-01 6.715448147545212414e+05
4.934154226927617293e-02 2.328796301763915108e+04 6.498041465705751762e+03 2.113947156390501914e+04 4.824947244419005021e-01 2.698031719345757665e+04 2.774910893400581807e-25 1.776142004758338822e-25 2.365862960016055426e-25 5.024038226807583385e-01 2.801471893023292157e-25 6.299826687876826370e-03 1.979056111111065532e-03 1.754207781840170545e-03 1.704824678119927495e-01 6.200962167072675106e-03 8.171741760434847092e+05 3.818748715911139734e+05 1.487288375727540115e+05 1.471844956286000317e-01 6.981324559880020097e+05
8.574577304732042271e-02 8.161133394151524953e+03 4.660931006008493569e+03 7.388699132816837846e+03 4.500975785246178473e-01 9.274951614313817117e+03 1.275348806764741864e-25 7.817113699803200100e-26 8.636107964869833372e-26 4.797744543774327686e-01 1.154307743107231920e-25 4.395357938985958342e-03 2.555110256601925665e-03 1.241867966374347529e-03 2.369792798198056827e-01 4.128807143624823803e-03 1.036365464776199544e+06 2.546074722370351665e+05 2.288618588178700302e+05 1.284268421015254680e-01 9.935925650745730381e+05
1.490090754633893733e-01 2.851798766109967346e+03 8.459203971130955324e+02 2.324918141717248091e+03 3.691342134595055891e-01 3.235412121608184862e+03 4.181958189070500863e-26 2.642207144272045207e-26 1.626320091766853437e-26 3.657566185385333624e-01 3.658361824048881102e-26 2.773087629698462245e-03 1.972872408005265071e-03 1.715310378527704679e-03 3.568749067123188068e-01 2.597022682410819305e-03 1.026003739100593491e+06 4.319134270262731006e+05 2.826923741205668775e+05 1.400722924728695085e-01 9.706531619822917273e+05
2.589480948314561437e-01 7.527903256904185127e+02 2.546426515117910867e+02 2.523000382042606589e+02 2.319010812071037042e-01 7.515704539732938656e+02 8.731625998674729183e-27 6.820071502883439395e-27 3.803563536438567633e-27 2.743643008575395448e-01 7.171947567789228756e-27 1.791107855053619821e-03 2.776027452090907600e-03 3.857958651924058122e-04 4.675380075738119201e-01 6.699528449088735767e-04 7.756633806561871897e+05 3.541268096641001757e+05 2.127602053924782667e+05 1.569073037961237760e-01 7.101148662107822020e+05
4.500002138011764963e-01 2.486293807962305209e+02 1.599606287316734381e+02 8.605572785418121384e+01 2.335549895451319857e-01 2.210503878591966611e+02 2.335100314560875139e-27 2.740290829274203802e-27 1.408025793830397045e-27 4.346096837362384835e-01 1.868274933500008419e-27 1.300973988473521324e-03 1.845235398087864079e-03 6.711369234856952694e-04 6.350416988429026244e-01 7.769888810305354684e-04 5.692754177854142617e+05 3.360973218544566771e+05 3.329765973515931400e+05 2.708799858657839899e-01 5.610063194621790899e+05
7.820107444810802111e-01 1.022593988396149314e+02 6.930059131499926650e+01 4.237205541015488564e+01 2.446065542661125247e-01 8.830607816866610449e+01 7.909894538813342255e-28 1.043867225445134378e-27 3.721528839181565482e-28 5.899722711334360881e-01 4.492810137461328030e-28 1.499593317951905492e-03 1.746184701343636179e-03 9.695587249413462408e-04 6.628440401996601450e-01 1.117862351155665375e-03 4.099801129077675287e+05 1.750487903230757220e+05 3.531804553462470649e+05 3.693321160889121990e-01 4.646991819630612154e+05
1.358978919850138967e+00 4.070403203439023798e+01 1.902305941836310410e+01 1.148461577394189703e+01 1.758389323234561541e-01 3.844295318128743588e+01 1.819918926729741379e-28 1.024013218089010376e-28 1.386750599675663943e-28 5.326233832759482700e-01 1.802827031443478056e-28 7.504257508971263644e-04 8.789086104796332843e-04 4.587750189796272480e-04 6.443595919938774896e-01 5.376196789497527870e-04 2.635644166675689630e+05 1.496519598783161491e+05 1.816075101764916326e+05 3.834703857382382730e-01 2.921369293487170944e+05
2.361634693168501720e+00 2.853175981596713839e+01 1.646444214106623605e+01 5.390314150410549843e+00 1.743819790383207557e-01 2.439645409108723584e+01 1.421536107535187535e-28 2.029363533572935483e-28 2.548690749450470144e-29 4.843303625797765188e-01 5.738042460644310523e-29 1.021660564210061239e-03 5.617041174842758895e-04 5.183807298757014698e-04 3.061566921816028519e-01 1.035036603166709533e-03 2.732352195806140662e+05 2.054647674170925748e+05 1.173502061859441019e+05 3.236361720847326651e-01 2.308840032411447028e+05
4.104050726991497200e+00 2.284849584894494967e+01 1.051992592092840795e+01 4.825422663080811247e+00 1.517156939013856176e-01 2.021373626010683111e+01 4.109440549298108515e-28 1.501795461041075816e-28 3.710533066623643990e-29 5.627881690726362907e-01 7.217644619717245591e-29 1.014397570314730553e-03 2.397233713334447416e-04 3.791417497323228223e-04 1.979038775345493550e-01 1.046790092259624553e-03 7.040277428745039506e+05 2.697204373843390495e+05 8.462051114537782269e+04 4.333790192943750008e-01 2.220871097439605510e+05
7.132022754595307212e+00 1.999974602230820508e+01 3.264058422189325626e+00 1.550224016815590744e+00 7.317476103120615361e-02 1.866609291301771734e+01 2.077640198776302616e-28 7.785544098973560235e-29 2.787271209102340975e-29 4.045536424494918792e-01 8.378214532115303687e-29 9.282662192037494098e-04 2.215112430880355684e-04 1.571610139663988468e-04 9.708112565244292336e-02 8.982933436748380320e-04 5.754150643779874081e+05 2.357430098183758673e+05 8.088799192929148558e+04 3.390839575116200155e-01 3.032628947058427730e+05
1.239403505359512359e+01 1.012114851477045274e+00 1.061595703892123099e-01 8.321824442086944718e-02 5.720732102723685014e-02 9.927302603415278925e-01 1.494095317826215022e-29 1.053412428148902614e-29 1.693221753189034670e-30 4.417117286483087657e-01 4.937372446643609731e-30 9.962908689768977533e-04 2.228555546740412828e-04 2.006942991851095887e-04 1.026094777517565920e-01 9.726669527224197963e-04 8.350654906135570491e+05 6.369173440073025413e+05 9.915279608933482086e+04 3.989076772436400686e-01 3.427154104936086806e+05
