# R (Mpc), mean rho (Msol/kpc^3), errup (Msol/kpc^3), errlow, std, mean pth (Msol/kpc/s^2), errup(Msol/kpc/s^2), errlow, std, median rho (Msol/kpc^3), median pth (Msol/kpc/s^2) 
#  nprofs 437, mean mh 4027703711765.266113, median mh 3748361436607.691406 
#  Mass range 12.41 - 12.8 
#  Nhalos 26
1.633852177236155140e-02 1.841840111096511828e+05 1.414127879445856379e+05 1.576004970500594354e+05 5.213688323956002790e-01 1.839992311023167472e-24 1.015193942611635289e-24 4.963720525514712636e-25 4.515240409618943573e-01 1.812282044901382469e+05 8.412882101261036355e-25
2.839309667654963537e-02 7.069050113275644253e+04 5.043229176636299235e+04 6.083356306370120001e+04 4.432862723901430657e-01 7.532125220945783552e-25 3.999358883606065668e-25 2.761739666476549974e-25 3.458454349354475599e-01 7.271331256594169827e+04 5.203433491404125223e-25
4.934154693526905666e-02 2.208959682968192647e+04 1.644541491670186224e+04 1.463536524136642038e+04 3.260049887830304138e-01 3.325415512324496849e-25 1.289366177840926709e-25 1.064366759158011364e-25 2.026216882501743199e-01 2.153579977628637425e+04 3.051584573325313706e-25
8.574578115588683824e-02 6.777017696492771393e+03 3.301236415282631242e+03 3.062827839721104283e+03 2.097607302136539620e-01 1.846228288688824709e-25 2.654953861062697822e-26 2.788538117298413605e-26 1.676736247193558738e-01 6.729109985812022387e+03 1.776532314461483963e-25
1.490090895544625982e-01 3.379026086287715771e+03 1.163316281323503972e+03 1.621432553157061875e+03 1.961913927996220830e-01 8.049603286941525595e-26 2.800054232287831480e-26 2.002001968725144242e-26 1.590516548845993527e-01 3.580433581073656569e+03 7.293449921502116518e-26
2.589481193189351327e-01 1.388545751181899050e+03 4.795154578682727333e+02 5.089319813510949189e+02 1.719087937488701090e-01 2.468592165383000000e-26 9.361135753723103937e-27 6.211883240158812158e-27 1.766581873231435063e-01 1.367489688707049481e+03 2.150477016832531191e-26
4.500002563555373647e-01 4.116834828757504283e+02 1.534899901044923354e+02 7.399813168414175379e+01 1.242739693973602677e-01 5.513531022701999344e-27 1.788219395407710062e-27 2.163976931122903356e-27 2.446301455586555595e-01 3.758432574011025054e+02 4.758475551535300348e-27
7.820108184320838651e-01 9.963256954200730320e+01 4.768591764918586762e+01 4.600028874864015194e+01 1.907143682396487960e-01 9.215563182326356308e-28 6.381994787713213972e-28 6.245091309772202260e-28 3.540568090623933961e-01 9.675034908912813592e+01 8.640744876965470668e-28
1.358979048362254582e+00 3.087079297673714606e+01 2.702853389195950484e+01 4.458492039602298007e+00 2.116763814736273008e-01 1.968267962706326172e-28 3.174973161764653142e-28 5.284988739926115346e-29 4.104450543862770973e-01 2.273813037346774735e+01 1.045819967730927604e-28
2.361634916496962333e+00 1.442070432258200618e+01 1.176300276869796058e+01 3.455301593151231643e+00 2.098454452730515452e-01 8.569618743694527951e-29 1.173047798597897271e-28 3.167449562050793692e-29 5.224657618476041820e-01 1.183633165644118712e+01 4.518080428233078185e-29
4.104051115091881030e+00 1.012611674521630434e+01 5.279793909058651202e+00 2.946805878870115691e+00 2.478934578439637715e-01 3.224994159005830522e-28 3.457249275257504717e-29 3.603598885385715488e-29 7.080757228288038219e-01 7.549478274931456845e+00 4.280325409863009246e-29
7.132023429036466133e+00 6.930197691408496397e+00 1.452140730474178909e+00 2.648325291879293442e+00 1.762974908225278248e-01 1.625036152311786896e-28 1.127031383561177311e-28 2.463843651828727167e-29 6.231969830265814414e-01 6.620815488987474851e+00 3.533188565394814049e-29
1.239403622563954954e+01 4.748319870342544213e+00 1.985086530553246575e+00 2.963882619668267715e-01 1.072819810912443717e-01 8.662298038241215602e-29 2.756002777993357671e-28 8.060822209871523065e-30 5.253340924027710690e-01 4.239557493257242626e+00 2.403617573732013170e-29
