# R (Mpc), mean rho (Msol/kpc^3), errup (Msol/kpc^3), errlow, std, median rho (Msol/kpc^3), mean pth (Msol/kpc/s^2), errup(Msol/kpc/s^2), errlow, std, median pth (Msol/kpc/s^2), mean gas-mass-weighted metal (fraction), errup, errlow, std, median metal, mean gas-mass-weighted temp (K), errup, errlow, std, median temp  
#  nprofs 446, mean mh 4193776829412.167969, median mh 3275294297499.266602 
#  Mass range 12.30 - 13.1 
#  Nhalos 40
3.113237261443055608e-03 7.975579607097065076e+06 1.550595984543618746e+07 1.977185790486468759e+05 1.008995493812079092e+00 3.071943342871505301e+05 9.099167246304934583e-24 6.633840763167521530e-24 2.888613471182115262e-24 4.820160901325231118e-01 5.555327562668834183e-24 2.130420005708845432e-02 1.894195002921988252e-02 6.780105274207245264e-03 3.130093521520018740e-01 1.652071828649042534e-02 1.533876325225290144e+06 3.335194042406309862e+06 2.028586702002119273e+05 9.099844072672357287e-01 2.388096904278723523e+05
5.410186293029174698e-03 1.992719693255232647e+06 4.426897013950629160e+06 1.180279130903642508e+05 1.005214167958034421e+00 1.417473606728509476e+05 3.748923857465109794e-24 3.260211432514195116e-24 2.216515401760364322e-24 6.683077409177216044e-01 2.703846267519010147e-24 1.672337927810598965e-02 1.314606511753866822e-02 4.116999635666539897e-03 2.447959917356075099e-01 1.403262935976127765e-02 2.550860474769513123e+06 4.544219952381289564e+06 4.703424846809725859e+05 9.743267344299610944e-01 5.040139761063540354e+05
9.401826223714616557e-03 6.777574664859608747e+05 1.590461726693155477e+06 5.456739555329898576e+04 8.413018368323553764e-01 7.818523070964016370e+04 2.748863390462682976e-24 3.650639675603550836e-24 8.095324973260070566e-25 4.859194686548263808e-01 1.260888474001650312e-24 1.427805573368601255e-02 7.011511148679327315e-03 2.508241581801341075e-03 2.147851932544523335e-01 1.312753876399243291e-02 1.971431242291631177e+06 2.697633806536202785e+06 1.161344190796376904e+06 8.298525618512052615e-01 1.207372739178471733e+06
1.633850140332886169e-02 2.470955131945506728e+05 5.106101922621254344e+05 4.835510166562101949e+04 6.784734899611298831e-01 6.604119478879903909e+04 1.930879150903318471e-24 1.938621066013925239e-24 7.370280105628057293e-25 4.699541863370821360e-01 1.127826323197569056e-24 1.230387776022999827e-02 4.386806776000085409e-03 3.346884118493048330e-03 2.163617778307655448e-01 1.205823429544426555e-02 1.907937059800165938e+06 2.656014912119077519e+06 8.210144024478208739e+05 6.543135143609229987e-01 9.611624479332178598e+05
2.839306127922774578e-02 6.554341114097136597e+04 9.030581722640361113e+04 3.222997002399245685e+04 5.195817598233990475e-01 4.144120363559907128e+04 8.997007444015216509e-25 1.043517282737854382e-24 4.695443107923042217e-25 4.614539199783087020e-01 6.585878552168116539e-25 1.021500780241659315e-02 4.958266272491813204e-03 2.467030687980577286e-03 2.160967928281364858e-01 9.608631556727420531e-03 1.613467178942969302e+06 1.938336807534616906e+06 7.930855036529856734e+05 4.397256452547362859e-01 1.139576737445803825e+06
4.934148542177373836e-02 1.847628362205210578e+04 1.420695895914741959e+04 1.110087232890160521e+04 4.230915983686985293e-01 1.485260278412833031e+04 3.727331245954702244e-25 3.417778085465899191e-25 2.271717547345900728e-25 4.244008723736998889e-01 3.157230627985984885e-25 8.284213916390090887e-03 3.071024394550965139e-03 2.350540256182457981e-03 2.130858847016941504e-01 8.054277040430334739e-03 1.704937002918721642e+06 1.948682476540173870e+06 4.178032644875351107e+05 2.982943808289434395e-01 1.118429686155820731e+06
8.574567425768368778e-02 6.409000494877474921e+03 4.269579796893734965e+03 4.384386895867053681e+03 3.396487375035116552e-01 6.260670313440383325e+03 1.495817932922086177e-25 1.181097801038385592e-25 8.397098436328335204e-26 3.710984238532012425e-01 1.175015641310230540e-25 6.546257508455596841e-03 2.687119860076477885e-03 2.537830691960691904e-03 2.593717370330393401e-01 6.059977178280812234e-03 1.791303145600189921e+06 1.249474144198562484e+06 6.174276390665618237e+05 2.641128353611426616e-01 1.446682622826388106e+06
1.490089037866766386e-01 3.197476826394231921e+03 2.045899153825855137e+03 1.613047460283680493e+03 2.943228899105623797e-01 3.004999670207452255e+03 7.213371342135477667e-26 5.931292744468213748e-26 4.149615263325463897e-26 3.203823754254426781e-01 6.234058627861108170e-26 5.304304036737353747e-03 3.115697127640345079e-03 2.740351318079150937e-03 3.117180210194104850e-01 4.975953466012863688e-03 1.725783631726999301e+06 1.351894779555694666e+06 5.812319019593578996e+05 2.623944751425197897e-01 1.411263972036490683e+06
2.589477964915226638e-01 1.191588128836321403e+03 8.009111233228272795e+02 5.739158354708706611e+02 2.403007961600370779e-01 1.102705695266604380e+03 2.795295593723219844e-26 2.571969209304660189e-26 1.202968385491303327e-26 3.602935888425695121e-01 1.994409912543567798e-26 3.004925458578704828e-03 1.609466478428356329e-03 1.774934550189679770e-03 3.734968629958041464e-01 3.006108370588574975e-03 1.478360778006767388e+06 8.747848030204384122e+05 6.210730271024007816e+05 2.288753882675657880e-01 1.358730177709561540e+06
4.499996953457924831e-01 3.475463780742770723e+02 1.905174720248688232e+02 1.439352131221537547e+02 2.189215107547856365e-01 3.034980267870090529e+02 6.742060616799199869e-27 6.963305623185445486e-27 3.456226465330106152e-27 4.235251946257758138e-01 5.009054458314168116e-27 1.871458998953158580e-03 1.090533646924687732e-03 1.222407295355451692e-03 4.395036741342484010e-01 1.839448152642426948e-03 1.105188077720614849e+06 5.020118098919923650e+05 5.300723500730468659e+05 2.563789780539936780e-01 1.041975947372984490e+06
7.820098435088842503e-01 1.059855905781313794e+02 5.497148263152467962e+01 4.283260830903860494e+01 2.274734178669075568e-01 9.507849198959212345e+01 1.280128393058930920e-27 1.051553877672231551e-27 8.994914554545300096e-28 5.179035189226852687e-01 1.073851456726080368e-27 1.809454386407359939e-03 2.098352854655725908e-03 1.173139918145165708e-03 5.897988344744768963e-01 1.414626475557207753e-03 6.873752780329750385e+05 2.453743223123541102e+05 5.021773339989461820e+05 3.243512968472749280e-01 7.267940613209933508e+05
1.358977354139910165e+00 4.359543793074835349e+01 1.581931098509814859e+01 1.501855932799724513e+01 1.723954459784945992e-01 4.170103212939357462e+01 3.818685650831123721e-28 3.963437874649885417e-28 1.470063134279401872e-28 4.669619787652793397e-01 2.626322169797959353e-28 1.524226970899328652e-03 9.713697309777901551e-04 8.464239155987570871e-04 4.240539692495199353e-01 1.457085242418061644e-03 5.072657160084160860e+05 3.353989280277091893e+05 1.945533874913042528e+05 3.184458702220538950e-01 4.554204954467618954e+05
2.361631972275968661e+00 2.384785994907914031e+01 1.178777684304958484e+01 6.954465097048368349e+00 1.738335250726490699e-01 2.168521731775188499e+01 1.592753859523044130e-28 1.344653055148475580e-28 7.642856288064256533e-29 4.972514579940949808e-01 1.088499716962269776e-28 1.301439635517156416e-03 7.596737163212442800e-04 7.142137720456901828e-04 3.279533013359724469e-01 1.305377594710254493e-03 3.697416663408452878e+05 2.382964692749081878e+05 1.645946679654788168e+05 3.388470251077483897e-01 2.994897704043081030e+05
4.104045998622196656e+00 1.741935153734463171e+01 5.664123245841985010e+00 5.073209550986344851e+00 1.530709688534812041e-01 1.628244038932524873e+01 2.614829173110487334e-28 8.361497989646523859e-29 3.466814255124387912e-29 4.404960691706385489e-01 7.757161199911811384e-29 1.335490822804718180e-03 4.491667258355103772e-04 4.251465464563755365e-04 1.802980140185448388e-01 1.298471013556350313e-03 5.523187154190163128e+05 1.595080245476761484e+05 1.364065660531031317e+05 3.032387349241532637e-01 3.620513903568636742e+05
7.132014537631209627e+00 1.479168378645487358e+01 6.297076437156054141e+00 2.396412969553935568e+00 1.289716521193750576e-01 1.348138876000516717e+01 3.401696510068017105e-28 1.154968816783872157e-27 2.326106048138272029e-29 6.009955531992832167e-01 7.082911987829564411e-29 1.311609334988408145e-03 3.334290678593937723e-04 3.497788780910944355e-04 1.313303512213691016e-01 1.360283311400587933e-03 1.163137371036944445e+06 3.420706430847904179e+06 1.340213046336679545e+05 4.809941954029561817e-01 3.788510452737342566e+05
1.239402077414812453e+01 2.665907857785634327e+00 4.558161332653214437e-01 4.085863734026053962e-01 7.519342513481583334e-02 2.630814515762779582e+00 4.603044368312774784e-29 7.142492762362163735e-29 4.416904533719001173e-30 4.978914634897836367e-01 1.249204001305173939e-29 1.184901037607133476e-03 2.792383832108129207e-04 1.322631102591673331e-04 9.694405742552135441e-02 1.108459952498793821e-03 9.659766784200851107e+05 1.350888971876349999e+06 9.548834525789081817e+04 4.319169899308087368e-01 3.420277076765338425e+05
