# R (Mpc), mean rho (Msol/kpc^3), errup (Msol/kpc^3), errlow, std, mean pth (Msol/kpc/s^2), errup(Msol/kpc/s^2), errlow, std, median rho (Msol/kpc^3), median pth (Msol/kpc/s^2) 
#  nprofs 421, mean mh 3772227853617.033691, median mh 3579363697173.076172 
#  Mass range 12.41 - 12.8 
#  Nhalos 18
1.633851471008279307e-02 8.405504211455021868e+04 1.020764041953943961e+05 2.082879497070326397e+04 3.661971161137583808e-01 1.038103973563416108e-24 6.714381678380301829e-25 3.442990835435302495e-25 2.622315174782479663e-01 5.111231051916705474e+04 8.125731478370370764e-25
2.839308440371576120e-02 2.551134306308126907e+04 1.772993514293180124e+04 9.800255518915149878e+03 2.479968304812576463e-01 6.926143527828331425e-25 3.712710684876841154e-25 2.464470632333771933e-25 2.287794859931967795e-01 2.229474970713949369e+04 6.068021824320966076e-25
4.934152560752818467e-02 1.317843599934330086e+04 5.243754982920656403e+03 3.505648109050011044e+03 1.711688107720319429e-01 4.316066512388221729e-25 1.630693493172288944e-25 1.175003822772811301e-25 1.586745846224675571e-01 1.239685349182659593e+04 4.144770215492236964e-25
8.574574409252104512e-02 7.635551826304275892e+03 3.649274580676526966e+03 2.197584874493196367e+03 1.842971389370459401e-01 2.382753617093039197e-25 1.446978020124012165e-25 4.503269423233847803e-26 1.560052468349893973e-01 7.215383150869924066e+03 2.073696661932169576e-25
1.490090251457148740e-01 4.000896658930402737e+03 1.959074983130008150e+03 1.425457849311659174e+03 1.863638206256946206e-01 1.115506003973507417e-25 7.670991767190397072e-26 2.898822248801062519e-26 2.033614447533149960e-01 3.769104180186723170e+03 9.351100411503687157e-26
2.589480073893599132e-01 1.582871298750656479e+03 3.720350839145994541e+02 6.793606926265840684e+02 1.609065580250991223e-01 3.249823506909694742e-26 1.966071614759221702e-26 1.284097326375926868e-26 2.283229242887152288e-01 1.602526827077082089e+03 2.781403419066792522e-26
4.500000618442288047e-01 4.458537204449985438e+02 1.538127405197644748e+02 1.453556476343334225e+02 1.366011654518884400e-01 6.185164269652139931e-27 4.333692909172489002e-27 2.830813705176076186e-27 2.923450160622095284e-01 4.456584903448710975e+02 5.101004655068411355e-27
7.820104804101706275e-01 1.373243705069113503e+02 9.113351522795460369e+01 1.671521707201554818e+01 1.522914325628255405e-01 1.910338858338672185e-27 1.531161331407404495e-27 3.062973848611962209e-28 4.328852014735318221e-01 1.120412002241493497e+02 7.393543733320466890e-28
1.358978460947493527e+00 8.210886965686179906e+01 1.562495057781656271e+01 1.326034462954015680e+01 2.650162204671648314e-01 5.903363753921572544e-27 1.368382533106241204e-28 1.632094777366951948e-28 6.745791580531345089e-01 5.521420293612769115e+01 2.653242685684559698e-28
2.361633895687103912e+00 3.429671641573602869e+01 1.172261867749173447e+01 1.026336276301460515e+01 2.259153057589663172e-01 1.081306984727565941e-27 1.937226909022395646e-28 5.590220785563799951e-29 6.947146022887586980e-01 2.831096552088502349e+01 8.456723069054406001e-29
4.104049341127662842e+00 2.407009009619159556e+01 7.543401036648855751e+00 4.328669789326248463e+00 1.653218885428061335e-01 5.048948802347538078e-28 8.616703302801499406e-29 6.736798517138075092e-29 5.853270118453481885e-01 2.149105340662000430e+01 1.087050246051700168e-28
7.132020346239977826e+00 1.935683718477366000e+01 7.930533447482225995e+00 2.831205052237592668e+00 1.260127921180663191e-01 4.358889952923393431e-28 1.322042506682792944e-27 5.605406959820323864e-29 6.894063217802393062e-01 1.809459740220944468e+01 8.869903175771071563e-29
1.239403086835325674e+01 1.635098983350694812e+00 1.254468708053841919e-01 2.633284983713197747e-01 4.974124171805019423e-02 8.667663287545491758e-30 3.881593738384610081e-30 4.131906322302013507e-30 2.808228023917888616e-01 1.689349159260064237e+00 7.687761095859148947e-30
