# R (Mpc), mean rho (Msol/kpc^3), errup (Msol/kpc^3), errlow, std, median rho (Msol/kpc^3), mean pth (Msol/kpc/s^2), errup(Msol/kpc/s^2), errlow, std, median pth (Msol/kpc/s^2), mean gas-mass-weighted metal (fraction), errup, errlow, std, median metal, mean gas-mass-weighted temp (K), errup, errlow, std, median temp  
#  nprofs 443, mean mh 1364638241906.255859, median mh 1304062815043.631592 
#  Mass range 12.00 - 12.3 
#  Nhalos 55
3.113254364569109471e-03 4.404627970071043819e+06 2.274985331606167369e+06 3.587396304548209067e+06 6.821419145746724366e-01 4.285775768472008407e+06 2.555786823369617719e-24 2.307521104975683810e-24 7.893438251743694103e-25 4.829844097897470490e-01 1.411354846732298710e-24 2.158270780571132363e-02 1.057753788485820551e-02 1.215715489454329348e-02 2.836858452715898538e-01 2.055378917311247167e-02 3.934097121071228175e+05 8.577231631032611767e+04 4.160022913597058505e+03 7.142451356982781885e-01 1.976093050771342314e+04
5.410216014855808234e-03 1.118485867210135562e+06 1.159207521705230698e+06 9.291634163218627218e+05 7.956574489511315518e-01 9.598047524342471734e+05 8.037003741384800222e-25 8.190221224228682005e-25 2.351216110798720716e-25 4.412179151754752060e-01 4.172312287180927400e-25 1.565556125849265970e-02 1.023004713526429188e-02 8.282359216768283433e-03 2.944922764547667215e-01 1.437200167234928966e-02 7.058385277649661293e+05 9.071053524595929775e+05 2.221928254777457914e+04 8.632302882516597053e-01 3.654021082968992414e+04
9.401877874329571741e-03 4.394824196195857949e+05 3.495525411267197924e+05 3.617087334187598317e+05 7.206292016076079054e-01 3.906722528158950154e+05 6.635850986788453177e-25 6.769646632874338489e-25 1.244860610095153294e-25 4.943220085030360922e-01 2.332115976132101263e-25 1.133132316580440051e-02 6.392870033162049645e-03 4.826455656931949272e-03 2.474990174425091283e-01 1.028257953333819481e-02 4.756377298223626567e+05 5.792067531237723306e+05 1.000295597116612917e+05 7.451837374754385346e-01 1.160306177464614011e+05
1.633859116181033549e-02 1.485421338820723468e+05 1.940680488826865912e+05 1.120662297909617628e+05 6.123488965275205587e-01 1.247174959954100050e+05 4.321558719192903985e-25 3.824912218843625185e-25 1.030263464784887228e-25 4.259987851996020480e-01 1.979215206613873932e-25 8.053685049986027134e-03 3.475373720631893051e-03 2.672095699018417134e-03 1.917911397915615934e-01 7.530292116195885441e-03 5.622718797970509622e+05 7.538808441117104376e+05 2.072329005506379181e+05 6.332693357042926685e-01 2.500601950023077661e+05
2.839321726159124010e-02 4.855887305762038886e+04 5.866518379355930665e+04 2.743708393108179735e+04 5.830418762194856663e-01 3.515585758118073863e+04 2.140151701935690498e-25 1.508137542613838350e-25 1.062525990691343716e-25 4.620671537829603159e-01 1.640769804540831666e-25 5.991551452039755796e-03 1.871076827846984703e-03 2.439287267922206175e-03 1.834723769186402398e-01 6.110744969229347373e-03 5.489188008007216267e+05 6.020197377295551123e+05 2.931735428011611803e+05 4.535534778640553100e-01 3.912315390489660203e+05
4.934175648805434050e-02 1.283639002623405395e+04 1.116348527076323080e+04 8.501026908361005553e+03 4.225834973789079907e-01 1.121547178979880118e+04 1.026343433339168401e-25 6.678097877621026408e-26 5.974899396224094740e-26 3.820710607624229760e-01 9.539974197989057322e-26 4.327752265480792546e-03 1.711079960542811855e-03 1.699608877596280390e-03 1.905526463290929395e-01 4.442811027790407631e-03 7.199741005789347691e+05 3.342901736156292027e+05 4.922307797250511358e+05 3.228093017050070457e-01 7.530077320131250890e+05
8.574614531689064845e-02 3.950195438684013880e+03 1.649071366836587003e+03 2.824818740017222353e+03 3.386573287157205736e-01 4.251399836389281518e+03 4.630389168844259980e-26 3.240895491120921324e-26 2.424561858073339141e-26 3.623484539475848032e-01 4.330601826851800796e-26 3.019468592855864206e-03 1.432983945649071288e-03 1.063069880865543954e-03 2.067402041631217768e-01 2.819848240467960013e-03 8.075387089054019889e+05 3.495768404227930587e+05 1.679013279223386198e+05 1.592760110470548274e-01 7.369405367368001025e+05
1.490097223937570103e-01 1.719930101291995470e+03 8.862397039624504487e+02 1.130345880113898602e+03 3.166669093623501463e-01 1.736194587667817132e+03 1.911596903192232565e-26 1.518632107858502077e-26 9.158953632720238358e-27 3.458122292441767609e-01 1.585030708324327576e-26 2.291599775198753346e-03 1.018372606012732644e-03 7.310155828098483487e-04 2.009010972308284404e-01 2.171402227211590482e-03 7.816683312425445765e+05 3.220108245260567637e+05 2.438538299196739099e+05 1.909792262895740889e-01 7.154906535012639361e+05
2.589492190675852235e-01 5.889739069206480053e+02 3.608897599467815098e+02 1.904901467637445194e+02 2.387459387429602398e-01 5.447819615509795312e+02 5.538671763142083167e-27 5.860349996754276295e-27 1.869690660021388352e-27 3.059718238831518611e-01 4.096909171610261684e-27 1.622154177366634401e-03 9.802462124230979304e-04 5.085249373443954599e-04 2.272988238476566225e-01 1.450820595298122663e-03 6.255348131376915844e+05 4.073665730831624242e+05 1.717081998447554070e+05 1.949652413885360758e-01 5.309488835677105235e+05
4.500021674996532717e-01 1.677798874816111265e+02 9.115844533211566159e+01 4.609450243624755217e+01 1.864157317598803543e-01 1.491149684265599262e+02 1.291254343319829476e-27 1.968137212072072967e-27 3.240088276442877377e-28 3.941019988726207068e-01 6.708439581152256108e-28 1.120156028832491706e-03 8.353006347580438449e-04 5.565360812959780322e-04 3.098027900830070402e-01 1.031346361263530634e-03 4.618763365147962468e+05 4.106779638341286336e+05 1.047810883868189412e+05 2.591386121281420429e-01 3.116373136562778964e+05
7.820141396199125072e-01 5.592527258979453819e+01 3.428111765287814450e+01 1.548374564002367748e+01 2.415524874453449655e-01 4.161893052966988904e+01 5.032226717908801428e-28 3.800117341409420008e-28 1.074677727444831376e-28 5.880138710704070348e-01 1.479243456911639262e-28 8.328856414238020988e-04 9.733457607721505978e-04 5.082254658676072477e-04 4.872938896351403648e-01 6.513221801313486079e-04 3.771692732259090408e+05 2.571873319836383453e+05 1.691833120460369973e+05 3.686038680048084326e-01 2.681839663557338063e+05
1.358984819925215248e+00 2.828678506457200470e+01 1.644978023798657318e+01 1.100608730596460738e+01 2.810381055276943152e-01 2.206651128656456251e+01 5.779008277197889379e-28 1.955475242869100628e-28 7.821248145859830327e-29 7.412046696612114571e-01 8.945351375584983470e-29 7.009145268008834789e-04 7.315113487071306722e-04 6.052039674299093067e-04 5.825490301589653086e-01 6.888038416802634480e-04 4.215933404534344445e+05 2.575900256672510295e+05 2.065464612235025852e+05 4.884911476334411473e-01 2.707842656990297255e+05
2.361644946323858463e+00 1.979683849686107422e+01 1.409114991613531132e+01 4.675809488939000502e+00 2.884376077667273885e-01 1.296567490223843677e+01 7.708996550554252381e-28 2.393490907651751034e-28 3.286095754896612740e-29 7.648919234684214974e-01 4.378790870781616593e-29 7.602000061332706959e-04 6.033022827913964246e-04 5.859160380682546226e-04 4.183321335284321263e-01 7.824682266012608980e-04 5.637316777573210420e+05 4.192290120422948385e+05 1.557887685489653959e+05 4.989985535969964081e-01 2.487070362904278736e+05
4.104068544933373808e+00 1.435655073890450240e+01 8.118134130418409811e+00 3.881334020026587339e+00 2.404495090542008440e-01 1.116280267511386803e+01 4.832364674244546986e-28 1.087336068622800168e-28 3.740255343335456998e-29 6.934271277038427383e-01 5.438123582521803036e-29 8.472674110348855621e-04 3.755767522460877646e-04 3.611760376596907405e-04 2.158624749904047568e-01 8.316131042594757626e-04 8.871480048110299977e+05 3.700066345962983323e+05 1.568683109794046031e+05 4.657934606077305251e-01 3.137433860531672835e+05
7.132053718629468797e+00 9.445121919865567151e+00 2.553107796735412549e+00 2.642403375007804200e+00 1.402919014617982074e-01 9.179532086543192193e+00 1.442591389917812047e-28 5.135665435317194151e-29 3.007818399168064292e-29 4.985288415851966137e-01 4.825289555080280739e-29 7.649788936177191355e-04 1.360599367739880310e-04 2.427993104433993172e-04 1.361739679257403246e-01 7.814611385574187982e-04 7.033020724798243027e+05 2.258899576836023480e+05 1.658376867139638052e+05 3.759096655580090318e-01 3.682160108799434965e+05
1.239408886291934841e+01 3.675332968221846741e+00 1.021033904167361950e+00 4.533971063298158910e-01 8.652224562567237265e-02 3.472183533444916481e+00 6.610639057797622164e-29 1.566628093705366719e-28 6.190544723802004076e-30 5.103394772208481589e-01 1.830082453479468796e-29 7.785470150638277740e-04 1.891003138166418235e-04 1.309433145512202586e-04 9.923489180929344344e-02 7.488277956949046911e-04 1.003733218084542314e+06 2.295794800715789665e+06 8.853311670891009271e+04 4.364481350572306240e-01 3.548827381456400035e+05
