# R (Mpc), mean rho (Msol/kpc^3), errup (Msol/kpc^3), errlow, std, median rho (Msol/kpc^3), mean pth (Msol/kpc/s^2), errup(Msol/kpc/s^2), errlow, std, median pth (Msol/kpc/s^2), mean gas-mass-weighted metal (fraction), errup, errlow, std, median metal, mean gas-mass-weighted temp (K), errup, errlow, std, median temp  
#  nprofs 443, mean mh 1393098874661.237061, median mh 1318641086215.145996 
#  Mass range 12.00 - 12.3 
#  Nhalos 50
3.113246145416726039e-03 7.071860501889585517e+06 3.781972212790108286e+06 2.969165528256506659e+06 4.508182441831556919e-01 6.197828463224780746e+06 4.645786869888830585e-24 7.027466008035775655e-24 1.157814603880442111e-24 4.896525460907886207e-01 2.126641073799032646e-24 2.378373540510923811e-02 7.287193931439193972e-03 6.991157311173210043e-03 1.896437597253308738e-01 2.364620107409562411e-02 1.668433495767463464e+05 4.236862013627846318e+04 5.839879229817259329e+03 4.968457330421255924e-01 2.297670512997685364e+04
5.410201731605981425e-03 1.905867631386891939e+06 1.047679487339321291e+06 9.004539260650523938e+05 4.974519152627971952e-01 1.749789218431370100e+06 9.644253423868623479e-25 8.012181034759235427e-25 3.211670357390213282e-25 3.650771652472968865e-01 6.492217171084815504e-25 1.881730918823599011e-02 6.096400927426543631e-03 4.659100941978976812e-03 1.571387748181025112e-01 1.854140616997096425e-02 1.450355391889979946e+05 4.378990965672035236e+04 9.653419164791548610e+03 5.235138961445291450e-01 2.532471603441801199e+04
9.401853052886184961e-03 6.031315766130043194e+05 3.659228250062174629e+05 3.802346336815807736e+05 5.878541326130694022e-01 5.739229697725962615e+05 5.371568420292188224e-25 6.238785275705963777e-25 1.758197582201501283e-25 3.687177155565380948e-01 3.460002959275528466e-25 1.175944724552166823e-02 5.158705979412514173e-03 4.459213925797430103e-03 1.714008454436318496e-01 1.159777896802621257e-02 3.077885938443868654e+05 2.110559770849033375e+05 3.622417155523835390e+04 6.452004707345848633e-01 5.369602811894035403e+04
1.633854802708544635e-02 1.838288731512853410e+05 1.196173828529843304e+05 1.208102841768297076e+05 6.039741241760435697e-01 1.757079039377211884e+05 4.536915965260835268e-25 3.437281935065935377e-25 2.195295477339383126e-25 3.526991130056227330e-01 3.571957567872841994e-25 7.908769227280849912e-03 3.581657460339544505e-03 2.362958197824574502e-03 1.797259220889549924e-01 7.363522022712634674e-03 4.458228956100089126e+05 5.335439620860749856e+05 9.988250711782847065e+04 5.158352975222477710e-01 1.660883198446973693e+05
2.839314230203058426e-02 5.537773661217746121e+04 4.339339615275168762e+04 3.445979348157070490e+04 5.161783939594725146e-01 5.039833707358662650e+04 2.868018995315025355e-25 1.824071253188694100e-25 1.382743545864330303e-25 3.579622364387150535e-01 2.402434783999925305e-25 5.917028982360994158e-03 2.096249120409995892e-03 1.718516009308105729e-03 1.790669738516978693e-01 5.593052897929152306e-03 6.289191346955614863e+05 7.260455742415979039e+05 2.875882850667088642e+05 4.329563214785078773e-01 4.259109920645623934e+05
4.934162622326766084e-02 1.536499154376846673e+04 8.319861640403214551e+03 5.599584629456458060e+03 3.977876598283260901e-01 1.424049863874249422e+04 1.583898493145089345e-25 1.014540235074971347e-25 7.390816952882360657e-26 3.443912317040914162e-01 1.381500778609735857e-25 4.117710292108805147e-03 2.150884632900299485e-03 9.157020656360473874e-04 1.921087226016769955e-01 3.684096456557505762e-03 8.413383046155680204e+05 4.181837264516479336e+05 4.285625523689141846e+05 2.698249443866392316e-01 8.078996214981421363e+05
8.574591894263650094e-02 5.631077776690478458e+03 2.302409118720336664e+03 1.920126404984143846e+03 3.407541874826464090e-01 5.564257917115065538e+03 6.951901555080072717e-26 4.624061647364430619e-26 2.009788667903240227e-26 3.197008443319103721e-01 5.929640776614821290e-26 2.743736373708792302e-03 1.135505747724585134e-03 7.911714622696596356e-04 1.808892923103907202e-01 2.561376362467087352e-03 8.821838988595597912e+05 3.444873936083840672e+05 3.146718904319045832e+05 1.555665333901236902e-01 8.512391936826428864e+05
1.490093290003903781e-01 2.176008228885319568e+03 9.276728394811962062e+02 8.913472553546662311e+02 2.928565073888743653e-01 2.259584446673941784e+03 2.153739166367098373e-26 1.592414494786946268e-26 6.420205228088193797e-27 2.849454709231115657e-01 1.787666550020886542e-26 1.914277350693984739e-03 8.194635894040640592e-04 5.777040667403984288e-04 1.654651914142971914e-01 1.854729062693403693e-03 6.969822453388485592e+05 2.087221833533255849e+05 1.400635967056363006e+05 1.409422867738411578e-01 6.383487106295330450e+05
2.589485354282668461e-01 6.453367188558257794e+02 2.284041995161182967e+02 2.271784088606312366e+02 2.000523931685743995e-01 6.310706748688793368e+02 4.880030978707363222e-27 3.397964630758552167e-27 1.707586777547565383e-27 2.546627232529481977e-01 4.090322412462584125e-27 1.337946443839681601e-03 5.196578640554378511e-04 5.355697394889946238e-04 2.179370589736198960e-01 1.239687055922436771e-03 5.124989574312283657e+05 2.707078916157453205e+05 9.978604049088468309e+04 1.601430877617581738e-01 4.375747615970956977e+05
4.500009794706789079e-01 1.535467830839475880e+02 5.497428891875185286e+01 4.603141960841122682e+01 1.516852982867918642e-01 1.451217349147364644e+02 8.785490456251424117e-28 6.538794529663062262e-28 2.935997283179821563e-28 3.216486519286163581e-01 6.143963855266962034e-28 9.233847385510074272e-04 9.918654209173599721e-04 4.687735678214401689e-04 3.460152563249114799e-01 7.531933015922944157e-04 3.452696310306289815e+05 1.856939571686405689e+05 8.733558871628443012e+04 2.092338784717219513e-01 2.765828786321745720e+05
7.820120750621762928e-01 5.577261716596515839e+01 3.411002572877647765e+01 1.698145792600950088e+01 2.283832292056619528e-01 4.460185453727169147e+01 3.004511256203919558e-28 2.738137389756349295e-28 8.082970379401813874e-29 5.333938375751788863e-01 1.218539987763408662e-28 6.996658592973328643e-04 1.242610281240384392e-03 3.064434118735805904e-04 5.885105588928285503e-01 3.829708828352383458e-04 2.444698232158530736e+05 2.200067445451404492e+05 9.401897144885214220e+04 3.217795343330253632e-01 1.785388413893485849e+05
1.358981232135070272e+00 2.679660149132774194e+01 2.136135610705342458e+01 1.204475050149844684e+01 2.308344554595985754e-01 2.486471897099139028e+01 1.205683899754373411e-28 2.143430745910617710e-28 4.766141691414187397e-29 6.088193091751487040e-01 5.811299086488900756e-29 6.186736936307003255e-04 7.742248521534760442e-04 3.776230004111957080e-04 5.607627316206468260e-01 4.451365516357008788e-04 2.240639192698899715e+05 2.440404466552929371e+05 1.325484090986461961e+05 4.046808241397958916e-01 1.844916260612990009e+05
2.361638711459171702e+00 1.946582287961681246e+01 1.255927818765476545e+01 5.261786691170026842e+00 2.174042933016935297e-01 1.608861454266840596e+01 1.370844361365050796e-28 1.742141592040667885e-28 4.903853367325703589e-29 6.154062708829625139e-01 6.273494621116259954e-29 7.421065127398901234e-04 6.980339031120927351e-04 4.997173063249652847e-04 4.749066805629350019e-01 6.517636787758262096e-04 3.541388711521849618e+05 3.900251466051468742e+05 1.311108724773920258e+05 4.264685565770812703e-01 2.133353561203469872e+05
4.104057709980352797e+00 1.830062945845589795e+01 8.080698935592577570e+00 4.158901464482939403e+00 2.203340826954676424e-01 1.410818201988974074e+01 6.745407012813824041e-28 9.433997092712655047e-29 3.488656964672640819e-29 6.914658990096692603e-01 6.383485826387684854e-29 8.582822203107399539e-04 3.892563361216606031e-04 2.817855624110073053e-04 2.011444115956753376e-01 7.882235729385056715e-04 1.041033506695196149e+06 3.492375456663953373e+05 1.141960195934801595e+05 4.860900536118771265e-01 2.965494094525502296e+05
7.132034889639118802e+00 1.240377696292632237e+01 2.885394559082151034e+00 2.874910216526835427e+00 1.203085616773169886e-01 1.207276757454035376e+01 1.854987513097906285e-28 7.336846560159031930e-29 3.478237841817364121e-29 5.326342357403738292e-01 5.918264600208701144e-29 7.531612066266525499e-04 1.094395732549579550e-04 2.840624460079924389e-04 1.550965978904645937e-01 7.799558101454713609e-04 7.507449165222292067e+05 2.600269230005571735e+05 1.701137001696350926e+05 4.256798351042081485e-01 3.365512132857175893e+05
1.239405614188433624e+01 3.173155731734050189e+00 5.972659501383574820e-01 3.744303442431591300e-01 7.768169505811850506e-02 3.049195097505841723e+00 4.782680466816579632e-29 6.185376690098997202e-29 4.618644486854755613e-30 4.718505533360254356e-01 1.465101048070002301e-29 7.507389796819180896e-04 1.517667807858055946e-04 1.165838594162284681e-04 1.036179108260876641e-01 7.109289700926459642e-04 8.444761937098262133e+05 1.228225016662234673e+06 1.050344365347041457e+05 4.060779351787069946e-01 3.364607649837173522e+05
