# R (Mpc), mean rho (Msol/kpc^3), errup (Msol/kpc^3), errlow, std, median rho (Msol/kpc^3), mean pth (Msol/kpc/s^2), errup(Msol/kpc/s^2), errlow, std, median pth (Msol/kpc/s^2), mean gas-mass-weighted metal (fraction), errup, errlow, std, median metal, mean gas-mass-weighted temp (K), errup, errlow, std, median temp  
#  nprofs 458, mean mh 1258424868406.206543, median mh 1243753423280.109131 
#  Mass range 12.00 - 12.2 
#  Nhalos 31
1.633851471008279307e-02 2.598028301947032742e+05 6.747122899514640449e+04 1.012273919707175519e+05 2.201232153162485661e-01 2.757068833762210561e+05 5.516234771317047290e-25 3.109764544789925563e-25 2.903547100398032236e-25 3.081352942451849319e-01 5.336099889208602106e-25 6.308613975642307636e-03 2.749887473064791671e-03 1.609719300884051088e-03 1.730501604072991473e-01 5.684709764436180618e-03 1.814412243674494384e+05 1.223445683857772965e+05 9.985934898962473380e+04 3.556075139843495325e-01 1.473041138514115592e+05
2.839308440371576120e-02 5.989322760256980837e+04 4.013467621204491297e+04 2.938679503935739194e+04 2.625574635352809771e-01 5.387780973234510748e+04 3.864202706222389797e-25 1.957012251583638080e-25 1.896380025174711236e-25 2.619607726729879515e-01 3.585673040206005888e-25 4.531075021868029816e-03 1.623985183960896528e-03 1.120760256971638138e-03 1.702598609390832129e-01 4.174673235983175114e-03 6.049204542688832153e+05 4.497819212905594031e+05 2.923358620642079040e+05 3.684981586900418216e-01 4.829679186961750383e+05
4.934152560752818467e-02 1.741219300363426737e+04 7.679621510800663600e+03 5.480321336504719511e+03 1.780172051323478666e-01 1.637900573029188126e+04 2.014700574309313502e-25 1.060943272034061730e-25 7.693792142170305095e-26 2.451478391072778873e-01 1.896251354366807969e-25 3.175186759108650919e-03 1.718612547904983107e-03 8.208272808125820566e-04 1.870467728305683086e-01 2.793201241029618503e-03 8.363745632676602108e+05 2.757763350666597253e+05 4.258836656970997574e+05 2.431286294349591370e-01 8.517135104495928390e+05
8.574574409252104512e-02 6.617458907807424112e+03 2.363751772809547219e+03 2.553959281101429951e+03 1.683978547417684102e-01 6.748268876352337429e+03 7.797615173951369342e-26 3.813217820163928927e-26 2.576016715640479752e-26 1.885062866689263261e-01 7.314541016457967535e-26 2.106548165830761637e-03 6.924486570988827062e-04 7.426296586689410794e-04 1.662145720805611737e-01 2.113016357453867834e-03 8.070747257782705128e+05 2.674064005412806291e+05 1.710540744706774130e+05 1.204744025807031188e-01 7.814596516931159422e+05
1.490090251457148740e-01 2.570257567712765194e+03 8.767985546971558506e+02 5.882108312535294772e+02 1.321895480635716102e-01 2.514050047261712734e+03 2.456330581783614519e-26 9.835161175867612094e-27 5.414904529054779363e-27 2.016511970255372155e-01 2.051981921478403921e-26 1.511391430395033798e-03 4.806921054403645675e-04 5.072784039402023631e-04 1.775188896541548544e-01 1.513926491309430930e-03 6.382703550007168669e+05 2.178363659508252749e+05 1.097475149267859524e+05 1.393956002126158777e-01 5.754426760150498012e+05
2.589480073893599132e-01 7.434838870241308086e+02 2.909935121172010213e+02 2.076057464600771709e+02 1.661424617426825179e-01 6.804862006184170014e+02 5.929429419246906528e-27 4.315839946791232220e-27 1.646976839831477096e-27 3.168463565586098762e-01 4.026678893497816422e-27 1.094620141840740683e-03 6.467627155205585461e-04 3.024577983726364555e-04 2.339148836303801271e-01 9.654846124982686441e-04 4.653322456624875776e+05 2.871493973215958686e+05 9.607496115543827182e+04 1.669243148029780077e-01 4.097839639301900170e+05
4.500000618442288047e-01 1.906540871421063912e+02 1.174271900157679909e+02 4.059098293423380710e+01 1.974123516372826292e-01 1.508326639488801959e+02 1.465528123916731406e-27 2.058031705667295825e-27 2.767067336754657181e-28 4.589889447783000453e-01 5.323911037718235159e-28 7.005784593947712337e-04 7.853250474235214020e-04 2.119818994258116903e-04 3.593211202739670651e-01 4.660596968090913346e-04 3.690675841961551923e+05 3.316511867944793776e+05 7.925833397656388115e+04 2.755010579806134174e-01 2.476046652266117744e+05
7.820104804101706275e-01 7.499495743465999453e+01 3.144164103056985482e+01 1.594009823362524969e+01 2.408502239723676330e-01 5.464695063895051419e+01 6.991200158339136924e-28 2.001336118290312647e-28 9.395340619872501888e-29 5.897947418694398092e-01 1.475291650799401735e-28 5.329185032796166128e-04 7.022059542104969838e-04 2.598129555708093277e-04 5.090953618563206495e-01 3.306171151689255667e-04 3.113209592379753012e+05 1.572909752266168653e+05 7.100820374126150273e+04 3.672699703220907996e-01 1.630777389774189505e+05
1.358978460947493527e+00 4.338333449386512797e+01 2.815119808015000302e+01 1.467770591948318071e+01 2.765965526070927605e-01 3.226505450429792887e+01 1.082765619491276137e-27 2.791210673287856783e-28 6.221962963922547906e-29 7.625170577223969737e-01 7.941300722758278656e-29 6.134216162525919867e-04 8.530306146547553259e-04 4.137199136114503282e-04 6.303240896931052717e-01 4.657876716165855382e-04 4.672738754672904033e+05 2.913728557713737246e+05 1.024533205095867743e+05 5.026789310662145294e-01 1.604569753639134578e+05
2.361633895687103912e+00 3.238836884227195867e+01 1.531027067560413712e+01 5.196976533785885977e+00 2.292779969970530907e-01 2.374389841712537219e+01 1.100825333530982779e-27 1.621472307980082831e-28 8.030876086323684084e-29 6.687720835495475358e-01 1.025288520291771471e-28 6.820522124016552322e-04 4.273072338909569834e-04 4.449391007019974035e-04 3.859036505154687102e-01 6.403958403573837069e-04 6.167802565429824172e+05 3.050157138424897566e+05 1.587308323766462272e+05 4.648035336764503866e-01 2.526163943707013677e+05
4.104049341127662842e+00 2.425208257466841744e+01 5.429969923900113571e+00 9.443782222330826315e+00 1.788431765317703426e-01 2.374861361312397889e+01 5.111728264610888215e-28 1.398875112746826268e-28 4.821784495634522274e-29 5.809541179475813388e-01 8.879471736383938878e-29 7.272686836186597172e-04 2.179789378864697329e-04 3.011250589527042780e-04 2.212113633295386128e-01 7.302285423325512387e-04 7.410749989626700990e+05 2.651394301390326582e+05 1.353194452409570222e+05 4.191623296776369467e-01 3.154353011923737358e+05
7.132020346239977826e+00 1.851104212903839752e+01 2.973661247170408473e+00 3.465671563439460812e+00 9.859290530080709603e-02 1.842379176368676497e+01 2.506029311066895266e-28 1.151354050162302782e-28 3.259591680254075930e-29 4.888166095136626255e-01 7.941807552467798620e-29 6.574534357795283569e-04 1.347248478168584047e-04 1.679465569980016846e-04 1.407284816052802034e-01 6.300779170021619672e-04 7.110292040177996969e+05 3.179812155015054741e+05 9.067554245284834178e+04 3.999526919842148476e-01 2.965715470789573737e+05
1.239403086835325674e+01 1.694324095860801238e+00 1.963107567093749228e-01 2.170185577396253063e-01 7.159713002005869964e-02 1.665434311031474879e+00 2.448933465915264848e-29 1.442400125923766131e-29 3.663996667607298081e-30 4.849088826044971601e-01 7.911467971893994845e-30 6.627311919940743470e-04 2.104007871063431206e-04 1.309529740149456729e-04 1.335008950479026069e-01 5.971362228938990402e-04 7.943811745831526350e+05 5.508282533061645227e+05 9.654985183897247771e+04 4.230330613384190031e-01 2.892065925124508794e+05
