# R (Mpc), mean rho (Msol/kpc^3), errup (Msol/kpc^3), errlow, std, median rho (Msol/kpc^3), mean pth (Msol/kpc/s^2), errup(Msol/kpc/s^2), errlow, std, median pth (Msol/kpc/s^2), mean gas-mass-weighted metal (fraction), errup, errlow, std, median metal, mean gas-mass-weighted temp (K), errup, errlow, std, median temp  
#  nprofs 434, mean mh 1929854540550.301758, median mh 1858989969661.953125 
#  Mass range 12.21 - 12.4 
#  Nhalos 22
1.633850140332886169e-02 1.456428894774384971e+05 6.197473386372020468e+04 9.509954648249108868e+04 4.639382645891097501e-01 1.452886727810786688e+05 5.750436710380226996e-25 4.969244823490757218e-25 2.711201305561581846e-25 3.885702386028903055e-01 4.873691620758742505e-25 8.343133037929811174e-03 3.788906470013914812e-03 2.824357806076056160e-03 1.932104345841932636e-01 7.916668249919364686e-03 5.420688607826061780e+05 1.867894703852328239e+05 1.938788917730613321e+05 4.477576252162959736e-01 2.978513222461069236e+05
2.839306127922774578e-02 4.449983418796381011e+04 1.653650708617534110e+04 2.593669383690130780e+04 3.596786061025297743e-01 4.810610728262634075e+04 4.612685913117488720e-25 5.428290851825190638e-25 1.939498267098449504e-25 3.980726267196088575e-01 3.599954126721077457e-25 6.275920379150068916e-03 2.326196598893505961e-03 2.012298694549469191e-03 1.683342473257077587e-01 6.184955900889114837e-03 9.168797883943268098e+05 5.793783959287796170e+05 6.005777305536333006e+05 4.459292426800973153e-01 9.178816520690575708e+05
4.934148542177373836e-02 1.720372295039334495e+04 1.181671242594651630e+04 5.434258814692802844e+03 3.443629308623322727e-01 1.586034107210313960e+04 2.523306757943219063e-25 2.538203797786830220e-25 1.309615418131543387e-25 3.428898938699113108e-01 2.146786262466830971e-25 4.664086836284459664e-03 1.558600519715143580e-03 1.767753684343926525e-03 1.623078092625582503e-01 4.649199084015173851e-03 1.163842267888923408e+06 5.660522822525720112e+05 6.370666668066198472e+05 3.112919277864044654e-01 1.169727652322314214e+06
8.574567425768368778e-02 7.663148702684195996e+03 3.400827177128359835e+03 5.832180662174815552e+03 3.412714679169932541e-01 8.610470393029305342e+03 1.174544697963276965e-25 9.073776499786267466e-26 6.384902048922360286e-26 3.248876724145706718e-01 1.059088768944123408e-25 3.517744412628858331e-03 8.181169694404894985e-04 1.416595358915976460e-03 1.739844625188552429e-01 3.427428200123680373e-03 1.101519121419632342e+06 5.218937532088414300e+05 3.102969953827899881e+05 1.633363436241430933e-01 1.055540079278431367e+06
1.490089037866766386e-01 3.009370916515192675e+03 1.405033072667900342e+03 2.103745696318858791e+03 3.121440146691761841e-01 3.283882285045718163e+03 4.220611143270817315e-26 3.140297998126409642e-26 1.692922006123225605e-26 2.877424750676035869e-01 3.972999798706989808e-26 2.286628391832271675e-03 1.074113093600092324e-03 9.514741826956972254e-04 1.809026617584319763e-01 2.164363085801925771e-03 1.005149351737558143e+06 3.223559465563218109e+05 2.274422574496862944e+05 1.329525008203334968e-01 9.428544411542813759e+05
2.589477964915226638e-01 9.503065036795826472e+02 3.600456669576061586e+02 3.750566787957226325e+02 2.202975562403062249e-01 9.767911539812947694e+02 1.005584460850660584e-26 8.145968346189043825e-27 3.949610923352327567e-27 2.421005336525095253e-01 8.913535578498251032e-27 1.547335953156027573e-03 5.247647296408104907e-04 7.361327547293437107e-04 2.266696613569509078e-01 1.591357480440162755e-03 7.208164910331629217e+05 2.976016497480660910e+05 2.220235503483195207e+05 1.330215549720647483e-01 7.026070089864578331e+05
4.499996953457924831e-01 2.493627908759768843e+02 1.528944168179011740e+02 5.476273361819249885e+01 1.814966673271551090e-01 2.170104862701191450e+02 2.158735165462845049e-27 3.074555247667745575e-27 8.838188565979697833e-28 3.540483279424320728e-01 1.543915522211323850e-27 9.871187201640045390e-04 8.985696673504063765e-04 3.827097787592890002e-04 3.099029611109971882e-01 7.883944124312818220e-04 5.119454494319012738e+05 4.044964711971924407e+05 1.453095516974410275e+05 1.995233550032112779e-01 4.298982306175377453e+05
7.820098435088842503e-01 8.490205176025052936e+01 6.029317051012358775e+01 2.499869220237017942e+01 2.373641021965454401e-01 6.574452051648097495e+01 6.491162758576181766e-28 1.036995466415703864e-27 1.807041257432311930e-28 5.437765829396430384e-01 2.582459233174680900e-28 9.120645613458021718e-04 1.099386801669119266e-03 5.296161512926110407e-04 5.344349535719327138e-01 6.535980327580443502e-04 3.931460536825820454e+05 3.149019778448859579e+05 2.041799425141206011e+05 3.192879779993095246e-01 3.303545274348590174e+05
1.358977354139910165e+00 3.483622102691945344e+01 2.122907529319167708e+01 9.989704604037129343e+00 2.141094707013782572e-01 2.935047424590601395e+01 2.150652418686336495e-28 2.301843042793350910e-28 6.981783836192165525e-29 5.923841980408420804e-01 9.363852610542380141e-29 6.838966240422136552e-04 7.370647448541781761e-04 4.179731585136445705e-04 5.172140759045045222e-01 5.185635840885862964e-04 2.947798445948059089e+05 2.636510804286175407e+05 1.534639917373200296e+05 4.011984605057036801e-01 2.198438015333077637e+05
2.361631972275968661e+00 2.394752763382154015e+01 1.406357983220660657e+01 8.146850030094618944e+00 2.303650057636646153e-01 1.982624105581278684e+01 1.686657856811168401e-28 1.604858944365448944e-28 5.853426155913446289e-29 6.120931334288991499e-01 7.542329528809068652e-29 7.322731827016626914e-04 4.285391061179932154e-04 5.785028593295127655e-04 3.960730681863540714e-01 7.964241039372442314e-04 3.452985509818106075e+05 2.606897596410188416e+05 1.380086198472570977e+05 3.980407158613612495e-01 2.517401880313690926e+05
4.104045998622196656e+00 1.986451547710248988e+01 8.511092763634827918e+00 4.249408845210208341e+00 1.967041894825067583e-01 1.602522560084452152e+01 6.761317911970519446e-28 1.096030293752081502e-28 4.342652245997750009e-29 6.517763209383532486e-01 7.767952817460295009e-29 8.314674347622441229e-04 2.443578811066801897e-04 2.089027276764474864e-04 1.648148780146033443e-01 7.582601644783612364e-04 1.066713853228907334e+06 2.080576649198579835e+05 1.363418712173935492e+05 4.719510807377270134e-01 3.300815426645437256e+05
7.132014537631209627e+00 1.417812541777805180e+01 3.709722396168029235e+00 1.553736837809154281e+00 1.032760318558670898e-01 1.318272057907649852e+01 2.170508323806451755e-28 2.347083013466119933e-28 3.277530561186928523e-29 5.190607052458248161e-01 6.534200883497270018e-29 6.961610310220850114e-04 7.067530103917489450e-05 2.540205011309581659e-04 1.361883764191465784e-01 7.387268231959719881e-04 7.720121688437327975e+05 8.254596565919405548e+05 1.261205754074209835e+05 4.230523158939885064e-01 3.197624653736447217e+05
1.239402077414812453e+01 2.861648698301198390e+00 6.715259935800763635e-01 2.170908609968309477e-01 7.315052008135490558e-02 2.711755337150382417e+00 5.709318839227592986e-29 1.618981564257841888e-28 3.881113771473063544e-30 5.370233141826307177e-01 1.277448366127459748e-29 7.323791912911210887e-04 2.991151413452560002e-04 9.347358469390912479e-05 1.150180382319045957e-01 6.596811661832063713e-04 1.106031940108022187e+06 2.868468818516181316e+06 8.520816326723148813e+04 4.706734204054498494e-01 3.160377751886366168e+05
