# R (Mpc), mean rho (Msol/kpc^3), errup (Msol/kpc^3), errlow, std, median rho (Msol/kpc^3), mean pth (Msol/kpc/s^2), errup(Msol/kpc/s^2), errlow, std, median pth (Msol/kpc/s^2), mean gas-mass-weighted metal (fraction), errup, errlow, std, median metal, mean gas-mass-weighted temp (K), errup, errlow, std, median temp  
#  nprofs 436, mean mh 10303003201924.970703, median mh 10704578711723.289062 
#  Mass range 12.81 - 13.2 
#  Nhalos 6
1.633856291868465010e-02 5.412516270848407294e+04 5.714244283580215415e+04 3.785975196950683312e+04 4.932348367052987181e-01 4.786532626560881909e+04 1.204760788853302680e-24 7.886688868822539489e-25 6.725988381510941731e-25 2.666819291832257521e-01 1.162277658229417843e-24 4.236336589739992352e-03 8.859356307541624634e-04 1.909653232655175378e-03 2.632831316957828793e-01 4.766728813181205122e-03 2.996723845886162948e+06 4.215085184132058173e+06 1.052821549658881966e+06 3.869301010533139906e-01 1.863495027320386376e+06
2.839316818066401488e-02 3.117573730606822937e+04 2.121288969004298997e+04 1.729356669727028202e+04 3.164488804796362631e-01 2.778461547816623352e+04 1.210920452598523990e-24 6.990476786924299653e-25 3.673276360106649857e-25 1.951984153427988589e-01 1.124771120801250651e-24 4.241676404218886441e-03 6.666600084700860865e-04 2.091288788052628102e-03 2.867868901176227614e-01 4.736930386072578728e-03 3.659098404135487508e+06 2.057112730486019980e+06 1.743262035450498108e+06 2.752238126304208388e-01 3.418754006372409407e+06
4.934167119517834238e-02 1.856425215162994573e+04 1.520161055822945855e+04 5.644753469648229839e+03 2.788347056317005968e-01 1.379538111467143244e+04 1.022706095709652663e-24 5.667314876355142940e-25 3.300731962315373230e-25 1.865505218337407400e-01 9.440146592485664251e-25 3.901723347837962163e-03 1.475138134523618777e-03 1.844951673990927361e-03 3.048347907203733387e-01 4.172940071692783637e-03 4.832977084967502393e+06 2.420316204854981042e+06 2.670398583131702151e+06 2.417370506941498298e-01 4.984668985339021310e+06
8.574599709486005472e-02 9.216503745793026610e+03 8.651105690312460865e+03 1.478631294056111983e+03 2.405995932501776846e-01 6.514930120676463048e+03 5.167636463644618828e-25 1.749033671865465525e-25 2.778994542648126834e-25 2.839960328709061899e-01 5.639623155889128351e-25 2.908456907939866321e-03 1.417420199197479223e-03 1.606115823969178017e-03 3.082249959417602270e-01 3.041208599041200864e-03 4.262883131681012921e+06 3.058998902970352210e+06 1.394758477276816964e+06 2.270706286368016080e-01 3.792525233766036108e+06
1.490094648133893918e-01 5.089874933617119495e+03 2.947617201147198102e+03 1.133835990665444569e+03 1.976115528242478325e-01 4.452012615626010302e+03 2.760368520301936136e-25 7.524524557027660827e-26 1.426628907418302681e-25 2.518583393389242087e-01 2.967107718463130435e-25 2.361030903269197359e-03 1.487892139753716186e-03 1.099996896426766804e-03 2.628531636821898609e-01 2.229836619641647252e-03 3.640400069986691233e+06 1.375343891885885037e+06 4.442852602993738838e+05 1.079212032805304811e-01 3.362983441892576404e+06
2.589487714442089139e-01 3.056400675140380827e+03 4.667175244470372490e+02 1.172749340248419685e+03 1.297293581294530762e-01 3.228974110492085856e+03 1.303495082576372326e-25 1.271039814680042301e-26 7.581116177954610193e-26 1.751274823557312232e-01 1.502450427481660240e-25 1.780508971391449357e-03 7.904584815757748767e-04 4.965153978954929201e-04 1.687388591483731937e-01 1.660958640810499855e-03 2.824359247372805607e+06 2.240830997241470031e+05 4.775089745089542121e+05 5.391408755893783988e-02 2.924595486546427477e+06
4.500013896193789109e-01 1.090786270751537586e+03 3.447089647359048286e+02 1.581470875148399955e+02 1.489095180274946917e-01 1.056600241935121176e+03 3.258947064298833736e-26 5.679609480551608416e-27 6.805144098944663843e-27 2.318031391156265830e-01 3.404019677624237334e-26 1.430478435465330463e-03 4.731580847236391274e-04 5.012481919639233093e-04 1.432264149281705368e-01 1.437532341444485579e-03 1.955043854736813111e+06 6.212802380809746683e+04 3.997446733428945299e+05 9.533400214204783285e-02 2.124045476975439116e+06
7.820127878189270243e-01 2.309427376912185252e+02 5.340633873912241825e+01 1.599312115951533997e+01 7.203226704060121388e-02 2.227671463203434996e+02 3.769272855026261020e-27 8.531583062840656586e-28 1.221131835619707940e-27 1.746729758195167959e-01 3.956453900355323454e-27 1.036119588122416061e-03 9.751301222075199789e-05 8.025092529519097136e-05 8.845919455030865075e-02 1.018551725275558713e-03 1.075970498648923356e+06 1.168045907481780741e+05 2.622354391410015523e+05 1.096760053223189146e-01 1.147244357892597560e+06
1.358982470764342532e+00 5.562417621505995413e+01 2.197606509832219501e+01 2.368888608424935427e+01 1.685687509973120557e-01 5.637894768751199592e+01 5.206823324284092789e-28 2.535433985668210228e-28 3.275324110516749254e-28 2.975264399129528559e-01 5.067978715298132308e-28 6.407371553278231420e-04 1.254587395264212786e-04 6.102648991541540294e-04 3.587858599458342290e-01 8.082960657784465063e-04 5.828661227530521573e+05 3.152872041005943902e+05 1.076947639852718567e+05 1.505572133470754193e-01 5.086757264323562849e+05
2.361640863950146940e+00 2.637695235269538685e+01 2.898623830337398388e+01 2.184736766151578635e+00 2.321925966050528978e-01 1.689715177139488489e+01 2.848697102136072995e-28 6.886739304129583767e-28 2.851622119421597627e-29 5.908286567383690402e-01 6.408550191078260486e-29 5.192454355527560727e-04 4.341284556521207314e-04 1.516232568432413180e-04 2.608277809841329509e-01 3.849320119100176161e-04 4.982983002743214020e+05 7.677735293842635583e+05 8.892928636494278908e+04 3.658897789672365120e-01 2.605321859035716043e+05
4.104061450580955395e+00 1.361932746347825152e+01 1.410145873294188945e+00 1.225883129898942769e+00 4.923040127977621611e-02 1.366155513615707306e+01 4.859132516916456983e-29 1.238738251026073260e-29 1.099230212897570949e-29 1.988280019278396704e-01 4.762614937817664325e-29 3.680759125610758476e-04 5.701934709283315757e-05 1.510119098282478381e-04 1.312221035715691875e-01 4.033378181462359035e-04 2.346697027631209639e+05 2.960739456247680937e+04 5.352641230900929077e+04 1.520683305681906905e-01 2.414213836610904254e+05
7.132041390057954899e+00 1.389673363729164457e+01 3.274486062375906670e+00 5.001385921311332083e+00 1.412890167072561320e-01 1.407718407247570624e+01 5.221742186716134810e-28 1.192845285929265505e-27 6.516493763798027033e-29 6.939492612124377180e-01 9.880481874449732577e-29 6.293096016942061662e-04 3.012363669193230233e-04 1.066504311154131343e-04 1.386804318059801366e-01 5.492563849626079346e-04 1.952335856742759468e+06 4.549599852509232238e+06 2.243129775855271437e+05 5.675953082852737142e-01 4.752252822128594853e+05
1.239406743831755797e+01 3.871795399593197740e+00 4.864827957890627275e-01 5.538760939180025211e-01 6.674696658425414986e-02 3.901559854133217264e+00 1.323226241782413756e-28 2.450695063770477706e-28 4.402627357973084965e-29 5.508002544719112770e-01 6.597110967341117919e-29 6.057559534555042495e-04 2.416172700413090442e-04 6.373455029566219791e-05 1.065641136242017201e-01 5.517933201372555389e-04 2.070892313948594267e+06 3.447129852055981755e+06 7.021350964755411260e+05 4.894032326429265112e-01 1.141026632016553544e+06
