# R (Mpc), mean rho (Msol/kpc^3), errup (Msol/kpc^3), errlow, std, mean pth (Msol/kpc/s^2), errup(Msol/kpc/s^2), errlow, std, median rho (Msol/kpc^3), median pth (Msol/kpc/s^2) 
#  nprofs 441, mean mh 1914399933243.814697, median mh 1884413440507.102295 
#  Mass range 12.21 - 12.4 
#  Nhalos 18
1.633850140332886169e-02 2.154666131649444578e+05 1.385778973174602434e+05 1.846310344465983799e+05 5.748798892876186839e-01 5.846759331510916092e-25 3.293102452645743439e-25 2.258007204532840003e-25 3.857366882274274600e-01 2.266943361070886313e+05 5.079901084041894125e-25
2.839306127922774578e-02 5.529027925441987463e+04 4.879866263236456143e+04 3.382567329492364661e+04 4.368076534807497358e-01 4.446951718318309411e-25 2.520072685921406982e-25 1.909241667447019132e-25 3.912548510643403255e-01 5.139481823637678463e+04 4.370941809528648014e-25
4.934148542177373836e-02 1.781174952979786394e+04 7.736472606386396365e+03 6.057976500320117339e+03 3.449317520681551286e-01 2.810102431659051822e-25 1.140786980863075757e-25 1.756236111119192522e-25 4.132487282303073939e-01 1.639077939220410917e+04 2.864764859125854732e-25
8.574567425768368778e-02 7.462007831556294150e+03 4.586430187081879922e+03 3.732504195534496375e+03 3.359555312569910135e-01 1.247258794469006042e-25 8.444428693446177400e-26 4.334629444144697846e-26 3.477776123880998993e-01 6.982773884783136964e+03 1.073613413598751094e-25
1.490089037866766386e-01 3.089812954844337582e+03 1.047053566931107525e+03 1.709941945549852790e+03 3.139540280209147105e-01 4.331077249388516142e-26 2.487048326029718292e-26 1.728228265559175207e-26 2.876254120168859618e-01 3.415302737513196007e+03 3.902311398334666218e-26
2.589477964915226638e-01 9.869944417276747117e+02 3.181262532673775922e+02 3.662366187627250156e+02 2.627360084904646897e-01 1.027852692799166288e-26 6.707887679081942021e-27 4.792370603550799659e-27 2.464816448665486659e-01 1.022494811001375524e+03 9.412828804819312353e-27
4.499996953457924831e-01 2.360456002713552550e+02 1.567075595978877232e+02 3.929856219943414430e+01 1.874930400434617617e-01 1.938408579600989688e-27 3.012021225930809984e-27 5.542492253436568113e-28 3.451602109586391909e-01 1.923641726599245771e+02 1.272878870870610492e-27
7.820098435088842503e-01 8.059743120200867850e+01 6.027099846072259481e+01 2.028673522323100542e+01 2.307555117044419735e-01 5.862165133012994103e-28 8.149572951814115786e-28 1.803118636351135961e-28 5.471624702867982082e-01 6.136467847771365314e+01 2.403284867721384986e-28
1.358977354139910165e+00 3.376487070355129561e+01 1.820296797431765867e+01 1.040325727133842904e+01 1.876855230598095114e-01 1.634388927768469516e-28 2.216399837181873036e-28 1.156970552575871579e-28 5.770213207859401505e-01 3.160414684125778706e+01 1.294693575176818879e-28
2.361631972275968661e+00 2.299019673518599660e+01 1.444046316748640280e+01 6.307375267208298553e+00 2.252449528893059605e-01 1.585990015921195630e-28 1.891948034201386672e-28 4.002774764445579362e-29 6.091211331171797472e-01 1.832819634735693270e+01 5.700076879968706654e-29
4.104045998622196656e+00 2.041112589058835169e+01 8.878329462016274931e+00 3.905492489073042250e+00 2.029429675142916112e-01 7.778992991013223732e-28 8.753922816967650552e-29 3.624966863701660850e-29 6.879023348281746442e-01 1.581544374523149443e+01 7.451820274928805171e-29
7.132014537631209627e+00 1.402690830864435512e+01 2.719587610516505549e+00 1.569336810680729499e+00 1.040535693130528322e-01 2.218689964946844543e-28 1.251505827458382140e-28 3.137497955040690384e-29 5.354712972094202161e-01 1.320255398522937895e+01 6.138940063564418083e-29
1.239402077414812453e+01 2.675606800967424537e+00 1.779644550193335562e-01 2.569722710203032889e-01 5.791758754469772397e-02 3.390597233925555215e-29 9.223862466459198976e-30 2.731971862016534597e-30 4.239178691625702378e-01 2.635175975801200110e+00 1.111077060169207246e-29
