# R (Mpc), mean rho (Msol/kpc^3), errup (Msol/kpc^3), errlow, std, mean pth (Msol/kpc/s^2), errup(Msol/kpc/s^2), errlow, std, median rho (Msol/kpc^3), median pth (Msol/kpc/s^2) 
#  nprofs 490, mean mh 1280708893833.977051, median mh 1249654238704.703613 
#  Mass range 12.00 - 12.2 
#  Nhalos 27
1.633850140332886169e-02 8.019198604396333394e+04 2.177707524821982952e+05 1.311397186366716232e+04 6.719376444616191879e-01 3.121737669578043775e-25 2.551507002740392883e-25 5.340011162528607556e-26 4.029803425337530887e-01 1.886278140226820688e+04 1.274618816263355248e-25
2.839306127922774578e-02 2.306033500144907157e+04 3.414265144956419681e+04 7.892803007871270893e+03 5.321236356138363544e-01 1.045684147336663950e-25 7.715845301999007124e-26 6.760589398345766670e-26 3.703992047205090787e-01 1.083919721174390907e+04 9.599954445773901784e-26
4.934148542177373836e-02 1.071696857559039381e+04 1.540910646759689553e+04 3.804041798388726420e+03 4.986998385787931309e-01 5.749555085720352017e-26 6.600613582153307776e-26 2.999887608868091127e-26 4.311904835887556686e-01 5.285236431969598925e+03 4.080911459356274859e-26
8.574567425768368778e-02 2.697349365355463760e+03 2.232017363075542107e+03 1.691725723632107247e+03 4.164710472803131447e-01 2.766282687128353494e-26 2.952135147819562723e-26 1.474174609383974400e-26 4.716931551064500461e-01 2.188325730607299647e+03 1.947400934766699952e-26
1.490089037866766386e-01 1.041143969160069219e+03 5.334449125512765022e+02 7.799384079602687052e+02 3.397828666286415444e-01 1.055244249645789858e-26 5.485959453760856649e-27 8.160236599087500216e-27 4.043347078148371021e-01 1.088757135553112221e+03 1.095807848905128116e-26
2.589477964915226638e-01 3.230568189162469821e+02 1.667088361906850196e+02 1.512927805574465197e+02 2.514491195582073679e-01 2.897535957519775989e-27 1.341242489071935348e-27 1.355039960316794990e-27 2.761621034168697530e-01 3.151396149628675971e+02 2.816446249905373249e-27
4.499996953457924831e-01 1.134647014490551697e+02 3.004328568684408651e+01 3.195764408154894909e+01 1.799122970554598577e-01 9.471206268895997759e-28 7.659333362811214362e-28 2.771528492003008484e-28 3.129457975421864879e-01 1.096263341036847407e+02 6.620648190010691985e-28
7.820098435088842503e-01 5.663067438925202879e+01 1.744426009671291666e+01 1.485498220279842485e+01 1.763167475336961387e-01 3.917710096875598693e-28 2.343627717102909742e-28 1.751095923103088718e-28 4.302849735172111223e-01 5.281223666559373697e+01 3.180619804703986714e-28
1.358977354139910165e+00 3.019395651444022732e+01 1.435809609759438388e+01 1.132706471834408291e+01 2.100237498087888788e-01 1.901393499367154942e-28 1.263689949652289501e-28 7.609449319863802073e-29 4.462011548316758835e-01 2.769781629030819659e+01 1.298365005399730655e-28
2.361631972275968661e+00 2.022685660265300100e+01 1.300994329205817834e+01 4.299926320102640531e+00 1.941489967286009755e-01 1.546554479672641000e-28 1.629886650657034444e-28 5.737379673403574107e-29 4.851914663505518810e-01 1.704733005528932566e+01 8.529430304985589563e-29
4.104045998622196656e+00 1.878222852359370876e+01 8.638692316034802587e+00 3.898313741744352967e+00 2.091010776899259183e-01 6.415879796822052624e-28 1.274931826567653233e-28 4.985461629475657475e-29 6.651709295435713765e-01 1.453825066798606969e+01 8.256441254048641554e-29
7.132014537631209627e+00 1.376516049471485559e+01 4.319824487130388135e+00 1.806129670315966607e+00 1.117630576380637536e-01 2.105564617412573187e-28 3.208198085349427338e-28 3.090601436328742424e-29 5.087361853173348880e-01 1.274272041734579552e+01 6.536355327644683114e-29
1.239402077414812453e+01 2.640550701434403624e+00 6.057727258529159720e-01 2.655113896090997017e-01 6.908306058748117651e-02 4.012932974026648147e-29 6.659902508384653963e-29 4.634834615739323757e-30 4.592689066040742119e-01 2.542841533476205562e+00 1.323431253064139781e-29
