# R (Mpc), mean rho (Msol/kpc^3), errup (Msol/kpc^3), errlow, std, mean pth (Msol/kpc/s^2), errup(Msol/kpc/s^2), errlow, std, median rho (Msol/kpc^3), median pth (Msol/kpc/s^2) 
#  nprofs 459, mean mh 1258939731105.076172, median mh 1255922256399.241699 
#  Mass range 12.00 - 12.2 
#  Nhalos 32
1.633852022730607895e-02 2.371224045804688940e+05 1.742164503858266980e+05 9.169132904212079302e+04 2.985684501374910593e-01 6.778001519406642961e-25 6.017998523593580990e-25 2.260233339915344727e-25 3.569276752569877087e-01 2.088125999895707937e+05 4.238462588227356605e-25
2.839309399155095365e-02 5.870371996377128380e+04 3.406303112331563898e+04 2.215324250366524939e+04 2.603618555420644798e-01 3.839737528548114808e-25 1.938540270341897696e-25 1.244285766275432535e-25 2.204572653494440704e-01 5.159738062929226726e+04 3.281799889157730231e-25
4.934154226927617293e-02 1.809995709615595479e+04 9.753689975151191902e+03 4.912587936351064855e+03 1.846082953930250348e-01 2.015268222608564382e-25 7.794009179489153390e-26 6.386533550506731901e-26 1.852209528111943282e-01 1.644471330063706409e+04 1.844706331040451688e-25
8.574577304732042271e-02 6.841426016525476371e+03 1.843959879844973329e+03 1.676575741555880086e+03 1.482505683481213921e-01 9.369923543393245030e-26 2.847045738839023223e-26 2.840128629335159189e-26 1.992795594250733604e-01 6.978274901478513129e+03 8.558578924152279907e-26
1.490090754633893733e-01 2.589595336987495102e+03 1.005184019484299370e+03 7.279958979237526364e+02 1.411554563735864243e-01 2.613809801733599164e-26 1.621992991868251531e-26 9.597021779160604270e-27 2.271482156623402249e-01 2.547416165520540744e+03 2.410048270215970449e-26
2.589480948314561437e-01 7.703547157813297872e+02 2.031336851067200087e+02 2.683349168601060910e+02 1.311504258802509704e-01 5.817800306620644997e-27 4.615962745353381143e-27 2.248031498444838223e-27 2.779180770519723009e-01 7.997437474982505137e+02 4.582498935842975951e-27
4.500002138011764963e-01 2.115233992982673783e+02 1.411683027269153285e+02 4.430356065587909598e+01 1.841854290234446190e-01 1.487539230547650386e-27 1.299669645703223787e-27 3.164912079785009542e-28 4.097336092634929483e-01 1.720291080065874780e+02 7.045726932240731942e-28
7.820107444810802111e-01 8.510679344899222087e+01 4.640576210647245858e+01 1.191850207841356735e+01 2.389524182932306617e-01 8.072847195565897719e-28 3.167781117524263013e-28 1.082794459097670562e-28 6.002352435440783118e-01 6.103418747366901442e+01 1.647071116466140700e-28
1.358978919850138967e+00 4.423135957620495162e+01 3.210568669618164961e+01 1.308717600268091985e+01 2.394187619609058626e-01 7.380857529316530698e-28 2.991246564938772920e-28 6.260583569914273834e-29 7.007976017291133175e-01 3.461284281455922951e+01 8.156469272638538429e-29
2.361634693168501720e+00 3.406007659245321406e+01 1.214562242086812205e+01 6.467941131736928639e+00 2.140027809010125459e-01 1.048327390445174900e-27 1.216931612574648230e-28 6.917400093601126281e-29 6.356854650156305020e-01 2.700847088267359908e+01 9.424398897728060838e-29
4.104050726991497200e+00 2.536097249823263056e+01 7.338473229620550597e+00 8.661150668192505009e+00 1.480839760049016962e-01 3.074815048112679754e-28 1.170427281913579451e-28 5.326674121661133624e-29 4.677586167681546669e-01 2.443914430532032611e+01 9.410466333872926877e-29
7.132022754595307212e+00 2.096259979418794117e+01 3.861349366889736956e+00 2.623454385878929429e+00 8.299650326597057814e-02 2.686481101316978105e-28 2.168107565680838194e-28 2.487672731671658611e-29 4.676866102401700531e-01 2.006497871988572257e+01 8.608615989792000364e-29
1.239403505359512359e+01 9.637561758644147547e-01 1.833171885757186592e-01 1.073503251830613126e-01 7.895503107253468156e-02 1.465568033327733113e-29 5.569711024459141650e-30 1.171194407040166183e-30 5.007977728108599091e-01 9.192295991828404178e-01 3.710146239834097137e-30
