# R (Mpc), mean rho (Msol/kpc^3), errup (Msol/kpc^3), errlow, std, median rho (Msol/kpc^3), mean pth (Msol/kpc/s^2), errup(Msol/kpc/s^2), errlow, std, median pth (Msol/kpc/s^2), mean gas-mass-weighted metal (fraction), errup, errlow, std, median metal, mean gas-mass-weighted temp (K), errup, errlow, std, median temp  
#  nprofs 498, mean mh 4133531772457.828613, median mh 3130707892126.731934 
#  Mass range 12.30 - 13.1 
#  Nhalos 33
3.113231678211726954e-03 3.449488050592768472e+06 5.750683218679036945e+06 9.866339675260092190e+04 8.431724424563361575e-01 1.961999631941760890e+05 7.148787747040278298e-24 1.227109766422935702e-23 1.801600657580830338e-24 4.566268290759734061e-01 3.300431544105335435e-24 2.202669877608357668e-02 1.918272078039022152e-02 7.320932158998566530e-03 2.841197764046461960e-01 1.843322659699256003e-02 2.135988303914078511e+06 3.989152602571868338e+06 1.155944297804027563e+06 8.854414950317411881e-01 1.185616031910018064e+06
5.410176590485145202e-03 7.175773414196029771e+05 8.804341534812282771e+05 6.775907350881704770e+04 7.162066840327345751e-01 1.031974358709491789e+05 5.231627188455341661e-24 2.936500977170603081e-24 1.009846595036408097e-24 6.434667315497489826e-01 1.519697494209844317e-24 1.700557277627547451e-02 1.357291589864533486e-02 5.561592515525128413e-03 3.189737143918524032e-01 1.366657846712862785e-02 3.142978443317844532e+06 1.989692473563157022e+06 1.342054173312803032e+06 8.845382596644933981e-01 1.404440922372594476e+06
9.401809362625560343e-03 1.912461515264908667e+05 9.247372103109867021e+04 4.189475094979042478e+04 6.119836534598560585e-01 5.585483303546199750e+04 2.205299798755554944e-24 1.042975035736358281e-24 4.603804840398203610e-25 5.367196658154261835e-01 7.729646158388803473e-25 1.457233909729253526e-02 8.349305330595812452e-03 6.286094238998196117e-03 2.995873046018019958e-01 1.276764606250229209e-02 2.442953806459750049e+06 4.283121020936802030e+06 6.028915425816398347e+05 7.147688279614480278e-01 8.435052553101850208e+05
1.633847210211432713e-02 7.236143347814513254e+04 7.310113090056511282e+04 2.262437439434247790e+04 5.223096633586941095e-01 3.060994100778954817e+04 8.457387276978870487e-25 7.232119937400981542e-25 3.391924976663551268e-25 4.587653668583320798e-01 5.248189564624789223e-25 1.311661539140384844e-02 8.186923334666043606e-03 4.708477496703557599e-03 2.537100613142819761e-01 1.226072417082201341e-02 2.153956928714896552e+06 3.170698156584113836e+06 1.158772717904761434e+06 5.840117494178709290e-01 1.386163283564995043e+06
2.839301035955283867e-02 2.794475587601205916e+04 3.604516000046573026e+04 8.830097893917665715e+03 4.271269579750492373e-01 1.504523544344121001e+04 3.457567216593319731e-25 3.118380253760253971e-25 1.542642227324783614e-25 3.537733929915090614e-01 2.618555687869852873e-25 1.145362083046670698e-02 5.498103312297233924e-03 5.386235875911650137e-03 2.487331553987584820e-01 1.112508443795237958e-02 1.642808746429470833e+06 2.060955163923544344e+06 7.715322382125479635e+05 4.500679508932442507e-01 1.061663902649198193e+06
4.934139693352049272e-02 1.001404897937964233e+04 1.072727909871455995e+04 3.185676171194594190e+03 3.230732285026390316e-01 6.605963082494295122e+03 2.032694036442816340e-25 1.493623464127277257e-25 1.081419352236428164e-25 3.380306395854137946e-01 1.688317463055139975e-25 8.822908485048113619e-03 4.740506092053176079e-03 4.495033722967114835e-03 2.698851965712616985e-01 8.375557230406029813e-03 1.813692257879120531e+06 2.073429635600022972e+06 5.837147275876111817e+05 3.450133762083679723e-01 1.274221002826941665e+06
8.574552048272386651e-02 4.684273759972260450e+03 3.365435051138168092e+03 1.869163408261361610e+03 2.596196592139399795e-01 3.891308199447793413e+03 1.261928353136067851e-25 1.261121848568927739e-25 2.309882286469059571e-26 3.578937275663349737e-01 6.965052058921793587e-26 8.151605043495930084e-03 3.399708547537504469e-03 3.607829785870435464e-03 2.372003521972063100e-01 7.932523925891379543e-03 1.912761831639153184e+06 1.689324673227224499e+06 6.574548023889035685e+05 2.957004795166859323e-01 1.406021340515490621e+06
1.490086365564239901e-01 2.040392759555607654e+03 8.506533908787614564e+02 8.883797274877156269e+02 2.322939579246624808e-01 1.915077931614410772e+03 5.982553698749368015e-26 3.507683158073092968e-26 2.428654270075273520e-26 3.518988701402328556e-01 4.718036750495224223e-26 5.823289372288414228e-03 2.153070725252790966e-03 2.638787910281250627e-03 2.459980664087665914e-01 5.616739569272242126e-03 1.999873495618502144e+06 1.218090106707964558e+06 9.722518388908619527e+05 2.612704877740384402e-01 1.882467223613713868e+06
2.589473320985681837e-01 9.185228720744112252e+02 4.156696288012630021e+02 2.900356807469908063e+02 2.337154611037612073e-01 8.436408003567308924e+02 2.393844181386652642e-26 2.546161983609179029e-26 1.135844959011891903e-26 3.965691868839746892e-01 1.725528658022998042e-26 4.120476572555750727e-03 1.412585419398102241e-03 1.121399264524392762e-03 1.905095696487270340e-01 4.009572414599160001e-03 1.586911030336170690e+06 1.065068760887020268e+06 6.873183040169507731e+05 2.390632292481734977e-01 1.416108146492362022e+06
4.499988883233312364e-01 3.397592783655236985e+02 2.202441185871019229e+02 1.059934838697943178e+02 2.238434152197729676e-01 2.763428214831699847e+02 7.821416544906513369e-27 7.357859298380173420e-27 2.749148638216646473e-27 4.389601451327976300e-01 4.468665885512744670e-27 2.615400156148391022e-03 1.058453088773511543e-03 9.549766489667507394e-04 2.055711992443786662e-01 2.400821612264358168e-03 1.245255194706749870e+06 9.637710394710514229e+05 3.114295774676275905e+05 2.520759107923921105e-01 9.960647619422718417e+05
7.820084410645824491e-01 1.313738215526203703e+02 5.674124626416750061e+01 3.817149476734562086e+01 2.158495654178294310e-01 1.088980126394286856e+02 3.457956417669042608e-27 1.204752147735263794e-27 7.122032524092318214e-28 5.044552528750635423e-01 1.205033804986847919e-27 2.204871072190858934e-03 9.845083313182265844e-04 7.656482245719396697e-04 2.515884843994630193e-01 2.180808323530139103e-03 9.676032948489938863e+05 3.968297866702014580e+05 2.328876923843317199e+05 3.115752994522787978e-01 6.854894112108661793e+05
1.358974916971039892e+00 6.761499854823831868e+01 1.646149602035006865e+01 9.592537479634685837e+00 2.270950698930689071e-01 4.727288136549208986e+01 4.049605344112202868e-27 3.842626116491598043e-28 1.837150116483123437e-28 5.512472516347929341e-01 3.633249890741908181e-28 1.799280476193238594e-03 6.137446292348218511e-04 5.720363083791888802e-04 2.194849053348641166e-01 1.800081475987481668e-03 9.108875419433676871e+05 2.784703260159975034e+05 2.421816016900954419e+05 3.370295541612529644e-01 5.199111608805078431e+05
2.361627736961885660e+00 2.943889546049807393e+01 1.170286678394989366e+01 7.616535421617346202e+00 1.798306337734170424e-01 2.577736814786158703e+01 4.499765838692390055e-28 1.830584880854042226e-28 8.131172352187642657e-29 4.812954349217157812e-01 1.368655252091733480e-28 1.589843069716833507e-03 5.781876302084335874e-04 6.848928596586070913e-04 1.600927031170210346e-01 1.654271705036283822e-03 5.637436389735828852e+05 2.980580880971742445e+05 1.476807852805223374e+05 3.101984611265686254e-01 3.671828196240633843e+05
4.104038638489875268e+00 1.974641349375129806e+01 4.962684300925022995e+00 5.217362188761237363e+00 1.460671784672426532e-01 1.885074810065240314e+01 2.987793041860778892e-28 9.759689169579408782e-29 4.979292516440582093e-29 4.669858669304083332e-01 9.430669958390802259e-29 1.447807364673943777e-03 2.769973524698878756e-04 3.716527057723269592e-04 1.460748832977792899e-01 1.431924939652530916e-03 5.883008774644498480e+05 1.770172071460891166e+05 1.179120494074004528e+05 3.299660542535902130e-01 3.426737376585358870e+05
7.132001747187159957e+00 1.725998285650221220e+01 6.808963107387977942e+00 2.880155022790006569e+00 1.245177093693761172e-01 1.612657669684746153e+01 4.444705521073446794e-28 1.188825513337185194e-27 4.195221581016009568e-29 6.287241811041552886e-01 9.565935624355472858e-29 1.543494882010376049e-03 5.462814352738460701e-04 3.621128811453944336e-04 1.249732462302226149e-01 1.488618712049056582e-03 1.380732838968570577e+06 3.216840662343904376e+06 1.317452612171398941e+05 5.111951622218987579e-01 3.963969743843366159e+05
1.239399854690385538e+01 1.707838072177092270e+00 2.375970211077262917e-01 2.572417755248177507e-01 7.571741503625889491e-02 1.681440389763861898e+00 3.166730244743957374e-29 7.685232880450704775e-29 3.739538344498376639e-30 5.096132235908544805e-01 9.146386459733554155e-30 1.375225950069192907e-03 3.379397872938652916e-04 1.929458900389211754e-04 1.071688450585355223e-01 1.271049870719772332e-03 1.040928668511848082e+06 2.088574416089554317e+06 1.285200925846044847e+05 4.442039771262289993e-01 3.777901914786011912e+05
