# R (Mpc), mean rho (Msol/kpc^3), errup (Msol/kpc^3), errlow, std, median rho (Msol/kpc^3), mean pth (Msol/kpc/s^2), errup(Msol/kpc/s^2), errlow, std, median pth (Msol/kpc/s^2), mean gas-mass-weighted metal (fraction), errup, errlow, std, median metal, mean gas-mass-weighted temp (K), errup, errlow, std, median temp  
#  nprofs 454, mean mh 2012533506003.105469, median mh 2002173446361.966309 
#  Mass range 12.21 - 12.4 
#  Nhalos 22
1.633851471008279307e-02 2.030105011739706388e+05 1.830508970658703765e+05 1.521831659777050081e+05 5.890006711906339287e-01 1.738334779829702748e+05 1.062577122076597287e-24 1.060182993293908531e-24 4.307197391072324375e-25 4.738581856826022953e-01 6.061423113176759685e-25 6.643874505549656959e-03 2.744374247025565747e-03 1.702876842128006954e-03 1.843979459202111371e-01 5.773882473759324452e-03 7.425151558850213187e+05 1.244993795092893997e+06 2.790175839122037869e+05 5.472786940070474282e-01 3.707845923014865257e+05
2.839308440371576120e-02 4.885675938305713498e+04 3.705134533271905093e+04 3.372852190925912873e+04 4.327191030268741079e-01 4.564690077655570349e+04 4.901381583843930699e-25 2.662579411678236091e-25 4.802668260096567521e-25 4.237956743751414290e-01 5.640754629565294896e-25 5.272436208044198325e-03 2.093444758963150867e-03 1.775990107366484487e-03 1.898540328826553159e-01 4.785278643950629379e-03 8.633132536620441824e+05 4.747169773305106210e+05 4.103576544041873422e+05 3.259589276123902035e-01 8.297278956158430083e+05
4.934152560752818467e-02 1.800417215379213303e+04 1.184496328650208306e+04 1.363007650099330931e+04 3.851462296838342736e-01 1.833484983406379615e+04 2.923316946976057860e-25 1.872570128168890938e-25 2.766607268671796739e-25 4.421568886630887762e-01 3.259586722718010568e-25 4.338699485854003411e-03 2.058826834061444622e-03 1.785531010194264193e-03 2.094833965262643261e-01 4.068878586384510124e-03 1.131752103798505384e+06 4.021242756247180514e+05 4.074737814678360010e+05 2.027895598213083350e-01 1.115447266897129361e+06
8.574574409252104512e-02 7.617799882128158970e+03 1.540440866965513123e+03 7.283700158822357480e+03 3.723125491153870814e-01 9.497428231772089930e+03 1.416638893799346383e-25 4.610359060417339583e-26 1.303672073582266464e-25 4.181362639500158518e-01 1.572986331365445734e-25 2.870674450161800773e-03 1.495577615864906486e-03 1.741739086560818803e-03 2.366027126896343424e-01 3.027487669434162330e-03 1.258104418223106535e+06 5.361699026297426317e+05 2.402515633361464133e+05 1.626249037222988747e-01 1.144580998210372636e+06
1.490090251457148740e-01 3.109577982589688418e+03 8.313913672633334500e+02 2.845884108792877214e+03 3.493637646438216837e-01 3.657361298871403051e+03 4.869975860136848567e-26 1.805818112403181941e-26 3.345868989562845643e-26 3.341069200872338607e-01 4.942205508759399735e-26 2.132879656675787817e-03 1.461566363733035959e-03 9.298726002917282081e-04 2.331125489147766183e-01 1.911053872501788497e-03 1.112750419927422190e+06 4.605979895418703090e+05 1.932605278915651143e+05 1.362351701008940319e-01 1.003225752427201718e+06
2.589480073893599132e-01 9.700730365591437021e+02 3.357040074264480154e+02 5.562290157857463555e+02 2.256359740722118368e-01 9.952840333328890665e+02 1.157600960980108955e-26 5.525144923689012154e-27 6.005362855464865686e-27 2.672486669772837775e-01 1.112714050132815879e-26 1.482521904976434384e-03 1.150533356055664144e-03 7.390888789119370948e-04 2.903196016570032678e-01 1.375692122858682403e-03 8.317763431108375080e+05 3.695172841527913697e+05 2.651364776694640750e+05 1.706731165912841464e-01 7.622920061988052912e+05
4.500000618442288047e-01 3.019481524458226431e+02 1.309831559953414057e+02 1.260857278401230133e+02 1.872480201062484140e-01 2.957267725689160329e+02 2.850017553158544219e-27 2.454580857206696766e-27 1.767274354323768877e-27 3.899011547472617245e-01 2.657501152613384359e-27 1.095592452776662134e-03 6.943446245946953595e-04 5.808292880578190716e-04 2.914561568587496487e-01 1.074666276217362080e-03 5.850090438852646621e+05 2.277657065382801229e+05 2.904595309513233951e+05 2.375167706154100999e-01 6.123033637976921163e+05
7.820104804101706275e-01 1.006701487268308455e+02 6.220557622211379112e+01 4.578093969384346451e+01 2.343283213116049146e-01 9.164094166161282828e+01 8.092857679166716715e-28 9.720382794744546273e-28 5.200438668204123700e-28 5.590557448041110211e-01 6.184802342699007450e-28 9.540874432753848784e-04 9.484680520284422640e-04 7.345331886423051146e-04 5.564715690289644412e-01 8.397684895296741352e-04 4.315713278540279134e+05 2.378973890508525656e+05 3.355180840010301908e+05 3.456161039459386131e-01 4.829450905621910351e+05
1.358978460947493527e+00 4.058105274695704878e+01 1.576259830862288425e+01 1.380972299755047317e+01 1.871132588661949536e-01 4.029719770252250299e+01 2.354365532049164896e-28 1.642785761422052451e-28 1.052651672306011864e-28 5.401420722366281346e-01 1.650837084391469654e-28 6.245400007407561236e-04 4.290562077185859635e-04 4.580125476393069953e-04 4.639090284928496510e-01 6.326334376556084355e-04 3.147959073893023888e+05 1.186827364771217108e+05 1.533221337835126033e+05 3.763393004858047730e-01 3.051388045963288750e+05
2.361633895687103912e+00 2.812277357050936288e+01 1.806116910861346270e+01 4.111205645697005195e+00 1.969074193255469785e-01 2.162834970640172827e+01 1.666847162137797604e-28 1.894251332953130601e-28 4.980375444259423153e-29 5.114130803976852935e-01 8.480017460275495252e-29 6.638303725490864345e-04 4.530892006795302291e-04 2.524194198788667388e-04 2.541389772785903611e-01 5.667857168327254365e-04 3.167160575402555405e+05 2.105835320950608584e+05 1.466991731756723602e+05 3.273515816015224456e-01 2.745814279022933915e+05
4.104049341127662842e+00 2.135370118344753010e+01 8.439215663064569384e+00 4.805593983917335166e+00 1.582498463147908319e-01 1.869659853118217185e+01 3.716463902688707284e-28 9.557580342594867071e-29 3.927145384399637979e-29 5.235524825087357614e-01 7.812723348818838345e-29 6.754224130730286484e-04 1.597205790989320246e-04 2.245211748741807699e-04 1.660831684112340501e-01 6.770348293620742121e-04 6.753829714241697220e+05 2.556355246115928749e+05 9.174971541538386373e+04 3.938952770150782601e-01 2.677393819818816846e+05
7.132020346239977826e+00 1.862420424151587994e+01 6.585553967476446502e+00 1.893992228316413673e+00 9.298183507771587419e-02 1.698027641868972992e+01 3.083935124194954387e-28 7.814073983901179207e-28 2.247594499714218669e-29 5.119356002440068609e-01 7.766939022308605878e-29 6.749417763486102641e-04 2.295981257290881849e-04 1.763816636046116682e-04 1.182481766494473535e-01 6.497490927785070204e-04 8.720070644981086953e+05 2.071718609006628860e+06 6.314186414675528067e+04 4.267782883644388736e-01 3.123764683461686946e+05
1.239403086835325674e+01 1.582758630075188133e+00 1.348595376045369498e-01 1.186302866717254823e-01 5.443027523057403921e-02 1.562088046543566477e+00 2.143578771431710667e-29 3.129101161684074747e-29 4.280286315592278135e-30 4.434589837906279808e-01 8.445687630920449486e-30 6.355669377914402668e-04 1.116134899592706280e-04 1.242873311548250764e-04 1.126649643625133729e-01 6.232977992249846746e-04 7.967111945539902663e+05 1.210142680174611509e+06 1.291942200094118598e+05 4.043128662724998490e-01 3.361636376449010568e+05
