# R (Mpc), mean rho (Msol/kpc^3), errup (Msol/kpc^3), errlow, std, mean pth (Msol/kpc/s^2), errup(Msol/kpc/s^2), errlow, std, median rho (Msol/kpc^3), median pth (Msol/kpc/s^2) 
#  nprofs 449, mean mh 3990444009980.116211, median mh 3845555898489.885742 
#  Mass range 12.41 - 12.8 
#  Nhalos 25
1.633847485430494142e-02 8.623155334995521116e+04 1.060301854636241042e+05 1.496698240117856039e+04 4.395767356503259005e-01 7.978962974807980420e-25 7.178210657630579053e-25 2.764900794319439031e-25 4.343623453380507926e-01 3.754656885774878174e+04 4.596217605669710881e-25
2.839301514231197185e-02 3.692204726128822222e+04 2.415191203359007704e+04 1.919763480798292585e+04 3.921986178931511358e-01 4.654814497800914480e-25 4.973915622016354102e-25 1.570250380712297444e-25 4.444321602315718933e-01 2.903046641276933588e+04 2.513270205109943033e-25
4.934140524500327946e-02 1.311663370711843163e+04 9.913602522184164627e+03 6.450909623471233317e+03 3.295727576754151067e-01 2.432640460843555696e-25 2.048779127852945133e-25 1.132586834408651223e-25 3.274424964631787449e-01 1.058349647569087210e+04 1.990278398378023130e-25
8.574553492642551789e-02 5.585220743483405386e+03 6.051596148087383881e+03 2.466634915746990373e+03 2.994640769446026973e-01 1.306641367029409659e-25 1.302856359376590308e-25 3.284919266590539026e-26 2.711726245873931629e-01 4.469808892009078590e+03 9.401397383485243845e-26
1.490086616567007083e-01 2.926642579517181730e+03 1.854955335777669461e+03 1.304732714746159218e+03 2.506652626474106804e-01 6.805617604228332003e-26 5.769958445015858511e-26 1.730825364249171419e-26 2.369519892511030013e-01 2.729289571401803187e+03 5.316320080746839442e-26
2.589473757178498703e-01 1.187558242785504945e+03 5.773677027163330422e+02 5.062491336485718421e+02 2.020565571765424173e-01 2.315124192009746235e-26 1.149116476509859355e-26 9.470086801526573847e-27 2.078496306964142948e-01 1.164601482326650512e+03 2.223738455431508694e-26
4.499989641249551586e-01 3.824597756630124081e+02 9.503866461185066328e+01 1.557479229287149849e+02 1.476921123686758819e-01 5.518009327818239330e-27 3.706973635036535249e-27 2.882374423078620632e-27 2.366341518372837849e-01 4.061012018791712421e+02 5.564982325804754554e-27
7.820085727927073016e-01 1.022765324635898310e+02 4.927928291646057346e+01 4.093303732531398964e+01 1.851137657653992297e-01 1.005823157639403425e-27 8.643749141994876699e-28 5.219974835984285863e-28 3.412855036318701019e-01 9.668692045191588136e+01 8.261206935852046159e-28
1.358975145888284608e+00 3.593135722910134433e+01 2.411438455292834249e+01 7.835547036747719574e+00 1.893450508788421249e-01 2.642368430895409048e-28 2.427097687877423987e-28 9.940653311585104158e-29 3.669086543813209200e-01 3.046333863049385116e+01 1.609109580914206776e-28
2.361628134774462762e+00 1.761633844357234580e+01 1.201042411148655376e+01 4.944177023174388452e+00 2.117805024322675089e-01 1.164185082868625691e-28 8.647922375720259878e-29 4.359172152208624028e-29 5.083090369635060446e-01 1.481398303028692709e+01 5.794669360966622679e-29
4.104039329808901293e+00 9.838615285666048038e+00 4.109195628796634026e+00 3.456936723240706222e+00 1.585912057245188467e-01 5.006581531510846891e-29 4.119408148552133944e-29 3.672326600227716010e-29 4.600326667576772333e-01 9.227516265608040058e+00 4.585866430959164361e-29
7.132002948561937394e+00 8.954712248733242674e+00 3.279518372560676909e+00 3.088277354042937795e+00 1.676727401469428336e-01 2.189103022742422407e-28 1.056297031264855598e-28 3.012403257573850296e-29 6.549091730769708297e-01 8.301127510600421644e+00 4.622621218348841215e-29
1.239400063465394020e+01 4.184723902979100352e+00 1.463246026641763731e+00 4.338463246730133172e-01 1.042887462199083709e-01 8.614703881231189598e-29 2.317985771591209188e-28 6.261371930097396589e-30 5.650611271113538114e-01 3.919571325694829245e+00 2.026128432184162897e-29
