# R (Mpc), mean rho (Msol/kpc^3), errup (Msol/kpc^3), errlow, std, median rho (Msol/kpc^3), mean pth (Msol/kpc/s^2), errup(Msol/kpc/s^2), errlow, std, median pth (Msol/kpc/s^2), mean gas-mass-weighted metal (fraction), errup, errlow, std, median metal, mean gas-mass-weighted temp (K), errup, errlow, std, median temp  
#  nprofs 450, mean mh 1966967080154.417480, median mh 1938360512940.508057 
#  Mass range 12.21 - 12.4 
#  Nhalos 21
1.633852177236155140e-02 7.201588799072813708e+04 8.685942215896834387e+04 6.284029439537674989e+03 7.709440638652161892e-01 9.046741303008595423e+03 2.212683730696895178e-25 1.915650159689767921e-25 1.076040782465054787e-25 4.262542320766615767e-01 1.508523653170435707e-25 1.338904305402836836e-02 4.275567242389387290e-03 4.125453868614766331e-03 1.348852256424544760e-01 1.328114556857409173e-02 1.399254803802866256e+06 1.650945227349854074e+06 9.738270655276769539e+05 6.287298860844587889e-01 1.087090444753611926e+06
2.839309667654963537e-02 2.463920266110613375e+04 5.760164384163343493e+04 3.985293767920147729e+03 6.515051892209396955e-01 6.389216545891217720e+03 1.333872363697317978e-25 1.392955307467328393e-25 6.044444123654477121e-26 4.671658033123184395e-01 8.559928870041819759e-26 1.226965490304664577e-02 4.590352543090092663e-03 3.916443052341921950e-03 1.444188747725824173e-01 1.162503969515413238e-02 1.127516104941594414e+06 1.064346315106603783e+06 5.735507291441175621e+05 5.247307306301315366e-01 7.481275180407118751e+05
4.934154693526905666e-02 7.197779889857547460e+03 1.076524352778931643e+04 1.309468266118704832e+03 5.097861394937907020e-01 2.518136237840903505e+03 6.887603267885823226e-26 1.138141655851688542e-25 2.093293264991488297e-26 4.524761507129090865e-01 3.395590985059718687e-26 1.022207481681377227e-02 2.541551888874281004e-03 3.514903592413446201e-03 1.357004783829815209e-01 1.022435611416640244e-02 1.271749016081724316e+06 6.095770999273853377e+05 5.103122901476131519e+05 4.304266124090843637e-01 8.273684983716136776e+05
8.574578115588683824e-02 2.207337831136519981e+03 2.632173291810982391e+03 3.868286429980609569e+02 4.232816027622446353e-01 8.870216190880337308e+02 3.068884390672996044e-26 4.687366920066783261e-26 8.013681332376953838e-27 4.246295782903353744e-01 1.422053815094433426e-26 7.412458336116937475e-03 2.699233832094711377e-03 2.173308897249908583e-03 1.680817877021215379e-01 7.190592270666427629e-03 1.491505944880544674e+06 6.276885432823037263e+05 5.661254624984823167e+05 3.685340666283556943e-01 1.022315457477749558e+06
1.490090895544625982e-01 9.262094494526007793e+02 1.130644576634387931e+03 2.376117586930573111e+02 3.803220549886758284e-01 5.067051551033666215e+02 1.276083177844201435e-26 1.833818122914777445e-26 4.515976451432904013e-27 4.034720994677302719e-01 7.827095410441238567e-27 6.421062111256476204e-03 1.875625734890665371e-03 2.844480180544362372e-03 2.098728507028687906e-01 6.500286838540691829e-03 1.014186221683803597e+06 5.393851405500903493e+05 5.155530002408630680e+05 2.675731237516407734e-01 9.878104123901847051e+05
2.589481193189351327e-01 3.295361500349418975e+02 3.817817339299343189e+02 1.364121979679565300e+02 3.483760480610908483e-01 2.317319396462441432e+02 5.149905505975570358e-27 2.386394747743322641e-27 3.228750410139594938e-27 4.227639661359917089e-01 4.334146438749364774e-27 4.106225931732855605e-03 2.465901969721616318e-03 1.591361013337896230e-03 2.766744444425236482e-01 3.850570422649809022e-03 1.018691374755357159e+06 3.501312259968338767e+05 4.414404921774490504e+05 1.811191779190159667e-01 1.039607704467080883e+06
4.500002563555373647e-01 1.399106027019994087e+02 1.193401972210355666e+02 8.162150770502562125e+01 3.176341409182508180e-01 1.275549204162907984e+02 1.698752883725934870e-27 9.864327838858375686e-28 1.008951426106511718e-27 4.056767160484591739e-01 1.474641571440821099e-27 2.911415206347602730e-03 1.232392485206221678e-03 1.526009343855627828e-03 3.732841904846115888e-01 2.933488654558389416e-03 8.037737789482990047e+05 2.774279644469843479e+05 2.699551509345027152e+05 1.837948647268723146e-01 8.298156433065979509e+05
7.820108184320838651e-01 6.016969157619510611e+01 3.379706450539217855e+01 2.452037181887611794e+01 2.742504113185901260e-01 5.364616194668041516e+01 6.056657307468779657e-28 5.955453058786085090e-28 3.838518384781541295e-28 4.477854677039073694e-01 5.536547660461004460e-28 2.663892268365700925e-03 1.514967041227521707e-03 9.747837167621081159e-04 4.332582211557963747e-01 2.484788243806475370e-03 6.161826291364235803e+05 2.696736185969877988e+05 2.795908344839510974e+05 2.209389569135785381e-01 6.197240348869378213e+05
1.358979048362254582e+00 2.728648419750257759e+01 2.536049295549237215e+01 8.427035839374386939e+00 2.796555764202042771e-01 2.188696501020649166e+01 2.743334084667342041e-28 4.428090715152695168e-28 1.066284716140540411e-28 5.868448928521736718e-01 1.483949274911979880e-28 1.979187824349272744e-03 1.391771486636864683e-03 4.768998024179847348e-04 4.098667074562561963e-01 1.792169476751452909e-03 5.414861633750656620e+05 2.810092749174664496e+05 3.000114813704292756e+05 3.364697456321084079e-01 5.306372950474302052e+05
2.361634916496962333e+00 1.553996964652202095e+01 1.415122792552316255e+01 6.439356853772003397e+00 2.799675231852323254e-01 1.311686924947851196e+01 1.597661344828026716e-28 1.267331169822897985e-28 7.670951007875664751e-29 6.956001181495728991e-01 9.576391792285449209e-29 1.855121764303547041e-03 8.227947952720126960e-04 1.104852474652606850e-03 4.238764818141894097e-01 2.021575293581165302e-03 5.080610351324564544e+05 2.205338477106744540e+05 3.072448748747378122e+05 4.343673181241867187e-01 4.878981470857948880e+05
4.104051115091881030e+00 1.248125789428660326e+01 4.220563295284000205e+00 5.093167282531063655e+00 2.806884546129382874e-01 1.021941367378230225e+01 5.141805811505550517e-28 6.468556894342281791e-29 5.463006940540067288e-29 7.512413151946112366e-01 6.430525490922983387e-29 1.809285256586057626e-03 6.506883185955431373e-04 6.983787332455423415e-04 1.932251031869086921e-01 1.810125266280871587e-03 1.086743903197227744e+06 2.218165440940358094e+05 3.055273456535351579e+05 4.814057790314812957e-01 4.402143527948822011e+05
7.132023429036466133e+00 6.579646013460159537e+00 1.745669266918075557e+00 2.850856693791471663e+00 1.660436947978833067e-01 6.481946016536112687e+00 1.277535529684036126e-28 2.931280544862863744e-29 3.139175409563525223e-29 5.627816580355866627e-01 4.239177837632150620e-29 1.583445427411779311e-03 3.880402766923195332e-04 6.473591426891607461e-04 1.320260921143642796e-01 1.613057493352543269e-03 8.677880571750940289e+05 2.989615630786205293e+05 1.670619383974937373e+05 4.133113042175847185e-01 3.730940986764125410e+05
1.239403622563954954e+01 4.039948382465355259e+00 6.376018679114223708e-01 3.059289985303839110e-01 6.936075220748680326e-02 3.816004592305482834e+00 4.640924137173072653e-29 3.691787080085476875e-29 5.491634782532425466e-30 3.838625469868397477e-01 2.068054626499870915e-29 1.394984984243647893e-03 2.029553622908207133e-04 8.686873524740585523e-05 5.945023704333021741e-02 1.373824925242645573e-03 6.732935774231096730e+05 7.300795125625922810e+05 3.913654197453579400e+04 3.292285157313565302e-01 3.293599505291154492e+05
