# R (Mpc), mean rho (Msol/kpc^3), errup (Msol/kpc^3), errlow, std, median rho (Msol/kpc^3), mean pth (Msol/kpc/s^2), errup(Msol/kpc/s^2), errlow, std, median pth (Msol/kpc/s^2), mean gas-mass-weighted metal (fraction), errup, errlow, std, median metal, mean gas-mass-weighted temp (K), errup, errlow, std, median temp  
#  nprofs 444, mean mh 1890730626926.640869, median mh 1846955966849.988281 
#  Mass range 12.21 - 12.4 
#  Nhalos 16
1.633859116181033549e-02 1.235426872662952082e+05 2.139676633236100606e+05 5.668868819642379822e+04 6.363199345712193811e-01 6.522776078089172370e+04 1.030937006649749394e-24 6.662447909368537545e-25 1.651616617155469558e-25 5.472208985172857254e-01 2.798989867013415515e-25 8.305995297783547865e-03 2.102598125247025218e-03 2.476600018020705396e-03 1.733381167293726877e-01 7.801569054656632904e-03 9.017778397820565151e+05 1.433927437553791329e+06 3.122760383910492528e+05 5.098142672284089461e-01 4.718570265266486676e+05
2.839321726159124010e-02 3.828424069456033612e+04 6.120157272780747007e+04 1.248706887979841304e+04 5.370557944193623534e-01 1.739137517300036416e+04 3.062936342319648236e-25 1.786790682861447070e-25 1.154845499394598967e-25 4.229584589510815285e-01 1.752718742099996947e-25 7.380498790477986980e-03 4.640264275808325678e-03 1.817504259432523375e-03 1.734857444310354824e-01 6.594083731639142215e-03 1.163989825370601611e+06 7.570783469318386633e+05 5.532883040776066482e+05 4.720549421390805578e-01 7.280306444736241829e+05
4.934175648805434050e-02 1.007268188719521459e+04 1.219600436321607958e+04 3.150188217569258995e+03 3.786639226584440632e-01 6.145416662714027552e+03 1.297805123049527382e-25 6.919121199024320451e-26 7.959616789801063039e-26 3.394381585479832597e-01 1.213986679611526801e-25 5.236080698647999424e-03 2.712649555128406054e-03 7.273291164351736518e-04 1.561999548693735473e-01 4.557324946431042662e-03 1.251593744987648679e+06 4.565073412619344890e+05 7.283159446502737701e+05 3.113654727028242197e-01 1.159403959290952887e+06
8.574614531689064845e-02 3.921343448375065691e+03 4.353958824174857909e+03 1.878670288866092278e+03 3.755708759198912450e-01 3.078300587787766744e+03 7.886500479955216048e-26 6.596354569472016942e-26 4.064488883611355566e-26 4.085385927624873292e-01 5.840873065069351266e-26 3.747033714829246884e-03 2.024818306133794807e-03 7.076970891584802650e-04 1.565931948714372746e-01 3.305010939196018419e-03 1.505440755498391343e+06 7.634755180997196585e+05 2.623374910889195744e+05 2.469051482719784585e-01 1.106937833851095289e+06
1.490097223937570103e-01 1.622921378903457708e+03 9.874743357252373244e+02 9.776783017839227341e+02 3.616148563191758369e-01 1.443121364768925105e+03 2.825689020876145666e-26 1.561399406737065314e-26 1.235296291900150879e-26 3.284327338985666422e-01 2.246751744840767752e-26 2.857727111217371694e-03 1.357020372543572828e-03 9.514232207194933157e-04 1.695705571668608136e-01 2.674177153742456937e-03 1.500279108496467117e+06 8.249467945200195536e+05 3.827604555821164977e+05 2.530847631826854682e-01 1.147903469964656513e+06
2.589492190675852235e-01 6.320566185516230462e+02 2.571277433114331643e+02 3.758121363911572530e+02 3.083891449359010828e-01 6.479322445989610060e+02 7.292409579325637328e-27 2.505269228383583909e-27 3.729657159758905990e-27 3.393684619386077017e-01 7.801196158914083333e-27 2.075362374858104059e-03 9.308486518974786687e-04 4.219615444314977083e-04 1.632838122413279303e-01 1.816906351998806698e-03 8.197633437523329630e+05 3.856454327264372259e+05 1.851739778617410921e+05 1.590059019912246630e-01 7.313006429060867522e+05
4.500021674996532717e-01 2.422206320925705256e+02 1.991724552963189012e+02 7.890568152220444631e+01 3.026745214926530592e-01 1.900202917084421870e+02 2.483680213079895027e-27 3.594704077747286355e-27 8.185417355694929102e-28 4.385277955124279314e-01 1.457403274901908240e-27 1.488119964428482158e-03 5.160846255646449939e-04 4.616533187209892908e-04 2.078744225850403526e-01 1.497765582805233404e-03 5.932956820053108968e+05 3.428708441901767510e+05 1.861023917004019604e+05 2.086923808007337955e-01 5.140102065328374156e+05
7.820141396199125072e-01 6.876178071985741269e+01 5.103323758569045765e+01 2.012057062743768654e+01 2.426599532481873711e-01 5.434214420876706697e+01 5.177077306378770589e-28 5.110195294454060787e-28 2.160319775701644889e-28 4.953840036484482567e-01 3.047365534014407213e-28 1.026038768421220701e-03 8.160003929780225125e-04 4.691187980759700324e-04 3.346356880623527763e-01 9.333505344823409813e-04 4.030432426094317925e+05 2.202564552897396497e+05 2.331398994795986800e+05 2.838105738977765302e-01 3.975622646171643864e+05
1.358984819925215248e+00 2.838445102436084966e+01 1.669662381019641373e+01 1.153966557489621536e+01 2.405628588920967481e-01 2.447585727527945210e+01 1.832679272913632568e-28 2.508250694951934858e-28 8.097009520627500529e-29 6.339995282458391612e-01 9.396978382386715157e-29 8.298783189583749421e-04 6.841391646900988558e-04 6.442064001862661017e-04 5.243439701154091193e-01 7.958149903242687107e-04 3.219544125259674038e+05 3.213357697349719238e+05 2.016442558980772737e+05 4.105635133753093302e-01 2.655700100517917890e+05
2.361644946323858463e+00 2.043614704606094179e+01 1.414458609548580625e+01 1.011591530797506877e+01 2.743963266161149051e-01 1.908253372875096687e+01 2.104188114472109449e-28 1.413599117775509127e-28 1.126892144138584850e-28 6.965455831938303088e-01 1.308817631578221715e-28 9.311813454416903359e-04 4.782924641439562953e-04 6.375423352443420006e-04 3.978917928697622841e-01 9.899046020210621258e-04 4.843577942808390944e+05 2.214515278617159929e+05 3.299055509029921959e+05 4.378303222851269161e-01 4.646867252793295775e+05
4.104068544933373808e+00 1.743470901149909125e+01 1.977943230077972459e+00 8.588361906471410734e+00 2.148175620035313038e-01 1.742727831184161857e+01 5.710827079266202152e-28 6.309490339079665333e-29 6.517728990995587903e-29 5.875681013720777113e-01 1.020143104170127448e-28 9.950207956912883542e-04 1.329885783263404925e-04 3.512740356846036534e-04 1.445288909052257764e-01 1.043733296213883530e-03 9.583523627350555034e+05 1.814384923337762593e+05 1.653636904034227191e+05 3.906253874071780596e-01 4.156828256548391073e+05
7.132053718629468797e+00 9.708687194684822330e+00 1.829771556918396769e+00 7.522935812826592183e-01 1.081600413128168403e-01 9.145825211558170409e+00 1.428712103444601999e-28 2.696738649196911158e-29 1.639054937093690232e-29 4.494845979767880251e-01 5.073007402891011224e-29 8.101120945325776057e-04 7.897371373659931373e-05 1.385782371038864246e-04 1.129136496313274257e-01 8.321036508265682551e-04 7.031509009616372641e+05 1.158321532598715276e+05 1.070482578718622681e+05 3.565957451926617949e-01 3.654324836855443427e+05
1.239408886291934841e+01 3.366692603437675846e+00 4.168289569784424664e-01 2.332390044473915403e-01 5.107332970182128923e-02 3.220348698522736530e+00 3.498850301891322209e-29 5.547219206013596264e-30 4.485762834145104649e-30 3.520721157081357355e-01 1.692429827111380216e-29 7.354882805896997659e-04 8.070875791457753426e-05 5.408457595620236053e-05 6.405961419835942694e-02 7.190301656207127336e-04 6.241386917704142397e+05 9.727249470131308772e+04 4.902407878306059865e+04 3.091545830653584237e-01 3.284659962361709331e+05
