# R (Mpc), mean rho (Msol/kpc^3), errup (Msol/kpc^3), errlow, std, mean pth (Msol/kpc/s^2), errup(Msol/kpc/s^2), errlow, std, median rho (Msol/kpc^3), median pth (Msol/kpc/s^2) 
#  nprofs 433, mean mh 1268327294936.426514, median mh 1250416268678.522217 
#  Mass range 12.00 - 12.2 
#  Nhalos 25
1.633850140332886169e-02 1.468383335601261933e+05 8.759578816230196389e+04 4.426774045184129500e+04 2.193157369283993963e-01 4.666430563012312530e-25 2.678348596757420505e-25 1.577893260667035267e-25 2.066787876551951231e-01 1.250100963436178572e+05 3.927544134193639265e-25
2.839306127922774578e-02 4.450639129538022826e+04 1.950200080586472177e+04 1.812239320472785039e+04 2.025851647750810669e-01 2.890920467438741989e-25 1.079260538346702472e-25 1.123993403017484268e-25 1.972814041563525078e-01 4.244181544873175153e+04 2.848007885044037481e-25
4.934148542177373836e-02 1.485442459706079717e+04 4.318983190994458710e+03 3.516766978683217530e+03 1.426846058938053274e-01 1.657247438431170506e-25 5.833599615606230319e-26 2.678403161578115068e-26 1.374501270730996427e-01 1.355695858028389193e+04 1.476775281871334670e-25
8.574567425768368778e-02 6.054833835177326364e+03 2.006308767893829099e+03 7.543348368416773155e+02 8.958129899559258424e-02 8.044192179624392939e-26 3.602912182171434907e-26 1.400739467458133469e-26 1.314456994508072796e-01 5.658558095529150705e+03 7.211945496016572012e-26
1.490089037866766386e-01 2.626354203106970999e+03 5.571052803500670052e+02 7.697062792892722882e+02 1.101938317731980949e-01 2.716030844614516544e-26 1.250793989378154688e-26 5.491783678797482868e-27 1.620209530112152740e-01 2.654883773561499765e+03 2.359264202762088660e-26
2.589477964915226638e-01 7.304257428559199070e+02 1.479134524776906119e+02 1.335255974214352364e+02 8.572484326843116120e-02 4.628212852857676741e-27 1.737673134632590156e-27 1.201555527771180036e-27 1.570996565921178034e-01 7.215293397215024243e+02 4.334465368000699954e-27
4.499996953457924831e-01 1.731475041822952790e+02 4.708513485726552972e+01 5.332411531569586316e+01 1.283361606053052828e-01 7.014163676333579641e-28 4.999694506781831461e-28 2.880612781380265076e-28 2.693344565844857930e-01 1.747284520503080216e+02 5.962290645862547764e-28
7.820098435088842503e-01 6.120018765239755254e+01 3.438335878392888389e+01 2.307363408971107077e+01 2.306279455105161302e-01 3.010207066889569619e-28 2.783837983930540900e-28 6.735464646134592439e-29 5.164653821076123918e-01 5.168956377204528962e+01 1.068639451392931886e-28
1.358977354139910165e+00 2.708171153227421613e+01 2.202699280767567913e+01 6.617209949047104800e+00 2.438555496845493387e-01 1.251382832976996346e-28 2.003712956353033416e-28 2.907137070966295778e-29 6.560151318004170395e-01 2.016864526049999640e+01 3.623017908276771562e-29
2.361631972275968661e+00 1.854712580973021119e+01 1.079414580773631904e+01 2.896518877813022641e+00 1.691353267049254538e-01 8.330501046684030561e-29 9.129023488181570984e-29 4.067104604219756494e-29 5.402929657740591640e-01 1.590034959884762777e+01 5.508959796216600782e-29
4.104045998622196656e+00 1.760404883627567685e+01 6.202512560237479988e+00 5.136099423858910384e+00 1.736328489747715753e-01 2.884492200542282152e-28 5.604524150696342340e-29 5.000399550695449244e-29 5.143262509589419107e-01 1.633152313387788013e+01 8.431882080564085249e-29
7.132014537631209627e+00 1.439564618174154020e+01 4.053430877208569427e+00 2.657777847586912046e+00 1.296128877422796088e-01 2.451584372368419838e-28 1.660017679389638583e-28 3.793022679898648846e-29 5.430955597069009322e-01 1.354302046445621954e+01 6.533234715245595645e-29
1.239402077414812453e+01 3.378096257198265562e+00 1.114014934720980232e+00 3.174758950902880628e-01 8.807502156106340740e-02 7.282271099873607615e-29 1.755603408498908280e-28 6.580339653406163085e-30 5.636962504191865841e-01 3.132926080559916837e+00 1.671580247662364836e-29
