# R (Mpc), mean rho (Msol/kpc^3), errup (Msol/kpc^3), errlow, std, median rho (Msol/kpc^3), mean pth (Msol/kpc/s^2), errup(Msol/kpc/s^2), errlow, std, median pth (Msol/kpc/s^2), mean gas-mass-weighted metal (fraction), errup, errlow, std, median metal, mean gas-mass-weighted temp (K), errup, errlow, std, median temp  
#  nprofs 461, mean mh 548685792792.223572, median mh 500492572855.476868 
#  Mass range 11.50 - 12.0 
#  Nhalos 184
3.113240848277968459e-03 4.235222087505754083e+06 2.594116601398919709e+06 9.979792151964087971e+05 1.979058646000506072e-01 3.551704839243385941e+06 1.082650999881925234e-24 9.002691708209969162e-25 2.947020442710289891e-25 3.585011739779699336e-01 6.378248923540416944e-25 1.509641671763161004e-02 7.805364970670913838e-03 4.518759080848137877e-03 1.918780455672612073e-01 1.367053336784865292e-02 1.713487956404287252e+04 4.316432285654140287e+03 3.279618424948872416e+03 1.440792833292268704e-01 1.522557559500875141e+04
5.410192526233861474e-03 1.307999557324964786e+06 6.715044599643445108e+05 3.953747382375060115e+05 2.039664758922211663e-01 1.156852524818290723e+06 2.691092813545207502e-25 2.277395188222269887e-25 7.351717597706047980e-26 3.277349537206376562e-01 1.713581969973807035e-25 1.073117320951799333e-02 5.849027679481075270e-03 4.021948245907291941e-03 2.137663935436080187e-01 9.728422035644029853e-03 1.551353672016933160e+04 5.308738637795475370e+03 1.816602008801100965e+03 1.671098561873790023e-01 1.240130960616011726e+04
9.401837055782886685e-03 5.138384638980583404e+05 2.726112113685853546e+05 1.588903204270564602e+05 2.185813967500221666e-01 4.558099434566955315e+05 2.519529356519771985e-25 2.511694343351205391e-25 1.126558296598142773e-25 4.166978056587112289e-01 1.725146730065622516e-25 5.869366338009281148e-03 3.673091286537239972e-03 1.648517968949686063e-03 2.156665638855663758e-01 4.932493933190191387e-03 4.062198757943107194e+04 4.502702041839265439e+04 1.072451497074867439e+04 3.632778503682960181e-01 2.239589850131305502e+04
1.633852022730607895e-02 1.635651006891701545e+05 8.216521739700867329e+04 7.507138504913872748e+04 2.494678053170419352e-01 1.570413283969410113e+05 2.391545176725127532e-25 2.016503117221599205e-25 9.157370895666089296e-26 3.189321579764523573e-01 1.815865868798994886e-25 3.885345499847356332e-03 2.455627472227729299e-03 1.099690478026809498e-03 2.150409383244760442e-01 3.227217115702429515e-03 1.437542042774431466e+05 1.404899154462793958e+05 4.336976859124925977e+04 3.959540302721669125e-01 8.098535044550515886e+04
2.839309399155095365e-02 3.415979147918084345e+04 2.482151113461105342e+04 1.077015635211701738e+04 2.293791135169686024e-01 2.806761778063780730e+04 1.421200805770237191e-25 1.174902079916171046e-25 4.535131680546880233e-26 2.927244321558524764e-01 1.039043537518307288e-25 2.815818584931909646e-03 1.429518665295849075e-03 9.473552918040088928e-04 2.133896373518289757e-01 2.480865139817172230e-03 3.491750829243329936e+05 3.000226319365497329e+05 1.405666099663442874e+05 3.449221559977057594e-01 2.563839603879736387e+05
4.934154226927617293e-02 9.485981955941220804e+03 4.743780742630740860e+03 2.407272697677404722e+03 1.734401937107328540e-01 8.407981150368650560e+03 6.678813314134023222e-26 5.044344636614584811e-26 2.083497644798537549e-26 2.793087087348322117e-01 4.985344707171619204e-26 1.833451297479198657e-03 1.131614430938221710e-03 8.027611677719572771e-04 2.419617000479540037e-01 1.670486692072389954e-03 4.658941879593295744e+05 2.884595152273687418e+05 1.771152440443686210e+05 2.194092200798949677e-01 4.126840745354196406e+05
8.574577304732042271e-02 3.673071908586128302e+03 1.932457985396379172e+03 9.813518615061120727e+02 1.706978932779749381e-01 3.324487990332573190e+03 2.468581395588525659e-26 1.983473464833790093e-26 9.770651074971856662e-27 2.862819794827954345e-01 1.969172779810507324e-26 1.195532556094093101e-03 9.056542529873811385e-04 4.465404477186034468e-04 2.542927624624708449e-01 1.014036797836404425e-03 4.201729224460991682e+05 1.710070742013882846e+05 1.264909344579884782e+05 1.545159151940363740e-01 3.915533731765360571e+05
1.490090754633893733e-01 1.276938729205650588e+03 6.500355944526518215e+02 4.810150541413563587e+02 1.750395385457554631e-01 1.223901498030102175e+03 6.607734417936494250e-27 5.675602931056332216e-27 3.102833890640113691e-27 3.107447009201660948e-01 5.246220789879940847e-27 8.249138689079707834e-04 6.154993743687301724e-04 2.676759810719261056e-04 2.517488450195110583e-01 6.732189035669342231e-04 3.151836250556333107e+05 1.364131281839881558e+05 9.046099505583109567e+04 1.529917623721811781e-01 2.901493462112810230e+05
2.589480948314561437e-01 3.896887432946491572e+02 1.847955046050445276e+02 1.290915511158739832e+02 1.823154213241452437e-01 3.587265708178680939e+02 1.639439603144684628e-27 1.353605354832783811e-27 7.865656786178193456e-28 3.785801734131796770e-01 1.179263725759496092e-27 5.503289771960810997e-04 3.942841948649700883e-04 2.343286688511949257e-04 2.885660993461116597e-01 4.601399353250181542e-04 2.425272290917299688e+05 9.975731769254797837e+04 8.671501311239684583e+04 2.205728081377433258e-01 2.098812756088950555e+05
4.500002138011764963e-01 1.336060616608284874e+02 7.468954098091811034e+01 4.001178348298319065e+01 2.280785890809173266e-01 1.081713226066506763e+02 7.304302787130966076e-28 5.369285794015176869e-28 1.606215943005973475e-28 5.290425552210195059e-01 2.391767956786334139e-28 3.846178068602970753e-04 4.755525615999602919e-04 1.308018731777023402e-04 4.364986577163478265e-01 2.101991741831201550e-04 2.232778236441354384e+05 1.556643645876540104e+05 6.867844923227235267e+04 3.207190740130789197e-01 1.446310979310231050e+05
7.820107444810802111e-01 7.092245885248617299e+01 6.098586732742171534e+01 1.941456559664683112e+01 2.970335008319032188e-01 4.933946610001375177e+01 5.956852654812043745e-28 4.534824356397809790e-28 5.665833905388488777e-29 7.431793458899542681e-01 7.731490351144980931e-29 4.844728752968030343e-04 8.937960504932600508e-04 1.723472358861407748e-04 7.791981528190636830e-01 1.947676328666453067e-04 2.426058708286960900e+05 2.243081114683343912e+05 5.494827764153073804e+04 4.578831666088729047e-01 1.018371215939391986e+05
1.358978919850138967e+00 4.455243969703894180e+01 3.926176896764802393e+01 1.245130028256973631e+01 2.787522790666334682e-01 3.128582163920686909e+01 8.691379169036158999e-28 4.303902956307969269e-28 4.277859136024244818e-29 7.616498745320396946e-01 5.571383317407214344e-29 5.366848977676472784e-04 7.926265795971151450e-04 2.863551204129415723e-04 7.972494873033347806e-01 3.349669620923718255e-04 3.076997144838087843e+05 3.722646469311859692e+05 7.249547860890689481e+04 4.979529551447143820e-01 1.169942259165678697e+05
2.361634693168501720e+00 3.038102384418995427e+01 1.849961817141767284e+01 9.336292595078163004e+00 2.191153047320372749e-01 2.513936487340906467e+01 3.991396916855631634e-28 2.190359054540074423e-28 4.666855872517102927e-29 6.477556418806377225e-01 6.590354943099321409e-29 6.013718863423328205e-04 5.023292431916414474e-04 3.569011298301006806e-04 4.000854839798971829e-01 5.450773920894049288e-04 3.773089050581093179e+05 2.726654354676476214e+05 1.265959906268372870e+05 4.478221284776343070e-01 1.981061115681484807e+05
4.104050726991497200e+00 2.591008493037521632e+01 8.997869802007475215e+00 5.746273288781132749e+00 1.919603109640450889e-01 2.165563619965633890e+01 7.081997909917251727e-28 1.210352494971578526e-28 4.316305590990256664e-29 6.780103813889466480e-01 7.349254836300924374e-29 6.875070885543625894e-04 3.292040898651763230e-04 2.067956382987184202e-04 2.296831793776369368e-01 5.857628897264278208e-04 8.589893655023035826e+05 2.113201429710622760e+05 9.636808896438713418e+04 4.969354162785157847e-01 2.286543769798514550e+05
7.132022754595307212e+00 2.120044458061934733e+01 5.077724263204395072e+00 3.153561589080609906e+00 8.596414068485437598e-02 2.050593852728255229e+01 2.934792159569575984e-28 6.609436605338705596e-28 3.414714150648026414e-29 5.007452977797918203e-01 8.515378021790730312e-29 6.550746790951936628e-04 3.129479354775962629e-04 1.213641663671312246e-04 1.296712278002262742e-01 6.086632682498285558e-04 7.742280866090441123e+05 1.794060256317294668e+06 8.454591259353436180e+04 4.288500052867610379e-01 2.824197196438572137e+05
1.239403505359512359e+01 1.055862814852426945e+00 2.172184534176888615e-01 1.222137517641520565e-01 8.411953995536347595e-02 9.993877399687420837e-01 1.687867863252864874e-29 9.976930336812240889e-30 1.676143763162859435e-30 5.225414356786353132e-01 3.861926813238357373e-30 6.449869651094805676e-04 2.369279705749482686e-04 1.547064151553357333e-04 1.641799358979277312e-01 5.762609069425580436e-04 8.044208330995494034e+05 5.725863632097784430e+05 9.591118788021086948e+04 4.479934231295162328e-01 2.621924752054770361e+05
