# R (Mpc), mean rho (Msol/kpc^3), errup (Msol/kpc^3), errlow, std, mean pth (Msol/kpc/s^2), errup(Msol/kpc/s^2), errlow, std, median rho (Msol/kpc^3), median pth (Msol/kpc/s^2) 
#  nprofs 449, mean mh 4116577703633.276367, median mh 3887512225220.835938 
#  Mass range 12.41 - 12.8 
#  Nhalos 22
1.633846520850827655e-02 4.690223578150325920e+04 1.755871397252045062e+04 7.064271516351544051e+03 4.315815110957113010e-01 6.194435248924290812e-25 1.673354095973555679e-25 5.623082450721359781e-25 3.634261218518324288e-01 1.930569077090351129e+04 7.238596809288764399e-25
2.839299837983852784e-02 1.806320466668631707e+04 2.296409817808473599e+04 2.738289311380671279e+03 3.038219127505718542e-01 4.591017871105297904e-25 2.921216638843051633e-25 2.486144591744907415e-25 3.488931818675495289e-01 1.169116814080055519e+04 3.923515825984153742e-25
4.934137611516303812e-02 8.170232989689704482e+03 5.946700123555026948e+03 2.796688974373508245e+03 2.345454539966494445e-01 2.108116328254685203e-25 1.159399008148603773e-25 6.715566459546170087e-26 2.535028171818687337e-01 6.897049481646305139e+03 1.860122943060692160e-25
8.574548430456500892e-02 3.977368193473541396e+03 2.097133180418226402e+03 1.222970032641312628e+03 2.121163718438454637e-01 9.826332421151018822e-26 5.924598971095433915e-26 4.162162748731897122e-26 2.593047209723051139e-01 3.308901708680181400e+03 9.190232215309121605e-26
1.490085736859895482e-01 1.887027485698758255e+03 1.463185201784198625e+03 3.937667230825527440e+02 2.301669265593447589e-01 4.531151108521470600e-26 3.091028100460217462e-26 1.508893153588339383e-26 2.468808159551000581e-01 1.365389835822712257e+03 3.669072706494591550e-26
2.589472228422751710e-01 9.286793823320990668e+02 7.042569828847990721e+02 3.062286836542941160e+02 2.085500161112619766e-01 1.902527907172005682e-26 1.114821920622998263e-26 8.258453280375268363e-27 2.228538389422791699e-01 7.997123674216995823e+02 1.835178288982515782e-26
4.499986984576546667e-01 3.573584129579353998e+02 1.550456764263042828e+02 1.102926963910200016e+02 1.936115707533546670e-01 5.709110049725873474e-27 3.205605283293462777e-27 2.091269611269088495e-27 2.516982216128470506e-01 3.323704462404514857e+02 5.219573383491623246e-27
7.820081111158523335e-01 1.079047324362568219e+02 2.829408467264782701e+01 5.047460529804715179e+01 1.716567901185859779e-01 1.196015379461215194e-27 8.318596655415529048e-28 6.806226904066624299e-28 3.057805267299116836e-01 1.160917692490781263e+02 1.130098500309082433e-27
1.358974343585863442e+00 3.657956177271451281e+01 1.863564182037028161e+01 9.429515067238028792e+00 1.817089076137189674e-01 3.132076752562406798e-28 2.483172246932130583e-28 1.060116354768367132e-28 3.461928208041273880e-01 3.135923398919342020e+01 2.039665103361440438e-28
2.361626740532650537e+00 1.721416993270721463e+01 1.004167292995740723e+01 7.190479798350239093e+00 2.174045290567898081e-01 1.199984606002051878e-28 8.959393217422946255e-29 3.652593551508305603e-29 4.513160210265230732e-01 1.556079116268991314e+01 6.157362658176601480e-29
4.104036906894324765e+00 8.774638082343042100e+00 3.578020332005220183e+00 2.924559254534296215e+00 1.565045962628588694e-01 4.399807787090690505e-29 3.322137411043816681e-29 3.488209072917491281e-29 3.928118090019802611e-01 8.230242342309633585e+00 4.537278256942419201e-29
7.131998738018977768e+00 7.955341991778468014e+00 2.224234758458685235e+00 2.445277508922565346e+00 1.725352177737562998e-01 1.847045355897712140e-28 3.541911005001058869e-29 2.150850558519028662e-29 6.360161387095495389e-01 7.357317235009480427e+00 3.938797347633358018e-29
1.239399331756889211e+01 4.286227846877803671e+00 1.333217878909986887e+00 6.952015178376669269e-01 1.122918975634337457e-01 8.788183046339497561e-29 2.549211047432172433e-28 7.954369131355836527e-30 5.666548787553296052e-01 4.118967897761876884e+00 2.102376198433810429e-29
