# R (Mpc), mean rho (Msol/kpc^3), errup (Msol/kpc^3), errlow, std, median rho (Msol/kpc^3), mean pth (Msol/kpc/s^2), errup(Msol/kpc/s^2), errlow, std, median pth (Msol/kpc/s^2), mean gas-mass-weighted metal (fraction), errup, errlow, std, median metal, mean gas-mass-weighted temp (K), errup, errlow, std, median temp  
#  nprofs 446, mean mh 547335147265.557007, median mh 493335510717.740662 
#  Mass range 11.50 - 12.0 
#  Nhalos 165
3.113248982952454991e-03 3.461522499456581194e+06 1.651899389829074498e+06 9.199543203712892719e+05 2.001004306229491603e-01 3.100579252390146721e+06 7.972407017633529770e-25 5.246879579241747006e-25 2.540009823539009456e-25 3.646748419861921553e-01 4.961379867848618029e-25 1.572677093928605621e-02 8.976678960796048712e-03 4.484363161311661836e-03 1.834079735445374726e-01 1.418218880032132145e-02 1.670967346806166461e+04 3.760840020700312380e+03 2.364572613940299561e+03 1.490424912441091487e-01 1.412886323729471587e+04
5.410206662677926291e-03 1.153476774778132793e+06 6.050233570623864653e+05 3.689740224655012134e+05 1.985357576018365600e-01 1.029436003474061028e+06 2.288649120093431729e-25 1.975518277480396967e-25 5.590643416992127010e-26 3.429446783423522604e-01 1.318075894421435272e-25 1.253595583827464381e-02 6.337369256486920926e-03 4.165035482417486258e-03 1.881971853384571125e-01 1.159581311636685014e-02 1.642256121566090223e+04 5.212455649571100366e+03 1.437271399028444648e+03 2.019260867855873776e-01 1.163713802804067018e+04
9.401861622107095945e-03 4.569173622611487517e+05 2.524069790638475679e+05 1.553336654967979703e+05 2.268324733252776726e-01 4.013134214396745665e+05 1.939081244746135188e-25 2.203118575396805775e-25 5.767038853766499813e-26 4.562457710175147896e-01 9.575117289946210827e-26 7.543035798674478133e-03 3.576135225710402009e-03 3.035415032510212045e-03 2.176155554541185089e-01 6.992617443218868307e-03 3.932492744678581221e+04 4.178035744233392325e+04 5.029588199198768052e+03 3.918470529041840900e-01 1.549668938901517504e+04
1.633856291868465010e-02 1.654960028644285921e+05 9.847583305860683322e+04 6.548058721454718034e+04 2.444483013711575004e-01 1.537600972525815014e+05 1.594459646572473291e-25 1.374270667128111543e-25 7.360582254677195793e-26 3.616699816083100427e-01 1.212707014745035936e-25 4.667549914802875816e-03 3.065337776097373443e-03 1.672125524978173346e-03 2.239158635146651644e-01 4.097387247170832490e-03 9.510433754293627862e+04 7.896281271342681430e+04 3.273548767192751984e+04 3.926092840569070375e-01 5.593441587686697312e+04
2.839316818066401488e-02 4.230810799301469524e+04 2.325674626127698866e+04 2.042745054036877627e+04 2.616394861014232909e-01 3.903434113501337561e+04 8.987220923561516215e-26 7.994172093790470978e-26 3.897760931486254931e-26 3.259203687915597225e-01 6.784548371066734576e-26 3.247539758882143999e-03 1.992592377016826673e-03 1.090887891290633765e-03 2.255096362429416246e-01 2.870440218698038556e-03 1.996153714314052486e+05 2.402329252922246233e+05 6.585491403533234552e+04 3.924239918710807351e-01 1.186755384793371923e+05
4.934167119517834238e-02 9.107801273760425829e+03 4.542350758525450146e+03 2.936204004801424162e+03 2.161432004172983978e-01 7.752698599277093308e+03 4.260071264700584971e-26 3.573715849394422253e-26 1.469703339394534066e-26 2.937037411787661312e-01 3.055894352728787612e-26 2.178426530986630333e-03 1.331073970284160852e-03 7.920072032042441840e-04 2.464491160021916316e-01 1.847471814059107502e-03 3.537475120126389083e+05 2.757771708822158398e+05 1.663114062409635517e+05 2.968416377544241813e-01 2.991254104315118166e+05
8.574599709486005472e-02 2.680361013372557863e+03 1.223286872815837341e+03 7.812409396711925638e+02 1.617537362707278381e-01 2.474159271501734111e+03 1.752112364651696669e-26 1.361247560486693264e-26 6.435393393500991443e-27 2.855551891421658772e-01 1.344818045517901766e-26 1.327169648249633448e-03 1.112583158286396248e-03 5.141651456771419203e-04 2.629735415145103006e-01 1.110043523292009128e-03 4.069716282810634584e+05 1.710877131233228138e+05 1.272145816832401906e+05 1.632007083116955581e-01 3.835711263786132913e+05
1.490094648133893918e-01 1.041035090688938226e+03 5.423739919220175807e+02 3.014700711605514698e+02 1.739979614178646383e-01 9.379171158970160604e+02 5.382872764509523775e-27 4.397274077496417508e-27 2.485515029116352500e-27 3.082764658556152448e-01 4.429179383715586584e-27 9.011973072595010027e-04 6.215282784128479954e-04 3.557632273910048314e-04 2.476550709770759529e-01 7.732972878667530511e-04 3.170829738368976978e+05 1.315680835890629678e+05 9.366932204211506178e+04 1.584366534106300684e-01 2.970322363648710889e+05
2.589487714442089139e-01 3.317097048851989598e+02 1.541870577855407873e+02 1.037715348691360759e+02 1.820656469370654229e-01 3.047449933234469199e+02 1.320527140159492788e-27 1.124174052887190126e-27 5.334728936508615293e-28 3.499795288444916275e-01 9.528944285560059680e-28 6.361286698371072411e-04 5.381931826459048721e-04 2.403009893453921637e-04 2.603924077588233299e-01 5.374866169651209159e-04 2.385258851740894315e+05 1.113123154929112643e+05 6.926585517181229079e+04 1.960876447228770136e-01 2.026601652171265450e+05
4.500013896193789109e-01 9.715235301525233069e+01 5.846428584736094081e+01 3.185283451629747731e+01 2.057617225914513404e-01 8.498050615381430362e+01 3.918141491561510977e-28 4.528375404046821271e-28 1.056880874012871162e-28 4.753717683485462753e-01 1.757725199346439137e-28 4.370047445268066401e-04 4.591209900813681636e-04 1.674672809720763084e-04 3.584411182638321813e-01 2.989212339220925860e-04 2.070445552811565867e+05 1.700070144408924389e+05 6.259380877097896882e+04 2.950688561950855493e-01 1.435266142064448795e+05
7.820127878189270243e-01 4.228846322533680535e+01 5.016321758242395390e+01 1.339956918363791871e+01 2.857535947683296218e-01 3.054563391224525049e+01 2.464930659221801344e-28 3.783119140120497754e-28 3.267302054752664074e-29 6.966861803984725210e-01 4.701561774978662644e-29 4.399830160117819801e-04 7.195884429482804403e-04 1.338514746475651920e-04 6.428544978381116604e-01 1.729854494210630931e-04 2.371293595205000020e+05 2.818645417353464873e+05 6.716388638545159483e+04 4.410709427013543849e-01 1.144793311055179365e+05
1.358982470764342532e+00 2.617614801772029409e+01 2.867223093755228902e+01 7.710109787025075434e+00 3.084572833151544846e-01 1.765479752324551654e+01 2.730545785212284332e-28 3.852429156942003456e-28 2.844971648318041879e-29 8.234383017998453402e-01 3.453103147633351726e-29 5.476923009371932561e-04 8.656018254318191638e-04 2.804613458842941036e-04 7.887265113288700613e-01 3.197575132554010113e-04 3.173281732685580500e+05 4.327332388661117293e+05 1.024782524729020952e+05 5.345090818925869458e-01 1.426121942959275038e+05
2.361640863950146940e+00 2.094761581121562699e+01 1.435937054662181822e+01 6.272419707988987625e+00 3.012280393349741625e-01 1.435167787193982747e+01 8.157524874896449571e-28 1.950827353907513394e-28 3.724475751464525992e-29 8.245586832645970254e-01 4.551768296505106834e-29 6.884710727265565093e-04 5.412748590527664307e-04 4.047901884878120880e-04 5.072079760488759081e-01 6.152996485638967394e-04 5.789669259663337143e+05 3.732781976582567440e+05 1.627311385368204501e+05 5.402260082068798264e-01 2.316981334344275529e+05
4.104061450580955395e+00 1.508800468044001875e+01 7.247317825537001212e+00 4.071339708520463674e+00 2.522380364344268266e-01 1.135589481989608096e+01 5.523442278602711369e-28 1.102649347457196517e-28 3.758367575044607516e-29 7.631049007043808619e-01 5.063261504578309530e-29 7.927002400360371858e-04 3.545880799703722032e-04 2.865856505637838958e-04 2.622390463908128577e-01 7.349787411146293647e-04 9.268910241976708639e+05 3.394399220018904889e+05 1.557871971407919773e+05 5.208335321253707573e-01 2.875181033795778640e+05
7.132041390057954899e+00 1.070172451934320534e+01 3.484060151131670224e+00 2.824507237127753534e+00 1.384860555901877288e-01 1.012931832458682813e+01 1.715732813036673012e-28 5.976197802046441782e-29 3.009229361705049300e-29 5.422357325406395034e-01 5.262601276711082486e-29 7.471416606200903098e-04 2.050557250384167770e-04 2.026638648671263282e-04 1.504336531606029481e-01 7.369953009624042499e-04 7.545997286551500438e+05 2.299770283046857803e+05 1.284226900598327047e+05 4.182932402764966140e-01 3.237914094306716579e+05
1.239406743831755797e+01 3.370222651117531054e+00 9.718941450139020333e-01 4.757442470020807335e-01 9.156270076959004134e-02 3.209678288072743690e+00 6.007664544546312885e-29 1.289652586822503163e-28 5.855777605273404736e-30 5.210184382058336006e-01 1.589123253586228071e-29 7.525104888043423427e-04 2.373860908761475565e-04 1.250221646487372678e-04 1.111195145759784203e-01 7.179508867084406906e-04 9.542319015578522813e+05 2.039403865350559587e+06 9.841959937840406201e+04 4.401214763332817470e-01 3.326790964888126473e+05
