# R (Mpc), mean rho (Msol/kpc^3), errup (Msol/kpc^3), errlow, std, median rho (Msol/kpc^3), mean pth (Msol/kpc/s^2), errup(Msol/kpc/s^2), errlow, std, median pth (Msol/kpc/s^2), mean gas-mass-weighted metal (fraction), errup, errlow, std, median metal, mean gas-mass-weighted temp (K), errup, errlow, std, median temp  
#  nprofs 434, mean mh 1342702517885.392822, median mh 1292122829654.962402 
#  Mass range 12.00 - 12.3 
#  Nhalos 46
3.113232202630837955e-03 3.314977550024413038e+06 7.462166797355287708e+05 1.232011901644923724e+06 2.358344753380762493e-01 3.406064068277422339e+06 6.771618733595136651e-25 2.637566750955986444e-25 2.464386799535937645e-25 3.055976716547254002e-01 4.985372941699338024e-25 1.039018621291955963e-02 4.943452110020885720e-03 3.262877137250319581e-03 2.069247243843027328e-01 9.811995722513880760e-03 1.746986382109022088e+04 1.475603878198104212e+03 2.101850555166103732e+03 1.762273424823509738e-01 1.416616362460275923e+04
5.410177501821110228e-03 1.080487784683198901e+06 3.772095323648916092e+05 3.589624626093024854e+05 1.900089276150127571e-01 1.013287100771739846e+06 2.863786474394426094e-25 1.855094848235253233e-25 5.296375839734583259e-26 3.677231980657698629e-01 1.450910001393892253e-25 7.665280060779579296e-03 4.031196101986831218e-03 2.693606794800724666e-03 1.930265608311642067e-01 7.303482069334342117e-03 2.442827086002967189e+04 4.604153580660957232e+03 1.625469714999853750e+03 2.954464909006861983e-01 1.243860305239451554e+04
9.401810946345954753e-03 4.314301978945243754e+05 2.649999246188359684e+05 1.717561102971896762e+05 2.339126070436443883e-01 3.872460447367702727e+05 5.381217283570940386e-25 3.840265929581253325e-25 3.415828545695896185e-25 4.972187399200250213e-01 4.225203585302692786e-25 4.497067295300758230e-03 1.936869485439425553e-03 1.575698970820292588e-03 1.684193564227697004e-01 4.346647244002676061e-03 1.245103378631461237e+05 1.354162825222433312e+05 4.978686610035918420e+04 5.178521413743246704e-01 6.415333702320994053e+04
1.633847485430494142e-02 1.557705504753522691e+05 1.054123478775399271e+05 6.704687370804231614e+04 2.902167544942912958e-01 1.280370536217633053e+05 4.121096106455354206e-25 2.771740888004474071e-25 2.118283970660463390e-25 3.365611083429335126e-01 3.566962759589689323e-25 2.727958543410223882e-03 1.205698420876640236e-03 7.149583298063494612e-04 1.670157179640833212e-01 2.461598063348474641e-03 2.920372927638012334e+05 2.509225167757251184e+05 1.472633552056785265e+05 4.784531748713354293e-01 2.046970714106134255e+05
2.839301514231197185e-02 4.374213036067254870e+04 3.173356930351075425e+04 1.102032710698741721e+04 2.411608104747101633e-01 3.436755917253239022e+04 2.658707589494641779e-25 1.783342001043221140e-25 1.156300130484492574e-25 2.679447568057223283e-01 2.321698515376041148e-25 1.863655308023960157e-03 8.789604250561779998e-04 5.035403510322117825e-04 1.797662507646641539e-01 1.674430597562006143e-03 5.920164200220070779e+05 7.248942819508018438e+05 2.257015279431251402e+05 4.002727784788682741e-01 3.833619796789425891e+05
4.934140524500327946e-02 1.363670055249139295e+04 7.579060878341391799e+03 3.639917437195439561e+03 1.861060744246688659e-01 1.194671500215676861e+04 1.471553411519318662e-25 6.491677186007923728e-26 8.225460879226254281e-26 2.451649678772739871e-01 1.433485534297109357e-25 1.293801901907497276e-03 3.919035195854246850e-04 5.386051415860377591e-04 1.823953763775129910e-01 1.283640653659022697e-03 8.507764536123917205e+05 5.024108172892571893e+05 4.850608362160520046e+05 3.013907510812885993e-01 8.195040616030227393e+05
8.574553492642551789e-02 5.463202538731567074e+03 2.371296353938590983e+03 1.095561467985292893e+03 1.364783863466084435e-01 5.069212850654533213e+03 7.181382948200095462e-26 3.213213819833750185e-26 3.109042989045400286e-26 2.021310320038676167e-01 6.809311334828180562e-26 9.894324277492352795e-04 3.812648811924849480e-04 4.009466445478997599e-04 2.040430246970595385e-01 9.629255146607583471e-04 8.739864487528747413e+05 1.925691398279196583e+05 2.428760681371462997e+05 1.183249507793379951e-01 8.918768452104674652e+05
1.490086616567007083e-01 2.379992649048881049e+03 7.092773164202772023e+02 4.770276918451518213e+02 1.092713570778371807e-01 2.267732123144393881e+03 2.365046535004324961e-26 1.531117628522288341e-26 5.570384978293916509e-27 1.714371994203801874e-01 2.104126303836496840e-26 7.170878696752234788e-04 2.502837882532716988e-04 3.244180422941655485e-04 1.896057249784845467e-01 7.267981388459545528e-04 6.557681364962852094e+05 1.250260286294291727e+05 1.340407760676270118e+05 8.934277783239699677e-02 6.366849449134783354e+05
2.589473757178498703e-01 7.871164674324020325e+02 1.880268969851264274e+02 1.386978717274275823e+02 1.100983017609206555e-01 7.759619837424065736e+02 5.469432473292920880e-27 2.593564910619034034e-27 1.900856549772336156e-27 1.947608939391116123e-01 5.167319198134558627e-27 4.843997565647825514e-04 2.078231121257980048e-04 1.709088469821903270e-04 1.972082649705849122e-01 4.568191186193754083e-04 4.541171206901245750e+05 1.090226540391102899e+05 8.198138635795441223e+04 1.016590985515556655e-01 4.431762601048225770e+05
4.499989641249551586e-01 1.731067966754396821e+02 9.053910954266643785e+01 5.184267125328170778e+01 1.615838895804686814e-01 1.590974972694294820e+02 8.660729039039556168e-28 8.710526207475452687e-28 2.192218423615287305e-28 2.962121388548972223e-01 5.840820877044775483e-28 3.205739718938940266e-04 2.097471226811408905e-04 1.368752307690578951e-04 2.444621148186240933e-01 2.844785396434420296e-04 3.039463276626092265e+05 1.114734053614682052e+05 5.713350825596315553e+04 1.615516701351769058e-01 2.675076550238075433e+05
7.820085727927073016e-01 4.779262675737268040e+01 2.424347393774782233e+01 1.599401558147500779e+01 2.211350120887215776e-01 4.050787173717016287e+01 2.606553752344799212e-28 1.480602077885862865e-28 7.349331909128130312e-29 5.084955241284603300e-01 1.021878742254042927e-28 1.799190007699427675e-04 1.420117549688365718e-04 6.760695662729341508e-05 4.034387659954593586e-01 1.176425190971116863e-04 2.408331644672900147e+05 1.820834553745298181e+05 1.003374031463136198e+05 3.070598875278127138e-01 1.839884770347390440e+05
1.358975145888284608e+00 2.557034471562093714e+01 1.731584861947112941e+01 9.667028113191571848e+00 3.014510048208477455e-01 1.931141636081646951e+01 2.728452184817499036e-28 1.680536778912921119e-28 3.333438373691139689e-29 7.675831066873710640e-01 4.076408497037921531e-29 1.800849870716237429e-04 3.849158328475709616e-04 4.761713778772976816e-05 6.571743681639385937e-01 6.812728857717361157e-05 3.170141702623459860e+05 4.058723179184437031e+05 9.646148015212077007e+04 4.928016244602375084e-01 1.428892398708389373e+05
2.361628134774462762e+00 1.478692080711139667e+01 1.177896564816522940e+01 4.316978104610755373e+00 2.515791564313688555e-01 1.160276634257679262e+01 1.438090497922322430e-28 1.868355013077541132e-28 1.987057774666523216e-29 7.565593528024940895e-01 2.620660055352714726e-29 2.133064782500557080e-04 3.161748391007799738e-04 1.273012070075889063e-04 5.900978046350822126e-01 1.536060563026254641e-04 4.023035482391577098e+05 4.558311073431798723e+05 1.045892197187231795e+05 5.265054712409861226e-01 1.644521847801530967e+05
4.104039329808901293e+00 1.428147747885421026e+01 9.325343800006908879e+00 4.395608856092625416e+00 2.835993710015801694e-01 1.020439925660291891e+01 6.204119406619364876e-28 1.356318567576735647e-28 4.911607381309434997e-29 8.245828633382882300e-01 5.799036149401010578e-29 3.137998165920003130e-04 1.658060414977339104e-04 2.122740181868879570e-04 3.952602600929905896e-01 3.053612358672709516e-04 1.006164958254889003e+06 5.359036878891440574e+05 2.506353900722352264e+05 5.549210702856075539e-01 3.509801428794122185e+05
7.132002948561937394e+00 8.667400357937385280e+00 2.937953010030078360e+00 2.494236658073039514e+00 1.559448005096067680e-01 8.039763579037170871e+00 1.511751918276434470e-28 6.645418088602395608e-29 2.664613130539447550e-29 4.991243571664137346e-01 4.468669608363135987e-29 2.855182916962270274e-04 1.013020446281962667e-04 6.711865236709346804e-05 1.696913460192903955e-01 2.598094862708948127e-04 7.430003538848703029e+05 3.660157496546229231e+05 1.210884537973871920e+05 3.633791230320689847e-01 3.429317591575028491e+05
1.239400063465394020e+01 4.193573267500280366e+00 1.161927990823457435e+00 5.585330738389759908e-01 8.601488072061944101e-02 4.005891484623260723e+00 7.708320083443597308e-29 2.328833692007894621e-28 9.021130040229869301e-30 4.955666106259903891e-01 2.347915726107411000e-29 2.985506917937838988e-04 1.868029095994522553e-04 4.990671391566790837e-05 1.355081672138256921e-01 2.666885797396802583e-04 1.043382309609356918e+06 2.806180192197568249e+06 9.515538935242331354e+04 4.224406734826143262e-01 3.847693938191350317e+05
