# R (Mpc), mean rho (Msol/kpc^3), errup (Msol/kpc^3), errlow, std, mean pth (Msol/kpc/s^2), errup(Msol/kpc/s^2), errlow, std, median rho (Msol/kpc^3), median pth (Msol/kpc/s^2) 
#  nprofs 419, mean mh 1265092645870.034668, median mh 1236318032053.397461 
#  Mass range 12.00 - 12.2 
#  Nhalos 28
1.633847210211432713e-02 9.247228401854928234e+04 8.900455442271349602e+04 1.933098470585612813e+04 3.373622269316576272e-01 3.116109370103334159e-25 2.689038903889613361e-25 1.137793624815079199e-25 2.778412995787122308e-01 6.902955432615047903e+04 2.346168248693473876e-25
2.839301035955283867e-02 2.654554179567299434e+04 1.751183608020338579e+04 8.907482477274061239e+03 2.790160694492233584e-01 2.172952717266318525e-25 1.680244832792263229e-25 7.254942061956682630e-26 2.434751048774388971e-01 2.181516134403716569e+04 1.765301165935514035e-25
4.934139693352049272e-02 9.923098459883258329e+03 5.037645962358379620e+03 4.204001947378937984e+03 2.566893827034913422e-01 1.193447628074121620e-25 7.349426271968654755e-26 4.453469542811881474e-26 2.316278570986882723e-01 9.274107069357367436e+03 1.099203068570260299e-25
8.574552048272386651e-02 4.334925835342032769e+03 1.831685990429312369e+03 1.354525928486864814e+03 1.928164769742855555e-01 6.097062484039196722e-26 3.550646533490935408e-26 2.061450660840800167e-26 2.314910830460972513e-01 4.154175212602891406e+03 5.274720011944998121e-26
1.490086365564239901e-01 1.887151948571871571e+03 6.223095958663498095e+02 5.831268485200741907e+02 1.714376755592957324e-01 2.184205231068079780e-26 1.330886324989158872e-26 6.794145865633678677e-27 2.516785216778548717e-01 1.928359325671094211e+03 1.777658392982716241e-26
2.589473320985681837e-01 6.511817960586413392e+02 2.487731904096342532e+02 1.651249899021172496e+02 1.579278225420311932e-01 5.742734036870567020e-27 3.982309258302797571e-27 1.604337099067507744e-27 2.980483084841571984e-01 6.092679249474819017e+02 3.956047734305456886e-27
4.499988883233312364e-01 1.988769232055635428e+02 8.477607144147867757e+01 6.392277341021545567e+01 1.749758804245647725e-01 1.457221653690210306e-27 9.323474402635492985e-28 4.092546809147327219e-28 3.993372483846677201e-01 1.821701213427846824e+02 7.167047169150414456e-28
7.820084410645824491e-01 7.629816753484972480e+01 2.700459005620491126e+01 1.500300818320544494e+01 2.088975222809411336e-01 1.034374870185655074e-27 1.972425813228350856e-28 8.307402881447244442e-29 5.446417715808546944e-01 6.065270012863660298e+01 1.570304894007445306e-28
1.358974916971039892e+00 4.722462580819991018e+01 2.375578957803340074e+01 1.031750001599640854e+01 2.817874871726440689e-01 2.423744547594966026e-27 3.064355536633922131e-28 6.195872537972567245e-29 7.474254759795975200e-01 3.000219396966988938e+01 8.210500099834678118e-29
2.361627736961885660e+00 2.808183594378835579e+01 1.087075384091088637e+01 3.088016566074035296e+00 2.359917040124877297e-01 1.025677061881727528e-27 1.462019590935326132e-28 4.133683954497406864e-29 6.777893500064344767e-01 1.938262456859019522e+01 6.039570343568260217e-29
4.104038638489875268e+00 1.992254293949844879e+01 7.830984546538484636e+00 5.487344008611039214e+00 1.615869511479900433e-01 2.985254063479580639e-28 1.238762368037431940e-28 4.443071647358582289e-29 4.947776400700971133e-01 1.823105076749462583e+01 8.163165328721172790e-29
7.132001747187159957e+00 1.633532699024059198e+01 4.587968316364612775e+00 3.118384605694616951e+00 1.196657843194878779e-01 2.793545589778636691e-28 2.705371857733898543e-28 3.961513285543581564e-29 5.610299898274505592e-01 1.531540570914371457e+01 7.315047446287453499e-29
1.239399854690385538e+01 1.933343759242580839e+00 2.200667085796603750e-01 2.442001833937719191e-01 5.820244911896724216e-02 1.993663750108258417e-29 2.880614443241888648e-29 2.726417666818763024e-30 4.275019636951469248e-01 1.938196824019361220e+00 7.627558992640361797e-30
