# R (Mpc), mean rho (Msol/kpc^3), errup (Msol/kpc^3), errlow, std, median rho (Msol/kpc^3), mean pth (Msol/kpc/s^2), errup(Msol/kpc/s^2), errlow, std, median pth (Msol/kpc/s^2), mean gas-mass-weighted metal (fraction), errup, errlow, std, median metal, mean gas-mass-weighted temp (K), errup, errlow, std, median temp  
#  nprofs 446, mean mh 1974330586690.848633, median mh 1917103253112.892822 
#  Mass range 12.21 - 12.4 
#  Nhalos 17
1.633847210211432713e-02 2.354141703710603178e+05 2.213294226794521965e+05 1.450478001210273360e+05 5.621373292237203945e-01 1.919488248276867962e+05 6.843502960702366072e-25 6.329945222886151108e-25 2.583061709120050115e-25 3.113914110999025375e-01 5.258682788795814364e-25 7.976157223354388148e-03 2.674805997694857870e-03 5.737188007564343953e-03 2.522920955566324008e-01 9.351607479247325480e-03 5.225764654158890480e+05 8.786148766720246058e+05 1.136281621478764573e+05 5.093147572965764924e-01 1.816364061477815267e+05
2.839301035955283867e-02 5.926125502302891982e+04 5.171670617481182853e+04 3.595704461234604241e+04 3.844974445042496636e-01 5.392192177185133914e+04 4.949675235854310347e-25 2.651047004719772292e-25 1.144600447412231751e-25 3.004050204238959965e-01 4.140173653301663889e-25 5.979323310959334600e-03 2.770268759803381012e-03 4.143856536213588737e-03 2.700508151115132982e-01 6.514473858430557332e-03 7.901151638265155489e+05 6.591235717037683353e+05 2.239381219139870955e+05 2.781816689848962132e-01 6.038764886000817642e+05
4.934139693352049272e-02 1.797241613970230537e+04 1.521035816202614296e+04 8.932730610260525282e+03 3.379717471631560888e-01 1.562310132892441106e+04 2.593328378375367728e-25 1.711771910725352713e-25 5.328458413336200222e-26 3.155863392308574378e-01 2.020117161975824591e-25 4.239439567212753557e-03 2.523062033388662022e-03 2.797683300887168073e-03 2.666420055421927504e-01 4.423579205500884938e-03 1.136372155275204452e+06 2.362987055827435106e+05 6.753371788469040766e+05 2.295242346504620390e-01 1.223832595416944474e+06
8.574552048272386651e-02 7.472281949801447809e+03 3.293602712114540736e+03 3.513463963671850252e+03 3.001334830252013752e-01 7.691621208781835776e+03 1.175005439827977438e-25 9.504580790591890206e-26 2.485350446276819110e-26 2.857549715563599824e-01 8.952165168440839023e-26 3.023642637387646132e-03 1.419014868982267346e-03 1.594109835171536333e-03 2.563239937981403593e-01 2.875171976743708200e-03 1.174243381761576282e+06 5.208870561880683526e+05 5.746747858489259379e+05 1.992338746963797647e-01 1.139536912238600198e+06
1.490086365564239901e-01 3.127105742355363873e+03 1.345513637823919453e+03 1.046915639441361236e+03 2.646568951113810741e-01 2.996152773557760156e+03 4.514133506862902290e-26 7.790434871784312424e-27 2.879241481421443567e-26 2.318217821892718800e-01 5.390587910458569408e-26 2.157338308744054592e-03 1.081326667593292788e-03 1.041235318517651654e-03 2.232513117307622086e-01 2.193475246343623737e-03 1.045181738688718062e+06 3.079997074661590159e+05 2.883759375863400055e+05 1.294684423225527792e-01 1.040890602037463337e+06
2.589473320985681837e-01 1.121629222107395435e+03 3.044711856642784369e+02 2.790354273607827054e+02 1.781805969060031303e-01 1.109592617034651084e+03 1.296227507493932835e-26 8.871826527647602762e-27 2.136382387500376034e-27 1.812722094777645399e-01 1.014560441187414044e-26 1.573712923254504646e-03 7.228127940998104080e-04 7.697553766178548548e-04 2.813556622212792235e-01 1.524622902812815175e-03 7.957411727442123229e+05 1.938773011644866783e+05 2.393610798963743728e+05 1.017442320128528477e-01 8.167478228251149412e+05
4.499988883233312364e-01 2.669921422902120867e+02 1.530766884839153192e+02 9.246928118549723763e+01 2.020384998960720879e-01 2.445292447118482357e+02 2.269078861162505546e-27 2.999827600386198989e-27 8.457561246503139490e-28 3.686304249871561467e-01 1.554670346626845664e-27 9.361795216348519407e-04 4.283108882390383081e-04 5.194304555353833732e-04 2.528773180722883041e-01 9.449849800075535737e-04 5.128853929141236003e+05 1.855297277786016930e+05 2.751373170834216871e+05 1.997159632434055421e-01 5.563097737076332560e+05
7.820084410645824491e-01 9.267971832420361977e+01 6.482051925364679335e+01 3.477027178715147215e+01 2.593444911578895451e-01 7.233883120306769854e+01 6.881644145211719143e-28 9.706332739146798588e-28 3.456879003317405645e-28 5.846423532215465624e-01 4.113015140113918223e-28 9.482647000161664383e-04 7.714250453378687210e-04 9.620979745303023497e-04 6.085152324096059218e-01 1.028671266389190753e-03 3.766462643220263417e+05 3.890716006299372530e+05 1.687880204803118831e+05 3.389998686018591001e-01 2.904700360981751001e+05
1.358974916971039892e+00 3.366866779444472257e+01 1.117739844116343306e+01 1.635341161962435663e+01 1.898388345801022281e-01 3.493109774029731796e+01 1.433233811889332541e-28 1.107059650102018242e-28 9.748794850439607890e-29 5.555701718304032477e-01 1.139562842736883621e-28 5.598288050528172233e-04 4.365175726410603111e-04 4.178682017336191805e-04 5.910409862097376621e-01 4.739042872523041182e-04 2.370806748466918943e+05 1.522383742189942859e+05 1.690044790887133568e+05 3.884606297362842575e-01 2.248962016568994150e+05
2.361627736961885660e+00 2.493857470511303731e+01 1.622250186461647203e+01 5.160623055224707656e+00 2.074713123838058393e-01 1.985213285532455174e+01 1.466701666229373693e-28 1.058704347978165800e-28 1.048033993356001704e-28 5.360957171265171572e-01 1.300371658106699099e-28 6.721682759447610792e-04 5.244335408224968511e-04 4.013062541890002888e-04 3.292678592701872020e-01 6.281353144159765875e-04 3.133053877322269254e+05 7.466244747540546814e+04 2.816907827787470887e+05 3.426473876177396627e-01 3.966822772504992899e+05
4.104038638489875268e+00 2.077234371848384598e+01 9.097716095886017484e+00 4.085009845335251910e+00 1.580096146039291771e-01 1.715240689265681340e+01 4.748002645816656621e-28 1.297827359988116563e-28 2.821644031616295874e-29 5.408858573644934609e-01 7.133940138835342442e-29 8.212285481674618534e-04 1.574352738828880887e-04 1.585232509061465945e-04 1.358703833981408093e-01 7.658648178227619834e-04 8.385126897593270987e+05 2.762978255247990601e+05 8.960232584245636826e+04 4.030991235826358876e-01 2.876899540304716211e+05
7.132001747187159957e+00 1.608284139454131889e+01 2.878034215092984738e+00 1.911076712837953551e+00 1.021719091545941621e-01 1.516530620023268128e+01 2.466262791429638839e-28 1.366256502406825431e-28 2.216408523851126818e-29 5.102103161669849785e-01 6.181959759193909296e-29 6.856396300852507248e-04 8.164937599933945554e-05 2.186024327162013363e-04 1.412264056958915659e-01 6.916742514745671680e-04 7.450276609062461648e+05 4.551882513976414339e+05 9.284161845788158826e+04 4.158282891323800134e-01 2.802751572366768378e+05
1.239399854690385538e+01 2.048474099210271238e+00 2.077962032143487736e-01 2.233556009655759400e-01 7.600824222379962136e-02 1.979938603675482467e+00 3.862633584836693121e-29 2.855380673087743623e-29 5.262452970890420838e-30 5.099706893293042276e-01 1.090623541159990143e-29 7.351381320898904385e-04 1.352737419619243989e-04 9.641308253969637764e-05 1.184991142714219570e-01 6.616847301536998198e-04 1.023077061564061325e+06 1.062762510369700147e+06 1.551597401793026947e+05 4.526676398678127211e-01 3.732543427909759921e+05
