# R (Mpc), mean rho (Msol/kpc^3), errup (Msol/kpc^3), errlow, std, median rho (Msol/kpc^3), mean pth (Msol/kpc/s^2), errup(Msol/kpc/s^2), errlow, std, median pth (Msol/kpc/s^2), mean gas-mass-weighted metal (fraction), errup, errlow, std, median metal, mean gas-mass-weighted temp (K), errup, errlow, std, median temp  
#  nprofs 447, mean mh 212620259733.910004, median mh 204659076725.347717 
#  Mass range 11.00 - 11.5 
#  Nhalos 181
3.113241142682221171e-03 1.801314984735705890e+06 5.510046325990040787e+05 5.146751583500821143e+05 1.378750021491268463e-01 1.800019417242683005e+06 1.779364256313907294e-25 7.432897759452779253e-26 4.903915915303350121e-26 1.744764184021073972e-01 1.604398526433953756e-25 6.677175262245844435e-03 3.184355337138864393e-03 3.255671327823119257e-03 3.038966646660266058e-01 6.399684155384271524e-03 1.203453526961269017e+04 6.523455845398930251e+02 4.974276318556057959e+02 3.148319011881248880e-02 1.195188593439000033e+04
5.410193037849813334e-03 5.453911375082818558e+05 1.935496828613055404e+05 1.579711602087793290e+05 1.522382327184537698e-01 5.199182018617993454e+05 5.865155039315552266e-26 1.624309805935436599e-26 1.370194904633689240e-26 2.098271843174531470e-01 4.619365452686691165e-26 5.483055745812336068e-03 2.582473815578921299e-03 2.583041604643523514e-03 2.840925788809809949e-01 5.269445900980609769e-03 1.254367343107363195e+04 6.173937015204737691e+02 5.789982460177598114e+02 1.153777576989141740e-01 1.132595589601339816e+04
9.401837944869510452e-03 1.857786897938039911e+05 8.975959476178701152e+04 6.383801079434546409e+04 1.891099083074077036e-01 1.708006996471955499e+05 5.265320530120794606e-26 8.310508580891166784e-26 1.032631582013939451e-26 4.126124396988329890e-01 2.272659147630226346e-26 3.628427852385783092e-03 2.319085085841563702e-03 1.508698839431331894e-03 2.700571332024447879e-01 3.203970774177691567e-03 2.557494010453679584e+04 3.824808203199342097e+04 1.169055118209766079e+03 3.185694603143588433e-01 1.191054122349689169e+04
1.633852177236155140e-02 7.715476158096836298e+04 4.965860974729146983e+04 3.114484308282803977e+04 2.223715859830712460e-01 6.950499250666907756e+04 3.202778136236102679e-26 3.595743947578452138e-26 1.192580545095153998e-26 3.727259452394320882e-01 1.988568917629055246e-26 2.139240853875948832e-03 1.181700639289897433e-03 9.511293076724834043e-04 2.694868805685292634e-01 1.931669129004478982e-03 3.382601395301448065e+04 2.284352918523176413e+04 1.059307076308752221e+04 2.899495706269793471e-01 2.392049560798722450e+04
2.839309667654963537e-02 2.532968186003452502e+04 1.284779578970063085e+04 1.125467570975627677e+04 2.197267469915892557e-01 2.412049205346190502e+04 1.313234987013116113e-26 9.744612407392783806e-27 4.768774260401381320e-27 2.410519421006068475e-01 1.082841280640111969e-26 1.293652802022619928e-03 7.320034648705692898e-04 4.500181590422795089e-04 2.700472976685818760e-01 1.089644911785274959e-03 4.443638936551441293e+04 3.552453848462465976e+04 1.360279091422813508e+04 2.575961209260147489e-01 3.432207277518291085e+04
4.934154693526905666e-02 4.645024232349420345e+03 2.863506774294743082e+03 1.873880757229728260e+03 2.273456030281890972e-01 4.171836447284021233e+03 6.265205885780034137e-27 3.277031173556805885e-27 1.904864386512101472e-27 1.901707888581301575e-01 5.491014206512599642e-27 7.745574745778346492e-04 5.151179619521613134e-04 3.243818818718818310e-04 3.000893418068179552e-01 6.433423417000699125e-04 1.133572429463039880e+05 8.543575513908662833e+04 4.811903185479501553e+04 2.561324512539751574e-01 9.777150335054122843e+04
8.574578115588683824e-02 9.949198849355980201e+02 4.316990779054041241e+02 2.533616599718521911e+02 1.619951148958602150e-01 8.895037154564030288e+02 2.677665187301442970e-27 1.431246064018723457e-27 8.531433242597958143e-28 2.274988043968775575e-01 2.247437248119227347e-27 4.389534698273474473e-04 2.601947028011234462e-04 1.775415576827348713e-04 3.265181565273545528e-01 3.519199624499272806e-04 1.836224364440660574e+05 6.793052326918431208e+04 4.808253951319915359e+04 1.682982246921245484e-01 1.689208256440175173e+05
1.490090895544625982e-01 3.478863159583061133e+02 1.667264653689300644e+02 1.051744686070555304e+02 1.790061884030399453e-01 3.145604948714853322e+02 9.181274136192537268e-28 6.781880614181660550e-28 3.303451477308840565e-28 3.195518444154253901e-01 6.497902188770944170e-28 3.351936308190260443e-04 1.757478663490357742e-04 1.324094092782601532e-04 3.132272098279305084e-01 2.713567139486201081e-04 1.620108243158922996e+05 7.181432180866927956e+04 2.816848343541438226e+04 1.957589669100849306e-01 1.259415093693308299e+05
2.589481193189351327e-01 1.198508301924129711e+02 6.517308518093713587e+01 3.062524127164144261e+01 1.930851520079679140e-01 1.018688386301268736e+02 3.232166688432031452e-28 2.902715840737449594e-28 7.471544060663264918e-29 4.310998716170195144e-01 1.418606883823681512e-28 2.753470778107845675e-04 1.928124350161340055e-04 1.106820349536630059e-04 3.355431704259179138e-01 2.094677787659585859e-04 1.394506748822592490e+05 8.855665861395079992e+04 2.608005068990951986e+04 2.816990955316943657e-01 8.876495658340901718e+04
4.500002563555373647e-01 5.200128123298338068e+01 4.516913127641136327e+01 1.436032053337777370e+01 2.586115919012036413e-01 3.714756366327998194e+01 1.765731928834651931e-28 1.540769244570327662e-28 2.515291590114019710e-29 5.969999004999603232e-01 3.924295027692410624e-29 3.096442618393662480e-04 2.710827378045358544e-04 9.502271868053222632e-05 4.336735138977833026e-01 1.625346199313076629e-04 1.377894700336098322e+05 1.610300962327476591e+05 2.789693131607787655e+04 3.819528226756451206e-01 6.688045336008766026e+04
7.820108184320838651e-01 2.614459860588825180e+01 3.297013947475695517e+01 5.309727976279461359e+00 3.288604089890312943e-01 1.440536850145384484e+01 1.321271856631667461e-28 1.864388771185549204e-28 1.172554942498509819e-29 7.806282676161901968e-01 1.551817004246618359e-29 4.172998913594146001e-04 7.180259364502136624e-04 7.295586805048755099e-05 6.720421855766939290e-01 1.072081723634905805e-04 1.614022762800819182e+05 1.983355604395054688e+05 4.024633056103248964e+04 4.804438771449804912e-01 6.642874800952561782e+04
1.358979048362254582e+00 1.515672778545303423e+01 1.827479042275622589e+01 4.844314721070654528e+00 3.570577501754496619e-01 9.697805673489957812e+00 9.842236852733288037e-29 1.392155272241037969e-28 1.088887927335772639e-29 9.022503256572023123e-01 1.272652584168821576e-29 5.373271431587904731e-04 9.065321591123433505e-04 2.489625114583035852e-04 8.422653372761429447e-01 2.737701714811757790e-04 2.173961249730566924e+05 3.422150432195293834e+05 8.107904725945623068e+04 5.751833529952491419e-01 1.040793356386522646e+05
2.361634916496962333e+00 1.043866856849854052e+01 8.991005246416257535e+00 4.469532160662145870e+00 3.139229396500753388e-01 8.305356589034150971e+00 7.798366268819623971e-29 1.224937148496653345e-28 2.164145299902713342e-29 8.766234238149652747e-01 2.341682708551380690e-29 6.853752439001363104e-04 6.266706562329837134e-04 5.523781643289522088e-04 7.944635193839284515e-01 6.729386422156707123e-04 2.978296233262701426e+05 3.807090986887186300e+05 1.435079996886204171e+05 5.825718720171032539e-01 1.765497209302225092e+05
4.104051115091881030e+00 8.130459774068869550e+00 5.772732845196678397e+00 2.843289898982973352e+00 2.771440165195059313e-01 6.323203158964144421e+00 1.723206738912895391e-28 8.369279613598333960e-29 2.143056443806537911e-29 7.722999968552002326e-01 2.518686399494592596e-29 7.617444228197242911e-04 3.697818081449538588e-04 5.044802413630348863e-04 3.735760496347494963e-01 7.953670035815719455e-04 5.162421783253141330e+05 3.483999729503119597e+05 1.808894057083496882e+05 5.107145025657060522e-01 2.567406533970588353e+05
7.132023429036466133e+00 6.921251753781444194e+00 3.093937173479404557e+00 1.969430112453376402e+00 2.089585783670377950e-01 5.874492209488091810e+00 1.918552324927764135e-28 7.009128100163465642e-29 2.090057124933738496e-29 6.691168098525844821e-01 3.168043298417353986e-29 8.445025930703147681e-04 2.743786566200993654e-04 2.419968106766303903e-04 1.560834966835083493e-01 8.160523415821568189e-04 9.805884369841672014e+05 4.509448507433137856e+05 1.405527605811315880e+05 4.716070510532994753e-01 3.389718202158184722e+05
1.239403622563954954e+01 4.689744723635807411e+00 1.608924352171740679e+00 7.022913562343133798e-01 9.428184588634985763e-02 4.404545747129130717e+00 8.579931601950416121e-29 2.472078968887373577e-28 1.009822437343283700e-29 4.890047292900284170e-01 2.629934131565365890e-29 8.670602627815033811e-04 2.305957151725209191e-04 1.046052283005587070e-04 7.449392688715002209e-02 8.310130849823360762e-04 1.038431827785513015e+06 2.616812330292091705e+06 1.169201149343221332e+05 4.094481496178934976e-01 4.016327225765054463e+05
