# R (Mpc), mean rho (Msol/kpc^3), errup (Msol/kpc^3), errlow, std, median rho (Msol/kpc^3), mean pth (Msol/kpc/s^2), errup(Msol/kpc/s^2), errlow, std, median pth (Msol/kpc/s^2), mean gas-mass-weighted metal (fraction), errup, errlow, std, median metal, mean gas-mass-weighted temp (K), errup, errlow, std, median temp  
#  nprofs 447, mean mh 535639439329.641174, median mh 488553411682.429016 
#  Mass range 11.50 - 12.0 
#  Nhalos 169
3.113230364662173105e-03 2.989198547612503637e+06 1.559215520670679398e+06 9.124986370152719319e+05 2.670415872348132491e-01 2.695318496848895214e+06 5.489681771143630074e-25 4.760201341745324942e-25 1.560381308634424949e-25 3.790754899416645118e-01 3.443065288907168916e-25 1.496173683724129344e-02 8.032299729193375509e-03 5.472457850210717817e-03 2.185717606760494425e-01 1.383781081041671190e-02 1.437880731867251779e+04 3.160270180922409054e+03 1.985289786013590856e+03 1.154519187949301640e-01 1.303988134197325599e+04
5.410174307797641774e-03 1.020477392983708647e+06 7.675447741635295097e+05 2.354846302482512547e+05 2.273331634144624691e-01 8.078400330919642001e+05 1.665424643240620581e-25 1.642533353505679451e-25 4.126167025426677703e-26 3.149103394290481139e-01 1.046127007645220434e-25 1.230575433710258577e-02 6.155449564582773231e-03 4.665571472803001045e-03 2.117452875266458701e-01 1.140466229082069682e-02 1.499314949407241147e+04 5.115914823527356930e+03 9.836192204393883003e+02 1.730143284939680004e-01 1.114958054648089274e+04
9.401805395769324489e-03 4.051100678578365478e+05 2.283945876831854694e+05 1.348978637851155072e+05 2.343198907228903061e-01 3.467958064393831883e+05 1.217252952217097612e-25 1.178559099608738568e-25 4.731806419536939405e-26 3.784421739744461277e-01 7.818210595025713855e-26 8.175733332314034929e-03 4.861381590447151797e-03 2.705610505000380708e-03 2.134264913435118538e-01 7.280477205815475382e-03 2.966398936665417568e+04 2.889201521504507400e+04 3.588663868362285939e+03 3.318783859316972729e-01 1.421393449291120487e+04
1.633846520850827655e-02 1.540540906203001214e+05 7.276298082028882345e+04 6.313761422724710428e+04 2.368809817411788310e-01 1.499292636520124797e+05 1.196551465635841503e-25 9.765088917876621436e-26 5.053724697407320098e-26 3.786082679416302166e-01 8.647741007394683838e-26 5.145543774213571543e-03 3.476288410965518681e-03 1.608477820306718903e-03 2.233648761311232411e-01 4.346623701895192989e-03 6.678429707752361719e+04 6.598537193364847917e+04 2.389480875021504471e+04 3.601105687495459451e-01 4.297134718658232305e+04
2.839299837983852784e-02 4.310485989571527170e+04 2.072087382981117844e+04 1.963029797880824481e+04 2.344843484599571370e-01 4.098843405223752779e+04 6.930474430054364154e-26 7.200994285428448909e-26 2.526238827116176121e-26 3.529481434115337990e-01 4.815174697983275100e-26 3.388311048011834279e-03 2.391641797670914470e-03 1.246834556961321731e-03 2.360741449914945944e-01 2.889513588973238040e-03 1.416879998096878990e+05 1.645647240151661681e+05 4.921182297446962912e+04 3.892970540394188328e-01 8.565054213580915530e+04
4.934137611516303812e-02 9.815802650971105322e+03 7.756801513878618607e+03 2.803248663919018327e+03 2.362361175899780064e-01 7.949857970066605958e+03 3.505523637412217817e-26 3.614729562952368783e-26 1.011150718690253699e-26 3.127031290937781205e-01 2.372999285350354724e-26 2.177245379478971211e-03 1.553474624980835314e-03 1.008682564785699006e-03 2.565359773834676171e-01 1.954607817366880475e-03 2.841957347269663587e+05 3.000879639555934700e+05 1.115248543193011428e+05 3.427437301798073599e-01 2.076277043051280780e+05
8.574548430456500892e-02 2.359404341033735363e+03 1.195580666300520988e+03 6.885367370022638625e+02 1.637647701418117052e-01 2.163626789624678622e+03 1.401553815536118369e-26 1.212401353679687408e-26 4.692884508588682673e-27 2.677334797848120451e-01 1.091808747718722158e-26 1.306502630929311150e-03 9.297456136507498397e-04 6.172995697811414035e-04 2.868845511806978332e-01 1.132732834758758437e-03 3.879028783483140287e+05 1.690806046567345620e+05 1.377898074950572627e+05 1.880325095074088793e-01 3.709864745638645836e+05
1.490085736859895482e-01 8.611765041735909563e+02 3.365023401636611879e+02 2.659622640439714587e+02 1.660219426244600727e-01 8.113588103369612554e+02 4.139865290127182219e-27 2.950425266992790116e-27 1.737710531117698418e-27 2.862480443942584940e-01 3.412095488708509263e-27 9.044581603649034509e-04 6.612796528460676473e-04 3.205442777672205465e-04 2.712953783662668816e-01 7.392227531981354714e-04 3.034245955769389402e+05 1.356266426708048093e+05 9.531903220486448845e+04 1.601854875798085220e-01 2.860569549461866845e+05
2.589472228422751710e-01 2.811171595947972719e+02 1.123030363916663532e+02 9.940624531602563252e+01 1.818457287334973305e-01 2.672343721236301235e+02 1.031771364022547236e-27 9.890138946629911780e-28 4.698371566204214487e-28 3.570295222417290693e-01 7.890231494586026819e-28 6.632068241396505727e-04 4.575084300611016643e-04 2.685187139760686218e-04 2.633769863057331406e-01 5.716145381528181177e-04 2.217526084996822465e+05 1.170656952513622527e+05 6.593827755883816280e+04 2.049473542682365701e-01 1.882848890881226689e+05
4.499986984576546667e-01 8.494443144187701478e+01 4.381451585647027969e+01 2.950587489327795510e+01 2.104420834044386235e-01 7.438203923124373773e+01 3.194878393097074190e-28 3.068907544520947745e-28 9.584559185593247775e-29 4.840924647849882412e-01 1.474496274630915056e-28 4.953727917332518757e-04 4.679862099945710906e-04 1.836456881766306112e-04 3.576218067966985270e-01 3.534494364846027309e-04 2.017446335779871442e+05 1.662020823741552304e+05 5.964073419470844965e+04 3.066650747313671710e-01 1.344356646845816867e+05
7.820081111158523335e-01 3.515396080687153102e+01 3.489121872434882476e+01 1.042411069803446289e+01 3.036098942500295994e-01 2.335208688363312035e+01 2.224984835910490616e-28 2.537343514144827494e-28 2.490754921000474354e-29 7.167158891681759680e-01 3.478364707709748579e-29 4.680501827592493231e-04 6.968776746140940143e-04 1.592614245926031881e-04 5.909425542730232239e-01 2.134515480462220380e-04 2.197433993700687133e+05 2.902647633205343154e+05 5.531176100590047281e+04 4.406267949724413380e-01 1.029128532847617171e+05
1.358974343585863442e+00 2.020623185554333290e+01 2.315198702936760711e+01 5.681663262138808790e+00 3.415993056885431867e-01 1.234925349995316779e+01 2.971682537947836450e-28 2.516572952968080818e-28 1.873799650750964550e-29 8.811038542928490980e-01 2.173627548467020646e-29 5.370261714962591606e-04 1.035524686465151990e-03 1.691202144066797277e-04 7.722931014438608743e-01 2.015755656186267312e-04 2.950276352547142887e+05 4.238926982000774588e+05 8.044967509312296170e+04 5.597992854796444151e-01 1.087393450417231797e+05
2.361626740532650537e+00 1.532233496698907693e+01 1.240336785059590952e+01 5.458202664536008442e+00 3.295457995019714370e-01 1.033241783353040688e+01 5.019067794649881120e-28 1.573558774307338880e-28 2.271140039151793036e-29 8.931098921040114824e-01 2.620401362202240763e-29 6.997775712081844360e-04 6.177978855248368421e-04 5.171486653762724607e-04 6.514240873132945975e-01 6.417987815873461236e-04 4.852451919612220372e+05 3.700913930793743348e+05 1.511081663847667514e+05 5.781568987651993785e-01 1.961344711863872362e+05
4.104036906894324765e+00 1.129931292869068926e+01 8.457065973377629220e+00 3.526864328540167293e+00 2.995807771439540912e-01 7.674978353226029171e+00 4.477318719500585501e-28 1.444182146521021092e-28 2.771663274910647061e-29 8.670606263888461784e-01 3.251088004742503447e-29 8.521779438695928051e-04 4.188308889567219544e-04 4.433799639320261431e-04 3.510591820619542447e-01 8.204861731365896372e-04 8.578647666144383838e+05 4.514773960238063009e+05 1.973425163880866603e+05 5.776372236635778368e-01 2.778656187001914950e+05
7.131998738018977768e+00 7.375115781564166362e+00 2.574060837746176666e+00 2.182175406043259436e+00 1.680490756572933786e-01 6.768966708536871657e+00 1.288048388766545949e-28 4.460200461817344464e-29 2.060608172709762630e-29 5.653779147652308046e-01 3.239682794043605656e-29 8.255316210248113363e-04 2.446847597469979565e-04 2.506696037035995028e-04 1.533218533348047474e-01 7.958456155827892727e-04 6.961885471885064617e+05 2.967616337699479773e+05 1.406938834639844426e+05 4.082817209882258491e-01 3.152006598645001068e+05
1.239399331756889211e+01 4.316819844738015277e+00 1.477269304215974799e+00 4.933803173937394426e-01 9.409075543415729159e-02 4.021192757842213084e+00 7.738286078766906340e-29 2.567042610510328283e-28 6.154743251638972127e-30 5.088713290744115714e-01 2.023873294477160345e-29 8.360869311947611562e-04 3.419405496097143978e-04 1.087944449065738782e-04 9.556662763672620076e-02 7.834325666910775575e-04 9.839795390756218694e+05 2.850958121506679337e+06 9.234872901790746255e+04 4.252458204941431119e-01 3.627570171244858648e+05
