# R (Mpc), mean rho (Msol/kpc^3), errup (Msol/kpc^3), errlow, std, median rho (Msol/kpc^3), mean pth (Msol/kpc/s^2), errup(Msol/kpc/s^2), errlow, std, median pth (Msol/kpc/s^2), mean gas-mass-weighted metal (fraction), errup, errlow, std, median metal, mean gas-mass-weighted temp (K), errup, errlow, std, median temp  
#  nprofs 469, mean mh 550010675278.623291, median mh 502617343884.966675 
#  Mass range 11.50 - 12.0 
#  Nhalos 186
3.113240848277968459e-03 4.856057763042450882e+06 2.498108965494364966e+06 1.413877776171111036e+06 2.157579300505180764e-01 4.173393735500753392e+06 1.343980737974545658e-24 1.250493510216235913e-24 4.291574078945350563e-25 3.886222941050986868e-01 7.922403119103303004e-25 1.659868161113463997e-02 1.097461534231526127e-02 5.993131196849547579e-03 2.355311302048583577e-01 1.478846825975543323e-02 1.875646654813890200e+04 5.950905495793174850e+03 3.303950583135774650e+03 1.532867797000168064e-01 1.616053568073868337e+04
5.410192526233861474e-03 1.877533200396412751e+06 1.058587849788757041e+06 5.800471497239796445e+05 2.301416160553495516e-01 1.669483652841298841e+06 4.449102836409536999e-25 4.722333398437676935e-25 1.677963059218561493e-25 3.718126334551352663e-01 3.003134752895291197e-25 1.078142831566235998e-02 7.392744150578663825e-03 3.827685457518235912e-03 2.447887877524891898e-01 9.170556414770502512e-03 2.407317169697791178e+04 8.257026020412007711e+03 3.295394408381807807e+03 2.369510233320574755e-01 1.390474994822840199e+04
9.401837055782886685e-03 8.203743289194225799e+05 3.660416449992303969e+05 2.801975856252018712e+05 2.067540403303903818e-01 7.894768946290427120e+05 3.652108392761628319e-25 3.799652530826256488e-25 1.594121186692364342e-25 3.740861096041407929e-01 2.673404071690411092e-25 6.953136554964490547e-03 5.349602085136885565e-03 2.538932877038155029e-03 2.492345078983184137e-01 5.799499092429744040e-03 3.706372228494304727e+04 2.709368999971506128e+04 1.368249852889260728e+04 3.196482832902214910e-01 2.663638637926296360e+04
1.633852022730607895e-02 2.227830485227630415e+05 1.383513884588410729e+05 7.521125691331992857e+04 2.192160724904408664e-01 1.926212848062525154e+05 3.210344114005344901e-25 3.159735806840798922e-25 1.392831584521679798e-25 3.447937310647470333e-01 2.472197442265030948e-25 5.188413964637299085e-03 3.708711817385228031e-03 1.989195604542246150e-03 2.565087964340094229e-01 4.286087505911626884e-03 1.216295157186801807e+05 1.151815592423095368e+05 4.328524865724808478e+04 3.712847707904508021e-01 8.147287850940757198e+04
2.839309399155095365e-02 4.465492471335078881e+04 2.292630141085517243e+04 1.222493569826414023e+04 1.867878832312537263e-01 3.936829271925833018e+04 1.706378120118746993e-25 1.808889102424916575e-25 6.630502523331187254e-26 3.207411291408786558e-01 1.245970057297860940e-25 3.944455522335664661e-03 2.740328348760847667e-03 1.543701360565844730e-03 2.662095182991414677e-01 3.372181190207548633e-03 2.747615152830919251e+05 2.923887013439435977e+05 9.284961195740068797e+04 3.017646510978453378e-01 2.098678321525102947e+05
4.934154226927617293e-02 1.189676605582670891e+04 5.280146834243052581e+03 3.574487153658245006e+03 1.623165459588954140e-01 1.100245600214496517e+04 6.961738648975879571e-26 5.899547441138705306e-26 2.462494427382733503e-26 2.926550375067929477e-01 5.237870528747545357e-26 2.701910296813088072e-03 2.325673458904498926e-03 1.393310376409241051e-03 3.134831424709712544e-01 2.342416757827207180e-03 3.745769795400587609e+05 2.003529551540014218e+05 1.476994109658605885e+05 2.095959836206335858e-01 3.406707516598387738e+05
8.574577304732042271e-02 3.914762400900025114e+03 1.721815122950621571e+03 1.137024346732189315e+03 1.595522818540840437e-01 3.679585485321793840e+03 2.291252108448848464e-26 1.609512978476162578e-26 8.550245117431302893e-27 2.492219100356813377e-01 1.934633101303755657e-26 1.517362358423961916e-03 1.742843896900139224e-03 5.971402561271537930e-04 3.463629698088275810e-01 1.093441795705168106e-03 3.778510681368107907e+05 1.385683113844459876e+05 8.959378873150248546e+04 1.409901482243499093e-01 3.495601604171257932e+05
1.490090754633893733e-01 1.209528824139838889e+03 6.037034361641108262e+02 3.448923083668623804e+02 1.620399538960635988e-01 1.106883972600802736e+03 6.183652448561869395e-27 4.576068414715590089e-27 2.681652730931169352e-27 2.888204272945659179e-01 5.143236433974261658e-27 7.888412693222372329e-04 8.333324610125782605e-04 2.073472101682455240e-04 3.600702642427746070e-01 4.772995471780655920e-04 3.221567239992915420e+05 1.299301427361090900e+05 8.383970344046154059e+04 1.625818098004464807e-01 2.928673462338314857e+05
2.589480948314561437e-01 3.293816365144223255e+02 1.600055619899990234e+02 1.166549924753751384e+02 1.894573574348184242e-01 2.951944651649283742e+02 1.396944361247184588e-27 1.199272219516379338e-27 5.838341638762917398e-28 3.879125455234227471e-01 9.225994906124174873e-28 3.752562400943408659e-04 3.344814041844939505e-04 9.482292898226827573e-05 3.818078914907054866e-01 2.024357914836308011e-04 2.498255356047535897e+05 1.215393086676914245e+05 9.196100398504881014e+04 2.362874939618031522e-01 2.110620785863014171e+05
4.500002138011764963e-01 1.169726264957697168e+02 6.266350240136887351e+01 3.255187601968020772e+01 2.387840609467175301e-01 9.109044446504998405e+01 6.330835555172521466e-28 6.508251737848914327e-28 1.029195109071666828e-28 5.665512728390714736e-01 1.699596539938424920e-28 3.801065690858584705e-04 5.363540461282591525e-04 6.946690095370445205e-05 6.590535505531770477e-01 9.520392814998314304e-05 2.307562212360753911e+05 2.398752080352412013e+05 5.754270350019757461e+04 3.588937725810054657e-01 1.260064559866503405e+05
7.820107444810802111e-01 6.722652081011241876e+01 5.721062239981078790e+01 1.991483980255657116e+01 2.922486468882773414e-01 4.700809335490075114e+01 5.911667321387730449e-28 5.736000030455876681e-28 5.050046993793827221e-29 7.528186411101506215e-01 7.074413123280965693e-29 6.238111536353307431e-04 1.364287693014788619e-03 1.485778631883784653e-04 1.058640431796744164e+00 1.677588420104160916e-04 2.569198952697667992e+05 3.093816538159117335e+05 5.652627495677433035e+04 4.793223921031385948e-01 1.026425530961227632e+05
1.358978919850138967e+00 4.408171698173173070e+01 3.728703403240383807e+01 1.256523049756638954e+01 2.719884950600313100e-01 3.173463660390394026e+01 8.089719378633743883e-28 4.253792458606474020e-28 5.030438519119204028e-29 7.571547086199537091e-01 6.544707131146119333e-29 7.790066828006018138e-04 1.134799623880861823e-03 4.294237226533500411e-04 8.136288152700578147e-01 4.874664211728782417e-04 3.228370714645806584e+05 4.134975210603043670e+05 9.419077584893131279e+04 5.016404101040800034e-01 1.392928595137476514e+05
2.361634693168501720e+00 3.098524007636590838e+01 1.784259110639560220e+01 8.994509565860610678e+00 2.206165962633738764e-01 2.514460185889183208e+01 4.957376824586693847e-28 2.011511654326179588e-28 6.292131503628751492e-29 6.433919394272433756e-01 8.404285149082115073e-29 8.513532903142929020e-04 5.667721859598548288e-04 5.378610394516106447e-04 3.975955016066758385e-01 8.284228492644015243e-04 4.484647800984352361e+05 2.971809543703473173e+05 1.608322001632916217e+05 4.443845307588000781e-01 2.444868265889016911e+05
4.104050726991497200e+00 2.547294083818971089e+01 8.227541444066304166e+00 6.095782077668431498e+00 1.840212931051257161e-01 2.204281212561809156e+01 6.174684672913272816e-28 1.266525480071370137e-28 4.555466533662516785e-29 6.366233178935836179e-01 8.093509977268445328e-29 9.220426855800960362e-04 3.894133752434917901e-04 3.135958594087913734e-04 2.084119846096334217e-01 8.420119883576393689e-04 7.967921945326706627e+05 1.989850599531237094e+05 1.064759175942178699e+05 4.636050112241593690e-01 2.489155263544352201e+05
7.132022754595307212e+00 2.125199723390110051e+01 5.471426233037913534e+00 3.015961565761809737e+00 8.612979665657718997e-02 2.043745945097835559e+01 3.055122599019669820e-28 8.881911388202856784e-28 3.390662197005013562e-29 4.993867001271235506e-01 8.946970551297226224e-29 8.855772244497068894e-04 3.579845745336617414e-04 1.696546566512183033e-04 1.165206929981166262e-01 8.475155254104519819e-04 8.103147084937696345e+05 2.124123749499031343e+06 8.727057869169570040e+04 4.263802327626481370e-01 2.971630313204639824e+05
1.239403505359512359e+01 8.499996039479843501e-01 1.739750494774154888e-01 9.812007641597197960e-02 8.490893358767463706e-02 8.012261848393322783e-01 1.351738912263595350e-29 8.675582452083853742e-30 1.280270927397331597e-30 5.101129207727628234e-01 3.296657400793760845e-30 8.529519871629346337e-04 3.072782837389618181e-04 1.703461352605617962e-04 1.569319754550576873e-01 7.723048157283350559e-04 8.076952530751407612e+05 6.327519037113687955e+05 9.697607072404300561e+04 4.357111919302897318e-01 2.848431157042972627e+05
