# R (Mpc), mean rho (Msol/kpc^3), errup (Msol/kpc^3), errlow, std, median rho (Msol/kpc^3), mean pth (Msol/kpc/s^2), errup(Msol/kpc/s^2), errlow, std, median pth (Msol/kpc/s^2), mean gas-mass-weighted metal (fraction), errup, errlow, std, median metal, mean gas-mass-weighted temp (K), errup, errlow, std, median temp  
#  nprofs 500, mean mh 3958346123484.420410, median mh 3532241186927.246094 
#  Mass range 12.41 - 12.8 
#  Nhalos 19
1.633851471008279307e-02 6.431473971341559809e+04 2.908779848646597384e+04 2.362975845225675585e+04 4.636916580527321585e-01 3.510851853186033986e+04 7.702353463554918311e-25 9.109410992248234185e-25 2.752089932195055221e-25 3.838091783319022010e-01 4.613199807549191133e-25 1.297256210559967482e-02 5.653182813046222013e-03 7.160863605074264948e-03 2.070505158784150535e-01 1.324321920481220764e-02 1.765932810838059988e+06 1.084915670229446841e+06 1.133564720764436759e+06 5.483950713762282270e-01 1.597480430334157078e+06
2.839308440371576120e-02 2.499810133472757661e+04 2.712328108926224377e+04 7.309900545022120241e+03 3.759002485172981967e-01 1.376187718870127901e+04 3.895737399392296504e-25 2.438489279451627604e-25 2.141000873746644320e-25 2.822916870491963270e-01 3.691380120382754150e-25 1.002078314628418107e-02 3.950285066986110663e-03 5.642838440020177260e-03 2.044001832429686860e-01 1.107518771039835669e-02 1.628004061145928688e+06 1.246539457819260657e+06 7.087027014477729099e+05 3.634293792967137615e-01 1.383598982658193912e+06
4.934152560752818467e-02 1.117586266489680565e+04 8.707266748474436099e+03 2.422739596018862358e+03 2.955396716702675119e-01 7.338172867947327177e+03 2.151619001327723967e-25 1.149643605564657046e-25 1.437363942414253036e-25 3.078790200034571822e-01 2.242572153512963380e-25 1.034176968432913742e-02 2.513875215954662623e-03 4.901838456272916526e-03 2.570509345366745468e-01 9.868368985200839938e-03 1.599482025219335686e+06 1.430279227287955815e+06 5.637859754463835852e+05 2.684579966059202349e-01 1.260194393433137564e+06
8.574574409252104512e-02 4.985124304980377019e+03 3.104413133513239245e+03 1.320573355037554393e+03 2.574333428556060399e-01 3.833206238460130862e+03 1.404887558448552946e-25 5.524927837734752053e-26 7.783661606889773829e-26 3.713288023663499637e-01 1.231425222682703488e-25 7.926171104659799141e-03 4.732796650298779287e-03 1.774429776888178031e-03 2.155236134020406258e-01 6.867622466985091531e-03 1.790195457922975533e+06 8.145896737704286352e+05 4.766160738644953817e+05 2.087493568962098534e-01 1.669206136943193618e+06
1.490090251457148740e-01 2.639076747068102577e+03 1.493645281895272547e+03 1.134575714358295500e+03 2.898960321459066458e-01 2.364648043809530918e+03 7.099365472619077507e-26 4.306139634714241187e-26 3.365917990736837207e-26 3.814681703360376375e-01 5.742184022651670758e-26 6.029352773672459406e-03 2.316454844449531911e-03 1.956897062389816380e-03 1.705207215320668768e-01 5.908764537532652447e-03 1.823774418427528581e+06 7.738171188661372289e+05 9.361501583681395277e+05 2.145416530875072225e-01 1.744018905955099966e+06
2.589480073893599132e-01 1.003593300319513219e+03 6.283453637024381351e+02 4.349789838073685360e+02 2.616988092838026803e-01 9.189577133552656960e+02 2.434267838069441627e-26 2.165521162203640024e-26 1.226737236926355273e-26 3.162726002609086429e-01 2.105811516839783754e-26 4.065494572436247067e-03 1.915956756340171825e-03 1.521996698542350552e-03 2.050077368947797463e-01 3.610129204387805407e-03 1.651007347588828299e+06 7.989978279593747575e+05 2.522886255957519170e+05 1.728814529107297049e-01 1.366077499449201627e+06
4.500000618442288047e-01 3.334246365186484695e+02 1.017114347130288365e+02 1.194307963295943864e+02 1.662482659009127950e-01 3.219542140993420958e+02 5.770357739483384713e-27 4.164913653690033808e-27 1.498524703286214916e-27 2.537447257038082937e-01 4.659649278265511451e-27 2.489677367910721889e-03 5.239321816473034923e-04 6.791264344880555085e-04 1.541760151283420310e-01 2.344079520297138921e-03 1.111090151602989063e+06 4.981020058655703906e+05 2.586478815333754756e+05 1.431282090575373422e-01 1.048101454743509414e+06
7.820104804101706275e-01 1.259778338679767131e+02 4.027890063895276285e+01 3.653664660502995787e+01 1.692364449545908089e-01 1.156665557208091286e+02 1.505921383715524898e-27 9.081766052869486033e-28 5.491419715892635958e-28 2.828948178322165385e-01 1.093110802275487714e-27 2.123644458278340242e-03 9.252034484181484095e-04 5.240942680263870144e-04 2.163529093531241509e-01 1.934193069911270199e-03 7.432941492028879002e+05 3.317686681643639458e+05 2.629293470275400323e+05 1.491733509251619294e-01 7.253550260469132336e+05
1.358978460947493527e+00 5.244488083341625639e+01 1.255584742543875620e+01 6.103534211810064392e+00 8.582503012166459166e-02 4.937183922685986914e+01 3.968539124529250240e-28 2.352517197933974616e-28 1.265014713640121916e-28 2.089039694451447216e-01 3.730997699549994485e-28 1.668098605624273407e-03 6.403481166947513036e-04 4.201534061504350482e-04 1.352619859430634897e-01 1.576946444205378720e-03 4.948411224751633126e+05 1.560838319322231109e+05 1.084280635285760509e+05 1.485691482946404629e-01 4.737484307669350528e+05
2.361633895687103912e+00 2.844314422784320939e+01 8.434957512710699490e+00 1.040113484539089583e+01 1.245641182518867907e-01 2.926352003077589714e+01 1.768613222421572905e-28 1.251981037335407382e-28 9.735257090529219691e-29 2.961606273657942379e-01 1.576651990470227468e-28 1.508183169151419614e-03 4.777830936415056445e-04 6.940859285724204457e-04 1.629318228444769645e-01 1.594013760818659186e-03 3.854019341244309908e+05 1.527701108656106517e+05 1.225277013602911029e+05 1.867771257976516830e-01 3.573667514263239573e+05
4.104049341127662842e+00 2.239408952445520740e+01 6.649848476074510017e+00 3.288318427769276298e+00 1.510061906197088799e-01 2.009528733599904626e+01 4.367526278595040943e-28 1.245613417074136856e-28 3.748684229808080802e-29 5.293473563678749993e-01 9.178368869860725901e-29 1.468574092279907508e-03 5.281810450016273875e-04 3.880497084513656169e-04 1.517460622076655663e-01 1.409183046059463151e-03 7.239114293788449140e+05 2.232663416306386935e+05 1.294858317778770870e+05 3.877387570386095494e-01 3.361812698158613639e+05
7.132020346239977826e+00 1.758249733765603295e+01 6.268803709810757852e+00 1.582099216432172994e+00 1.064618010531813291e-01 1.676751371093206089e+01 3.190837504253650357e-28 1.167296605606626393e-27 3.496054785188459061e-29 5.722299477809991153e-01 7.950995567984256593e-29 1.357100648493564160e-03 6.347529437967357885e-04 2.740763493541764975e-04 1.236208187758035398e-01 1.276342167025229773e-03 9.533553457121086540e+05 2.988251632551944349e+06 1.018308750232990424e+05 4.753755204169493598e-01 3.066547642225991003e+05
1.239403086835325674e+01 1.339581972504624741e+00 1.176970971417017342e-01 1.934555676164555482e-01 4.861475497860629630e-02 1.374733666790333375e+00 6.966403683840100043e-30 3.536070424592910915e-30 2.981321555814149874e-30 1.988029899715968996e-01 6.390027387819871861e-30 1.209903618386373595e-03 1.313510617293115867e-04 1.991299605715911650e-04 6.495102017844900377e-02 1.214750547030093650e-03 3.419545104978319141e+05 1.195819364091126481e+05 1.447766220368168433e+05 1.568064437654624332e-01 3.399484919852614985e+05
