# R (Mpc), mean rho (Msol/kpc^3), errup (Msol/kpc^3), errlow, std, median rho (Msol/kpc^3), mean pth (Msol/kpc/s^2), errup(Msol/kpc/s^2), errlow, std, median pth (Msol/kpc/s^2), mean gas-mass-weighted metal (fraction), errup, errlow, std, median metal, mean gas-mass-weighted temp (K), errup, errlow, std, median temp  
#  nprofs 462, mean mh 2002878986900.710205, median mh 1957745836985.802246 
#  Mass range 12.21 - 12.4 
#  Nhalos 19
1.633852022730607895e-02 2.692040098745346186e+05 1.816960450183067587e+05 1.616459904300818453e+05 3.549929805818204942e-01 2.599605032768414821e+05 9.077224389239885100e-25 8.620524977018600777e-25 4.001611221519612547e-25 3.463948542337974557e-01 7.684515596681959752e-25 8.443733429603434565e-03 5.726558905368554081e-03 3.368624256754818545e-03 2.167242438950904015e-01 7.294102148209358205e-03 3.316159902976069716e+05 2.651039470379610430e+05 1.846694628250535752e+05 4.098200801037345520e-01 2.763203495343698305e+05
2.839309399155095365e-02 7.266689319505379535e+04 5.974889347546108183e+04 3.684834007365911384e+04 2.639298761900864543e-01 6.943732952462448156e+04 5.862032046799764858e-25 3.094418107345267101e-25 3.586164395424463248e-25 3.008252081054645921e-01 6.096279845987850589e-25 6.467057265581718957e-03 3.995445049247352103e-03 2.185250183136071538e-03 2.220301171666307083e-01 5.680740584294317018e-03 6.745647779525024816e+05 6.834637994174065534e+05 2.430419227947154432e+05 3.262513622680814351e-01 5.439300138389330823e+05
4.934154226927617293e-02 2.435207105667693395e+04 2.533370546856795045e+04 8.515089529048316763e+03 2.485923980927199906e-01 1.945132723760146837e+04 3.127612990538479716e-25 1.911460478345978793e-25 1.081035576909143920e-25 2.158755032956866937e-01 2.901546591331360811e-25 4.513084009217634140e-03 2.077161283013169435e-03 1.272432695227423364e-03 1.820771407626392557e-01 3.965401517636454008e-03 1.002381813888816279e+06 4.934383989583795192e+05 2.424491889734099386e+05 1.936218665067048206e-01 8.927771121894269018e+05
8.574577304732042271e-02 8.672586685863308958e+03 2.938748376709881995e+03 3.956449529616949803e+03 1.891483466503647848e-01 8.911309248496609143e+03 1.451262029142414916e-25 8.216132421492539525e-26 4.481459693701587675e-26 2.157155640346055114e-01 1.352263673392527428e-25 3.197132021230115854e-03 8.738261327579455520e-04 1.246199383828345327e-03 1.820353823935536297e-01 3.204901474019821242e-03 1.139732763565636938e+06 2.905245142116574571e+05 2.962461409280741354e+05 1.127892235600310156e-01 1.141193956832602620e+06
1.490090754633893733e-01 3.413326985382662770e+03 8.256212912676255655e+02 1.100281521690448244e+03 1.496563353192217338e-01 3.557813959093995436e+03 4.652009785668220214e-26 1.811986222508337606e-26 1.074694117840099633e-26 1.589185251175065372e-01 4.271435423851447886e-26 2.002123742952289284e-03 7.824216251359828508e-04 6.079625116678299360e-04 1.814375966273475416e-01 1.898662746918227317e-03 9.399789828780532116e+05 2.267712271153529873e+05 1.887057898972764378e+05 1.065062637372985455e-01 9.183699434344173642e+05
2.589480948314561437e-01 1.055254817364585961e+03 3.042492782293649043e+02 1.643540924155030325e+02 1.171565438379963825e-01 1.007088949257848867e+03 1.068743960460795671e-26 4.829530750863793050e-27 4.642582513627491484e-27 2.081876374961007248e-01 1.055647735448090710e-26 1.350500405668384222e-03 9.389526723206998229e-04 3.428091050145249796e-04 2.694654925551583369e-01 1.159736395097492236e-03 6.713581372586023062e+05 1.550400946641518967e+05 2.001323948637311696e+05 1.290118714740761674e-01 6.623525782909798436e+05
4.500002138011764963e-01 2.870040337249926097e+02 1.257363100065309425e+02 5.685663866083751827e+01 1.771839850527822391e-01 2.467403475639589772e+02 2.028665241527377559e-27 1.419875686108988702e-27 5.939421152692709479e-28 3.198409642855091772e-01 1.405734909157911653e-27 1.004468591036914620e-03 8.265936422102303401e-04 4.560760553109241100e-04 2.640907579826844986e-01 8.791248091161946252e-04 4.297807152268413920e+05 1.663508022977520013e+05 1.170751029690570431e+05 1.621423359709425194e-01 3.932141272074201843e+05
7.820107444810802111e-01 1.077934841361053344e+02 5.573905965836735277e+01 5.512801059235886214e+01 2.271031897694300583e-01 1.013973798865556830e+02 7.279163097100316352e-28 8.211092238669304599e-28 4.130393225056842684e-28 5.336292624093464942e-01 5.241748666495481245e-28 1.133207731634838225e-03 1.119845477674332769e-03 8.926460737030498258e-04 4.909348311896852834e-01 1.015116795112967155e-03 3.675086934944742243e+05 1.782996070914114825e+05 3.064718675324377837e+05 3.170780177964783730e-01 4.360416668060927186e+05
1.358978919850138967e+00 3.970752412471561854e+01 1.188050855659920302e+01 1.102156768924942654e+01 1.563699828676860248e-01 3.997518976909619681e+01 1.274110063222118149e-28 4.340155527006414749e-29 7.994976286487730605e-29 4.394334935088428096e-01 1.385125033036852763e-28 5.436257015821312037e-04 3.758484803623162460e-04 3.736739632390544217e-04 4.726412381851584632e-01 5.042919383933493812e-04 1.990856004220940231e+05 1.076423230488013360e+05 9.280995527214335743e+04 3.024470458956667329e-01 2.027123069184214692e+05
2.361634693168501720e+00 2.786726714089968482e+01 1.796786966641074912e+01 3.890268519837196237e+00 1.716251659137751351e-01 2.325397565063626359e+01 1.211718637717100652e-28 1.452201231995347442e-28 3.747034743691277798e-29 4.792846446004229710e-01 6.275122168250964739e-29 5.643552771137773458e-04 3.724256195082882148e-04 2.858988583919864308e-04 2.750106053321778043e-01 5.327808601418173142e-04 2.344624959710408584e+05 1.713092530936015537e+05 9.719861195803679584e+04 3.241882217186339843e-01 1.860866715605551726e+05
4.104050726991497200e+00 2.327564457869241821e+01 9.624482442867542176e+00 4.652641023293913491e+00 1.519833746281108733e-01 2.056586481893755902e+01 4.399663500738748575e-28 8.062813326158146111e-29 3.092281489023073178e-29 5.669578777764021638e-01 6.940786275103436038e-29 6.594636190181112903e-04 1.467393103420585893e-04 1.692458633310903703e-04 1.898669897399020701e-01 6.139452300429902630e-04 7.078939630617742660e+05 2.285009944878960960e+05 8.624126084339921363e+04 4.407424882331926197e-01 2.287277841908256523e+05
7.132022754595307212e+00 2.092639053959338469e+01 5.388182452064658179e+00 1.442702887954503410e+00 8.682882916976793208e-02 1.885552726894489339e+01 2.884027327522511804e-28 2.645635784040803982e-28 2.659469313264730618e-29 4.924114085903094074e-01 8.001318597252929574e-29 6.462504312381509974e-04 1.546097516203022351e-04 1.617463804283903882e-04 1.261762694460043244e-01 6.233085337302855973e-04 7.238143375123630976e+05 5.775285429169579875e+05 8.140885640259564389e+04 4.106309625968344590e-01 2.943394016900134156e+05
1.239403505359512359e+01 1.038606906787418405e+00 1.020626780154918478e-01 8.516075346008689095e-02 6.121798321125668241e-02 1.004983486526043190e+00 1.594728770629032950e-29 8.004391191971145921e-30 1.304567415258443271e-30 4.676419224414010700e-01 4.376757351368605262e-30 6.726082177767363094e-04 1.170754068023387899e-04 1.600482812663236911e-04 1.296613213878790583e-01 6.504531608786558302e-04 8.340697387061935151e+05 4.616449633244862780e+05 1.035826617030079360e+05 4.208734031162910671e-01 3.224013282536633778e+05
