# R (Mpc), mean rho (Msol/kpc^3), errup (Msol/kpc^3), errlow, std, mean pth (Msol/kpc/s^2), errup(Msol/kpc/s^2), errlow, std, median rho (Msol/kpc^3), median pth (Msol/kpc/s^2) 
#  nprofs 417, mean mh 3998758464493.588379, median mh 3911319437653.665527 
#  Mass range 12.41 - 12.8 
#  Nhalos 24
1.633847485430494142e-02 4.371692176120597287e+04 6.018287167840081383e+04 1.345092666101141549e+04 3.818136510591153554e-01 7.412292277617612248e-25 2.700933405939421099e-25 2.396480880501359179e-25 2.037673812927883465e-01 2.576966243707720423e+04 6.649223883044501412e-25
2.839301514231197185e-02 2.146719648524557124e+04 1.760868529583740747e+04 6.215693128649701976e+03 2.774232173337299878e-01 4.762834864481694309e-25 1.112472103406143445e-25 2.108726999050536342e-25 2.138992952895250599e-01 1.496143046835907080e+04 4.735083010446515624e-25
4.934140524500327946e-02 9.357350501974522558e+03 7.160881010676464939e+03 3.330934862293867809e+03 2.328167891875611573e-01 3.131735660480983693e-25 1.433987931108150494e-25 8.432943998931847782e-26 2.434810582199651852e-01 8.122730586088566270e+03 2.737290413726605484e-25
8.574553492642551789e-02 4.865061355997114333e+03 3.651853857744727065e+03 1.199972345202062570e+03 1.999477707866698373e-01 1.744281006642646086e-25 1.155917753686856323e-25 5.025160592044069643e-26 2.567482554272797479e-01 3.991650898924746798e+03 1.495612366988009694e-25
1.490086616567007083e-01 2.612166261186171596e+03 1.199815267780712929e+03 1.101443100395027159e+03 1.737299237693763487e-01 7.325278912711184347e-26 3.601928951598704955e-26 2.337415903040231142e-26 2.127501706727684683e-01 2.642598776376392379e+03 6.667206447103453622e-26
2.589473757178498703e-01 1.271507270813440073e+03 5.478540150347248527e+02 5.063432353879082939e+02 1.720214019169789277e-01 2.663365557034180675e-26 1.737748827608404759e-26 6.066482210786762613e-27 2.106095901900033041e-01 1.260284175137148395e+03 2.228546276569917454e-26
4.499989641249551586e-01 4.172204564192812200e+02 1.949353685298963796e+02 9.485292318572447812e+01 1.461341453628618448e-01 6.090767067473982716e-27 5.345968961570896881e-27 1.402538299828498705e-27 2.334893255577982496e-01 3.738964018185639020e+02 4.728848530722324947e-27
7.820085727927073016e-01 1.052852446344684978e+02 4.255634854396453193e+01 3.146905295978810102e+01 1.333550675944317199e-01 9.699612057371321632e-28 7.355563442356349361e-28 4.151797120253008164e-28 2.934329905447785047e-01 1.033620797271384504e+02 7.988491468389899567e-28
1.358975145888284608e+00 3.732484994268016720e+01 1.938466329687064871e+01 1.076438476337918004e+01 1.779766783546685716e-01 2.733859497602061293e-28 2.308816431096104871e-28 9.818813604415723179e-29 3.867670148038738209e-01 3.281652967772634355e+01 1.665281633566256624e-28
2.361628134774462762e+00 1.814303486392325837e+01 1.118097744011790340e+01 5.817957429477900178e+00 2.075668275337503033e-01 1.216735289124698294e-28 8.203687860461810222e-29 5.516533742448358498e-29 5.045457128709628369e-01 1.555826176287179408e+01 6.967422208621265892e-29
4.104039329808901293e+00 1.010400191059979669e+01 4.541480326657611144e+00 3.249945631300721338e+00 1.573987449896701862e-01 5.526541742543504669e-29 4.969438566943571376e-29 3.564698584771555554e-29 4.415284642975122464e-01 9.418754340142587722e+00 4.624264902497539088e-29
7.132002948561937394e+00 9.244169230542132354e+00 3.333868444757797533e+00 2.612381887690526483e+00 1.658304695381442595e-01 2.391211875014083448e-28 1.783031877858733877e-28 2.441071891296124638e-29 6.745268818735096206e-01 8.619712308193111738e+00 4.795793007008094387e-29
1.239400063465394020e+01 4.172315399095743338e+00 1.368427219003539363e+00 6.276323299420116797e-01 1.090197487426785294e-01 9.415780908150179464e-29 2.548339503519938029e-28 7.316648350788269343e-30 5.879459434738659729e-01 4.029369117427712865e+00 2.137506778487239319e-29
