# R (Mpc), mean rho (Msol/kpc^3), errup (Msol/kpc^3), errlow, std, median rho (Msol/kpc^3), mean pth (Msol/kpc/s^2), errup(Msol/kpc/s^2), errlow, std, median pth (Msol/kpc/s^2), mean gas-mass-weighted metal (fraction), errup, errlow, std, median metal, mean gas-mass-weighted temp (K), errup, errlow, std, median temp  
#  nprofs 443, mean mh 4084174368150.424805, median mh 4045439782538.404297 
#  Mass range 12.41 - 12.8 
#  Nhalos 28
1.633859116181033549e-02 2.217591526471902325e+05 6.074666676317079691e+04 1.518194684663182416e+05 3.764354952642496865e-01 2.324761029378480162e+05 1.438020245747986672e-24 7.627483063504738275e-25 4.242302635094246126e-25 2.626221854245675558e-01 1.290750211003591342e-24 4.824388144055019416e-03 9.059172653238878672e-04 1.984175214121002527e-03 1.939739401355309034e-01 5.042345297048988866e-03 8.544010502027793555e+05 7.931046910946518183e+05 1.857663436225954210e+05 4.507460316909048248e-01 4.558890119494078681e+05
2.839321726159124010e-02 5.773249068622393679e+04 2.679412593456517789e+04 2.867265518697226798e+04 2.555229346091419940e-01 5.468921686154886265e+04 1.145976930334016204e-24 8.633353078618440167e-25 2.594042524837442357e-25 2.048927028213617940e-01 9.258575791282357214e-25 3.782774744650739540e-03 1.439132965184261592e-03 1.285791671757475704e-03 2.065316452587540597e-01 3.626186051887574958e-03 1.654870196111803409e+06 9.995793255242370069e+05 8.014712325215677265e+05 2.754193238922221232e-01 1.572753901452108286e+06
4.934175648805434050e-02 2.345014655331375980e+04 9.291505930611783697e+03 1.159810121726324360e+04 2.148370184471084521e-01 2.405758590926038596e+04 7.024485768345490741e-25 4.145588499297883386e-25 1.609353600419197503e-25 2.050191111293444557e-01 5.765382939818639013e-25 2.657129974115596174e-03 1.356604505457851325e-03 8.195641321467723138e-04 1.873331238069752824e-01 2.472093217416578090e-03 2.171592292224978097e+06 9.221088315130146220e+05 9.334049092594985850e+05 1.828881920073202605e-01 2.101002121263704728e+06
8.574614531689064845e-02 1.194462069841065932e+04 4.639293279959747451e+03 5.397974310113832871e+03 2.085100250824001578e-01 1.192511225768082295e+04 3.292423176748401087e-25 2.352746843709649226e-25 6.702836803455160507e-26 2.043911629272414654e-01 2.680359968278635038e-25 1.927260689024186098e-03 6.547119188957152558e-04 4.391240381004446122e-04 1.448492235171278952e-01 1.830999511959918290e-03 1.938120408773977077e+06 9.841857476408353541e+05 2.875488223914417904e+05 1.379258567163214599e-01 1.641508158763356740e+06
1.490097223937570103e-01 5.324581604903149127e+03 1.646817401718391920e+03 2.171038139206495543e+03 1.880181115388910307e-01 5.435325908645085292e+03 1.221277811381548828e-25 7.343137969988749049e-26 2.755083360612643192e-26 1.965011386762662293e-01 1.026020175312855683e-25 1.376982728150789566e-03 6.029663217890350070e-04 3.189100262036647206e-04 1.530318234891830664e-01 1.275051552340059676e-03 1.597682988286811160e+06 7.090100165359086823e+05 3.058191260847998783e+05 1.389348328284722989e-01 1.427662784109614557e+06
2.589492190675852235e-01 1.878609063987303898e+03 6.332733115744226779e+02 5.546243971166893516e+02 1.516449399002746945e-01 1.878437433241935196e+03 3.235264052850058039e-26 2.166881530660345789e-26 8.887247778387526719e-27 2.151086545332365763e-01 2.666941473035485813e-26 9.534755300420536114e-04 3.476955671542758790e-04 2.499518418363259019e-04 1.753373213171040557e-01 8.529438596411647797e-04 1.153039864150298061e+06 4.553910455637623090e+05 2.611453595142264385e+05 1.423571903646468351e-01 1.056995727738779504e+06
4.500021674996532717e-01 4.378339353967227225e+02 1.459861418316830850e+02 1.220249519240658174e+02 1.418590030406453040e-01 4.121967128590885068e+02 5.523197513790960968e-27 4.856395189515671015e-27 1.631443086981368350e-27 2.796884873691929951e-01 4.146279181600950567e-27 5.940386281522776635e-04 5.351792082034043802e-04 1.719697646546362738e-04 2.436476991296319672e-01 4.474926680879831738e-04 7.771802018456648802e+05 3.706077843853117665e+05 1.785920888289568247e+05 1.517262160145704808e-01 7.257211381883994909e+05
7.820141396199125072e-01 9.434698450347471521e+01 6.440798085958411434e+01 2.956070226156150227e+01 2.020565202916313197e-01 7.926116126077434387e+01 7.626140164965200978e-28 7.909075316741459036e-28 2.936085348031785766e-28 3.702684043305921047e-01 4.872440464863488565e-28 3.810018673980498233e-04 5.999298333041379544e-04 1.434692253155263461e-04 4.564269303354732688e-01 2.085423411913701159e-04 4.648434167333934456e+05 2.066471875510745449e+05 1.586834251203551539e+05 1.861590802563723168e-01 4.181010870752144838e+05
1.358984819925215248e+00 3.539752080872504081e+01 1.851255227736364972e+01 8.610684427654160089e+00 1.848577591936723108e-01 2.934803406575978002e+01 2.430381181933918776e-28 1.717742774883339839e-28 7.193250223417872395e-29 4.143929568348256320e-01 1.218733473848886842e-28 3.642016806142451711e-04 3.611139028029104292e-04 1.656410774360105747e-04 4.390518122303530557e-01 2.627460497906701302e-04 3.403060517897199024e+05 1.532721587582158973e+05 1.349243804325228848e+05 2.468330241900292266e-01 2.903918069930646452e+05
2.361644946323858463e+00 1.957502781237460354e+01 1.248164222828795289e+01 7.651306811351080484e+00 2.158940886031891770e-01 1.768069608983140739e+01 1.314634844339021640e-28 1.204704057504074091e-28 7.921834369515418036e-29 5.848332115701017075e-01 9.107426408514936828e-29 3.784770529239589454e-04 2.230689483680087844e-04 3.583291878110457995e-04 5.320229034328763928e-01 4.083885958411954823e-04 3.261241034765901859e+05 2.292689210702834534e+05 2.174026695584759291e+05 3.841544106754387067e-01 2.925972871518805623e+05
4.104068544933373808e+00 1.228414042256870609e+01 6.534792707604065498e+00 3.951329684241196460e+00 1.653363825856704883e-01 1.162292189635412143e+01 7.434349771308911754e-29 7.038896438624949696e-29 4.317591371282884589e-29 4.982111504093748588e-01 5.581408119630815832e-29 3.489881937074206550e-04 1.628511066247558892e-04 1.712373916232776713e-04 2.435132747012468124e-01 3.637072876341634550e-04 3.416060683018643758e+05 1.877134302745334571e+05 2.146253112613827980e+05 3.448496014631111106e-01 3.238083793283245759e+05
7.132053718629468797e+00 1.062903696227967920e+01 5.462437281924923838e+00 2.816630298766270357e+00 1.611781432450854201e-01 9.668156868997975550e+00 3.182597035878889573e-28 7.128110670274048997e-28 4.029715606923552306e-29 6.779811389636947183e-01 6.461721444128373968e-29 4.111305542844570396e-04 2.112498394162427829e-04 7.719439198009968479e-05 1.986194220844674230e-01 3.755226171183933203e-04 1.322713332247833256e+06 2.911158346252365503e+06 1.666802459098846884e+05 5.266244420175193452e-01 4.000929948091162369e+05
1.239408886291934841e+01 3.788651871376196745e+00 9.406572312700403060e-01 5.291487570306321331e-01 9.945258537797216358e-02 3.685155655794173590e+00 7.482732427782904486e-29 1.460347035533574014e-28 9.454164433501029057e-30 5.393798447122056805e-01 2.061994884243602432e-29 3.768784144231941994e-04 2.112771487481780036e-04 9.086932912361891587e-05 1.473930836585990167e-01 3.414217704883450643e-04 1.068423385023249779e+06 2.292907507684361655e+06 1.089370266135879210e+05 4.515648595699695012e-01 3.872491028811758151e+05
