# R (Mpc), mean rho (Msol/kpc^3), errup (Msol/kpc^3), errlow, std, median rho (Msol/kpc^3), mean pth (Msol/kpc/s^2), errup(Msol/kpc/s^2), errlow, std, median pth (Msol/kpc/s^2), mean gas-mass-weighted metal (fraction), errup, errlow, std, median metal, mean gas-mass-weighted temp (K), errup, errlow, std, median temp  
#  nprofs 447, mean mh 547964527689.223450, median mh 496068154978.620667 
#  Mass range 11.50 - 12.0 
#  Nhalos 173
3.113241142682221171e-03 3.188746168605794664e+06 1.397092494759731460e+06 1.046793174600576982e+06 2.782430595452110578e-01 2.985594911799139809e+06 8.412692086779092826e-25 5.280711933953185890e-25 2.128033165867824641e-25 4.020980918156185635e-01 4.171328638237946338e-25 1.564495266642771526e-02 8.359626417088993761e-03 5.855055175254978567e-03 2.238714441964731183e-01 1.421086094708266107e-02 1.944056822680497498e+04 3.588919157808059026e+03 2.061060732561896657e+03 1.800633991403821632e-01 1.414642919548992904e+04
5.410193037849813334e-03 1.205207736627927283e+06 5.691880554778550286e+05 4.496006047199144959e+05 2.536266109207934161e-01 1.107940737943504704e+06 2.013325924371913791e-25 1.252896138112944751e-25 5.621103349205371629e-26 3.244801241936027258e-01 1.298935619066211467e-25 1.282624867490747902e-02 6.962277521599670796e-03 4.132523511329836037e-03 2.035050441055607506e-01 1.174280221927197047e-02 1.631953813858111789e+04 3.542480082446598317e+03 1.714033927137828869e+03 1.790665257513593955e-01 1.191573270898581177e+04
9.401837944869510452e-03 5.044319171070763259e+05 2.413590462173823034e+05 2.196573942705234513e+05 3.484634860576791837e-01 4.798986751998014515e+05 1.495586792360207765e-25 1.611798088480602426e-25 3.566358578087128029e-26 4.024633912334598107e-01 7.382872089917059121e-26 8.587490021162658138e-03 4.356992287995170750e-03 2.762152885383809160e-03 2.076364368533601679e-01 7.692466038858341258e-03 3.864140513143204589e+04 3.044479397696596789e+04 2.679065252396540018e+03 3.653048009458071954e-01 1.315093501119000211e+04
1.633852177236155140e-02 1.924044382105195255e+05 8.267433820361975813e+04 6.795627843173468136e+04 3.219250077096003637e-01 1.793242481170945975e+05 1.290738158292320943e-25 1.109409373572185467e-25 5.804349081387249437e-26 3.566567161595186608e-01 9.699735737514352158e-26 5.828512382552761273e-03 3.515324539286762175e-03 2.263154764309303207e-03 2.276810560459764654e-01 5.249399369351314369e-03 7.299070614423956431e+04 6.914598443318397040e+04 1.675933649418357527e+04 3.837875349707721706e-01 3.694780683224101085e+04
2.839309667654963537e-02 5.034612522746642935e+04 2.718498072671265254e+04 2.050234426296082529e+04 2.870154126102630321e-01 4.607147405445941695e+04 6.496924617090334806e-26 6.130639211179618311e-26 2.194072191041682630e-26 3.251152960919597157e-01 4.613166923197757926e-26 4.341766024051379319e-03 2.730086214150212378e-03 1.776686209143083905e-03 2.481278341487921923e-01 3.816448978060249606e-03 1.206672800464300090e+05 1.146571395343542245e+05 3.686112729543060414e+04 3.626806591625556520e-01 7.445083715216706332e+04
4.934154693526905666e-02 1.059773202256588047e+04 8.104432059353473960e+03 3.868339009935594731e+03 2.708341631415011053e-01 8.892647688623759677e+03 3.054469529336471520e-26 2.551035143189367789e-26 9.502828980247226043e-27 3.129389313961352115e-01 2.073801668110629818e-26 2.927648696378938164e-03 2.192534719169456515e-03 1.339245724513659763e-03 2.765224089886741954e-01 2.545541177472278749e-03 2.374674120939340501e+05 1.733263782980902470e+05 1.245077060315328272e+05 3.392158404477850775e-01 1.996776723541638930e+05
8.574578115588683824e-02 2.387182702649705334e+03 1.397315791510001418e+03 6.729322120259407711e+02 1.887038172961721105e-01 2.107810020405362138e+03 1.302728557767189125e-26 1.054787934185699919e-26 4.263262399697059949e-27 2.842569420365422816e-01 9.694963018439538886e-27 1.854288869035562205e-03 1.660403089583203451e-03 9.018716355137751210e-04 3.180588913989428335e-01 1.542064328897799512e-03 3.532655118457913049e+05 1.678815218865137431e+05 9.605380858326947782e+04 1.766364420149479364e-01 3.170287563441002276e+05
1.490090895544625982e-01 8.214765767969555554e+02 4.343884705642120707e+02 2.540811163494602170e+02 1.806694285268671263e-01 7.497316860319987200e+02 4.107392315828188702e-27 3.449326917889119918e-27 1.476063479484190758e-27 2.959798262500858423e-01 3.106610565988137727e-27 1.200467503100126213e-03 1.082858242952346303e-03 4.767775574096462781e-04 3.080152465072665269e-01 9.406215998022740294e-04 3.224775061601736234e+05 1.294405886001734762e+05 8.872852024300833000e+04 1.856350028110791972e-01 2.861752703364745248e+05
2.589481193189351327e-01 2.581584932869313889e+02 1.226722844091285367e+02 9.487655380438027919e+01 1.872096511120484308e-01 2.415463683247757274e+02 1.138804478914078304e-27 9.783876412422908701e-28 4.510394036647806219e-28 3.747614962506576330e-01 7.710433900978893438e-28 7.805007608600322572e-04 7.424912104743308519e-04 3.327647150971981861e-04 3.212674877497520565e-01 6.064094056906333503e-04 2.665365035763499327e+05 1.134991332143685140e+05 8.754472346533814562e+04 2.425891641190384973e-01 2.112728137456307013e+05
4.500002563555373647e-01 8.065785623176758179e+01 4.738180020895504185e+01 2.769683908555479945e+01 2.325682079610115471e-01 6.690713736735420980e+01 4.631609355133055357e-28 3.595762710616063651e-28 1.065888713502534310e-28 5.325232883508025372e-01 1.595297015246779176e-28 5.978886617693839533e-04 7.321596986266548125e-04 2.434678400154284235e-04 4.356373871213898297e-01 3.694956924916405401e-04 2.517690688429011789e+05 2.181672315278749447e+05 6.723969509209837997e+04 3.377603692274759872e-01 1.490542860157156829e+05
7.820108184320838651e-01 3.339048774357982552e+01 2.904919268140084654e+01 9.971859902771448958e+00 3.173797626879535372e-01 2.171085004782010941e+01 3.918133047336864511e-28 3.081295335960450508e-28 2.158496233227653281e-29 7.457246353001629746e-01 3.066496503318026520e-29 5.390907237014113968e-04 8.750270433966482637e-04 1.953159489796379772e-04 6.598605378051561887e-01 2.346249514711238216e-04 2.701848619174984051e+05 3.442903352099132608e+05 6.518963000662339618e+04 4.603202912249020340e-01 1.118199915871414851e+05
1.358979048362254582e+00 2.075609293924089727e+01 2.113985970245135348e+01 4.677444745517636449e+00 3.581197164390721999e-01 1.093658159774586380e+01 7.091709343265943131e-28 2.263118596928984871e-28 1.852709759648720902e-29 9.033620783715388125e-01 2.117669671416866983e-29 6.856415034215012803e-04 1.148941639746616037e-03 4.266390544743542054e-04 8.385992875756683729e-01 4.552826165588171265e-04 3.624598850808010902e+05 3.925594434990541777e+05 1.069371550006903854e+05 5.700694302484851095e-01 1.355762530400426185e+05
2.361634916496962333e+00 1.409359381056338734e+01 1.083407408108975289e+01 5.271525712304162781e+00 3.374902523423401468e-01 9.556765750393381609e+00 4.470055850766998433e-28 1.452706306427650589e-28 2.458315023032383799e-29 8.815990517872416277e-01 2.838178083103541455e-29 8.895074885590161526e-04 8.999548495400491038e-04 6.237009207779529432e-04 6.119097376328422877e-01 7.829816807426288015e-04 4.930373479262153851e+05 3.744431864860339556e+05 1.739791526216069178e+05 5.591714961280814800e-01 2.330439099411426578e+05
4.104051115091881030e+00 9.844471624945349220e+00 7.564539661141260751e+00 3.083899771099527065e+00 2.964166468425734058e-01 6.804848126170938372e+00 3.491247213952792388e-28 9.228026933957780892e-29 2.480036066740863669e-29 8.079605042181372543e-01 3.019207442615869000e-29 1.006441220829293716e-03 5.047983932088442698e-04 4.963089530044444489e-04 3.491850589361459312e-01 9.649039963895047860e-04 7.603219349221281009e+05 3.234404603838096373e+05 1.910960788103654049e+05 5.251187868359314947e-01 2.929780696839445736e+05
7.132023429036466133e+00 6.621885397701666065e+00 2.277278734165355978e+00 2.037552627667776228e+00 1.820606567850937552e-01 6.117914487362544840e+00 1.283243182121825814e-28 4.308197796414312924e-29 1.617527541999562084e-29 5.771780434371844848e-01 2.718806726097814511e-29 1.009454621388832223e-03 2.920898279853299719e-04 3.383808643780002699e-04 1.500555214964826023e-01 1.004538850632865710e-03 7.319412772661187919e+05 3.149925707992290263e+05 1.301765442279288836e+05 4.069367751819177315e-01 3.119883170457062661e+05
1.239403622563954954e+01 4.589260605600567366e+00 1.502509602436233216e+00 5.384371982708984206e-01 9.080027523733880113e-02 4.299666426320674084e+00 7.670926579905716873e-29 2.376785689807893231e-28 7.576731971050389479e-30 4.867364927384278950e-01 2.271980740399694790e-29 1.009500882779855056e-03 3.311952390954541045e-04 9.872416540232292672e-05 8.107667009484913201e-02 9.579180380763580244e-04 9.331270669803657802e+05 2.478758790649540722e+06 9.635010979263397167e+04 4.061266799511116243e-01 3.695836949382440653e+05
