# R (Mpc), mean rho (Msol/kpc^3), errup (Msol/kpc^3), errlow, std, median rho (Msol/kpc^3), mean pth (Msol/kpc/s^2), errup(Msol/kpc/s^2), errlow, std, median pth (Msol/kpc/s^2), mean gas-mass-weighted metal (fraction), errup, errlow, std, median metal, mean gas-mass-weighted temp (K), errup, errlow, std, median temp  
#  nprofs 417, mean mh 1952571773685.369385, median mh 1897053327064.474121 
#  Mass range 12.21 - 12.4 
#  Nhalos 16
1.633847485430494142e-02 3.716502674599914462e+04 5.021089098343627120e+04 1.162633718518828937e+04 4.379030137956039237e-01 2.119630309106162531e+04 2.121702237342946061e-25 8.575369444555541750e-26 1.435374524000431391e-25 3.275760448116631918e-01 2.099775295815682168e-25 9.154743096164425289e-03 8.395335594404430488e-03 5.852760731096503036e-03 4.195654185032722250e-01 7.920226412609374447e-03 8.574296284029895905e+05 1.165250550062006572e+06 3.654204438409173745e+05 5.216760602277541459e-01 5.321533944446432870e+05
2.839301514231197185e-02 1.442455192069060104e+04 1.164339585186348995e+04 6.691582299092218818e+03 3.406736457716929567e-01 1.145787456339962955e+04 1.762565366392581477e-25 7.947051176872690635e-26 4.696181452003822561e-26 2.708514529444634999e-01 1.531556232648195911e-25 6.581390190840105334e-03 5.977682385706190732e-03 4.035116415871196904e-03 3.586591890165224394e-01 5.666293944195497159e-03 1.161004121070700698e+06 6.685179137525362894e+05 4.730419371629887028e+05 2.999230418495522077e-01 9.156279540335985366e+05
4.934140524500327946e-02 5.327819443134489120e+03 3.491387567941988891e+03 1.793611389017090914e+03 2.199998769035219903e-01 4.740895910454893965e+03 1.063490640023338602e-25 4.490868416842978419e-26 3.744798999377102331e-26 2.360697575075550447e-01 1.038168727030861041e-25 4.079795237434800763e-03 4.107412689206717260e-03 2.045085243394685354e-03 3.537524237903642566e-01 3.230274838350311907e-03 1.533896949708178407e+06 4.355910170303152408e+05 4.192583289717847947e+05 2.600980201350390209e-01 1.602558297443924239e+06
8.574553492642551789e-02 2.898188679533809136e+03 1.381070921096736129e+03 9.046025455589979174e+02 1.602823525146362671e-01 2.705211982191926836e+03 6.278849595308033217e-26 2.902691497533688323e-26 2.366064387725973007e-26 2.539402725724641541e-01 5.950073975452668990e-26 2.512335415257660812e-03 2.442604678333709645e-03 1.014636767600019971e-03 2.960635603078775047e-01 2.031016681796953167e-03 1.511055435253961943e+06 3.903781506886866409e+05 2.384617092217940371e+05 2.021893788060633024e-01 1.389954155784311937e+06
1.490086616567007083e-01 1.640105833898612900e+03 8.071783134777188025e+02 8.501517315051535206e+02 2.203742616303585311e-01 1.710012005923598736e+03 3.023484554899957973e-26 1.795281122061180796e-26 1.317508023069441348e-26 2.689256309705627679e-01 2.631736353980416031e-26 1.561243611289309888e-03 5.416503411564586260e-04 7.477661830707254317e-04 1.929961431201935307e-01 1.551500308134099544e-03 1.248854072987572988e+06 6.100234420889799949e+05 2.724871034277982544e+05 1.524251946924251033e-01 1.074707267630887218e+06
2.589473757178498703e-01 7.351867496931151891e+02 4.225968450929576647e+02 1.882636053744510036e+02 2.117198370305395372e-01 6.319739421365561611e+02 9.773925879300745721e-27 7.358108136081654250e-27 3.313246774043064002e-27 3.039066125296374654e-01 7.690839340898366273e-27 1.181519942452424711e-03 4.810336421759283873e-04 3.879920545193813949e-04 1.628986183080830541e-01 1.132886887120132611e-03 8.394030382955519017e+05 3.762297839715027949e+05 1.881428764831448207e+05 1.437953048554228008e-01 7.792773105240828590e+05
4.499989641249551586e-01 2.732986899427780827e+02 1.395965066510030397e+02 1.103224120791290375e+02 2.409439867874282326e-01 2.396718463639100491e+02 2.459603261342074439e-27 2.427172544700065322e-27 1.142811845874821317e-27 4.099269608380839980e-01 1.666864542960491033e-27 9.193442570369562798e-04 2.459251985014566195e-04 1.884324686387689463e-04 1.064909254747527512e-01 8.730875144370944156e-04 5.196764593172024470e+05 1.357819094586484134e+05 2.009479768155496567e+05 1.876053935661963212e-01 5.443983273184564896e+05
7.820085727927073016e-01 8.852029810095876883e+01 6.039386041203098898e+01 3.115149870937780463e+01 2.442089376277223611e-01 7.087768230746576137e+01 6.159841726292529852e-28 4.774549234121945492e-28 2.667977538745268228e-28 4.957306206800434767e-01 3.563868837799218763e-28 7.738300463601957210e-04 3.084505629597567630e-04 4.787638552648748147e-04 2.243170582838309446e-01 8.485455761056898746e-04 3.593488712305670488e+05 1.276356826723241247e+05 2.092465347682930878e+05 2.636955833080590894e-01 3.408079374859425006e+05
1.358975145888284608e+00 2.883239012576592586e+01 1.393548070019029694e+01 8.866032086639712873e+00 1.895807810476068944e-01 2.635015539114365879e+01 1.646566928874815912e-28 3.155123245357071076e-28 5.415719876843003814e-29 5.421847594490263322e-01 7.353654063033155462e-29 5.575318901632126713e-04 1.958592827503298191e-04 2.789889801238462121e-04 2.643981550553197168e-01 5.843128284901627847e-04 2.911545405060242047e+05 3.532412391479187063e+05 1.488483332025286509e+05 3.624147821092332800e-01 2.240235053809282253e+05
2.361628134774462762e+00 1.882756000503734839e+01 1.584222852687683769e+01 7.686040494351901842e+00 2.795314779176425457e-01 1.585546566522062761e+01 1.803765593813407698e-28 2.371084955917718273e-28 5.061271641950102431e-29 7.628213859342496406e-01 5.911346958363960700e-29 5.308138381611230685e-04 2.440004322639175533e-04 4.005987907173511357e-04 3.784973557282022560e-01 5.639704758726685370e-04 4.191094981295181205e+05 5.011999856540060136e+05 1.942125230979146727e+05 4.925814772004011854e-01 2.697700474237120943e+05
4.104039329808901293e+00 1.708030764521365441e+01 3.611545835570169061e+00 7.745223535666055703e+00 2.665329659147746555e-01 1.507095415079036371e+01 8.177529097065505776e-28 5.892796843208611222e-29 5.586971343501636277e-29 7.934475774613387600e-01 7.453460453393146804e-29 6.143204108454420991e-04 1.210962690366300040e-04 1.729265678500891117e-04 1.864519359971281709e-01 5.914585285731446731e-04 1.328988613602649653e+06 1.926608660729978583e+05 1.588803894686892745e+05 5.420245943935823041e-01 3.297452687718237867e+05
7.132002948561937394e+00 8.712052877337493229e+00 1.481133845151262562e+00 1.708984740639628797e+00 1.386728250578746491e-01 8.221913565371082200e+00 1.946392817371710725e-28 4.433493083229167030e-29 2.683175228819080924e-29 5.769408920219523118e-01 4.695636685924914064e-29 5.153607875114765745e-04 8.597675070056451461e-05 1.230198687782325506e-04 1.207717612377987582e-01 5.217897053752634491e-04 1.002127381173143396e+06 2.682807544415964512e+05 2.001824575649835169e+05 4.568172747733512673e-01 4.011512286241988186e+05
1.239400063465394020e+01 3.712562755981977602e+00 5.347674226298431144e-01 2.004997762744360479e-01 5.295083986511728291e-02 3.538008193834999648e+00 3.585897308987363325e-29 7.121922794602976476e-30 7.681721303133522911e-30 3.445732294149801977e-01 2.032930309444505839e-29 4.639177458962029268e-04 4.970508060259180676e-05 5.107835384210576354e-05 7.521536938130091166e-02 4.551878482622511487e-04 5.773038006228723098e+05 1.091218875446364982e+05 9.595766039524239022e+04 3.042999569762382950e-01 3.527348824161913944e+05
