# R (Mpc), mean rho (Msol/kpc^3), errup (Msol/kpc^3), errlow, std, median rho (Msol/kpc^3), mean pth (Msol/kpc/s^2), errup(Msol/kpc/s^2), errlow, std, median pth (Msol/kpc/s^2), mean gas-mass-weighted metal (fraction), errup, errlow, std, median metal, mean gas-mass-weighted temp (K), errup, errlow, std, median temp  
#  nprofs 433, mean mh 1218773751587.073242, median mh 1185833858921.424316 
#  Mass range 12.00 - 12.2 
#  Nhalos 34
1.633846520850827655e-02 1.660296886544648441e+05 1.035957489451327128e+05 6.477992522974198801e+04 2.502469529738972631e-01 1.450943106941689621e+05 3.554330314373988808e-25 1.603601213342016892e-25 1.370181953866325567e-25 3.105090929779654729e-01 3.002254519356323032e-25 2.487220021146418006e-03 8.966985449993638072e-04 8.683077835087414133e-04 1.604542416541839267e-01 2.383122746128481153e-03 1.999561123798361514e+05 1.610546820627173292e+05 6.250224432369969873e+04 3.751762077993271438e-01 1.258525125303821987e+05
2.839299837983852784e-02 4.291960323979782697e+04 3.689343862525677832e+04 1.310483189257797494e+04 2.610420747868297808e-01 3.474535299009141454e+04 2.329734391597717230e-25 7.790513657859814751e-26 1.120827861388285193e-25 2.257186847290119924e-01 2.187664601098656656e-25 1.732126667699313005e-03 6.621402314320127408e-04 5.300475641263297042e-04 1.555450355505331173e-01 1.683307978286253861e-03 4.854569934362065396e+05 3.943586995679959073e+05 2.757268525198794669e+05 3.162826332326333922e-01 4.478614734420213499e+05
4.934137611516303812e-02 1.286347713081900474e+04 5.511733983827896736e+03 3.089086591394065181e+03 1.804336533076803806e-01 1.131938522493073833e+04 1.208845042403863762e-25 4.509610651447447018e-26 4.694597582161457468e-26 1.832438899887078310e-01 1.186425132112940744e-25 1.205094736619931372e-03 7.399492041474859706e-04 4.001731345049812415e-04 1.884987297919082649e-01 1.136002578767566096e-03 7.432370390910538845e+05 4.811105784452031367e+05 3.245969390545549686e+05 2.486950164345919090e-01 6.881559568918673322e+05
8.574548430456500892e-02 4.921656437092287888e+03 9.526650118214320173e+02 7.584336957031482598e+02 8.713309952227948907e-02 4.807055317449454378e+03 5.797673635194530642e-26 1.715096976055354518e-26 2.402732069174437045e-26 1.386914798171269558e-01 6.034363591115662871e-26 8.763856178075959133e-04 2.872160069289837227e-04 3.400463614923235865e-04 1.773020019899430866e-01 8.541777846977562268e-04 7.990119300662168534e+05 2.344238116093958961e+05 1.809440995141455205e+05 1.078151536366830782e-01 7.842096310854800977e+05
1.490085736859895482e-01 2.125239228424139583e+03 2.886092634659271425e+02 4.488104779924497052e+02 8.526919560069674831e-02 2.163845740433144783e+03 1.876680827541595990e-26 5.429997723996844778e-27 4.686329200645204613e-27 1.385426918306692790e-01 1.834410243948080442e-26 6.505229463715021636e-04 3.538495323057635339e-04 1.934655316384461350e-04 1.750581367610827555e-01 5.808539412451611209e-04 5.913524037544581806e+05 8.682922597360098734e+04 1.508169136678237701e+05 8.579436989872216146e-02 6.052191867417457979e+05
2.589472228422751710e-01 7.048231163560905088e+02 1.269873137707625119e+02 1.577456939383771441e+02 9.294745116336999846e-02 7.157534689008421083e+02 4.387684410944392385e-27 1.975227241694823418e-27 1.320235053138810574e-27 1.641791008593716517e-01 4.021911606154160976e-27 4.679360885543934869e-04 2.232881457606581896e-04 1.496360743677426245e-04 1.768903724809579026e-01 4.483370958833674761e-04 4.109439008609954035e+05 4.961664633428852540e+04 7.166208871495304629e+04 9.518811761466149102e-02 4.041855230569056002e+05
4.499986984576546667e-01 1.654230957427241435e+02 9.971327889640338071e+01 3.037281805233607201e+01 1.547999461007277811e-01 1.391240675600051873e+02 7.723207978474256684e-28 5.852765629670055975e-28 1.739629816835185032e-28 2.742139654992011844e-01 5.393118658656257090e-28 3.119307539264668059e-04 2.270825970351682439e-04 8.795683332867059107e-05 2.358706181875425967e-01 2.566239430852081116e-04 2.940972933566007996e+05 1.290946494499909459e+05 4.585975071601080708e+04 1.558839694825550626e-01 2.573241826762774726e+05
7.820081111158523335e-01 4.147903824051175548e+01 2.404673729072516153e+01 1.157966671251949009e+01 2.088955684616062292e-01 3.312095648153029259e+01 2.195823010387485236e-28 3.055769779404745066e-28 5.198467554447057577e-29 5.040185726839963021e-01 8.133532116621347204e-29 1.525325018510322842e-04 1.713072653932573835e-04 5.606011247137179039e-05 3.832898728095945340e-01 1.032373639989837334e-04 2.520640598909081309e+05 2.851584383209006628e+05 6.236444374268548563e+04 3.186982590881398125e-01 1.583274744249150972e+05
1.358974343585863442e+00 2.781377605274945708e+01 2.527117031517281021e+01 9.912978399234154026e+00 3.448020474181022754e-01 1.874234467504044233e+01 3.869555243041138595e-28 4.341548407884332527e-28 3.335836040434230098e-29 8.558759625020913031e-01 4.013605575757847843e-29 2.136164579216660495e-04 4.627117872194212505e-04 3.710826896803104565e-05 6.757227838651973517e-01 6.512183273065602575e-05 4.009980999429280637e+05 7.237346608383877901e+05 8.345399550137615006e+04 5.417006384430260724e-01 1.353821334458684141e+05
2.361626740532650537e+00 1.367128271639980497e+01 1.345383970137367591e+01 2.865142699517261526e+00 2.553273864265815374e-01 9.319373706017605841e+00 1.615568457477911945e-28 2.237108853026918848e-28 9.146876817053292478e-30 7.555093947487486750e-01 1.705232537967964597e-29 2.291014241826731725e-04 3.113639862949941291e-04 9.847486789695369231e-05 5.517813270367608602e-01 1.253247065419426363e-04 4.561652962489365018e+05 5.088998765348184388e+05 6.818194227409869200e+04 5.251148112057869577e-01 1.347961577980821021e+05
4.104036906894324765e+00 1.351007401194721602e+01 8.247146587787320016e+00 4.484221281327759989e+00 3.263172306432322589e-01 9.169189611859806632e+00 7.453878601995184301e-28 1.393777429751765618e-28 4.353167519315196185e-29 9.614004907797919497e-01 4.793952608633199308e-29 3.202026827149908857e-04 1.733796247749091438e-04 2.414820199874875525e-04 4.578839608739588840e-01 2.974107069256783824e-04 1.153256134627539665e+06 7.774390011462350376e+05 2.762068215323648183e+05 6.511085989174477673e-01 3.365698334512622096e+05
7.131998738018977768e+00 7.428605689537055135e+00 2.906759428903230358e+00 1.900067448270864823e+00 1.642766048724446371e-01 6.687801867868280681e+00 1.302618515661755218e-28 6.350798617859936650e-29 1.837234713020816572e-29 5.134466731767847181e-01 3.473931427005773419e-29 2.906279057713479614e-04 7.263959907383854423e-05 1.044696960641815187e-04 1.803537968665085423e-01 2.773876537544766934e-04 7.039571286290293792e+05 3.147618718065249268e+05 1.734691887774366187e+05 3.652494223473327084e-01 3.763837811990918126e+05
1.239399331756889211e+01 4.364921010157529757e+00 1.237523097545476958e+00 6.194117463068522511e-01 9.634161730880265451e-02 4.202666076320632271e+00 7.294590919183549440e-29 1.991672641574134154e-28 9.310590970415212489e-30 4.926902563690762626e-01 2.369500200148435007e-29 2.997916454253409294e-04 1.364314111302518135e-04 7.330389351765538553e-05 1.434765037742953830e-01 2.921851675883351722e-04 9.290135439407683443e+05 2.180419701820050832e+06 1.056728747118639294e+05 4.079585400662164019e-01 3.883584581104067038e+05
