# R (Mpc), mean rho (Msol/kpc^3), errup (Msol/kpc^3), errlow, std, mean pth (Msol/kpc/s^2), errup(Msol/kpc/s^2), errlow, std, median rho (Msol/kpc^3), median pth (Msol/kpc/s^2) 
#  nprofs 447, mean mh 9624506747795.962891, median mh 9123421653232.566406 
#  Mass range 12.81 - 13.2 
#  Nhalos 7
1.633852177236155140e-02 3.188264520771425668e+04 4.094111225213407306e+04 1.837404021016329352e+03 2.768140150874116023e-01 1.474518310687126335e-24 9.176249191801975918e-25 2.201365554522333193e-25 2.422545789446776121e-01 1.783423635183764782e+04 1.137066116003940469e-24
2.839309667654963537e-02 1.782031576512746324e+04 1.470867710424277720e+04 5.414733357902749049e+03 2.287971522340361830e-01 7.123580365383429005e-25 4.356950899053644565e-25 1.324198926361468325e-25 1.809356810807737082e-01 1.462712093438305055e+04 5.933240589674879091e-25
4.934154693526905666e-02 1.345110709238969139e+04 5.926202595849361387e+03 8.465710012798701428e+03 2.451876542267112102e-01 4.912749862313227768e-25 3.895381325847488159e-25 4.911639135423375793e-26 1.976082264926598275e-01 1.441165300123703491e+04 3.758854083144383509e-25
8.574578115588683824e-02 6.238096160693603451e+03 2.661167616235125024e+03 2.907632628615830981e+03 2.166628309592397161e-01 2.622966844528080121e-25 2.285681075376079016e-25 1.556598736679447419e-26 1.924515213360649679e-01 5.934432145796410623e+03 1.864608032819264693e-25
1.490090895544625982e-01 2.647201937031780290e+03 9.285437586356842985e+02 1.078552381271341119e+03 2.060683801377808932e-01 1.274017678978143820e-25 1.237734587533842964e-25 4.054440455036769631e-26 2.490947201308165437e-01 2.504206861643451248e+03 9.977029601813087987e-26
2.589481193189351327e-01 1.317980922845584701e+03 1.373599080077773124e+03 2.583281557774423618e+02 2.304831863587328278e-01 5.358124278913108528e-26 7.313254131345677901e-26 1.223021490864809929e-26 3.032963748308048491e-01 9.971986359293003943e+02 3.752585998440190090e-26
4.500002563555373647e-01 5.485580013603346288e+02 4.956330529819355775e+02 8.588553676266536741e+01 2.185194523013780088e-01 1.766956779342911169e-26 2.199021104077550356e-26 3.174739418941074338e-27 3.339745208938800225e-01 4.279927449400558430e+02 1.139006870069524669e-26
7.820108184320838651e-01 1.999537497558088148e+02 5.426001420197349034e+01 2.831120119345627018e+01 1.638053829104670067e-01 4.427089753416738344e-27 2.020588946505583080e-27 3.868010713879192047e-28 2.686074105065215378e-01 1.993473313082056677e+02 3.706191058313374002e-27
1.358979048362254582e+00 5.931008274246424605e+01 3.230401335384605233e+01 8.973318459537424019e+00 1.364463138904362660e-01 8.588125459690003221e-28 8.358938766083034355e-28 2.630257552340684991e-28 2.434742145570145122e-01 5.031074180258698192e+01 6.523852780006449215e-28
2.361634916496962333e+00 2.279114704104450340e+01 2.013126454719393976e+01 1.591604264068005037e+00 1.930829637839354962e-01 2.871004138030104799e-28 3.889057275201175374e-28 3.235842855493146149e-29 3.951658636589354678e-01 1.650485120790075300e+01 1.169987461087662555e-28
4.104051115091881030e+00 9.609871998553577654e+00 1.599076501859121535e+00 1.976631072293672631e+00 7.902596423516927704e-02 4.649397797185334866e-29 1.322058410866369929e-29 2.780255981068847592e-29 2.659477013755214281e-01 9.771925101032076455e+00 5.036069111189515694e-29
7.132023429036466133e+00 7.529607577537063001e+00 1.030930515333868591e+00 1.904922137268034277e+00 1.158691254586533825e-01 1.624200101460245241e-28 4.173709988694815695e-29 1.908805399532798100e-29 5.133715604432331769e-01 7.261955944121297968e+00 4.430859349170602590e-29
1.239403622563954954e+01 5.115061905589081803e+00 2.182433329144579659e-01 2.000498669007676256e+00 9.529332423721649514e-02 1.564568647521285789e-28 1.473761862354917923e-28 1.315226108137698592e-28 5.677144269961376111e-01 5.857384853533412539e+00 1.494558524648312412e-28
