# R (Mpc), mean rho (Msol/kpc^3), errup (Msol/kpc^3), errlow, std, mean pth (Msol/kpc/s^2), errup(Msol/kpc/s^2), errlow, std, median rho (Msol/kpc^3), median pth (Msol/kpc/s^2) 
#  nprofs 444, mean mh 3893139382111.642578, median mh 3648692395217.797852 
#  Mass range 12.41 - 12.8 
#  Nhalos 24
1.633854802708544635e-02 1.101992449854368897e+05 2.046316755550701346e+05 2.733537094249838628e+04 6.120570365114069711e-01 8.109927864204261121e-25 4.795250335603102187e-25 3.588751053472883569e-25 3.235848405860589083e-01 3.730039617174157320e+04 6.227289362790710488e-25
2.839314230203058426e-02 3.914758770017569623e+04 6.854093375831429148e+04 1.602499287916534558e+04 4.302498557189802231e-01 5.593739009264488023e-25 3.856161129420549983e-25 1.769047590696420609e-25 2.976598093531809819e-01 2.435801775011631980e+04 3.943798370799729307e-25
4.934162622326766084e-02 1.587173781694827449e+04 1.555435058088411461e+04 6.286051941841622465e+03 3.373225513440797352e-01 3.041079069530575350e-25 1.045687698330220729e-25 1.521792994371812933e-25 3.303909393034786812e-01 1.195192486912043387e+04 2.871489742461775734e-25
8.574591894263650094e-02 6.966384063537494512e+03 6.609108390061537648e+03 2.411799274089264600e+03 3.045228338599693663e-01 1.763882107533650764e-25 1.379976068711531994e-25 5.693848607836110794e-26 3.320029900124591982e-01 5.219052846805732770e+03 1.228905890188557270e-25
1.490093290003903781e-01 3.246727434544439802e+03 2.857739226781511661e+03 1.168433431591947283e+03 2.967458896914496047e-01 7.701621620573371933e-26 8.851922999580160739e-26 2.812583301556727495e-26 3.102957289252092909e-01 2.618816789703887025e+03 5.780614202928331917e-26
2.589485354282668461e-01 1.214404021237204915e+03 5.891431835566124846e+02 5.259609805650276257e+02 2.247491587548184622e-01 2.399695277612611829e-26 1.296131190812303419e-26 9.127303798058655411e-27 2.520854798973759525e-01 1.136002091600371159e+03 2.064525124100415758e-26
4.500009794706789079e-01 3.942209905719487892e+02 2.037225405762085870e+02 1.497257406543189120e+02 1.734681643804472095e-01 6.219428008428692490e-27 6.424615745357834127e-27 2.424291758194416849e-27 2.800967225918442605e-01 3.776334893084199962e+02 4.953175571881928392e-27
7.820120750621762928e-01 1.099842290950336263e+02 5.747032019160727145e+01 4.609646899696936373e+01 1.884944590308585965e-01 1.289897221261932768e-27 1.122482232882224824e-27 5.815284234273165189e-28 3.974295989336103507e-01 1.076519536295761839e+02 9.002697955389427795e-28
1.358981232135070272e+00 4.030199775752426206e+01 2.254644176391075661e+01 5.244080514884402078e+00 1.581790372920050258e-01 2.866951740472128373e-28 2.308908319219272388e-28 9.473023525033649618e-29 3.625583677561934337e-01 3.277272559251582607e+01 1.840828017853054977e-28
2.361638711459171702e+00 2.207194191196694177e+01 1.296612258995532940e+01 6.844387914141755402e+00 1.833897382881670146e-01 1.344258380391766332e-28 1.381044356180469235e-28 5.194400233057926311e-29 4.859965316341040564e-01 1.960475009475866770e+01 8.012325470117123065e-29
4.104057709980352797e+00 1.414889714071866500e+01 4.644823860832998363e+00 5.483372598976099965e+00 1.458122616416971384e-01 7.459492977372114065e-29 9.735203902604094742e-29 3.039096545699796980e-29 3.914977189309678529e-01 1.438823176823573569e+01 5.183187275527221191e-29
7.132034889639118802e+00 1.320595717804357783e+01 4.920870963690621380e+00 3.117647030697165533e+00 1.483289934622081807e-01 3.166391525513182512e-28 6.788665479950578869e-28 3.082165966081484952e-29 6.190834760997069308e-01 1.221746596118518013e+01 7.190231427747219840e-29
1.239405614188433624e+01 3.088643178153063662e+00 6.803478312454460664e-01 3.292730599292821303e-01 9.131858808019908957e-02 5.557565510980654725e-29 8.273020203097174279e-29 6.170807685221081682e-30 5.249899029105086212e-01 2.874663652056840490e+00 1.503102787729698241e-29
