# R (Mpc), mean rho (Msol/kpc^3), errup (Msol/kpc^3), errlow, std, median rho (Msol/kpc^3), mean pth (Msol/kpc/s^2), errup(Msol/kpc/s^2), errlow, std, median pth (Msol/kpc/s^2), mean gas-mass-weighted metal (fraction), errup, errlow, std, median metal, mean gas-mass-weighted temp (K), errup, errlow, std, median temp  
#  nprofs 445, mean mh 4394912776569.019531, median mh 3583975553050.728027 
#  Mass range 12.30 - 13.1 
#  Nhalos 37
3.113230364662173105e-03 1.288524666312035406e+06 1.095726622243660735e+06 8.898063072015970829e+04 6.806879959306838535e-01 1.526969086519929697e+05 4.203170652456791510e-24 5.232744633355131596e-24 2.452130072988030912e-24 6.896319979395396649e-01 2.940870909792282222e-24 9.973819193770315852e-03 1.092215229266603818e-02 1.905434319082104609e-03 2.476315228349910691e-01 7.241922641518825504e-03 2.258660649401358794e+06 4.164050938037069049e+06 1.188986726577261463e+06 9.328906610025501367e-01 1.232228291951988358e+06
5.410174307797641774e-03 3.553900229895183584e+05 3.305400797422870528e+05 4.309744341527789220e+04 6.385151968520550447e-01 7.044498322820584872e+04 1.544549877481099723e-24 2.115411600401371419e-24 8.992677172444834615e-25 6.286301659942588049e-01 1.080991809911940349e-24 8.570228755020834963e-03 4.292079523940788184e-03 2.140789608746237159e-03 2.461281506731528290e-01 7.025326370069784852e-03 1.467213265405398328e+06 2.408460832558266353e+06 5.234374848033654271e+05 7.654222207891845375e-01 5.880985937783620320e+05
9.401805395769324489e-03 1.139381325455991901e+05 9.459137911937131139e+04 2.497223312751304184e+04 5.672612081879813140e-01 4.024490437394384935e+04 9.408826376942377006e-25 9.427247762517300282e-25 3.703021535377868470e-25 4.561171633518730784e-01 6.125362605991599778e-25 7.373132825499699970e-03 2.601137044769739892e-03 2.269991357044951613e-03 2.083991367813894657e-01 6.640217802709093980e-03 2.153179345410250593e+06 2.967952609131568111e+06 9.574055761020695791e+05 7.312557935609601545e-01 1.227397509168513119e+06
1.633846520850827655e-02 6.286582881723642640e+04 6.261864639910029655e+04 1.343129830019229121e+04 4.781493289941977087e-01 2.506420632441139969e+04 6.440117725041258648e-25 5.666765721563294242e-25 2.245791624628275586e-25 4.012099053808826365e-01 3.822011774463031550e-25 6.475912654498291836e-03 2.179216993347621485e-03 2.082213065174275991e-03 1.939641422650949520e-01 6.365652503869857586e-03 1.742925011635438772e+06 2.034347468057268532e+06 7.449868101759534329e+05 5.965038914208572463e-01 1.034264854164886056e+06
2.839299837983852784e-02 2.971979287953762105e+04 2.624752337713976885e+04 1.098138345402301820e+04 4.170437029239950633e-01 1.773572206985385856e+04 4.063454644137073187e-25 2.904122495530169910e-25 1.490985851753118806e-25 3.973004253953164588e-01 2.595541319021634898e-25 5.608758756201506074e-03 1.963747070478241361e-03 2.217282829920485740e-03 1.935444245766194393e-01 5.420252916891375727e-03 1.710599945745161735e+06 2.248149469804279506e+06 6.806796586236539297e+05 5.153233219813240229e-01 1.021077322962655686e+06
4.934137611516303812e-02 1.106560981804063886e+04 1.308983619630220346e+04 3.259196251497642152e+03 3.460637748580792095e-01 6.749429909656012569e+03 2.235395567908658053e-25 1.776031206821736850e-25 1.034825278960641921e-25 3.814878023986374989e-01 1.670523530153131255e-25 4.847804035376362258e-03 1.619306816856444509e-03 2.392459847262053043e-03 2.048273664499251079e-01 4.854597302841746898e-03 1.787209169748793123e+06 1.480902357629478676e+06 8.144279966428407934e+05 3.632217484674542529e-01 1.351588285395331914e+06
8.574548430456500892e-02 4.392672207626173076e+03 4.986108764066741060e+03 1.310718101861720243e+03 3.056852265604857455e-01 3.013891561141400871e+03 1.275885804424812277e-25 1.312261312851076923e-25 3.794101817401766637e-26 3.914722836159857944e-01 8.527375226476221531e-26 4.101480073665348357e-03 1.986694225489805000e-03 1.697388469039353993e-03 2.100221638052870710e-01 3.835211033108104194e-03 1.962869031565342331e+06 9.961758494537384249e+05 7.983410296351299621e+05 2.383576657013191380e-01 1.880875698886246886e+06
1.490085736859895482e-01 2.111192759488017600e+03 2.501246556139431959e+03 6.597995289831937953e+02 2.958028735633091433e-01 1.514097427921993813e+03 5.896931535775391700e-26 4.987355658185347357e-26 1.967503903058474221e-26 3.582918473473005738e-01 3.840294411664885519e-26 3.171928071301273553e-03 1.781093782203553751e-03 1.330243004316808680e-03 2.275962646004777712e-01 2.948254940329622306e-03 1.877080511089660926e+06 9.868550544521370903e+05 6.716324616516496753e+05 2.091557583873091819e-01 1.656527170064082369e+06
2.589472228422751710e-01 9.439325926811102363e+02 6.747278553568489770e+02 2.491017840828062617e+02 2.378212437093615017e-01 7.392251563261554566e+02 2.312119319307499887e-26 2.117095005265472725e-26 7.878567051442762016e-27 3.341584476514173896e-01 1.592876580877476686e-26 2.337974286565701765e-03 1.124343425354328019e-03 1.036678700608178755e-03 2.028956812458417025e-01 2.318141886457097088e-03 1.560517227389737731e+06 1.041324438040490029e+06 4.684564122763016494e+05 2.177701067036169891e-01 1.325235162388006924e+06
4.499986984576546667e-01 3.705653097080190719e+02 1.958753090998416724e+02 1.291103815444737677e+02 2.078464410548780394e-01 3.192979046232878204e+02 7.003337842505646070e-27 4.898217821146679884e-27 3.142059180547291355e-27 3.864985672866241839e-01 5.105285663529588805e-27 1.693075073585593397e-03 4.404899312042231778e-04 8.116738422587555304e-04 2.069011071242208288e-01 1.789321403667112290e-03 1.084589785457189195e+06 3.622606551805606578e+05 4.370282073385843541e+05 2.107803109896965732e-01 1.063848725572539959e+06
7.820081111158523335e-01 1.143640569730446828e+02 6.356791671503972907e+01 5.203523160418937010e+01 2.165278266962855913e-01 1.072881895286459724e+02 1.372070965201681481e-27 1.380698178772295643e-27 5.377642472277333737e-28 4.327551115453629471e-01 9.298678939969076175e-28 1.295013529752891968e-03 6.228019529575842383e-04 6.028904605907734436e-04 3.206398580466571779e-01 1.299053159805764208e-03 6.881378239231799962e+05 2.304897322935976554e+05 2.718840066926194704e+05 2.303342863935247953e-01 6.608224404158218531e+05
1.358974343585863442e+00 3.604549327523876912e+01 1.902944511354669288e+01 1.121907744513052663e+01 2.088380137352447430e-01 3.246133353438740698e+01 3.092997514336431187e-28 3.228592700404307539e-28 1.238565613383454094e-28 4.948275740852129956e-01 2.173220723805275361e-28 1.084502781543046851e-03 5.330822927441954649e-04 4.057780577145247590e-04 3.461584961460627552e-01 1.032859434215704746e-03 4.921160256331699784e+05 2.558758644343613414e+05 2.077668227493189916e+05 3.053338368843521722e-01 4.645513794375334401e+05
2.361626740532650537e+00 1.643358267749512436e+01 8.502740408521644255e+00 6.318048873704075419e+00 2.155700218407874957e-01 1.496484664066765369e+01 1.197493834396944042e-28 9.118626437451817694e-29 5.447879024760164175e-29 5.401349100821090099e-01 7.181100753538561943e-29 9.126935441593983251e-04 5.210769066057166976e-04 4.738457197151664524e-04 3.036987881003681555e-01 9.200276412949485874e-04 3.665206985883224988e+05 1.855297207933326717e+05 1.644680199328047165e+05 3.384211269655260090e-01 3.137712960167262354e+05
4.104036906894324765e+00 1.036922019408219242e+01 4.846557465879660853e+00 3.491035211366284585e+00 2.121463264523091585e-01 8.933072296054042738e+00 2.377741811924231967e-28 4.771478261876201775e-29 3.340517093798292826e-29 5.752988110941861244e-01 4.301424332558663258e-29 8.169300836953315896e-04 4.380658090672079385e-04 2.465315377008558744e-04 1.845828817917642140e-01 7.254921033851062474e-04 5.180400640179674956e+05 1.862529534177285386e+05 1.822764923442531435e+05 3.735227732567909520e-01 2.926951899709034478e+05
7.131998738018977768e+00 7.959277922282591788e+00 2.242560792613859988e+00 2.840126590839350484e+00 1.703504797497286949e-01 7.428648578506816591e+00 1.977879339165044365e-28 1.239478006154672145e-28 2.327631316289413115e-29 6.299708403204062890e-01 4.230015442921622606e-29 8.622064654992678398e-04 1.646570884250972335e-04 2.407316589982579774e-04 1.435746875760781360e-01 8.558536400876941719e-04 1.038855626463493565e+06 8.305833116680477979e+05 1.354473601469811692e+05 4.712962794831604962e-01 3.785111269768894417e+05
1.239399331756889211e+01 4.178529057255324197e+00 1.593379116199035384e+00 3.350129153718586217e-01 1.013932879652290203e-01 3.805516332225486575e+00 7.726199508917662705e-29 2.321180826162578612e-28 6.241380871129118282e-30 5.238952144319309889e-01 2.009757419416209847e-29 8.230434078342124468e-04 3.439944252660427854e-04 1.135635773082376834e-04 1.032618882601624294e-01 7.650263812048445225e-04 1.007616272726561176e+06 2.768245438103387132e+06 7.813992454737232765e+04 4.337992023705470324e-01 3.506192122503689607e+05
