# R (Mpc), mean rho (Msol/kpc^3), errup (Msol/kpc^3), errlow, std, median rho (Msol/kpc^3), mean pth (Msol/kpc/s^2), errup(Msol/kpc/s^2), errlow, std, median pth (Msol/kpc/s^2), mean gas-mass-weighted metal (fraction), errup, errlow, std, median metal, mean gas-mass-weighted temp (K), errup, errlow, std, median temp  
#  nprofs 438, mean mh 9230045899722.896484, median mh 9202487236731.207031 
#  Mass range 12.81 - 13.2 
#  Nhalos 6
1.633847210211432713e-02 9.116742239486012841e+04 6.681806737808935577e+04 3.903674592226213281e+04 3.618134289594902020e-01 6.525596709543390898e+04 2.474395735595341703e-24 1.857901789146869224e-24 6.917222001029978288e-25 2.487205186547574165e-01 1.897499784826349814e-24 4.265102170391153226e-03 1.961654850585666313e-03 1.177513697668484439e-03 2.051095064253428690e-01 4.060287110497889582e-03 3.084088252185355406e+06 8.156404185020369478e+05 2.585420078131681308e+06 4.170617474117982448e-01 3.563103762925298419e+06
2.839301035955283867e-02 3.555620303767924634e+04 2.096377981364723382e+04 8.837898995655257750e+03 2.448802474502621562e-01 3.071140987113766460e+04 1.792149144365074653e-24 8.819078886432137116e-25 7.666609770637420763e-25 2.838959892434936294e-01 1.487271296438127343e-24 4.032537344677031808e-03 2.144601273077287665e-03 8.941205837133311268e-04 1.738647777869324618e-01 3.436309231277877296e-03 3.909522094257012010e+06 1.965631752954522148e+06 1.823804781634750543e+06 2.914148129149046196e-01 3.486188212007629685e+06
4.934139693352049272e-02 2.070808521881020351e+04 1.471358321448395509e+04 6.412317148916616134e+03 2.361339509238882250e-01 1.670569155605060587e+04 9.227590599296155614e-25 2.582368141889118202e-25 5.600973293484473087e-25 2.116137279791944215e-01 1.016962622690095569e-24 3.524684142377691818e-03 1.770168773031700633e-03 1.371770649776067824e-03 1.919225913760593261e-01 3.267253872329606897e-03 3.254469126328159124e+06 9.128920874481452629e+05 3.522338120668907650e+05 1.052974260112609500e-01 2.997470074270480778e+06
8.574552048272386651e-02 1.104560889513981238e+04 6.217576322205324686e+03 3.752467113861294820e+03 1.775948995205134384e-01 1.019351881250643055e+04 5.574187212562681233e-25 3.513656174263864350e-25 1.844300530372378625e-25 2.138728337124291834e-01 4.868797693292431721e-25 3.002314959376301776e-03 9.489421498396484293e-04 1.283130104281568137e-03 1.589231371254700986e-01 3.107489390225320978e-03 3.383991208468999714e+06 1.142460657664132304e+06 4.555366105018868111e+05 1.018456097573206404e-01 3.171505510133963078e+06
1.490086365564239901e-01 7.280705050629757352e+03 4.752497019694020310e+03 1.987504812572413357e+03 1.962966468289005784e-01 6.136490110576692132e+03 3.132061700947905304e-25 2.903447539164518125e-25 1.779059126021819195e-26 2.103007113034409126e-01 2.170296125146750853e-25 2.651564031822818603e-03 6.614807394989302876e-04 4.745329255798828687e-04 1.041127621870388265e-01 2.599147851871380296e-03 2.926614855599800125e+06 1.380494397829642519e+06 7.708571559633314610e+04 9.488683682060924940e-02 2.500463702699008398e+06
2.589473320985681837e-01 3.255191820187298163e+03 2.196152138516608829e+03 6.129657637691407217e+02 2.003572957202709170e-01 2.491867683425258292e+03 1.296618384563347571e-25 5.945077027371649850e-26 2.934962335323309112e-26 2.253708413560944201e-01 1.006821518364779591e-25 1.994080390325113448e-03 9.046287101385137343e-04 3.444388674238253387e-04 1.425951785874179922e-01 1.736150190661010957e-03 2.632642554707199335e+06 3.585986390104452148e+05 6.452171578046039212e+05 8.216148107961679381e-02 2.728202653830374591e+06
4.499988883233312364e-01 8.382278777841988813e+02 1.947065295558259095e+02 1.662030800164440052e+02 8.946930138893602336e-02 8.351133870649707660e+02 2.146088083685481477e-26 1.183212916500913919e-26 3.437730695666187600e-27 1.423377482842568265e-01 1.872809864143188232e-26 1.460190013684345206e-03 6.394651008542152557e-04 1.126937416228612938e-04 1.033850240018361066e-01 1.302547241465200518e-03 1.713505432128406363e+06 1.647919179025073536e+05 5.389566954872405622e+05 9.211992148518724499e-02 1.845313143277580850e+06
7.820084410645824491e-01 2.052473613817513467e+02 6.872113982838379798e+01 5.547035317545694966e+01 1.271080429457203953e-01 2.039208374617030586e+02 2.803074706067830465e-27 2.017744394717612348e-27 4.018336624163424406e-28 2.108079415405564594e-01 2.090152538099793265e-27 1.169514092543156051e-03 1.100494852026658900e-04 3.209555548456013681e-04 1.886355414334455194e-01 1.296223286290760189e-03 8.851349036521272501e+05 2.042298225657576695e+05 7.802677152953110635e+04 1.224158913814319544e-01 8.159695706886926200e+05
1.358974916971039892e+00 6.162054119164080390e+01 3.458989254186252538e+01 1.566175813589021715e+01 1.719394285406379008e-01 5.480679900518076408e+01 4.857663575913559985e-28 4.179068792986368320e-28 3.582929656518452752e-28 4.068064046052488059e-01 4.589946533575419767e-28 6.820435979984134983e-04 2.720452854581435070e-04 5.344561480283369775e-04 5.059431518085881763e-01 7.401000653230274152e-04 4.661161760017542983e+05 1.625963597150697606e+05 3.215301243571052328e+05 2.513519181932561408e-01 5.189114719565307023e+05
2.361627736961885660e+00 3.100538705705891473e+01 2.204218753222768967e+01 2.416097990783597993e+00 1.641064151124615733e-01 2.398180852824000553e+01 2.310862661470348449e-28 4.352746627091168468e-28 3.726121238807291127e-29 4.685165040115638613e-01 9.481941631087801972e-29 5.556945769748185314e-04 3.696668448367643970e-04 9.376545910175020874e-05 2.191476770885456837e-01 4.247029934605412631e-04 3.994481525616350118e+05 4.831546657260307111e+05 1.091968454409760307e+05 3.127975189661696409e-01 2.788558769558225758e+05
4.104038638489875268e+00 1.927941066710290485e+01 4.072502443865946731e+00 1.424067178386358989e+00 5.255079018902383825e-02 1.837596395912919078e+01 7.309393444269074406e-29 1.326422603344388002e-29 2.582735523037851749e-29 1.299901931668807076e-01 7.680149147002591350e-29 4.670534682770704289e-04 1.295284964771707464e-04 1.124720158708282687e-04 1.440767749361542283e-01 4.690052792822272136e-04 2.534084035406815819e+05 5.503515858579403721e+04 4.993258132695563836e+04 9.097876164778709307e-02 2.546776853113566758e+05
7.132001747187159957e+00 1.798978412525314141e+01 4.327928518140090830e+00 3.696334190352928317e+00 1.140380181037988355e-01 1.733372078328513766e+01 3.495680045581409152e-28 3.535087191796046587e-28 9.776151645609649896e-29 5.699308732210598416e-01 1.392506146807349124e-28 6.142220850267806351e-04 1.037328165905997612e-04 9.259006270434890808e-05 1.383928082303118312e-01 5.906679610465522499e-04 1.003880170760957641e+06 8.688806685940965544e+05 3.230958299261334469e+05 4.569068434238952592e-01 5.277776435407591052e+05
1.239399854690385538e+01 2.346309122032994576e+00 5.422603080032151190e-01 1.578196022369295903e-01 7.809127171492097341e-02 2.225507135944426285e+00 8.849241744262997590e-29 2.227221208421901404e-28 7.051519146462339756e-30 6.311961754435126970e-01 1.564670092495999978e-29 7.367128157903596796e-04 4.101954861054184220e-04 2.398340730662103302e-04 1.736437757183705299e-01 6.836290941187887684e-04 2.159849835968900472e+06 5.083725528268476948e+06 1.538236321466562222e+05 5.619057480123025305e-01 4.758504299133029999e+05
