# R (Mpc), mean rho (Msol/kpc^3), errup (Msol/kpc^3), errlow, std, mean pth (Msol/kpc/s^2), errup(Msol/kpc/s^2), errlow, std, median rho (Msol/kpc^3), median pth (Msol/kpc/s^2) 
#  nprofs 448, mean mh 1976609622017.611084, median mh 1942004455466.363281 
#  Mass range 12.21 - 12.4 
#  Nhalos 24
1.633851471008279307e-02 1.898424695723900513e+05 1.530165867366575403e+05 1.163881243164957268e+05 3.706321225983499890e-01 7.316314162898352523e-25 3.096784913667734063e-25 4.361721126175372023e-25 3.544792819784529647e-01 1.782324593447889201e+05 7.230987590325161822e-25
2.839308440371576120e-02 4.448251524510465242e+04 2.600457474583021394e+04 1.942954134701447765e+04 2.374336722510776432e-01 4.976718516128581496e-25 1.469471120175261923e-25 2.993394110267938047e-25 3.495124702885530343e-01 4.063440379712913273e+04 5.219893507831659997e-25
4.934152560752818467e-02 1.592993680260837027e+04 8.762934318080486264e+03 7.213170157783437389e+03 2.300604715612976359e-01 3.038819624070927741e-25 1.356875030531086481e-25 1.819365635716837488e-25 3.234485344037749677e-01 1.556384366775163653e+04 3.197339199698161042e-25
8.574574409252104512e-02 7.536420438594405823e+03 2.388681143114801671e+03 5.104962866769480570e+03 2.902463295485582795e-01 1.443926136347849985e-25 2.622153799769161477e-26 7.761163838177875461e-26 2.908552506187136455e-01 8.477437474076483340e+03 1.605017288163583537e-25
1.490090251457148740e-01 3.220952158146219517e+03 1.068240153187401120e+03 1.958831547645869477e+03 2.733396642612256899e-01 4.862454934786974543e-26 1.693366265414601751e-26 1.645804030297876250e-26 2.123912946215819608e-01 3.513675942915810083e+03 4.793201918194019345e-26
2.589480073893599132e-01 1.056892419569893946e+03 3.063868782932520389e+02 2.808610110571146379e+02 1.780232202674965625e-01 1.269830959168673279e-26 3.862644407723069645e-27 7.840897877346013078e-27 2.282719524240106324e-01 1.083948696370979178e+03 1.433487433535602876e-26
4.500000618442288047e-01 3.139360165146515556e+02 1.299761931021288319e+02 1.352943112215883161e+02 2.029853276258066774e-01 2.814836719678491100e-27 2.631010666540133116e-27 1.712570799264839450e-27 3.851317505169821742e-01 3.112428625398350732e+02 2.474353172864050000e-27
7.820104804101706275e-01 9.953704823121466916e+01 6.048522685227075613e+01 4.055333917935372767e+01 2.273215689839872267e-01 7.551713687975284940e-28 1.206656030208761295e-27 2.919122931869579483e-28 5.559956295657765279e-01 8.970830217809267992e+01 3.910761571869366166e-28
1.358978460947493527e+00 3.967936401852048789e+01 1.193677252898893926e+01 1.461943439850065118e+01 1.800031220939062038e-01 2.072309659247335549e-28 1.388241350484772128e-28 9.065655397596615482e-29 5.244696940051535305e-01 4.039610378978080973e+01 1.358425988806557895e-28
2.361633895687103912e+00 2.908453566625811604e+01 1.556119407211387440e+01 7.681619065789362821e+00 2.024423135588797051e-01 1.655061471160348670e-28 1.256740526665453558e-28 1.007729962676874362e-28 5.245362895295477834e-01 2.533218005043736198e+01 1.272147511526341466e-28
4.104049341127662842e+00 2.155054899523483769e+01 6.970468369070985659e+00 5.756347510100926712e+00 1.542349584865809753e-01 3.380420080078156359e-28 8.964501854554584865e-29 4.325061286201437451e-29 5.181538324616898894e-01 1.964616870148981320e+01 7.817624113949147805e-29
7.132020346239977826e+00 1.857689721618006828e+01 5.209969366940079283e+00 2.074738984410069875e+00 8.977536517964480878e-02 2.901692630487687470e-28 4.809245714419257808e-28 1.787080256570612016e-29 4.921821034509589188e-01 1.719640999036523965e+01 7.617608089032548878e-29
1.239403086835325674e+01 1.692606296070912952e+00 1.745519077549606557e-01 1.522691879555770900e-01 7.506754713131369439e-02 2.883862101095668441e-29 3.762310449435288463e-29 4.498141252095832247e-30 5.011174125095129162e-01 1.617511626736715780e+00 8.968863459114488601e-30
