# R (Mpc), mean rho (Msol/kpc^3), errup (Msol/kpc^3), errlow, std, median rho (Msol/kpc^3), mean pth (Msol/kpc/s^2), errup(Msol/kpc/s^2), errlow, std, median pth (Msol/kpc/s^2), mean gas-mass-weighted metal (fraction), errup, errlow, std, median metal, mean gas-mass-weighted temp (K), errup, errlow, std, median temp  
#  nprofs 460, mean mh 10399125357388.988281, median mh 11385388545566.513672 
#  Mass range 12.81 - 13.2 
#  Nhalos 5
1.633859116181033549e-02 3.955992479221920075e+04 2.856035938220084063e+03 2.944462934011837933e+04 2.323892131402567063e-01 5.075639746247447329e+04 1.585429022288415637e-24 1.285936706941896895e-24 2.433986279700147731e-25 2.611205193808111558e-01 1.026576946248253956e-24 8.472865074714341915e-03 1.310051782517328289e-03 1.723042773664003671e-03 9.293546048965692363e-02 8.456403941380414083e-03 2.793099041106588207e+06 2.139058526131924242e+06 4.201345650630502496e+05 2.147909121104602248e-01 2.068199050925915362e+06
2.839321726159124010e-02 1.465122696787643326e+04 4.205765331877501012e+03 7.063086382955432782e+03 2.014153357296071811e-01 1.585977248276356477e+04 9.192611439371827957e-25 6.250716761861468888e-25 2.131517929259084508e-25 2.498673450068352175e-01 6.767382725882061321e-25 6.495626580400366661e-03 2.650724951225862970e-03 1.408079324061351119e-03 1.564328188131642872e-01 5.903847225930891444e-03 4.108286720006206539e+06 2.514599942021846306e+06 2.339479825916062109e+05 1.518711014065336762e-01 3.097320568698376883e+06
4.934175648805434050e-02 1.144692790230647734e+04 6.269255409856075858e+03 2.469189501565627324e+03 2.745919348984081632e-01 9.455227858786238357e+03 5.469971473769182733e-25 4.246475301443844869e-25 1.388270141292431839e-25 3.083033165793511166e-01 3.712632327702243910e-25 5.369956480173363259e-03 8.313769471428693325e-04 2.475033604203732800e-03 1.928291376028396786e-01 6.031356800506607052e-03 3.035605839326682501e+06 1.188034053942090832e+06 7.017506194720505737e+05 1.378023931790323398e-01 2.859556371137920301e+06
8.574614531689064845e-02 1.000082185459587708e+04 1.175083928247422591e+04 1.030335280943387261e+03 4.024811976294713767e-01 4.343144639479440229e+03 2.953606180226309263e-25 2.080239301712145826e-25 6.298421090321423797e-26 2.886616626667658503e-01 2.122105285143194397e-25 5.291415720832733614e-03 3.039370718437778458e-03 1.994493070807642262e-03 2.488860232265662498e-01 4.876320078001557430e-03 2.694936899203655310e+06 5.799951783215361647e+05 6.898499278910579160e+05 1.263337772550197913e-01 2.762622369993906468e+06
1.490097223937570103e-01 2.627475752925916368e+03 1.958527833756413429e+03 2.839710870213327780e+02 1.913761152802302412e-01 1.958170415940221346e+03 1.409406238715965210e-25 4.969015206469654259e-26 8.166846149949610632e-26 2.398374708515464415e-01 1.483639868576309646e-25 3.976364670570234350e-03 7.520799930667556796e-04 1.366037994666623873e-03 2.075534372796604410e-01 4.259650934750769218e-03 3.572591769851129502e+06 1.511017497935979161e+06 2.706282623319490813e+05 1.124370394471375517e-01 3.045958908279851545e+06
2.589492190675852235e-01 1.571205029215664354e+03 8.285648878288511696e+02 2.571468698638232127e+02 1.852826640108278800e-01 1.285836193232189544e+03 5.315088923304000508e-26 1.291351896232667283e-26 2.182388823577077578e-26 1.621004280337807746e-01 5.501556183351521013e-26 5.037796149165153954e-03 1.928708341855256241e-03 1.287005509171104071e-03 1.407874395001281753e-01 4.693882653418290744e-03 2.379346085065308027e+06 4.739082827665917575e+05 2.636141215898597147e+05 6.635390339768316992e-02 2.276675753075718880e+06
4.500021674996532717e-01 5.970194221878379039e+02 1.869929306062346086e+02 8.261169542156807211e+01 1.099389138271499033e-01 5.409728484549151517e+02 1.647596505215692872e-26 3.289109162928091429e-27 3.277915620733686216e-27 1.092520969679254550e-01 1.620513634008421621e-26 3.238944107484460246e-03 1.283305207568700718e-03 1.623770863114494013e-03 2.244422583796632786e-01 3.401802580967148732e-03 1.878076992181505309e+06 2.372530766991944984e+05 9.261528964722133242e+04 3.676505573686767586e-02 1.817693512493533082e+06
7.820141396199125072e-01 1.770323963707896837e+02 1.637847486250566931e+01 7.940717909261977070e+01 1.336666725936594968e-01 2.039984365566471354e+02 3.359308790827684207e-27 5.588387342815701380e-28 1.760736493002065664e-27 2.328008138067135246e-01 3.875429340313500295e-27 2.711658490382031460e-03 1.081140755551545773e-03 8.357824538727102234e-04 2.118825692091983459e-01 2.613950926761625208e-03 1.228759561208513798e+06 1.231892922281618230e+05 2.241508851158777252e+05 1.109847707424745505e-01 1.284808991731117014e+06
1.358984819925215248e+00 5.510383873911466424e+01 1.279559313543189347e+01 1.270425104072901235e+01 1.097977093462918913e-01 5.395910424904476343e+01 6.716105692234372970e-28 2.264004595583104369e-28 3.911969384888082901e-28 2.669834195208511951e-01 7.120817946387778338e-28 1.872948235996672222e-03 5.113790259242366725e-04 6.469738773488115623e-04 1.645383991899211362e-01 1.861302352551036333e-03 7.659883334079361521e+05 1.503647905435214052e+05 2.880219337419512449e+05 1.698583201703871282e-01 8.241470301833535777e+05
2.361644946323858463e+00 2.122402765197923458e+01 9.652108201896389517e+00 1.534157948736982746e+00 1.448528051883007928e-01 1.716846379975334003e+01 1.797972439707627084e-28 1.262020598984924677e-28 6.239763853110032601e-29 3.075972614147738371e-01 1.399644385926045874e-28 1.495773511955799957e-03 1.999618994867715435e-04 3.619175671953915770e-04 1.197965928347702602e-01 1.564766962595912038e-03 5.052633091779959504e+05 1.319991994769022567e+05 1.858976694532925030e+05 1.733410599143262731e-01 5.186737017588610761e+05
4.104068544933373808e+00 1.218999356362125752e+01 1.061939550647466035e+00 1.516307951741302062e+00 6.487845973742645267e-02 1.237553063148709498e+01 5.694774805323337146e-29 7.998875907830620976e-30 2.618877833008531862e-29 2.005046466131220895e-01 6.493548676984974482e-29 1.307347134678091532e-03 2.184601274949331956e-04 4.374506918262361993e-04 1.247675174078719668e-01 1.381955837755477652e-03 3.060664189243993605e+05 1.186032895475637633e+04 1.195518909976357827e+05 1.392233185439316068e-01 3.555154317476827418e+05
7.132053718629468797e+00 1.122130567314159499e+01 3.507142440573483455e+00 3.329998785747287471e+00 1.473295391443910363e-01 1.083747875250899106e+01 4.081330035160020209e-28 7.414142677927699460e-28 3.627196091137334751e-29 6.643977256332325165e-01 6.985117532607590622e-29 1.574206636941357816e-03 2.196958392105138012e-04 9.567159552672328468e-05 6.748871320439016330e-02 1.504059461348493994e-03 1.783192394471642096e+06 3.103175346410755068e+06 1.348703757034047740e+05 5.250163708986359534e-01 4.366454103842611657e+05
1.239408886291934841e+01 3.971247860782136652e+00 5.492319882675955611e-01 8.672485263070823791e-01 8.169772166555878956e-02 4.095839777365547718e+00 1.151442299121064917e-28 2.017047670509700643e-28 2.326491309099919898e-29 5.593447627187669857e-01 4.047526861403438877e-29 1.551822094946823851e-03 2.970484393082651730e-04 1.231046413981021301e-04 5.461246613577024067e-02 1.481641134712286803e-03 1.706812869884022279e+06 2.844579039256214164e+06 3.135414726439975202e+05 4.814781976835901811e-01 6.692959168272371171e+05
