# R (Mpc), mean rho (Msol/kpc^3), errup (Msol/kpc^3), errlow, std, mean pth (Msol/kpc/s^2), errup(Msol/kpc/s^2), errlow, std, median rho (Msol/kpc^3), median pth (Msol/kpc/s^2) 
#  nprofs 446, mean mh 1276714135665.791260, median mh 1280193644333.056152 
#  Mass range 12.00 - 12.2 
#  Nhalos 35
1.633847210211432713e-02 2.217278546933553007e+05 1.674884268074735592e+05 1.176141519066121255e+05 3.994032665049495057e-01 4.934160203426744596e-25 2.626563407451240564e-25 2.590634567296905788e-25 3.590327579722694673e-01 1.929908332432469761e+05 4.206027256428937964e-25
2.839301035955283867e-02 5.646091498080232122e+04 4.727877502682479098e+04 2.386424155873392374e+04 2.987407555791444236e-01 3.804489488924485627e-25 1.923070056256370844e-25 2.128280546859530005e-25 2.858360111651988555e-01 4.952934045048785629e+04 3.507128969740145906e-25
4.934139693352049272e-02 1.767666376638425936e+04 1.000806482490981216e+04 5.654643524602610341e+03 2.492318033950313150e-01 2.062838077975108375e-25 1.400303495077345176e-25 1.090097404662629770e-25 2.533181368685165635e-01 1.609137013921537800e+04 1.961894518581522221e-25
8.574552048272386651e-02 5.977861707757274417e+03 2.607887788950625691e+03 2.510581294799007082e+03 2.368690661450222612e-01 7.566218950135288781e-26 4.301161836910740959e-26 2.630658508979603495e-26 2.005700627563651861e-01 5.980387968293769518e+03 6.643402595027619348e-26
1.490086365564239901e-01 2.188509204964034780e+03 8.261544623364520703e+02 9.258125888893205229e+02 2.015286889496657741e-01 2.102591935922822128e-26 6.845900937606362339e-27 5.499516335667392408e-27 2.046698130245499514e-01 2.187003394885313355e+03 1.867869356029930946e-26
2.589473320985681837e-01 6.361178371133479459e+02 2.422618145789564323e+02 1.487354531088766976e+02 1.470808000269569205e-01 5.405537521519970900e-27 3.784183096220256849e-27 1.039174039834800601e-27 3.056070434700020599e-01 5.698660285008421624e+02 3.265949311053163476e-27
4.499988883233312364e-01 1.766667416961856816e+02 7.739636169695396006e+01 6.166759805400798200e+01 1.751231748246932785e-01 1.481651132441343166e-27 1.873731502483054679e-27 3.382172306952018613e-28 4.462168705210166064e-01 1.686404741906413562e+02 6.048595712937728492e-28
7.820084410645824491e-01 7.046793508425403729e+01 4.001756293123900576e+01 2.149745007447688039e+01 2.460020507180267768e-01 8.911127332110048246e-28 6.064669856477025958e-28 8.715892574796642036e-29 6.290909950836366393e-01 5.349992475214146026e+01 1.349310618128051201e-28
1.358974916971039892e+00 4.046453059092966953e+01 2.087649967336560763e+01 1.213218248890962592e+01 2.851057879935874895e-01 1.669984891427645618e-27 2.755134351691271315e-28 4.580946640378733262e-29 7.677545613270200242e-01 2.728153363019159627e+01 5.839397544526206040e-29
2.361627736961885660e+00 2.574205505113290116e+01 1.090614510816850213e+01 5.147913546975125598e+00 2.261098852929010194e-01 8.542222680780560836e-28 1.405614273287900580e-28 4.718416168517926658e-29 6.579118103027090658e-01 1.879452134749270442e+01 6.464502094267029910e-29
4.104038638489875268e+00 2.006834096174457116e+01 8.402324521099167498e+00 4.357353720396748287e+00 1.765983861581893466e-01 4.483673602570262371e-28 1.303376698505011911e-28 3.492229137414090233e-29 5.667042634263007583e-01 1.698157424082970834e+01 7.168768117244563961e-29
7.132001747187159957e+00 1.604337810052704683e+01 3.556163405758919538e+00 2.472219614312415104e+00 1.087594556914031618e-01 2.330215389083439443e-28 8.706903946951491252e-29 2.946409502796033737e-29 5.010526646681660035e-01 1.527413263688188749e+01 7.055929721941709816e-29
1.239399854690385538e+01 1.801886130544743558e+00 2.239428754143211187e-01 1.873797125875773517e-01 6.752783880544341311e-02 2.034125800225893511e-29 1.422034737852354590e-29 1.726673904792432830e-30 4.238883592428121516e-01 1.756447475566335958e+00 6.826022205547251413e-30
