# R (Mpc), mean rho (Msol/kpc^3), errup (Msol/kpc^3), errlow, std, mean pth (Msol/kpc/s^2), errup(Msol/kpc/s^2), errlow, std, median rho (Msol/kpc^3), median pth (Msol/kpc/s^2) 
#  nprofs 450, mean mh 1211886614168.729004, median mh 1166890030236.912842 
#  Mass range 12.00 - 12.2 
#  Nhalos 37
1.633856291868465010e-02 1.668481924066859065e+05 1.108406756004098861e+05 1.444212482317945396e+05 4.659470560124655547e-01 3.983034879935425846e-25 3.850311849253483383e-25 1.107867432112630362e-25 4.150595798769127764e-01 1.694811429657323461e+05 2.315376548173279766e-25
2.839316818066401488e-02 5.082718718884416739e+04 6.324997943699479220e+04 2.256511469115554064e+04 4.056770962335554120e-01 2.380588825128252911e-25 1.157924137341427563e-25 8.973064627244924063e-26 3.635861323875136386e-01 3.453931739416786877e+04 1.662620775004649650e-25
4.934167119517834238e-02 1.323213949086051434e+04 1.032515202543130545e+04 6.702605336414884732e+03 2.958801349092005650e-01 1.241253106397395722e-25 4.817943702096215107e-26 4.318919834969463714e-26 3.127826266707757208e-01 1.162026228210625231e+04 1.029835727924137774e-25
8.574599709486005472e-02 4.079497394774235090e+03 1.743896379111364240e+03 1.340480127181503576e+03 2.016068597068038926e-01 4.836038094798792180e-26 1.766780884024570791e-26 1.045129390953162702e-26 2.499426589930479614e-01 3.948834766826669238e+03 4.239053603606740642e-26
1.490094648133893918e-01 1.657015487405835529e+03 6.241813425818211272e+02 6.134290753444147413e+02 2.007513903477915473e-01 1.671147122533014086e-26 4.507961238046831454e-27 6.507421564821727242e-27 2.073117589095588853e-01 1.679417503132190404e+03 1.690028476386955640e-26
2.589487714442089139e-01 5.854015015123210333e+02 1.863494796416680401e+02 1.852899012858794663e+02 1.688589438818243194e-01 5.063558937984742336e-27 3.558377780439475088e-27 1.707705587518035006e-27 2.764257029239933772e-01 5.773666841825905749e+02 3.847269630454622878e-27
4.500013896193789109e-01 1.636802213993757391e+02 9.591283456168966381e+01 4.598898347786506235e+01 1.741240123413588248e-01 1.167808883665337934e-27 1.658925382754183953e-27 2.601698888100921674e-28 3.949318733772510526e-01 1.461720880220600236e+02 5.909512256204426772e-28
7.820127878189270243e-01 5.971186720881765808e+01 4.328088607429064183e+01 1.809710329103668158e+01 2.479302907575229309e-01 4.300129080469177782e-28 6.256054502908474185e-28 1.072724345295365122e-28 5.805562195022092586e-01 4.637200369152991897e+01 1.552392259274395201e-28
1.358982470764342532e+00 2.866027915963186246e+01 2.385654792727679663e+01 1.199114966960949147e+01 2.730962347183940042e-01 2.246089565486145370e-28 3.378318588997353468e-28 5.660790568774440984e-29 6.959855893038979779e-01 2.356827280986707152e+01 7.102986010704607004e-29
2.361640863950146940e+00 1.785771172798721196e+01 1.369825725930651217e+01 3.875314255694325638e+00 2.210193707389984663e-01 1.562912979662224389e-28 2.679487106005099612e-28 4.424087382665563419e-29 6.147936672670335501e-01 1.385596935760469606e+01 5.897144343923133897e-29
4.104061450580955395e+00 1.784499942554522889e+01 7.730107301449651303e+00 3.852108635942084192e+00 2.535074087347241600e-01 9.007217682261543315e-28 1.260854952574133760e-28 5.621581704717216000e-29 7.733539879221286162e-01 1.276004317036473701e+01 8.207019504184251634e-29
7.132041390057954899e+00 1.102554181444821246e+01 2.894884443154611020e+00 3.258304044813645994e+00 1.368294216849562928e-01 1.988639086338225382e-28 9.594190220680185211e-29 3.402053232798401544e-29 5.583757015841499527e-01 1.080030473081334819e+01 5.594064872800608899e-29
1.239406743831755797e+01 3.366592724791442226e+00 6.904473373012152138e-01 3.125231565085333507e-01 8.520768550892691973e-02 5.911202020891431173e-29 9.078305067968449610e-29 6.097219045367410528e-30 4.772695532300855192e-01 3.169089456255398396e+00 1.825190718789599540e-29
