# R (Mpc), mean rho (Msol/kpc^3), errup (Msol/kpc^3), errlow, std, median rho (Msol/kpc^3), mean pth (Msol/kpc/s^2), errup(Msol/kpc/s^2), errlow, std, median pth (Msol/kpc/s^2), mean gas-mass-weighted metal (fraction), errup, errlow, std, median metal, mean gas-mass-weighted temp (K), errup, errlow, std, median temp  
#  nprofs 434, mean mh 528910394692.087524, median mh 475139927711.310608 
#  Mass range 11.50 - 12.0 
#  Nhalos 161
3.113232202630837955e-03 1.968755223047060659e+06 8.364479193315594457e+05 5.156172472848522011e+05 1.695805216086801737e-01 1.843665134084952064e+06 2.170747889404443600e-25 1.495668863337478876e-25 5.977884257062476208e-26 2.248077621027376738e-01 1.828651323147955677e-25 4.296597481406139868e-03 2.881843974061227328e-03 2.094633425389437476e-03 2.854782824689294785e-01 3.886750232696889549e-03 1.248640209772962044e+04 1.146900010324783580e+03 5.792614466525992611e+02 3.710921344942516575e-02 1.228192427744424276e+04
5.410177501821110228e-03 7.163090151002389612e+05 2.875969753190556075e+05 1.925052735644470667e+05 1.573977416382942585e-01 6.578741938390445430e+05 1.238711444588544071e-25 5.056481856760585697e-26 2.060936508682628292e-26 3.156524870418102036e-01 6.416090762130551265e-26 3.355490791507360557e-03 2.097605342377958666e-03 1.422907430237623687e-03 2.650341222072977176e-01 2.986336790158182399e-03 1.597860542651558353e+04 8.917208018741312117e+02 7.338609819983830675e+02 1.958520284927191824e-01 1.167183358951594346e+04
9.401810946345954753e-03 2.708564813412505900e+05 1.605944635490407818e+05 9.689681257931151777e+04 2.049111374860863588e-01 2.458188649512791890e+05 1.433869319085400522e-25 2.279369998314159802e-25 3.336373341624115385e-26 4.843211027811044067e-01 5.680093515953166245e-26 2.067682171074308305e-03 1.352671734109570610e-03 7.512301417359057562e-04 2.496792632437019877e-01 1.723982413046265365e-03 4.686366588194122596e+04 6.427387090445436479e+04 6.199930440365264076e+03 4.162290320177987613e-01 1.753631751902948236e+04
1.633847485430494142e-02 1.011553642204204953e+05 6.124664058580936398e+04 3.558268967341809184e+04 2.335085849488035548e-01 8.775823552700036089e+04 1.367742671221804265e-25 1.215917747941183029e-25 6.328064125787071357e-26 3.680506102252502076e-01 1.062555537337086158e-25 1.240006568588011187e-03 8.065053247438924797e-04 4.447416915096355939e-04 2.444967090586027403e-01 1.070566280537629377e-03 1.146539574515889253e+05 1.100819938582033938e+05 5.278916533858901676e+04 3.717338810795012827e-01 8.700788151990571350e+04
2.839301514231197185e-02 3.177576187409362319e+04 2.325386646819161979e+04 1.261617645666895442e+04 2.604634240883919594e-01 2.692763237803931406e+04 6.670066924168663439e-26 5.618693764559262934e-26 2.653076585083539672e-26 2.989578835779603261e-01 5.179290789893965428e-26 8.189499884799624017e-04 4.857887975651335299e-04 3.338407707311252587e-04 2.486777417904377785e-01 7.209161188069474011e-04 1.975780793877232645e+05 1.820772378765310859e+05 7.817972060286026681e+04 3.739418963815710484e-01 1.308518360444798600e+05
4.934140524500327946e-02 8.015447410037321788e+03 4.015492542440242687e+03 3.129634279476775191e+03 2.102504728075980933e-01 7.410063236896072340e+03 3.471827341652491377e-26 3.516928008222792475e-26 1.115118350396755759e-26 2.839669636681377285e-01 2.477737915140083389e-26 5.279581534991832290e-04 3.588748023212231511e-04 2.187069933236605109e-04 2.632066229085989195e-01 4.622162510315912329e-04 3.317592581512744655e+05 2.383778649360567215e+05 1.561217279854412773e+05 3.036810774211661235e-01 2.775881534384256811e+05
8.574553492642551789e-02 2.438275247654612031e+03 1.278015423458542500e+03 6.801205053459184455e+02 1.634210138037278937e-01 2.219163811071628061e+03 1.573935813084857992e-26 1.869106394224711992e-26 5.253645352101596358e-27 2.875940674743547865e-01 1.137051667268120054e-26 3.562784667841664612e-04 2.587295771366118530e-04 1.414660295025083232e-04 2.694190130868507893e-01 2.974998178309787799e-04 4.058908713703532121e+05 2.109942885652612313e+05 1.163496756616791245e+05 1.687436970187247420e-01 3.686418645689515979e+05
1.490086616567007083e-01 1.011051248831456292e+03 5.322533466021325239e+02 2.804235253803421983e+02 1.723121962381027328e-01 9.053193802445855454e+02 5.000932399623627211e-27 5.481276103135694509e-27 1.865797690383088362e-27 3.075636550998788188e-01 3.680170822777598923e-27 2.631950781119939543e-04 1.808778380044349379e-04 9.622837504724774857e-05 2.564306533541778066e-01 2.206530443180163687e-04 3.030882974334150786e+05 1.498507614928683615e+05 8.415811732448887778e+04 1.536889605177815254e-01 2.779234708644645871e+05
2.589473757178498703e-01 3.287212919167596397e+02 1.694056526356690711e+02 1.098399049006268910e+02 1.895159596747979236e-01 2.971816114133498559e+02 1.219101694075310444e-27 1.137517919344474395e-27 5.309635203856325622e-28 3.609134219702222479e-01 8.781821202398515582e-28 2.008833265930182351e-04 1.478637408523354019e-04 8.027981300910960109e-05 2.540870636217112954e-01 1.716560701771483377e-04 2.177266999495827768e+05 9.911959756790296524e+04 7.061570927979642875e+04 1.897969002689458839e-01 1.941277122306739038e+05
4.499989641249551586e-01 9.293907988229670991e+01 4.289262755467649413e+01 3.049245776587495982e+01 1.935740266192336745e-01 8.369500855328217881e+01 3.364851652003986178e-28 2.914629434475174356e-28 8.846082281382763101e-29 4.517733990809493783e-01 1.481173750252182265e-28 1.319483565006036461e-04 1.128956982193322954e-04 5.669631205475230535e-05 3.176357581484528514e-01 1.122351270991872661e-04 1.825927336523513659e+05 1.065303991071560304e+05 4.773528153999237111e+04 2.822464681741903014e-01 1.229406455632780271e+05
7.820085727927073016e-01 3.725618040460669533e+01 3.078959019748157289e+01 1.033268958457497178e+01 2.776264408824484220e-01 2.631771925553634617e+01 2.166870123068069439e-28 1.957321339665431345e-28 2.239666216887160399e-29 6.702552543700897036e-01 3.378419937417724591e-29 1.025721973709938905e-04 1.167791846146257933e-04 3.349658855196146551e-05 5.100943627304433958e-01 5.201612667387312368e-05 2.082665613277999219e+05 2.106738657667994266e+05 4.718281077065324644e+04 4.159241125279781182e-01 9.395033297963567020e+04
1.358975145888284608e+00 2.355946203175692943e+01 2.640260273888532083e+01 6.326701109341490437e+00 3.511497781610374846e-01 1.402080076359464833e+01 3.310804782990875118e-28 2.858366167293073108e-28 1.518958104097892854e-29 9.071989952856388539e-01 1.873577874220185172e-29 1.632630230513760464e-04 3.342299012865427546e-04 3.981255657273184939e-05 8.239240679112104226e-01 4.695197710582894439e-05 3.050135397318318719e+05 3.878464567535006208e+05 6.158393188147459296e+04 5.719340549306888288e-01 9.143752328702821978e+04
2.361628134774462762e+00 1.828410006707067481e+01 1.640493847114869652e+01 4.969161463419382585e+00 3.419733556957109677e-01 1.068075697620044728e+01 7.385691316663445126e-28 2.057905119510851510e-28 2.228794739061561524e-29 9.345553022640962215e-01 2.606501421797258836e-29 2.288882670025078664e-04 3.623122831753208080e-04 9.875315824494741376e-05 8.182447514934529931e-01 1.238131229081006505e-04 5.436136428931880509e+05 5.371388737322887173e+05 1.108622118632807105e+05 6.067504968384292985e-01 1.584516188605996722e+05
4.104039329808901293e+00 1.268304227614748569e+01 7.306870668726347162e+00 4.218923665212678031e+00 2.852403696132059241e-01 9.191420107094202763e+00 5.006763026571077173e-28 1.432580720853230992e-28 3.670402560473359970e-29 8.578984680224136516e-01 4.321871566246353309e-29 2.895028999629414303e-04 1.532742583817153933e-04 1.990208727879103328e-04 4.210228847963775611e-01 2.751512740817097023e-04 9.004987433272019261e+05 5.345697177755956072e+05 1.966455277213203372e+05 5.846632147163128845e-01 2.802853434218005859e+05
7.132002948561937394e+00 8.589742004887353843e+00 2.713388311327520341e+00 2.265380563866427721e+00 1.563778554156470268e-01 7.976042681866321260e+00 1.520712349934001736e-28 7.180425593801571761e-29 2.557213899402534245e-29 5.596830928652601900e-01 4.041974312222385780e-29 2.824551357141859612e-04 9.811866444109276081e-05 9.827418527881201515e-05 2.009736258628095906e-01 2.662745186554101159e-04 7.520482489681066945e+05 3.606076624802452279e+05 1.771072195364411455e+05 4.140696533118276568e-01 3.521051074025187409e+05
1.239400063465394020e+01 4.238864133674577594e+00 1.428602037384518297e+00 5.635246384492269556e-01 9.433776399416542169e-02 4.007701562708019694e+00 7.901252891320605652e-29 2.627335231496173751e-28 9.639177300267502229e-30 5.021103693793739220e-01 2.344693333184409713e-29 2.947903907564858317e-04 1.972418096025090203e-04 5.775953782348710783e-05 1.476041323475718037e-01 2.644403740745240243e-04 1.020222702354520210e+06 2.929491301100699231e+06 1.269650485447074170e+05 4.175863275981123723e-01 4.054265053578738589e+05
