# R (Mpc), mean rho (Msol/kpc^3), errup (Msol/kpc^3), errlow, std, median rho (Msol/kpc^3), mean pth (Msol/kpc/s^2), errup(Msol/kpc/s^2), errlow, std, median pth (Msol/kpc/s^2), mean gas-mass-weighted metal (fraction), errup, errlow, std, median metal, mean gas-mass-weighted temp (K), errup, errlow, std, median temp  
#  nprofs 445, mean mh 538835295199.241455, median mh 484949912564.478394 
#  Mass range 11.50 - 12.0 
#  Nhalos 168
3.113230364662173105e-03 2.997698139851233922e+06 1.327644121551511809e+06 8.046064082941564266e+05 1.899259460956740087e-01 2.815114148458544165e+06 1.234967239225679324e-24 3.945273508976107586e-25 2.024404564776929034e-25 3.536055390189792313e-01 3.978845500654020669e-25 1.512267640495029708e-02 7.501858692863270367e-03 6.255657354070735809e-03 2.176304550317274267e-01 1.446954450527118685e-02 2.303881208937392148e+04 3.151854967582095924e+03 1.829298897589618718e+03 1.758274325974438224e-01 1.346791475533770608e+04
5.410174307797641774e-03 1.008871205920078093e+06 5.058192390464248601e+05 3.242669131771037355e+05 1.842801673067516188e-01 9.267979160935112741e+05 2.394546880900777745e-25 1.393822181657227339e-25 4.146674147013248178e-26 3.228418628862046447e-01 1.082458966443742194e-25 1.249816316187213339e-02 6.474208293159070329e-03 4.526398732572283271e-03 2.100819085592150193e-01 1.173847536149737365e-02 1.643321154778520577e+04 3.311766654841065247e+03 1.533300646486304686e+03 1.864830403460017716e-01 1.183267963686450639e+04
9.401805395769324489e-03 4.038741941830703872e+05 3.054597439693338238e+05 1.467413551737107628e+05 2.312830045691956216e-01 3.422688403032599017e+05 1.153107559446532668e-25 1.449090030428496461e-25 3.995920560705017929e-26 3.963800495664174806e-01 7.054074040217349739e-26 8.183215477797815829e-03 4.187777757791531080e-03 2.770319283684473735e-03 2.130416872792485483e-01 7.497436521559394315e-03 2.722602092715071194e+04 2.821123903460858128e+04 2.924248012204567203e+03 3.160357288831662781e-01 1.350595323896991067e+04
1.633846520850827655e-02 1.541287051093468908e+05 9.090386090722653898e+04 5.296156911078174016e+04 2.187077567312958049e-01 1.369804653953893285e+05 1.167641905180211384e-25 1.161632323968428326e-25 4.740652260183223076e-26 3.752206856333885066e-01 8.285469341770788615e-26 5.122319116998352156e-03 2.696279127525720229e-03 1.638298614343711157e-03 2.172999406798502009e-01 4.619622768255738851e-03 6.349727073239475430e+04 5.320834524882248661e+04 2.394637900769625048e+04 3.418326422222502936e-01 4.415310243757152057e+04
2.839299837983852784e-02 4.503314418050603854e+04 2.338755737098363170e+04 1.706918398974008596e+04 2.374514399294315459e-01 4.025520808985515032e+04 6.483450166399279663e-26 6.942250588429366529e-26 2.791329462676883879e-26 3.473427408572944408e-01 4.633808197234414540e-26 3.504183650475094485e-03 2.238754998832305845e-03 1.290536317092570631e-03 2.413592629292946601e-01 3.044876250664158013e-03 1.302464991427328932e+05 1.696191143770929484e+05 4.629786374481560779e+04 3.959697263645662324e-01 7.999656214637012454e+04
4.934137611516303812e-02 9.990852064217351653e+03 6.355453986166719915e+03 3.453157299778597917e+03 2.308909035891463235e-01 8.631243322890093623e+03 3.305641505540433883e-26 3.305726732515561891e-26 1.047826721126991341e-26 3.159197150813640720e-01 2.207060476311718103e-26 2.294243147753217277e-03 1.508577290426282944e-03 1.059234097123947817e-03 2.702396784586916234e-01 2.064104469274690486e-03 2.689080975255145459e+05 1.909242635441923339e+05 1.541824130184580281e+05 3.545110210220193125e-01 2.305013177425107860e+05
8.574548430456500892e-02 2.375847326363363663e+03 9.468633029598786379e+02 6.828435921913228412e+02 1.629227303442481178e-01 2.187139841133859591e+03 1.385275843480245506e-26 1.346101593009016440e-26 4.637691421957601868e-27 2.833230972521231239e-01 1.022899455227005454e-26 1.413769350832144202e-03 1.061304923310988323e-03 6.425139301295777891e-04 2.900421670151194231e-01 1.252825213243716901e-03 3.716489066285488079e+05 1.680104239508800674e+05 1.330932697044237866e+05 1.845897316403979915e-01 3.530473303100325866e+05
1.490085736859895482e-01 8.578286286255583946e+02 3.953164763030584936e+02 2.407299943260904911e+02 1.708944653687300974e-01 7.713727419861962744e+02 4.231185461702190203e-27 4.325311799115085762e-27 1.609890800953265736e-27 3.034716731418118374e-01 3.190877421875374167e-27 9.534720183299257067e-04 6.897553425907743379e-04 3.846815566159875665e-04 2.739504737332234541e-01 7.952043592895899262e-04 3.060951242633814109e+05 1.179159851026956458e+05 1.006724279694208526e+05 1.637383005560573423e-01 2.897142934073660872e+05
2.589472228422751710e-01 2.823105292251834726e+02 1.281113136761732108e+02 9.571562145610198513e+01 1.887939383331281584e-01 2.621669776366750284e+02 1.142216875172943326e-27 9.419107751838171711e-28 3.940297732519712045e-28 3.773547289237461078e-01 7.396524530057244992e-28 6.981809280261335468e-04 5.166782422151671014e-04 2.701605623911430701e-04 2.686119987204786397e-01 5.751591382192792297e-04 2.372735150597372558e+05 1.154063342600594624e+05 7.384115076529949147e+04 2.232016913977981631e-01 1.960015743994418881e+05
4.499986984576546667e-01 8.621598801348618224e+01 4.449207569826650399e+01 2.969561377381001677e+01 2.137554341724055285e-01 7.439108390957315464e+01 4.064078248616669659e-28 3.243151842476372147e-28 1.086083461966726605e-28 5.045980295528722515e-01 1.631385449249260963e-28 4.998936362439189386e-04 4.529513172315632235e-04 2.045936232964198865e-04 3.457987023995561238e-01 3.667757993094771787e-04 2.241815939487534633e+05 1.627734782198146568e+05 5.760734702182098408e+04 3.190554596721531522e-01 1.327267651000674232e+05
7.820081111158523335e-01 3.681007285852391675e+01 3.624781733104322257e+01 9.212149967119859895e+00 3.135504062569066663e-01 2.277962571849116102e+01 3.296459667029149391e-28 3.080578245919700943e-28 2.239168638621218365e-29 7.319230006479269246e-01 3.224013510917047330e-29 4.522339837515998938e-04 6.854912411090987104e-04 1.470889762491232877e-04 5.930523940055955068e-01 1.936813899491576720e-04 2.405592568453525600e+05 2.739159066331681097e+05 4.766257721618156938e+04 4.421118594576649574e-01 9.608670679102718714e+04
1.358974343585863442e+00 2.304186730422830820e+01 2.250771323076634189e+01 5.839433886479860725e+00 3.643284989825162912e-01 1.266031948523800565e+01 6.015068884637460591e-28 2.490072685135851208e-28 1.804360891839255046e-29 9.217458453679688857e-01 2.104979727428048111e-29 5.825866456208388632e-04 1.043042768078903098e-03 2.436024557790370600e-04 8.360471539707201583e-01 2.738208265421607007e-04 3.469074071286988910e+05 3.979326949953006115e+05 7.710437068983468635e+04 5.750902794467162016e-01 1.059090242780784611e+05
2.361626740532650537e+00 1.665589092762613177e+01 1.338594045970226709e+01 5.417524110528932901e+00 3.502196490564288278e-01 1.022397624752000134e+01 6.822272528190347172e-28 1.504967925243375501e-28 2.273181314074180468e-29 9.287162708942076073e-01 2.648005859789174491e-29 7.397920734490707941e-04 6.971548672986555961e-04 5.359993217340614869e-04 7.235921179183647522e-01 6.484636251625893952e-04 5.300270415973920608e+05 3.909716905970327789e+05 1.379872504206911253e+05 5.920010743704493539e-01 1.817759451737269992e+05
4.104036906894324765e+00 1.121699477106570875e+01 8.046471934291492545e+00 3.806976367317015608e+00 2.918881247091520970e-01 8.027140958919513736e+00 4.074612670244234779e-28 1.246009132925074494e-28 2.843036031199483363e-29 8.446908056341130289e-01 3.314774671214344810e-29 8.742780947494776123e-04 3.887413233976692774e-04 4.729107739880542005e-04 3.457295313584817231e-01 8.661881971559924273e-04 8.057275341881607892e+05 4.133133302034847438e+05 1.976771864553280466e+05 5.640669837653341512e-01 2.761377897493864875e+05
7.131998738018977768e+00 7.473052486036031894e+00 2.499896057908966185e+00 2.250354582274582960e+00 1.702751862361360780e-01 6.854553024170146003e+00 1.354565183623562352e-28 4.727749337684463139e-29 1.734109681735585203e-29 5.834329740640046280e-01 2.915233981557734104e-29 8.402143323444244850e-04 2.191061621460810120e-04 2.833720972354195284e-04 1.579123912794763440e-01 8.290719469476583257e-04 7.065937584004662931e+05 2.734298056415582541e+05 1.427383491247617931e+05 4.240742343953748938e-01 3.064116434225365520e+05
1.239399331756889211e+01 4.340680446270616777e+00 1.550920719805786163e+00 5.028500191655767004e-01 9.356006430804225671e-02 4.021979225616899356e+00 7.891193582259002817e-29 2.555964192775735792e-28 5.789514415534485301e-30 5.219134145368168332e-01 1.973294036334186047e-29 8.673790354126273026e-04 3.757048709535091083e-04 1.117200513872962679e-04 9.864386441583847254e-02 8.129756892368026830e-04 9.988393126121399691e+05 2.846842828741968609e+06 8.383968004356604069e+04 4.381753455272889286e-01 3.488879211263116449e+05
