# R (Mpc), mean rho (Msol/kpc^3), errup (Msol/kpc^3), errlow, std, median rho (Msol/kpc^3), mean pth (Msol/kpc/s^2), errup(Msol/kpc/s^2), errlow, std, median pth (Msol/kpc/s^2), mean gas-mass-weighted metal (fraction), errup, errlow, std, median metal, mean gas-mass-weighted temp (K), errup, errlow, std, median temp  
#  nprofs 443, mean mh 1819177851088.957764, median mh 1768115763691.956299 
#  Mass range 12.21 - 12.4 
#  Nhalos 19
1.633856291868465010e-02 1.610338938984507695e+05 1.532112092164789792e+05 1.063927508357538027e+05 5.846542626452914115e-01 1.215979110019337240e+05 5.715199054441339467e-25 9.423516369083463069e-25 1.764460497081967624e-25 4.417996207381686968e-01 3.136667937122433986e-25 8.078268939527148348e-03 2.906893816976173148e-03 1.683861223041429114e-03 1.523322212785933882e-01 7.361768999344138129e-03 5.056965168840287370e+05 7.082443637168706628e+05 3.248771619118740200e+05 5.446448189992852962e-01 3.920987916067634942e+05
2.839316818066401488e-02 5.773838563720248203e+04 4.599500482781468600e+04 3.988521142584949121e+04 4.877455469497727347e-01 4.799335717141446366e+04 2.999983595284596028e-25 3.457819652423719431e-25 1.365136371206757555e-25 3.337111709304080853e-01 2.421273066652047185e-25 6.756401148323255140e-03 2.727756856545964816e-03 1.733192121615462211e-03 1.594935685806855297e-01 6.187307092609588798e-03 6.152883808554228162e+05 6.953614984501234721e+05 3.073125665707699372e+05 4.023535950537108219e-01 4.621891168818385340e+05
4.934167119517834238e-02 1.417228794583418494e+04 6.263150515984320009e+03 1.056131698202934786e+04 3.774941613662519124e-01 1.347510683186289498e+04 1.631663744543351457e-25 7.129064568816515822e-26 1.073134591244439617e-25 3.125098449252870503e-01 1.734325694751968484e-25 5.115404466567274877e-03 1.670093298937098264e-03 1.658999641959642973e-03 1.698292542652836967e-01 4.972125281029884242e-03 9.372505389420029242e+05 4.444664497589031234e+05 2.575422905110553838e+05 1.937225859278053353e-01 8.514263019586310256e+05
8.574599709486005472e-02 5.206876281408612158e+03 1.954624532926618485e+03 4.365248874797092867e+03 3.175644189353227786e-01 5.912434753588639978e+03 7.797313976045896471e-26 2.784377188516430536e-26 6.013840040373486021e-26 2.902739848706503700e-01 8.134404965246511709e-26 3.445874876897189656e-03 9.863468513492223803e-04 9.381885184829691880e-04 1.655886165706648427e-01 3.292127223529916959e-03 1.099478494166762102e+06 3.764330984527873807e+05 2.145816162137361243e+05 1.340842577590925788e-01 1.036000416524053551e+06
1.490094648133893918e-01 2.198608264298168706e+03 9.909933064793699486e+02 1.832620491727497665e+03 3.185622002447454082e-01 2.415234747308519673e+03 2.781925047305431510e-26 1.237033512000462963e-26 1.721479773491447637e-26 2.728191723912908317e-01 2.673355259543734779e-26 2.565018351083575478e-03 1.248738737355665346e-03 4.268869456938433494e-04 1.453478179527995240e-01 2.206624767115505144e-03 9.310528525738524040e+05 1.229203794801787008e+05 2.922875471388170263e+05 1.261517340111092955e-01 9.556313278197117615e+05
2.589487714442089139e-01 7.246539044616415595e+02 2.672553422517802346e+02 4.410191353481980627e+02 2.315695231977426549e-01 7.302634700430734256e+02 6.953938158623083313e-27 5.925677420907411707e-27 2.236308726347467003e-27 2.132221969985172438e-01 5.770342518127359070e-27 1.734264863335556158e-03 7.747242229275770782e-04 4.191274811453907147e-04 1.561849867947658621e-01 1.596576958431407314e-03 6.848224156136641977e+05 1.687384908722444670e+05 2.089295868679648847e+05 1.341593227623547879e-01 6.795434085014420561e+05
4.500013896193789109e-01 2.103595275441433046e+02 5.619691220143596411e+01 5.337471160173723206e+01 1.502820005376861168e-01 1.945927329076623096e+02 1.601831913951819276e-27 7.193138734976793134e-28 6.276367970537002945e-28 2.690365690051104153e-01 1.296719600500480395e-27 1.233941303780485043e-03 6.465676937885192748e-04 4.717318558757712700e-04 2.334281667337729793e-01 1.184628486497262901e-03 4.818898751837347518e+05 2.457658670810187468e+05 1.244545953853859100e+05 1.726937637441288420e-01 4.281290880560918013e+05
7.820127878189270243e-01 7.123651247625132044e+01 6.487621459460351048e+01 1.184649498688275315e+01 2.421461673772661027e-01 4.700747621168706303e+01 4.557069291081164954e-28 4.551476434357043555e-28 1.272625856145207739e-28 4.844288709781519042e-01 1.994979259157428800e-28 9.629432359701983095e-04 1.315145324264982690e-03 3.560226644246000292e-04 4.529382153825515234e-01 6.151494025303485191e-04 3.171187758797656861e+05 1.764351747394758277e+05 1.901136798371732584e+05 2.661344806494793658e-01 3.188252966313449433e+05
1.358982470764342532e+00 2.728366697287946252e+01 1.969612901665902882e+01 1.006977109114428082e+01 2.114672335767592282e-01 2.508995840252293164e+01 1.257433579752203474e-28 1.792172212691071255e-28 5.396520354449490420e-29 5.955951334796387719e-01 6.232602520008379223e-29 6.659386140221978121e-04 4.268137429028818521e-04 5.816115658639341591e-04 5.310611796021849074e-01 6.730629039892737243e-04 2.408743006186288258e+05 1.996404716693927767e+05 1.712723272789666662e+05 4.019309755493566949e-01 2.157815538298010943e+05
2.361640863950146940e+00 2.046450332098313751e+01 1.560611240647265063e+01 5.971997351526605158e+00 2.600902908871552399e-01 1.563123685017074393e+01 1.651679583458492668e-28 1.740048721513049363e-28 6.496943368497032702e-29 7.057391306469672498e-01 7.735575822067252089e-29 8.150682263324127283e-04 4.199631526129411416e-04 7.727001920671047047e-04 4.830343959936245213e-01 9.401719696816752958e-04 3.730001701268373872e+05 2.171406918965321383e+05 2.444210088505647727e+05 4.572575314819274372e-01 3.427737883234130568e+05
4.104061450580955395e+00 1.831927100528082164e+01 5.817781700775176645e+00 6.358965313747278358e+00 2.273722607607282231e-01 1.557263543103023018e+01 7.883945422534084061e-28 7.005097817847629757e-29 4.818259890427036697e-29 7.117359472626700878e-01 7.295502743084267781e-29 9.781549949825873828e-04 2.961344783741075596e-04 2.253870378181405077e-04 1.722044267824730523e-01 8.909815917082279874e-04 1.246887098630960798e+06 1.333187874393218081e+05 1.921728422014522075e+05 5.038825308837345807e-01 3.762437652131811483e+05
7.132041390057954899e+00 1.068523262676353980e+01 2.060355418022256302e+00 2.121822648471054507e+00 1.067825044112057919e-01 1.038207601252493539e+01 1.564939171260947388e-28 4.345082785993061303e-29 3.110392076329453808e-29 4.953928801112574276e-01 5.238901548244675729e-29 7.827209221930231040e-04 1.028736243756022892e-04 2.813749504672631964e-04 1.363929469050577381e-01 8.339552265485571970e-04 7.191381065405504778e+05 1.835837769247798715e+05 1.687749560453974991e+05 4.012884459565169704e-01 3.453619627236266388e+05
1.239406743831755797e+01 3.166832210073665888e+00 3.286034156811457052e-01 2.730432218984892856e-01 5.086719767054707908e-02 3.065503890111924257e+00 3.122550101583856617e-29 6.335561849690036500e-30 1.933611780018398977e-30 3.684304743454520081e-01 1.314899997438411380e-29 7.197320719459929456e-04 1.189296002000681798e-04 8.745765912242502854e-05 8.412960271803855694e-02 7.008453871431837923e-04 5.805891091626930283e+05 1.051405915139954886e+05 5.421490588244289393e+04 3.252026611982001270e-01 2.975308839541265625e+05
