# R (Mpc), mean rho (Msol/kpc^3), errup (Msol/kpc^3), errlow, std, mean pth (Msol/kpc/s^2), errup(Msol/kpc/s^2), errlow, std, median rho (Msol/kpc^3), median pth (Msol/kpc/s^2) 
#  nprofs 427, mean mh 3856185585004.652344, median mh 3585370694306.688477 
#  Mass range 12.41 - 12.8 
#  Nhalos 17
1.633847210211432713e-02 1.434781373826666386e+05 1.960816599668377021e+05 6.050226747262195568e+04 4.770643331579684232e-01 1.671933379070115017e-24 2.070157627164001986e-24 2.776842569574645901e-25 4.535982844231824518e-01 8.739767590869343258e+04 6.069563431118488975e-25
2.839301035955283867e-02 4.418069862427431508e+04 2.962708025835444278e+04 2.695364484593684028e+04 3.872484756151273744e-01 7.262731058991573429e-25 7.018919627333607388e-25 9.939108388136267081e-26 3.087762508345855972e-01 3.972247591110115172e+04 4.054727452476465160e-25
4.934139693352049272e-02 1.690208567370509263e+04 7.900302789200006373e+03 8.606128778109154155e+03 2.882562145757868177e-01 4.096333105940953505e-25 2.990786093601263378e-25 6.283922028162049258e-26 2.661360796793504901e-01 1.497147658908036465e+04 2.718915468623290645e-25
8.574552048272386651e-02 8.083110893711847893e+03 3.438909981611858711e+03 3.835836421828698803e+03 2.521172622044991485e-01 2.314390326987078092e-25 1.536851813891305398e-25 7.745954098056184602e-26 2.386700991328806754e-01 7.376578367337010604e+03 1.926311604698690708e-25
1.490086365564239901e-01 4.255793675091003024e+03 1.460049347707740708e+03 2.372221153884162959e+03 2.272589611152868450e-01 1.203691821950355580e-25 7.078066757682783457e-26 5.285023042535276469e-26 2.714620119641650287e-01 4.559301549170099861e+03 9.873108202495113819e-26
2.589473320985681837e-01 1.710282231964710491e+03 4.401708808139899247e+02 8.795116513180089441e+02 1.895102532648270111e-01 3.544371196949475833e-26 3.884036111936649399e-26 2.801349903848358158e-27 2.395296367310507379e-01 1.818565341660802233e+03 2.319722393911286337e-26
4.499988883233312364e-01 4.312820691182872110e+02 1.576218486157267193e+02 1.131764447046197688e+02 1.535635783542924071e-01 6.831183736754531023e-27 3.617893883308685198e-27 1.807251525013034523e-27 3.130676565846881032e-01 4.041726544748010497e+02 4.069725285061059581e-27
7.820084410645824491e-01 1.244365816299310268e+02 4.130877048488487446e+01 1.895109094655988713e+01 1.951430069564814573e-01 3.000795935052063646e-27 9.436753883927650444e-28 3.257359006531017983e-28 5.339234661155076722e-01 9.872361094927573788e+01 6.162772708366365963e-28
1.358974916971039892e+00 8.724809420652260883e+01 1.823270507751698943e+01 9.015692931847240743e+00 3.097463065948374283e-01 8.602116654260481625e-27 1.932908825592981597e-28 7.078105689184792565e-29 7.281311840346494924e-01 4.497808531904721008e+01 1.839422021165399179e-28
2.361627736961885660e+00 3.161149212136752595e+01 1.350737604970700900e+01 9.199598271738754107e+00 2.289876804929451004e-01 6.961308147388278536e-28 1.787867928002958922e-28 4.401649426529088333e-29 6.794774007821384743e-01 2.500808340703378363e+01 7.487138720278076330e-29
4.104038638489875268e+00 1.936719449581780594e+01 8.443927981824316475e+00 4.291394199254810360e+00 1.434167001318821799e-01 1.079198161216346430e-28 1.098768259934612842e-28 3.736841636294908595e-29 4.324101233632343666e-01 1.784656974071358349e+01 7.315733939201898067e-29
7.132001747187159957e+00 1.641337694407970815e+01 5.758804234933339927e+00 3.067572288312479856e+00 1.281333418190497009e-01 3.482684248909914707e-28 1.006361061995642354e-27 4.611646402483039962e-29 6.674598119887099612e-01 1.574532784313671030e+01 7.398424883374905082e-29
1.239399854690385538e+01 1.852047245212153914e+00 2.633161034772462106e-01 2.602787525398959634e-01 6.856312801261786605e-02 1.566692335650345452e-29 4.195790815346197116e-30 5.434276050828785734e-30 3.922943467677060814e-01 1.827877699632965536e+00 9.365918965868869635e-30
