# R (Mpc), mean rho (Msol/kpc^3), errup (Msol/kpc^3), errlow, std, mean pth (Msol/kpc/s^2), errup(Msol/kpc/s^2), errlow, std, median rho (Msol/kpc^3), median pth (Msol/kpc/s^2) 
#  nprofs 446, mean mh 8995406226086.755859, median mh 9658939439446.429688 
#  Mass range 12.81 - 13.2 
#  Nhalos 6
1.633850140332886169e-02 5.290001109053898836e+04 2.292081816484650335e+04 1.224936357018481795e+04 2.089322338640881294e-01 1.951668860771831997e-24 1.280892402279882376e-24 7.258850264307176047e-25 2.731397760669096453e-01 4.456140573940787726e+04 1.735713987306978104e-24
2.839306127922774578e-02 2.782942949080199833e+04 1.119489142809923942e+04 1.045533609574292495e+04 2.022337125555539183e-01 1.068205789867528395e-24 3.992021191772856259e-25 3.806454833435068149e-25 2.248126391959638648e-01 2.518913982439183019e+04 1.069891362944619806e-24
4.934148542177373836e-02 1.190986542819110582e+04 7.401867725587271707e+02 1.500172532211074213e+03 1.005441655286894997e-01 4.882285516789166105e-25 2.080581840782392413e-25 9.338287422334953194e-26 1.638612539999222406e-01 1.247560351158933554e+04 4.445472677814920838e-25
8.574567425768368778e-02 5.617789170125218334e+03 3.043668805877015075e+03 5.965614787851745859e+02 1.242122969638474184e-01 2.568398950182298636e-25 1.128930441995596062e-25 3.639902080275498914e-26 1.463541019748845762e-01 4.811797682725955383e+03 2.270597860390721901e-25
1.490089037866766386e-01 3.226078634908966706e+03 2.617757919101121843e+03 2.933918176523666261e+02 2.041396467054246988e-01 1.357854191361409745e-25 7.974533714763626038e-26 4.060119091062319560e-26 1.661545472264329137e-01 2.239074861630283522e+03 1.221483248440450703e-25
2.589477964915226638e-01 1.589389261490034869e+03 1.075242703813651588e+03 2.105503878629594965e+02 1.699822556408244201e-01 5.763622222634376268e-26 4.142302281800645618e-26 2.006445503483908645e-26 2.547143994963509961e-01 1.245227990444544503e+03 4.514847056779865696e-26
4.499996953457924831e-01 5.902786478086871966e+02 3.783558586673012769e+02 1.001142908178866264e+02 1.815588346351217353e-01 1.674890403358280691e-26 8.000472834755395960e-27 7.757580938852049927e-27 2.957275601682896604e-01 4.886707441972355355e+02 1.397650546504842366e-26
7.820098435088842503e-01 1.952136893894393097e+02 3.509527202156689896e+01 9.077082380177945709e+01 1.463736898789074481e-01 2.993835044025281448e-27 1.002440744419271659e-27 1.851948542210537535e-27 2.291666884402259741e-01 2.157593628433004369e+02 3.203062386916614147e-27
1.358977354139910165e+00 5.819839843961155879e+01 1.471678413750903758e+01 6.949168991668251749e+00 1.001747198415428031e-01 6.472156949393789659e-28 4.635063927117010228e-28 8.665845453319147056e-29 1.869394334627205168e-01 5.304092367570687827e+01 5.191134464758722630e-28
2.361631972275968661e+00 2.462083432571659003e+01 6.480605367339201450e+00 3.414701014512946387e+00 1.212088706140703187e-01 1.710732214891325933e-28 9.724310590496398611e-29 5.434970609076643997e-29 3.332508867986055390e-01 2.225617849437998785e+01 1.299692517815969356e-28
4.104045998622196656e+00 1.683108916100845676e+01 2.438490440713255936e+00 7.898265097834453741e-01 5.648247068777907665e-02 7.616294152590605195e-29 2.358667743982912813e-29 1.228378797731109065e-29 1.318320758119038427e-01 1.591618897067777283e+01 6.946233393470213928e-29
7.132014537631209627e+00 1.598120159973227317e+01 6.607296729932137680e+00 3.085962063141058920e+00 1.282784431743710374e-01 5.063140857698556280e-28 1.235922204323958084e-27 5.689286858461660575e-29 6.548828528285244310e-01 1.462712961434289127e+01 1.027433813416945254e-28
1.239402077414812453e+01 2.915460740062204792e+00 2.141264703716818651e-01 2.149470777433597490e-01 6.245766889325245902e-02 5.577930514477823683e-29 4.996692298777333528e-29 7.620377854674390292e-30 4.589488657433381524e-01 2.881258557235177875e+00 1.935919713945071805e-29
