# R (Mpc), mean rho (Msol/kpc^3), errup (Msol/kpc^3), errlow, std, mean pth (Msol/kpc/s^2), errup(Msol/kpc/s^2), errlow, std, median rho (Msol/kpc^3), median pth (Msol/kpc/s^2) 
#  nprofs 431, mean mh 1248407298364.880371, median mh 1249024879024.700684 
#  Mass range 12.00 - 12.2 
#  Nhalos 36
1.633852177236155140e-02 1.108369576564446761e+05 6.620134329219788196e+04 6.248021091896315193e+04 3.850179772035394743e-01 2.129419059973041133e-25 1.721772331241878548e-25 1.225646820979271245e-25 3.635616830842335889e-01 9.900591163634482655e+04 1.834395701536586128e-25
2.839309667654963537e-02 3.539950573061782052e+04 3.695665645824676176e+04 1.398437002446529004e+04 3.067615880277029250e-01 1.548424799744889790e-25 6.620876505486564544e-26 1.053972584514201237e-25 3.129661121546148950e-01 2.774599832843144395e+04 1.475362832863572835e-25
4.934154693526905666e-02 1.083619400614011283e+04 4.299233993529167492e+03 4.296130734122680224e+03 2.576270200198794713e-01 9.452216421079549183e-26 5.177819966758601163e-26 4.093622468364294648e-26 2.495416250477703324e-01 1.032977033706189104e+04 8.486067998701347215e-26
8.574578115588683824e-02 3.743904573614869150e+03 1.245246110152167603e+03 1.878557251750216210e+03 2.272490855490647554e-01 4.682547986852565431e-26 1.728926752014909069e-26 2.104612018848457898e-26 2.239911988548628219e-01 3.847097017231200880e+03 4.470143226613045963e-26
1.490090895544625982e-01 1.682934510867000427e+03 6.785866742459213583e+02 7.408886093626772436e+02 2.087463384177892511e-01 1.670009287232264768e-26 1.074686126371945011e-26 5.932443031242683429e-27 2.098752300905622759e-01 1.716577500011795792e+03 1.539356288613517655e-26
2.589481193189351327e-01 5.672982545968793602e+02 2.557038219598896376e+02 1.195565205821872041e+02 1.655549096648050722e-01 4.160213510190684456e-27 2.927230970872281947e-27 9.506111665683307323e-28 2.289264967896402492e-01 5.066848225154700458e+02 3.314849396608514903e-27
4.500002563555373647e-01 1.494553043468567068e+02 7.503290341110476902e+01 4.784947830145512171e+01 1.656082825079407683e-01 7.540099316107268355e-28 5.694153926593666386e-28 3.280761131947337997e-28 2.990436156755064134e-01 1.370710930522031390e+02 6.232963247423988861e-28
7.820108184320838651e-01 4.073406744981130601e+01 2.222362057512437161e+01 1.517823239749141351e+01 1.919317902615341187e-01 1.716075335509971496e-28 2.720099554100780513e-28 7.431444642875382155e-29 4.437181873330407478e-01 3.751995610032426498e+01 1.053839685644091734e-28
1.358979048362254582e+00 1.980770003050330530e+01 1.817939753367194555e+01 5.311086423544166379e+00 2.675767824926181815e-01 1.409333318643859344e-28 1.557874555218814384e-28 1.826028703422451633e-29 6.732976587064407603e-01 1.427485525775546904e+01 2.552040153399763800e-29
2.361634916496962333e+00 1.155919315051677820e+01 9.366811573622200626e+00 3.110229017118516737e+00 2.470212864297139654e-01 1.647739422358552851e-28 1.215487226758972781e-28 1.081455889907898291e-29 7.196316670004119231e-01 8.627722789194201880e+00 1.650237358830400568e-29
4.104051115091881030e+00 1.080987738652972929e+01 3.289396378499532148e+00 3.890763531159657340e+00 2.932847269306773641e-01 4.738617348430226209e-28 7.868120532044556261e-29 3.454193859425251965e-29 8.449276163271305373e-01 8.253896108120564179e+00 3.922016525662190442e-29
7.132023429036466133e+00 6.588432603205762739e+00 2.269227595579335954e+00 1.724603718591565915e+00 1.729311688144617998e-01 1.154808671277861564e-28 4.934322564245025403e-29 1.282925837624042505e-29 5.309520969981946781e-01 5.944460137974511227e+00 2.378390345862050576e-29
1.239403622563954954e+01 4.509764382904910995e+00 1.493403054551258435e+00 4.561437673641517421e-01 9.162832353946250008e-02 6.297893560925510196e-29 5.765227593280342130e-29 7.329553328531175095e-30 4.644472010403879469e-01 4.237547433374693640e+00 2.137028857642811562e-29
