# R (Mpc), mean rho (Msol/kpc^3), errup (Msol/kpc^3), errlow, std, median rho (Msol/kpc^3), mean pth (Msol/kpc/s^2), errup(Msol/kpc/s^2), errlow, std, median pth (Msol/kpc/s^2), mean gas-mass-weighted metal (fraction), errup, errlow, std, median metal, mean gas-mass-weighted temp (K), errup, errlow, std, median temp  
#  nprofs 443, mean mh 10615645095854.751953, median mh 11314515551659.587891 
#  Mass range 12.81 - 13.2 
#  Nhalos 5
1.633859116181033549e-02 2.558839067915043415e+04 2.423571159312693635e+04 4.702697643100831556e+03 2.550473596132146747e-01 1.703376882637564995e+04 2.503371810920249790e-24 2.612968396932551890e-24 1.509419170779219729e-25 3.510184690909146088e-01 1.145152748484436709e-24 4.488042836868226006e-03 8.354038181107078381e-04 2.568044702580871749e-03 2.137287651907288366e-01 5.262662905703081526e-03 5.814467337655634619e+06 3.398070396200648509e+06 1.342309348030665889e+06 2.143612815956829343e-01 4.859384793024489656e+06
2.839321726159124010e-02 1.901264938328312201e+04 2.541773101863795455e+04 1.973294658688335403e+03 3.340412269693597835e-01 9.034449728836045324e+03 1.596810520207482513e-24 1.781971321008008669e-24 1.508940404629996290e-25 3.843766559242667302e-01 6.859486995186145163e-25 3.542873916518089056e-03 3.345435533047939891e-04 1.782464693604040185e-03 1.362723646464995553e-01 4.103598868485863055e-03 5.302193984661457129e+06 1.290142363490097225e+06 2.176417839725376572e+06 2.567238386225400570e-01 5.659257807405977510e+06
4.934175648805434050e-02 1.416802958157202738e+04 1.280403701581921450e+04 5.614030647236349978e+03 3.362271836633937139e-01 1.031490980728350587e+04 8.595491442308657770e-25 7.741107932024846369e-25 1.605083952456140722e-25 3.306848004742612424e-01 5.076096265771014173e-25 3.032318632458703023e-03 1.002276302776890227e-03 3.349423211439807313e-04 1.180334331476509957e-01 2.715897675086107778e-03 4.068593379388773348e+06 6.692408243691781536e+05 1.478383177157836966e+06 1.345994992826117509e-01 4.435634756500222720e+06
8.574614531689064845e-02 8.850506853983355541e+03 8.743091079434536368e+03 2.495302867964101551e+03 3.511101941469134680e-01 5.381006817580920142e+03 3.957911804978748065e-25 2.630383400626872706e-25 1.328895994552040741e-25 2.884323154414727419e-01 3.045785581461313239e-25 3.574587791949927242e-03 2.053393591795919272e-03 1.357183835495893260e-03 2.585847065176646309e-01 3.135526940495242908e-03 3.448601167918777559e+06 8.777828197248885408e+04 1.156570597379115876e+06 8.188884161678401663e-02 3.868631683339582291e+06
1.490097223937570103e-01 3.760083588554969083e+03 3.383529238292117498e+03 8.172562793989011425e+02 2.526428777888964916e-01 2.596094559348554412e+03 1.969563794003293950e-25 1.552013452197587091e-25 4.387671274696201929e-26 2.733582662945859276e-01 1.380243527095833048e-25 2.638967926253184704e-03 8.879436590688342089e-04 4.769370715834949682e-04 1.246213730098997413e-01 2.504637109580231703e-03 3.452838898080803454e+06 4.702962040600096807e+05 8.243620614758497104e+05 8.428407157859459098e-02 3.598492567570679355e+06
2.589492190675852235e-01 2.002886754440252162e+03 5.904044164412152895e+02 7.123266178031974505e+02 1.540839274305009499e-01 1.996865593948181413e+03 8.189112532508456033e-26 1.300984662192751691e-26 3.461484411085476995e-26 1.832989361230674408e-01 9.050680913596783963e-26 2.161340503813990403e-03 3.977093740595107930e-04 2.905102806905171704e-04 7.658116863344649472e-02 2.089234112625020564e-03 2.779225754758686293e+06 4.083472242438565008e+05 4.608931929165530019e+05 8.605431292568825608e-02 2.812871654366368894e+06
4.500021674996532717e-01 8.290913940308603287e+02 3.144784853006017329e+02 1.642195009427728110e+02 1.304091202134134708e-01 7.563226428143648263e+02 2.528991746627242086e-26 1.050792606754482121e-26 8.175902714270273365e-27 1.623419154130751052e-01 2.431114602857073581e-26 1.884198789886786744e-03 4.217987951628766538e-04 7.197544031662460144e-04 1.347663630829838144e-01 2.010485430138427270e-03 2.033251492198670283e+06 2.180889991032772232e+05 1.750529614903756883e+05 4.541397660290189681e-02 2.016907347977224505e+06
7.820141396199125072e-01 2.244481096543412946e+02 9.595930047120845074e+00 6.761069127695100178e+01 9.881545793060862726e-02 2.503856624445020032e+02 3.736070333257946882e-27 1.563053532838244109e-28 1.248374274995165465e-27 1.652436377810760915e-01 4.277246794493312961e-27 1.607092291424018883e-03 4.824889381376197724e-04 1.994939063430936979e-04 1.062758410136080689e-01 1.510599552630778435e-03 1.108194038499924354e+06 1.127607961440437939e+05 2.087964165422617225e+05 8.550251999739659492e-02 1.146634947062043007e+06
1.358984819925215248e+00 5.833183898928535882e+01 1.429895202234723683e+01 6.866950005189707440e+00 1.077037909499216489e-01 5.425806637848160108e+01 6.458372829511938623e-28 3.537647544401516118e-28 2.461822670920602477e-28 2.372720830464210007e-01 5.637428075698160363e-28 1.231082670911691750e-03 3.196844304043267460e-04 2.110880729093351539e-04 1.232969233932360159e-01 1.184408065965700209e-03 6.967129105082306778e+05 1.737817898705226835e+05 2.147897927093105973e+05 1.414409078412752763e-01 7.039077739847491030e+05
2.361644946323858463e+00 2.153072143957670903e+01 1.053828803125793812e+01 1.029836481666892567e+00 1.685607920179784669e-01 1.645419406362267623e+01 1.619453640162518771e-28 1.759803067988715637e-28 1.968921943205476978e-29 3.661814248486100487e-01 7.713311444602512042e-29 9.365869700840633114e-04 1.599336388189126056e-04 1.069256657801208234e-04 7.445139825246709087e-02 8.993266954982507763e-04 4.036897713928002049e+05 2.262999106125455583e+05 6.615148685162980109e+04 2.001638772677855893e-01 3.176237568557230989e+05
4.104068544933373808e+00 1.201924019089820561e+01 8.004647657004380079e-01 1.195349424619877254e+00 5.688449236310281348e-02 1.220903620961956548e+01 5.031607215362325749e-29 4.493809301707520939e-30 2.229076169650233950e-29 1.815946024908477729e-01 5.860151706282075108e-29 6.620522826659836066e-04 1.964158211199025636e-04 1.971806989724210458e-04 1.494007583793307836e-01 6.647907045586996409e-04 2.766918892318528378e+05 1.981119656158227008e+04 9.188419163952633971e+04 1.298422095952458666e-01 3.101156616022718954e+05
7.132053718629468797e+00 1.162885095553545867e+01 3.555956719110909603e+00 3.488799362927379022e+00 1.484621914817777222e-01 1.125889925071307474e+01 4.294877618206033482e-28 7.759855730606367918e-28 4.362558160195783144e-29 6.735732752367805665e-01 7.544576922524025194e-29 9.158787394915278695e-04 1.994730102030959967e-04 7.739401314971726138e-05 9.563080457595468653e-02 8.464218834422387221e-04 1.800347009890313493e+06 3.124398724731613416e+06 1.757050561786238686e+05 5.331895129747890039e-01 4.540786537789574941e+05
1.239408886291934841e+01 4.114828857233105097e+00 5.827316214138509309e-01 8.614889798584357550e-01 7.979537374686113127e-02 4.225989927015230130e+00 1.210491375684485558e-28 2.161186339725669221e-28 2.101469755380132478e-29 5.650535515718019264e-01 3.959241782955684851e-29 8.931229466789071319e-04 2.221666197456157073e-04 1.171818586116466811e-04 8.497681054051624272e-02 8.550665878106363492e-04 1.734762951880139532e+06 2.951566570927539375e+06 2.669791428557959152e+05 4.889651438569255215e-01 6.347895116851925850e+05
