# R (Mpc), mean rho (Msol/kpc^3), errup (Msol/kpc^3), errlow, std, median rho (Msol/kpc^3), mean pth (Msol/kpc/s^2), errup(Msol/kpc/s^2), errlow, std, median pth (Msol/kpc/s^2), mean gas-mass-weighted metal (fraction), errup, errlow, std, median metal, mean gas-mass-weighted temp (K), errup, errlow, std, median temp  
#  nprofs 451, mean mh 534644383960.457214, median mh 487986692389.651733 
#  Mass range 11.50 - 12.0 
#  Nhalos 173
3.113232202630837955e-03 3.150662292956019752e+06 1.372725527662815060e+06 9.567702834871963132e+05 2.523005029246189745e-01 2.960298735532260966e+06 5.879154055928560326e-25 4.551951300095474868e-25 2.145409526845473633e-25 3.323407575972104899e-01 4.341245112547590540e-25 1.479223740502294375e-02 8.495041194345761756e-03 5.703165020593344361e-03 2.100948716205801314e-01 1.386169581342812200e-02 1.831510442649249671e+04 3.738016432282422102e+03 2.159352508427760768e+03 1.684559069729998082e-01 1.384591048363868140e+04
5.410177501821110228e-03 1.052884913822588045e+06 5.835054849186241627e+05 3.453936658249312313e+05 2.242208206596981723e-01 9.322460763302498963e+05 2.023798578381454435e-25 1.380489172290507686e-25 5.143527248008839198e-26 3.384593949525344647e-01 1.190702293221187317e-25 1.235881121505170641e-02 7.641682492418006012e-03 4.274098787083803128e-03 2.019780383754144759e-01 1.096266658827314139e-02 1.733333924374530761e+04 4.943896808641167809e+03 1.584057965994223196e+03 2.131855830475521407e-01 1.178185567651499696e+04
9.401810946345954753e-03 4.130217566832667217e+05 2.362851227990980260e+05 1.328618365614514914e+05 2.751871634469432726e-01 3.549944176661841339e+05 1.490511848427811444e-25 1.815724213463445242e-25 4.272225102200814558e-26 4.319857894451966107e-01 7.608827399508346102e-26 7.891564342152865286e-03 3.861005251883795758e-03 2.734527549093702416e-03 2.134171840888159088e-01 7.265100594686364419e-03 3.919432132681734947e+04 3.790484521409618901e+04 3.457896294473321177e+03 3.730448098032778659e-01 1.409019828289058205e+04
1.633847485430494142e-02 1.546758523242152005e+05 8.219946215867530555e+04 6.176985249851085246e+04 2.670888149089666319e-01 1.444500149236242578e+05 1.229860458589025828e-25 1.229248612379229517e-25 6.315879726695835703e-26 3.788200737809107599e-01 9.567358056813750176e-26 4.846047560873171720e-03 3.187149722391458516e-03 1.439158603641665143e-03 2.148592980195291879e-01 4.202541038977260397e-03 7.428609556889809028e+04 6.657847193702630466e+04 2.602804904387337956e+04 3.750423692662506747e-01 4.736876171005590732e+04
2.839301514231197185e-02 4.171034582846731064e+04 2.092484950318578194e+04 1.986335409670038644e+04 2.701805971362242209e-01 3.864995038415141607e+04 7.109043901323001699e-26 6.887706068296823978e-26 3.223329210375072585e-26 3.256735416304363806e-01 5.645542488576039974e-26 3.420287781728714033e-03 2.344570747818057726e-03 1.261775628100637609e-03 2.349370396305446029e-01 2.879893320797756538e-03 1.727497627462725504e+05 1.751267257597001735e+05 6.009437844635462534e+04 4.056489888748490702e-01 1.022562110596895363e+05
4.934140524500327946e-02 8.750022004027936418e+03 4.863485117491046367e+03 3.038672605029477381e+03 2.362321364232243259e-01 7.567749999084296178e+03 3.455305404763115602e-26 3.071811344277951201e-26 1.128613487110120793e-26 2.960428686721011116e-01 2.514645960797529124e-26 2.252039742125540658e-03 1.866593472195360228e-03 8.131489904853990772e-04 2.585163485857345234e-01 1.844438612334861095e-03 3.219452313273655600e+05 3.048526487459072960e+05 1.512295264294145745e+05 3.362262888251165704e-01 2.581436913014014135e+05
8.574553492642551789e-02 2.320283543499220286e+03 1.096396156030015391e+03 6.178380205343974012e+02 1.657747238487884134e-01 2.082348247262984387e+03 1.458265421977206783e-26 1.445290483163745595e-26 4.642935518984297888e-27 2.877712968112107195e-01 1.068760017449855408e-26 1.357052241989350301e-03 1.275936474939642603e-03 5.022193636061106446e-04 2.840975077252273495e-01 1.062372926689812572e-03 3.970766489059663145e+05 1.778630012439591810e+05 1.210457572342508938e+05 1.786957875410134511e-01 3.700194353649287950e+05
1.490086616567007083e-01 9.086629731816685762e+02 4.099796752684643479e+02 2.909942981608714945e+02 1.750019288731905764e-01 8.388183012461375938e+02 4.459162607442280375e-27 4.573752479069437646e-27 1.672920036474590544e-27 3.079314998061634112e-01 3.302524382050077004e-27 9.349066434548196965e-04 7.138956618551067258e-04 3.364268211314348951e-04 2.664437527158980412e-01 7.669929819585489562e-04 3.076538346691584447e+05 1.374200503949925187e+05 8.588398951781424694e+04 1.823271244373590727e-01 2.757799515485165757e+05
2.589473757178498703e-01 3.007275717939544961e+02 1.270548071322447186e+02 9.856117450800979896e+01 1.954891603864114258e-01 2.751280769797602943e+02 1.266439427378531404e-27 9.419766617024321998e-28 5.263545273855727997e-28 3.820256721640951092e-01 8.596249557267898392e-28 6.880537696817097450e-04 5.200235296079811593e-04 2.522406661839702224e-04 2.790021011321945354e-01 5.563685352289535072e-04 2.422665272244231310e+05 1.177770348593023955e+05 7.765968343325358001e+04 2.222947888662535620e-01 2.026559212661862257e+05
4.499989641249551586e-01 9.196591141365145461e+01 5.798597333608306315e+01 2.993448542064270157e+01 2.147006800458431119e-01 7.832776941518876868e+01 4.101309583136624035e-28 3.551624426699603507e-28 1.197818995703912285e-28 4.864928655648049771e-01 1.790295731990170181e-28 4.956005604908474312e-04 4.632357857798558888e-04 2.242938864019105596e-04 3.502827447056647836e-01 3.736814076338919755e-04 2.194801894803314935e+05 1.985695697995841037e+05 6.568549457201547921e+04 3.058899460012733384e-01 1.463993466997886426e+05
7.820085727927073016e-01 3.745818775194240402e+01 3.862709469096145654e+01 1.072337129639876352e+01 2.915196327521868414e-01 2.605262934828959587e+01 2.428049686363121176e-28 3.301593355786135114e-28 3.019320450685536715e-29 6.873655440047686804e-01 4.364898867260711825e-29 4.558067201810206198e-04 5.942238740985102130e-04 1.916142993999931320e-04 5.705130798138149384e-01 2.509843731718962106e-04 2.427460095765499282e+05 2.579777538326120120e+05 7.235303767417464405e+04 4.276181756781349819e-01 1.220091857808791829e+05
1.358975145888284608e+00 2.308227417341337073e+01 2.462848600917223507e+01 6.728914210050133349e+00 3.360085771336397409e-01 1.442987275613472953e+01 3.598694264400797157e-28 2.812811615039470084e-28 2.531889239645561237e-29 8.517653957981328183e-01 2.943063964762227209e-29 5.904661736071719269e-04 9.789256811603098615e-04 2.942956361044256168e-04 7.202616369549931230e-01 3.446550856921554379e-04 3.294056966987592168e+05 4.009391508621886605e+05 9.619229654799199488e+04 5.381025961419896309e-01 1.342489707324589544e+05
2.361628134774462762e+00 1.736205591662570669e+01 1.335624818719136719e+01 5.674415339599646835e+00 3.238988167183336486e-01 1.144288972221133172e+01 6.611044746385575320e-28 1.671830907293789207e-28 2.757391751010059750e-29 8.608360811507033139e-01 3.339397754424924835e-29 7.034419880359507604e-04 6.493578660699642633e-04 4.162940831610125771e-04 5.143371176053928018e-01 5.897301705605652441e-04 5.402036670169762801e+05 3.852552263627604116e+05 1.538288532460796996e+05 5.530775030005427029e-01 2.154610526246587106e+05
4.104039329808901293e+00 1.214013061842492114e+01 6.503801233723956798e+00 4.016817055982073725e+00 2.737882066987415430e-01 9.175362313442809281e+00 4.386200023346088937e-28 1.069480953590865679e-28 3.097473717135021735e-29 7.960569557669581187e-01 3.903027563393384647e-29 8.286654937774518915e-04 3.592567990805900719e-04 4.088263599493836050e-04 2.980985921895312196e-01 8.176185432019902151e-04 8.448954204360956792e+05 4.009332600994601962e+05 1.929307153751326259e+05 5.318779572510482501e-01 2.981924766616687994e+05
7.132002948561937394e+00 8.468168477251515114e+00 2.746982914901789030e+00 2.341748942058918814e+00 1.602989279870228878e-01 7.759487297071123280e+00 1.547620356901459398e-28 5.967870009154677265e-29 2.391039179752756093e-29 5.685333589133155785e-01 3.809624984938451734e-29 7.858578448614030000e-04 2.233442874272514823e-04 2.661115383410738409e-04 1.520286231124670651e-01 7.755930819847851572e-04 7.573518157360168407e+05 3.195100355010497733e+05 1.399414158460626495e+05 4.185423078604730840e-01 3.195225342956749373e+05
1.239400063465394020e+01 3.988379456154137692e+00 1.373291659945526710e+00 4.830764436761496583e-01 9.339418519766830296e-02 3.755723342824020428e+00 7.321204487528765785e-29 2.423304212898412342e-28 6.391681538569486971e-30 5.142996271147334264e-01 1.903042037099874511e-29 7.991791519956931720e-04 3.258849765999871032e-04 1.035994629815914416e-04 9.846409515622200903e-02 7.559938329190802209e-04 1.000355708487833734e+06 2.887555865634206682e+06 1.042457047281035339e+05 4.310682228800117310e-01 3.659089274771972559e+05
