# R (Mpc), mean rho (Msol/kpc^3), errup (Msol/kpc^3), errlow, std, median rho (Msol/kpc^3), mean pth (Msol/kpc/s^2), errup(Msol/kpc/s^2), errlow, std, median pth (Msol/kpc/s^2), mean gas-mass-weighted metal (fraction), errup, errlow, std, median metal, mean gas-mass-weighted temp (K), errup, errlow, std, median temp  
#  nprofs 456, mean mh 2005638015957.125000, median mh 1973063855888.128906 
#  Mass range 12.21 - 12.4 
#  Nhalos 26
1.633851471008279307e-02 4.160377208132635569e+05 2.403064541569076246e+05 3.894073365064511891e+05 5.624088871815056123e-01 4.654925003243302926e+05 2.074569749077019239e-24 2.042090664697676138e-24 9.578462234616466159e-25 4.982863904621216422e-01 1.351338487595411158e-24 1.400780238483676637e-02 3.724396136574402438e-03 4.312012777667868085e-03 1.401328585629136314e-01 1.353798940155140004e-02 8.829353397470826749e+05 9.324069267181452597e+05 7.742722051712867687e+04 5.660395471464386707e-01 2.013856188355028862e+05
2.839308440371576120e-02 8.653711316732304113e+04 4.669180852459224116e+04 6.148571894421679463e+04 4.360444633919418611e-01 8.748603167413441406e+04 1.038976918174745554e-24 6.301108905386565995e-25 6.141977634130474763e-25 4.769949831987612687e-01 9.368221334959727647e-25 1.072449359170111680e-02 3.547433918294566266e-03 1.822901261162223827e-03 1.488000767207029451e-01 9.890375184184270127e-03 1.298519124965283554e+06 1.149389617141731549e+06 4.794811138454565662e+05 4.968541574068638944e-01 7.780352535990538308e+05
4.934152560752818467e-02 2.355498273410292677e+04 7.978221664409578807e+03 1.660677890765510529e+04 3.765097411729331212e-01 2.517756188024703806e+04 3.504424527076181486e-25 1.672174583943588637e-25 1.102198527437894531e-25 3.643571400554467266e-01 3.355558565992064643e-25 8.222639428038419282e-03 2.612801179598199693e-03 2.154617740089709299e-03 1.642714284741680353e-01 7.609057027170267572e-03 1.817683550282546785e+06 1.797218342943439959e+06 2.238042176560980733e+05 4.045789625562680736e-01 8.925881933126051445e+05
8.574574409252104512e-02 7.430092318315954799e+03 4.676317700631959269e+03 4.589777761388469116e+03 3.498716336035592178e-01 7.448747306472848322e+03 1.187738938880739190e-25 9.038775795905418335e-26 5.754941835204739219e-26 3.221717287816702191e-01 1.055485116877662974e-25 5.425935667065879750e-03 1.961014677827079694e-03 3.020953009221775953e-03 2.561700833175188929e-01 5.224361546852861887e-03 1.245343090151955839e+06 7.849516409864139277e+05 3.204849844695307547e+05 1.973757201262653915e-01 1.024998428151858971e+06
1.490090251457148740e-01 2.529428503241001636e+03 6.433785186387394788e+02 2.048858945868492356e+03 3.349661886952041701e-01 2.879679372760879232e+03 3.846317070117544363e-26 2.221825047830401251e-26 1.792581553325492148e-26 3.356827321788456997e-01 3.643277857964176057e-26 3.145096438518772079e-03 3.183495589735727428e-03 1.898615632586032366e-03 3.688129547298060196e-01 2.728449545203058459e-03 1.096336636619500816e+06 5.441555506045636721e+05 2.610225618708804250e+05 1.667064201736939422e-01 9.897123344181529246e+05
2.589480073893599132e-01 8.081659180589510925e+02 6.120738622417395618e+02 1.947403911553623743e+02 2.534442123037466410e-01 6.797259956237649021e+02 1.091228357278856928e-26 1.353227743392810314e-26 3.950071628840022792e-27 3.712311231254090127e-01 7.816632380004587592e-27 2.011916204168422498e-03 2.101727000783471661e-03 1.783464284924046392e-03 5.678723987084691727e-01 1.974903655406571104e-03 8.564154327605613507e+05 6.553274056928039063e+05 2.347014768495231401e+05 2.101755330675028066e-01 6.877204270785872359e+05
4.500000618442288047e-01 2.280971019623845564e+02 1.136900010447305647e+02 9.684625270123504492e+01 2.419371420375908965e-01 2.119057220440043068e+02 2.426648021630695482e-27 2.613239423000719883e-27 1.796318454261498525e-27 4.650218192345449419e-01 2.146392826838113192e-27 1.311682102057872132e-03 1.491245988600668326e-03 9.274333516345720143e-04 6.135261456773221100e-01 1.035834599864302128e-03 6.194635123488365207e+05 5.179700570701754186e+05 2.767473047013942851e+05 2.770353258581830236e-01 5.384214067725024652e+05
7.820104804101706275e-01 9.168177827784640499e+01 8.333320703147100517e+01 2.705930931079832646e+01 2.498550116867283843e-01 6.907048433780110486e+01 7.881728422983944471e-28 1.293544305071719669e-27 2.184180758525008154e-28 6.285320995332082106e-01 2.847096039982464668e-28 1.583387906171371132e-03 2.306731117410136967e-03 1.044189877603217149e-03 6.811065699139996488e-01 1.148989846841657128e-03 4.394512434534791391e+05 4.306076845217386726e+05 2.372224768816117139e+05 4.128208641188412242e-01 3.507997707278055605e+05
1.358978460947493527e+00 3.800195028127649977e+01 1.678175426163966222e+01 1.302306927318500485e+01 1.862749045597132946e-01 3.637356864098160258e+01 2.103106602471194378e-28 1.798406999840566208e-28 1.238122859709114074e-28 5.776233410048985384e-01 1.409894484080206267e-28 9.660456628350498794e-04 1.160386480548318815e-03 5.925441052195508157e-04 6.555740142138350990e-01 6.736959835776409715e-04 2.997249111538977013e+05 1.868700636943050777e+05 1.982021631177254312e+05 4.184899733455133553e-01 2.555957714125377825e+05
2.361633895687103912e+00 2.606160271633780923e+01 1.536916232045357944e+01 4.199671031999294257e+00 1.819609194308461075e-01 2.114675545571664728e+01 1.568113549329999060e-28 1.594637249583442757e-28 6.012758785719900903e-29 5.240264611821039420e-01 9.111285832339573009e-29 1.178678829328510440e-03 8.280988724552690392e-04 5.122804943531937376e-04 3.724731318000365499e-01 1.035152994917058148e-03 3.243260778192279395e+05 2.354298030449097860e+05 1.687748584437486716e+05 3.620221394229307110e-01 2.891896650061606779e+05
4.104049341127662842e+00 2.094047717154813526e+01 8.187957274795707008e+00 5.618458076972869364e+00 1.491719065331829630e-01 1.917252908083902696e+01 3.060845132883492387e-28 1.105769172700166165e-28 4.730020054477870408e-29 4.847248150787296650e-01 8.645607544915082284e-29 1.230387954239590444e-03 2.709218893020102093e-04 3.838093072583816448e-04 1.436902910159602587e-01 1.280817222607379211e-03 6.184508956920412602e+05 2.662711556653660373e+05 8.329412121770260273e+04 3.648687442376021828e-01 2.790981065239023301e+05
7.132020346239977826e+00 1.799327773175022926e+01 4.184839118842937467e+00 2.110124663890712071e+00 8.833623452852558400e-02 1.687851208973857098e+01 2.605114627041730657e-28 2.318269023795693198e-28 2.508069481220207128e-29 4.737140877893806779e-01 7.870112490676889406e-29 1.145823101891307264e-03 2.171161152295670443e-04 2.459478300133133375e-04 1.027235506159939471e-01 1.128250232461348694e-03 7.749772974366628332e+05 7.773153746677325107e+05 6.899173725203616777e+04 3.934196482829699915e-01 3.069611268832571805e+05
1.239403086835325674e+01 1.450695344263996711e+00 1.415672177284155175e-01 1.558898047115453434e-01 7.310080252190392924e-02 1.401254511467100006e+00 2.298104563494812907e-29 2.969659871422345989e-29 2.688529518830685221e-30 4.747115434877352547e-01 6.891454127434571367e-30 1.100992880937726485e-03 1.606875090180706015e-04 2.093997483705550659e-04 1.016182292688651845e-01 1.088044955507977028e-03 8.722121718430191977e+05 1.446905841199642513e+06 6.496311091592110461e+04 4.172855501074387297e-01 3.199088629723514896e+05
