# R (Mpc), mean rho (Msol/kpc^3), errup (Msol/kpc^3), errlow, std, median rho (Msol/kpc^3), mean pth (Msol/kpc/s^2), errup(Msol/kpc/s^2), errlow, std, median pth (Msol/kpc/s^2), mean gas-mass-weighted metal (fraction), errup, errlow, std, median metal, mean gas-mass-weighted temp (K), errup, errlow, std, median temp  
#  nprofs 449, mean mh 214485069798.168365, median mh 207133343599.535736 
#  Mass range 11.00 - 11.5 
#  Nhalos 191
3.113254364569109471e-03 1.885366721862552455e+06 6.537707953874571249e+05 5.427405694955009967e+05 1.910365931515468074e-01 1.850442384783932008e+06 2.132212844797527626e-25 1.069490538604862815e-25 5.387240504796909627e-26 2.201531071034415754e-01 1.699520347268297027e-25 6.630840059620443823e-03 4.036995046701706558e-03 2.781358120472999032e-03 2.602174512046180332e-01 6.129606635612624282e-03 1.550831547212984697e+04 1.139856287500047983e+03 5.722372085337428871e+02 1.454859461705701185e-01 1.187769529940075699e+04
5.410216014855808234e-03 5.715926562855975935e+05 1.934958501157072606e+05 1.713527569496720680e+05 1.904381920037235276e-01 5.444083103147849906e+05 6.302650732045039335e-26 2.147677322928222442e-26 1.322893786515618425e-26 2.108965691845308410e-01 4.855657817044600251e-26 5.298095354339438061e-03 2.912404502866503160e-03 2.441769194242052014e-03 2.544491516110862772e-01 4.980708276673109260e-03 1.537365968124807478e+04 4.616703061728348985e+02 6.689045854336927732e+02 1.693696108621573770e-01 1.118561816802444264e+04
9.401877874329571741e-03 1.991018975825912494e+05 1.195658470330752316e+05 5.232298485726979561e+04 2.117225220616889558e-01 1.678214009655321133e+05 4.968115221107782745e-26 6.588719837022114385e-26 1.315884660799180149e-26 3.797066262382268742e-01 2.711089177145093021e-26 3.285778556616959171e-03 1.806328472212144660e-03 1.515882301671608780e-03 2.508459145106243793e-01 3.117008639063710909e-03 2.322244653915166055e+04 2.696725766760727129e+04 1.215311524580731202e+03 2.967840008604104018e-01 1.165792324831284350e+04
1.633859116181033549e-02 8.089123432455267175e+04 5.456641193814143480e+04 3.058973625442342018e+04 2.389622537123248791e-01 7.119843141305277823e+04 3.820228908716654256e-26 3.599301824769872516e-26 1.663974603350175158e-26 3.285238100269862738e-01 2.950823739669310643e-26 1.947583707940827398e-03 1.058489068418350977e-03 6.811556534778301364e-04 2.444476853222543600e-01 1.731352002570269756e-03 4.234492679035733454e+04 3.383035644876708830e+04 1.277645353266048915e+04 3.025084906498859416e-01 2.799031509003275278e+04
2.839321726159124010e-02 2.341313871447642668e+04 1.522700128461895656e+04 8.875248300162009400e+03 2.806692708655009194e-01 2.029489707088149589e+04 1.755501815126885614e-26 1.188327294119711615e-26 5.897899618859780758e-27 2.401450494733983199e-01 1.435431764713268282e-26 1.255928209469066347e-03 7.275201663344166726e-04 4.494845828382420735e-04 2.554380051168154697e-01 1.079224863216532698e-03 9.542348783035743691e+04 6.115955482777906582e+04 2.796230559929701849e+04 3.522863887087167578e-01 5.223272069407766685e+04
4.934175648805434050e-02 4.242381604873071410e+03 2.122291135146808301e+03 1.423423595220956940e+03 2.403666719656418205e-01 3.727776895467326540e+03 8.530984166858676575e-27 5.411936015010020272e-27 2.978598101252758276e-27 2.208049632325969902e-01 7.297669987955317807e-27 7.461972761641708345e-04 5.528771246270139080e-04 2.526497825965537229e-04 3.075640349910245819e-01 5.820993531700083051e-04 1.916608123738633876e+05 1.192560433252051298e+05 5.339574842673649255e+04 2.821183018546192245e-01 1.268929059358936793e+05
8.574614531689064845e-02 1.126559765004122710e+03 4.394725517879767267e+02 3.043845321324379256e+02 1.714123854376555789e-01 1.047051168105749639e+03 3.490834026973793806e-27 2.119573925882080608e-27 1.172197323728039349e-27 2.471680325821334345e-01 2.813939121410625194e-27 4.378653163317842360e-04 3.399558656488000036e-04 1.473676055169800630e-04 3.242501645536116084e-01 3.238869320550852478e-04 2.350416865337505005e+05 7.606938096736810985e+04 4.643065963297281996e+04 2.062520259148738488e-01 1.787208751238066470e+05
1.490097223937570103e-01 4.108717811333435748e+02 1.853048919339273084e+02 1.318595776687173782e+02 1.692583750846491930e-01 3.836338058673241562e+02 1.295662641900586026e-27 8.278758871053872079e-28 3.752765864463631795e-28 3.395968559395945441e-01 7.948556353426331456e-28 3.472981139530382567e-04 2.233157755600324000e-04 1.252783796069313811e-04 3.314164166559818714e-01 2.553034601299865401e-04 2.208779237113305135e+05 7.959747657002005144e+04 3.477325588085963682e+04 2.603351857170993489e-01 1.341738621974353737e+05
2.589492190675852235e-01 1.510761462187086863e+02 8.115066498164262043e+01 4.466570476494710817e+01 1.938606383151813550e-01 1.289924121083820694e+02 6.741150982388157650e-28 3.200065294864952400e-28 1.015743505357481955e-28 4.902824128786977265e-01 1.928741894155901961e-28 3.072399476850687155e-04 2.052483346591330038e-04 1.217249131631409305e-04 3.694190664119000878e-01 2.162863274022730129e-04 2.183888108238469868e+05 8.623580175542841607e+04 3.610590322922605264e+04 3.491498815454892601e-01 1.018037160962320195e+05
4.500021674996532717e-01 6.624692900888965141e+01 5.032340530503496723e+01 1.592731921858674937e+01 2.639998708073693079e-01 4.581018106599404405e+01 5.605668494689679678e-28 2.337309203005985560e-28 3.220316845372962427e-29 6.754805316024692363e-01 5.347077087002309965e-29 3.020170279249566911e-04 3.783233754177804295e-04 7.786973546729808872e-05 4.800388206245856937e-01 1.390771341443454629e-04 2.381597654856676818e+05 1.400752109504776308e+05 3.416748059658921557e+04 4.452773365420364948e-01 7.692396632789292198e+04
7.820141396199125072e-01 3.758991813553485883e+01 3.536567143393949664e+01 8.799118723325218383e+00 3.534849496977205963e-01 2.020213642334532622e+01 7.825700584233275906e-28 2.106652749807904034e-28 1.861201845791483660e-29 8.806956850891125566e-01 2.411928967416282298e-29 4.044464804048004502e-04 7.088606678554208815e-04 7.245917387191166546e-05 7.589347349860791070e-01 9.265654009030448548e-05 3.023211521989036701e+05 2.370875353345335461e+05 4.583898704428083147e+04 5.523504765722293541e-01 7.369988277129210474e+04
1.358984819925215248e+00 2.862840052962979698e+01 2.104716046508161753e+01 6.828054313129340969e+00 3.946552521553818305e-01 1.340276756844914274e+01 1.768807405621492714e-27 1.770903396977533041e-28 2.173258091527522874e-29 1.005637238235294717e+00 2.448696440687891581e-29 5.582376824994141366e-04 1.063756876402518819e-03 2.580372322469134559e-04 8.466970396412609734e-01 2.850533623810078067e-04 4.556242345780547475e+05 3.688226008314116625e+05 9.258825743117318780e+04 6.326758633147376854e-01 1.171285466415079864e+05
2.361644946323858463e+00 1.799195868565102785e+01 1.250271741459507524e+01 5.994097840812477429e+00 3.373702564123320924e-01 1.178513952015621769e+01 7.908474515507379074e-28 1.519002804932863749e-28 2.994800842510271408e-29 9.086864554141204087e-01 3.385452428862869589e-29 6.537484701622360778e-04 7.261991245014931713e-04 4.237096120415609650e-04 6.209225156116062738e-01 5.424647518027917760e-04 5.306760316357738338e+05 3.912541119702649303e+05 1.439118376733753248e+05 5.898285685109831977e-01 1.857939363495926082e+05
4.104068544933373808e+00 1.145923827218325997e+01 7.676057504597949332e+00 3.450556622540945639e+00 2.310280254896203700e-01 9.730353574122560190e+00 1.838186431365552018e-28 1.227171735039755432e-28 3.319115194862289560e-29 6.678048409809538288e-01 4.476180345212231218e-29 7.428141693469169759e-04 3.339056882753916591e-04 3.511406282668270203e-04 3.225512474433315235e-01 7.469143607097143743e-04 5.350052609640468145e+05 4.322561877549728379e+05 1.907473362421172205e+05 4.518469876491647552e-01 3.106812109426500974e+05
7.132053718629468797e+00 9.987654196156093178e+00 4.341218539220406569e+00 2.617900882037826449e+00 1.624494993863356274e-01 8.925506650491826122e+00 2.319979599655174498e-28 1.014649932562210662e-28 3.063998413547958741e-29 5.980004852270729421e-01 5.072440760103007772e-29 8.009475299115288152e-04 2.467188660225165487e-04 2.062300480675476185e-04 1.477884414652761991e-01 7.660543087515029421e-04 9.920148066340790829e+05 5.425753851228714921e+05 1.650021227069670276e+05 4.493332703119164440e-01 3.789258223945775535e+05
1.239408886291934841e+01 3.755181291712661906e+00 1.322249399402299019e+00 4.380700820986729305e-01 8.728275539070587397e-02 3.503019638713530171e+00 7.221780920689293502e-29 2.056164860284676992e-28 6.188261418965943372e-30 4.933656958692733130e-01 2.007226060488570984e-29 8.097109451408031301e-04 2.889280202045379489e-04 9.759905923745356392e-05 8.737309221271773174e-02 7.637348201627297941e-04 1.072616228683643509e+06 2.650646882174518891e+06 9.327619385901145870e+04 4.181252519445721738e-01 3.991839059655080782e+05
