# R (Mpc), mean rho (Msol/kpc^3), errup (Msol/kpc^3), errlow, std, median rho (Msol/kpc^3), mean pth (Msol/kpc/s^2), errup(Msol/kpc/s^2), errlow, std, median pth (Msol/kpc/s^2), mean gas-mass-weighted metal (fraction), errup, errlow, std, median metal, mean gas-mass-weighted temp (K), errup, errlow, std, median temp  
#  nprofs 484, mean mh 4379217049573.290527, median mh 3009998615408.704102 
#  Mass range 12.30 - 13.1 
#  Nhalos 34
3.113246145416726039e-03 5.398199310028250329e+05 1.651510674707122380e+05 3.001304917946654314e+04 4.834095396589532800e-01 1.195254034191804822e+05 4.514963746006800791e-24 7.171785705247230450e-24 2.093595027755508015e-24 6.522126716797550516e-01 2.701092668578609928e-24 1.391469794678727896e-02 5.878219828209664544e-03 2.277899067312108908e-03 2.062705741609203447e-01 1.062005019202751435e-02 1.981825754024730297e+06 2.459044775366621092e+06 1.404610655733725056e+06 7.055524393400919303e-01 1.524853757010860834e+06
5.410201731605981425e-03 1.127669233891822951e+05 1.852692548273105640e+05 1.718819362764768084e+04 4.962149386835841280e-01 3.428334197534436680e+04 2.128547312204219272e-24 1.985134308458268258e-24 5.746534011374338444e-25 3.769662747961830540e-01 1.226724954290748291e-24 1.292432247004425029e-02 6.619769613787306745e-03 4.299004516544263459e-03 2.299654652881345795e-01 1.024774542674493014e-02 2.733813268446445931e+06 2.766124502939915750e+06 1.416606854735819623e+06 4.275219976318828108e-01 1.953279572621382307e+06
9.401853052886184961e-03 5.033190917421232007e+04 6.519226944574246590e+04 2.223895162426722163e+04 4.906022839654649581e-01 3.171956128509422706e+04 8.703201457038292863e-25 1.003992516404378708e-24 3.610140444659052266e-25 4.341976806392059962e-01 5.960770312330574081e-25 1.243913710535488049e-02 4.956370506563365780e-03 3.552400985663281725e-03 2.009453878966078189e-01 1.078087733648544141e-02 2.118329458062129095e+06 2.240181411355958786e+06 9.543938016851913417e+05 4.845083996374426327e-01 1.472322729982682969e+06
1.633854802708544635e-02 3.227523593956955301e+04 3.272961067965794427e+04 6.373049474662610010e+03 4.177086694384591903e-01 1.743571882927148908e+04 6.142613672180037176e-25 4.616900344335134320e-25 2.417306177948722151e-25 4.145425531271270669e-01 3.707889776636969483e-25 1.200094964958836607e-02 3.721739535092260381e-03 4.519420314197898289e-03 2.248741705788307454e-01 1.093091320896741672e-02 1.802388734627275961e+06 1.476962820695160422e+06 8.387155743433726020e+05 4.327119286399070397e-01 1.431796697036772501e+06
2.839314230203058426e-02 1.594093115963156743e+04 1.059352762395318132e+04 3.670382809326001734e+03 2.946274865690703404e-01 1.120856171127067500e+04 2.810083527760380974e-25 2.319833751739900880e-25 1.002190875849605166e-25 3.420413458692608821e-01 2.047557676344865417e-25 1.006237924456237012e-02 4.549924586454813860e-03 4.751578324656679370e-03 2.169973840520842689e-01 9.569874239973266000e-03 1.578767733316192171e+06 1.305517423198110657e+06 6.901041060031369561e+05 3.720354357829250835e-01 1.204179152735983720e+06
4.934162622326766084e-02 8.465226842392936305e+03 5.538622200432519094e+03 2.421558388321917846e+03 2.881368776092503303e-01 6.116140046828864797e+03 1.819464407124730516e-25 1.885381367234726218e-25 6.723776462860499923e-26 3.715581820164400861e-01 1.313351711751282671e-25 8.624656267316866201e-03 6.014907730039056877e-03 2.433336299282183590e-03 2.216789293991149046e-01 7.122497188580146493e-03 1.671686670591672650e+06 1.266652037200592458e+06 6.468943491271419916e+05 3.164058434442708623e-01 1.365173141465887427e+06
8.574591894263650094e-02 4.346020680339805040e+03 1.953570059198144918e+03 2.102862700387561290e+03 2.993493291388888422e-01 3.715582047034916286e+03 1.263370786334926750e-25 1.482350703908225832e-25 4.396868470397708538e-26 4.259432503391639147e-01 7.668714947096959624e-26 7.855290672684060380e-03 2.649367608210551062e-03 3.988071176016324063e-03 2.298920595053885740e-01 7.942734247700262984e-03 2.102747093722423073e+06 2.602802941429427359e+06 7.863136398280280409e+05 3.316045613762209077e-01 1.663661992227968294e+06
1.490093290003903781e-01 1.660332250061637296e+03 1.689665939152097053e+03 4.902120028940548764e+02 2.484655523219970463e-01 1.301925567060082358e+03 6.503053409784939644e-26 6.376834501106845176e-26 1.741225150513788317e-26 4.063502649662765198e-01 3.614282027763748665e-26 5.513614058505636982e-03 2.555846269458406615e-03 1.807304903804001286e-03 2.030408076804716966e-01 5.149027182975341940e-03 2.302181460711222608e+06 1.430403037162309512e+06 8.513487477256485727e+05 2.473839671788472250e-01 1.935779809977101162e+06
2.589485354282668461e-01 8.177879528426756224e+02 6.999608613731238620e+02 2.801345717272716911e+02 2.588340074077282726e-01 6.641787169033011651e+02 2.582860802568085047e-26 2.912268687301693551e-26 6.948537583407233061e-27 4.017355264149722882e-01 1.382039222034516930e-26 3.760235392382725063e-03 1.067352891004326020e-03 1.495248614254572790e-03 1.692472708707932205e-01 3.734737849333941411e-03 1.775052062161056092e+06 1.404839492437547771e+06 3.624651995488684624e+05 2.118712188094894477e-01 1.352360875374166993e+06
4.500009794706789079e-01 3.329955092801964724e+02 1.987305290558934985e+02 1.087860887315875686e+02 2.321616964572601194e-01 2.850558986736352836e+02 6.574499613936241807e-27 5.678963296934102150e-27 1.599862846750832409e-27 3.401969474478498956e-01 3.927369062417011662e-27 2.979652988628845624e-03 1.334408512233014286e-03 1.002743278179257357e-03 1.620573962330611462e-01 2.885818655031908986e-03 1.163977423440034268e+06 6.332730303320517996e+05 1.080788564114633482e+05 1.571888266143167401e-01 9.646867846939720912e+05
7.820120750621762928e-01 1.126531382748250820e+02 4.158471117717995469e+01 4.064208534090489877e+01 1.858247272151729579e-01 1.073265463110350169e+02 1.437331071059475852e-27 1.333739787209698014e-27 6.069755636229386562e-28 3.137473462079938824e-01 1.090232014980809237e-27 2.052923871583937302e-03 8.523874538892933610e-04 7.711380490786747064e-04 1.882654117888914735e-01 2.022002561156848593e-03 7.778109057857455919e+05 2.388727813125975663e+05 2.861225729353617644e+05 1.593228516965395081e-01 7.703094592650212580e+05
1.358981232135070272e+00 4.498886387870601311e+01 1.628842450068084702e+01 1.098538785103815130e+01 1.412887344412812884e-01 4.258611843941924491e+01 4.109436609735896676e-28 3.466338172882385432e-28 1.562056906696779365e-28 3.215582406641518953e-01 3.212846400611177431e-28 1.722592463556426754e-03 3.938617254419067570e-04 4.422506600751025842e-04 1.301380715373085806e-01 1.736079871353827381e-03 5.628111772678541020e+05 2.661997199399180245e+05 2.224954799155422952e+05 1.999503433305935274e-01 5.504843555842281785e+05
2.361638711459171702e+00 2.317265118105953903e+01 9.732143152513785367e+00 4.950393212514029528e+00 1.581007486083035318e-01 2.006879930980155535e+01 1.660206694637110346e-28 1.523181355606088555e-28 5.208301778454355557e-29 3.872124036487669674e-01 1.077077810516902288e-28 1.504496583674439641e-03 6.156254213086939479e-04 3.401333519602032281e-04 1.669228045007371819e-01 1.405830706295178433e-03 4.098116008643707610e+05 2.264539783204944106e+05 1.167850023158523836e+05 2.464759984265828263e-01 3.634863307116511278e+05
4.104057709980352797e+00 1.461963034854522547e+01 4.241626785934116128e+00 4.272903593897327212e+00 1.298210023175268291e-01 1.436662433231174063e+01 8.544595409266577144e-29 7.699142706905742420e-29 3.263798093542421147e-29 3.325945906263118035e-01 6.791413928375637710e-29 1.334863160791331356e-03 3.797322444437994330e-04 3.776019899524136417e-04 1.294044752861597536e-01 1.378228645017941191e-03 3.579645514675307786e+05 2.231228426231159829e+05 8.704642931410783785e+04 2.140009601675449680e-01 3.152975744983470067e+05
7.132034889639118802e+00 1.330298617588733379e+01 6.284743131910827785e+00 2.723904880083733104e+00 1.411166632939998555e-01 1.197065723028129902e+01 3.409603073285724185e-28 1.193391195746596370e-27 2.640361784985775902e-29 6.129183243546904025e-01 7.258874040408604666e-29 1.444662932579016384e-03 5.947135898778487927e-04 2.107993572487327789e-04 1.218735982908312754e-01 1.384004863849381444e-03 1.273674982646915596e+06 3.811354410673692357e+06 1.255329946910233703e+05 4.817176508136893354e-01 4.128837782675760100e+05
1.239405614188433624e+01 2.949263169538029139e+00 6.945972987047173142e-01 4.057439595064806781e-01 8.367567763833777539e-02 2.852225184517540590e+00 5.705892838163198775e-29 1.545964825816171154e-28 6.177683258414895697e-30 5.059799485725482437e-01 1.585724589754117646e-29 1.321867070510986380e-03 4.607286291921056272e-04 1.738887429304245089e-04 9.657915668670742637e-02 1.225092193726210095e-03 1.075628020696288440e+06 2.549457615383701399e+06 1.184937604413742083e+05 4.336540329922884407e-01 3.877242194031332619e+05
