# R (Mpc), mean rho (Msol/kpc^3), errup (Msol/kpc^3), errlow, std, median rho (Msol/kpc^3), mean pth (Msol/kpc/s^2), errup(Msol/kpc/s^2), errlow, std, median pth (Msol/kpc/s^2), mean gas-mass-weighted metal (fraction), errup, errlow, std, median metal, mean gas-mass-weighted temp (K), errup, errlow, std, median temp  
#  nprofs 459, mean mh 8664736110395.653320, median mh 8901254957753.593750 
#  Mass range 12.81 - 13.2 
#  Nhalos 4
1.633852022730607895e-02 1.889045747486652690e+05 2.981781586039408576e+05 4.430090390691686480e+04 6.062563720395902633e-01 6.684820229817295331e+04 3.519716516394286002e-24 3.897744582149182228e-24 1.183973464866460848e-24 4.174830640211374955e-01 2.215018863854516284e-24 1.573279325217960198e-02 7.748765023956662515e-03 2.027403822132121600e-03 1.566634541361712207e-01 1.298213882822549410e-02 3.470720016924113501e+06 2.389355280853070319e+06 2.766407254256701097e+06 5.194546827856638682e-01 3.651995004137396812e+06
2.839309399155095365e-02 4.932360883297845430e+04 6.026218148211731750e+04 1.874270917073448800e+04 4.594933089103259705e-01 2.936232406789056040e+04 2.519011525249339975e-24 1.812206152331134610e-24 1.627948926461900555e-24 3.641619808482921550e-01 2.430426320504515708e-24 9.503831711800853413e-03 4.018060655991669353e-03 7.041590156329317896e-04 1.309295396378538645e-01 7.910609769320691223e-03 4.665268059764362872e+06 8.855214093918697909e+05 1.804883842331625056e+06 1.890387172390534665e-01 5.107269229446937330e+06
4.934154226927617293e-02 2.935480271163924772e+04 2.810500464737756920e+04 1.252369702041863820e+04 3.662670771606136855e-01 2.186378942944745722e+04 1.496320110546135034e-24 1.139210269763579799e-24 4.552971437152255285e-25 2.919951180133830149e-01 1.167515723022887965e-24 4.677932080330862719e-03 1.273587247763788288e-03 1.204339111363778025e-04 8.998692802231993138e-02 4.123531437721530621e-03 4.060257512601591181e+06 1.496217522459582426e+06 6.010007400802318007e+05 1.285756164701490345e-01 3.629864828765365295e+06
8.574577304732042271e-02 1.689667114118825702e+04 1.279682539527866902e+04 5.834106627751436463e+03 2.723225956740186748e-01 1.354921019526170130e+04 8.930997550174932041e-25 2.688427385776337700e-25 3.946616932063152677e-25 1.882089393434704661e-01 9.535896370505131461e-25 3.840290818050374512e-03 6.263481716273127178e-04 3.843718513695591581e-04 7.022795090267903995e-02 3.723956048695685125e-03 4.276479802912782878e+06 1.677914524072078522e+06 1.032430798410601448e+06 1.601117262022437593e-01 3.966151088652456645e+06
1.490090754633893733e-01 7.445814192379015367e+03 3.006218022423246111e+03 2.623851932592292542e+03 1.826054004014927568e-01 7.261984341498750837e+03 3.744016487665198933e-25 2.281223481666782659e-25 3.937481699959617407e-26 1.869765358983557224e-01 2.836576433977304145e-25 3.037857626172636889e-03 4.295195550747857825e-04 8.672733632036138882e-04 1.115399030223847843e-01 3.248316187773035192e-03 3.429118204596225638e+06 4.865860387269239873e+05 8.886646150373108685e+05 1.015531182787478698e-01 3.622425212437757291e+06
2.589480948314561437e-01 2.926269768098238728e+03 1.415994366157785407e+03 3.538938951389272916e+02 1.693099227997190703e-01 2.415644541646864582e+03 1.039193696983401418e-25 6.408975487983503344e-26 1.541302376374764106e-26 2.058165443829189090e-01 8.051709512329811563e-26 2.524503050087951138e-03 4.119730508665583012e-04 8.819559904126696506e-04 1.823874282149230142e-01 2.750456386408196754e-03 2.367481007150642108e+06 2.722903728558700532e+05 5.476078766068385448e+05 1.002889975835388331e-01 2.499845191646300256e+06
4.500002138011764963e-01 8.074421596417060982e+02 6.881431582286984394e+01 1.258677004502305863e+02 5.837199486901641782e-02 8.348716714817834372e+02 2.166648106945053163e-26 6.970437962302619028e-27 8.119034655000876367e-27 1.682266491811742481e-01 2.221869101786315187e-26 1.796256920586189075e-03 8.208199406591345452e-04 3.270772549442526114e-04 1.665167412106329792e-01 1.558880629377111309e-03 1.800548970180416713e+06 6.073257815753289033e+05 5.346096004803958349e+05 1.424346531292793594e-01 1.765589267730929656e+06
7.820107444810802111e-01 2.102704555247213989e+02 3.528158632347475532e+01 4.370744706823163028e+01 8.835607383599553000e-02 2.143213501135468277e+02 2.741313677540399990e-27 1.333253166311138847e-27 1.133510141605526329e-27 2.233938127472237523e-01 2.645283377201163223e-27 1.137804244044576503e-03 1.581206508223017421e-04 4.390449907673733962e-04 1.955305016267309126e-01 1.272864022864322485e-03 8.985707140455488116e+05 5.521826231721967924e+05 2.449054804379681591e+05 2.114880303973166731e-01 7.508413185002466198e+05
1.358978919850138967e+00 6.295820062583105425e+01 2.090600221487278532e+01 1.379878669131495883e+01 1.402081805393200209e-01 5.954127008565902202e+01 4.583233314908110648e-28 3.349267865482748832e-28 3.525410349349243109e-28 4.279380937223527526e-01 4.667917201382386518e-28 6.546893126186183491e-04 2.894325365562499001e-04 3.632655445324154547e-04 5.569787929783467373e-01 6.901859510686979239e-04 4.359013758995419485e+05 3.344685720171439461e+05 2.040888715477726073e+05 3.106927777261509482e-01 3.732188275969595416e+05
2.361634693168501720e+00 3.541380202509857611e+01 1.260111601697808581e+01 5.385111655916407614e+00 1.328086075542525557e-01 3.194456915920354234e+01 2.119476282235504372e-28 2.393846954520098428e-28 9.248027900294421022e-29 4.586207697379066084e-01 1.413205049307304125e-28 6.228847775327985437e-04 3.284439293919565010e-04 1.407869352099922421e-04 1.971559648678888055e-01 5.326650687914695741e-04 3.360473585117502371e+05 2.628172750104119768e+05 1.685966787295902614e+05 3.338779944746269046e-01 2.907489949152013287e+05
4.104050726991497200e+00 2.368950990083094865e+01 2.181499051911405473e+00 2.103817784775365851e+00 4.898968328005449957e-02 2.365216313778477542e+01 9.452104582257860098e-29 1.984009116746356847e-29 3.720752437408351158e-29 1.979140099045178514e-01 1.028707733257612815e-28 5.360010115118864216e-04 1.705229561375658145e-04 1.398386043477082554e-04 1.315490438958831221e-01 5.212489193052241565e-04 2.645235133293823455e+05 5.190996015922701918e+04 7.330568366738286568e+04 1.587995133301051132e-01 2.748099188621495850e+05
7.132022754595307212e+00 2.392720862886894295e+01 6.562456707911721310e+00 4.756930507378953621e+00 1.053352516455555998e-01 2.305916718630511042e+01 6.625688067201016795e-28 6.844234037849785356e-28 5.259831918837738898e-28 6.598132866661594598e-01 5.863956279214456997e-28 7.632345602438233428e-04 2.447757377928661080e-04 2.083221134505547660e-04 1.347982361282463737e-01 7.457087793100198193e-04 1.555830174546558876e+06 1.419868848783898167e+06 1.250944205139672384e+06 5.554107978480138375e-01 1.474616403563757893e+06
1.239403505359512359e+01 7.357684714843534257e-01 7.576393363268707493e-02 5.771037801546219370e-02 4.544654906306243303e-02 7.270888774376107477e-01 1.494379621478880864e-29 2.074901945465112211e-29 1.301763313483442877e-30 4.191238187171136831e-01 5.594153839227423898e-30 8.687998120555302014e-04 1.371121984093862491e-04 1.173562730554450007e-04 6.792748584432978243e-02 8.593017710199815076e-04 1.253592794916721992e+06 1.608602687173963059e+06 8.847993903385824524e+04 3.781899254178290315e-01 5.227645506185948616e+05
