# R (Mpc), mean rho (Msol/kpc^3), errup (Msol/kpc^3), errlow, std, median rho (Msol/kpc^3), mean pth (Msol/kpc/s^2), errup(Msol/kpc/s^2), errlow, std, median pth (Msol/kpc/s^2), mean gas-mass-weighted metal (fraction), errup, errlow, std, median metal, mean gas-mass-weighted temp (K), errup, errlow, std, median temp  
#  nprofs 472, mean mh 4493920264778.463867, median mh 3671205759652.413086 
#  Mass range 12.30 - 13.1 
#  Nhalos 33
3.113230364662173105e-03 1.027485264657114894e+05 2.759161515048584261e+04 1.535883530873927521e+04 2.202941019436876757e-01 7.916222750575080863e+04 6.491959031898271285e-24 2.855656370369648276e-24 1.473032827705904869e-24 3.299278893679761238e-01 3.544463328839501598e-24 1.271727106746485189e-02 6.852592917199609029e-03 5.454996102827146254e-03 2.110243933979958630e-01 1.199524671206979309e-02 4.117963971052910667e+06 2.311065894097128417e+06 2.248259138086586259e+06 2.717955052492003754e-01 3.909511862490203697e+06
5.410174307797641774e-03 4.950897725588731555e+04 6.040706223491989658e+04 1.653550822684138257e+04 3.529530481976627110e-01 3.165183650930317526e+04 1.582090178175498271e-24 1.718271359759074510e-24 7.971548522572239064e-25 5.057855782875302353e-01 1.206686824588143666e-24 1.250491358525405126e-02 7.145388304649131356e-03 5.288635320569246359e-03 2.337122549486055634e-01 1.191265174468611812e-02 2.793604198387795594e+06 2.532194742382413708e+06 1.179521954523666296e+06 4.351263236628988840e-01 2.101730407105782069e+06
9.401805395769324489e-03 3.351658655868181813e+04 2.088633945597494676e+04 8.050057065450455411e+03 3.798767566243591021e-01 2.124341031637032938e+04 1.120135861182263853e-24 5.488385130336317975e-25 5.037855431776777068e-25 4.421014608786767996e-01 7.537635365577821459e-25 1.213760462756288856e-02 8.128587609576784501e-03 4.225554022736568993e-03 2.573449910821867803e-01 1.090132337549638494e-02 2.701041551915195771e+06 2.934627956629281398e+06 1.024746977715038927e+06 3.913686863189448362e-01 2.025942633670895826e+06
1.633846520850827655e-02 1.865603116961205524e+04 8.813066050983352397e+03 7.989112439260276915e+03 3.690977926046583590e-01 1.378106440360815941e+04 6.169486863430446790e-25 5.008097386881918016e-25 1.038692328854921432e-25 4.782285865030568850e-01 2.238913496910817204e-25 1.198272056827652358e-02 6.305813505077079509e-03 4.628021012412214009e-03 2.310947465927180866e-01 1.135337436263947862e-02 2.168366865582801402e+06 2.252710438023251481e+06 1.102623401923798956e+06 3.827757055072627534e-01 1.747249429931782186e+06
2.839299837983852784e-02 1.032229479241227818e+04 1.017516806980284855e+04 3.152265260335870607e+03 3.181722436874199755e-01 7.137698912111178288e+03 2.694774110393147077e-25 2.572638540385429668e-25 1.443808214439043839e-25 4.575400918819262364e-01 2.006815150083164743e-25 1.121882454847769953e-02 6.149648222710572820e-03 4.186611831579023328e-03 2.178886730033721963e-01 1.059414814883630207e-02 2.140994289096020162e+06 2.319758566313080490e+06 5.188093198841258418e+05 4.106612771234432469e-01 1.281553758117181016e+06
4.934137611516303812e-02 5.221621823025611775e+03 3.121814600626691572e+03 1.905549682065839534e+03 3.285786333963803818e-01 3.722516445965471576e+03 1.379370928226800430e-25 1.384484995011972876e-25 5.697794396588647487e-26 4.582852823472728376e-01 9.157244930396980231e-26 9.013084993176802284e-03 5.047982057228781946e-03 3.001177436724658878e-03 2.103772836381117006e-01 8.218093310734404452e-03 2.191969145703792106e+06 2.375023617910641246e+06 9.759525106252433034e+05 4.108907493557556467e-01 1.536141049755747197e+06
8.574548430456500892e-02 2.254506821242164733e+03 1.164935299828298412e+03 1.297881661621913736e+03 3.557084693729284375e-01 2.030680990094757817e+03 7.437584869261349163e-26 5.591713587233398467e-26 2.076996295003222506e-26 4.588872354344459281e-01 4.534720049485157326e-26 7.130329856391418204e-03 3.242472278704271182e-03 1.342430529455886611e-03 1.694357979228232336e-01 6.136988098863137633e-03 2.457072790929752868e+06 2.168080721088761929e+06 7.849815710151040694e+05 3.316388976327837579e-01 1.597116169686380774e+06
1.490085736859895482e-01 1.101052907673981508e+03 8.342129507756800422e+02 4.207543802056937352e+02 3.621907492976141341e-01 8.253957108315829601e+02 3.459746528746892830e-26 2.539518436875007066e-26 9.560637148638989292e-27 4.407028059451965074e-01 2.166206485769543992e-26 5.752286941192424029e-03 3.696859204087498893e-03 1.873295159726726718e-03 2.076919401488482586e-01 4.857851786211068307e-03 1.966536219970648875e+06 1.545008617654801579e+06 4.199300018757116050e+05 2.082008557699374651e-01 1.667926944986162940e+06
2.589472228422751710e-01 5.884059033859757619e+02 3.459493605377051608e+02 2.330821689425358727e+02 2.989688293218863979e-01 5.271860933245916385e+02 1.773826880255664899e-26 9.948292454166212827e-27 6.202200169337759054e-27 4.002246617305040277e-01 1.200346283826780580e-26 4.294635913548294943e-03 2.503377116625317249e-03 1.229731730036845178e-03 1.855921142551330560e-01 3.938880913542569355e-03 1.775229959498964716e+06 6.839212033741278574e+05 5.920472141719000647e+05 1.889862393936649898e-01 1.618435243813493755e+06
4.499986984576546667e-01 2.830100552898931028e+02 1.389639412173244182e+02 9.956444223966752816e+01 2.492979515950242142e-01 2.406204462646651336e+02 6.164059501925548855e-27 3.858696660041248468e-27 1.768984078291169224e-27 3.373911569250430675e-01 3.872112454069140991e-27 2.780610729718215740e-03 1.115086879314851776e-03 8.255305891673569291e-04 1.381408079612878870e-01 2.661416053328773904e-03 1.307163459633793915e+06 5.335317446036513429e+05 3.005954073013478192e+05 1.534470728116955895e-01 1.207278712260384811e+06
7.820081111158523335e-01 9.928122580696113175e+01 4.598618917896071423e+01 2.328252382367789863e+01 1.726192155656662286e-01 8.493610591871212989e+01 1.395805815486095270e-27 8.284957383874081690e-28 3.460200651001127925e-28 2.689973887590503265e-01 9.819768418652866384e-28 1.998732262613153472e-03 7.466006743205029061e-04 3.953660589419494883e-04 1.295073609388226465e-01 1.933064530262165086e-03 8.662448761305400403e+05 2.825603506204667501e+05 1.789705357475518249e+05 1.308861143834186280e-01 8.034286231314716861e+05
1.358974343585863442e+00 3.913169995068351170e+01 1.333503695975763748e+01 1.230667908817337519e+01 1.411562298250445269e-01 3.893981257064317703e+01 3.785979033569856221e-28 2.141613186505889357e-28 1.729123258086691816e-28 2.655995015775576840e-01 3.380080881055838108e-28 1.880848961588442621e-03 5.108412561270496335e-04 3.749694717422868973e-04 1.196621044544776830e-01 1.825307967009362530e-03 6.067826016659719171e+05 2.235389426865193527e+05 1.456212261191962752e+05 1.481822589037913862e-01 5.686464309994188370e+05
2.361626740532650537e+00 1.748286991396853196e+01 7.666512431317686449e+00 4.304956541121583768e+00 1.598537267210220492e-01 1.534180228565181103e+01 1.503682979500801927e-28 1.109079059831220129e-28 6.558135449545364182e-29 3.774902674424613913e-01 9.979480261389971056e-29 1.611644668511685863e-03 7.447897674049980959e-04 3.257597165079342653e-04 1.579325437053683279e-01 1.528291454189968385e-03 4.695600610758293187e+05 2.379245976386547554e+05 1.932497990911005472e+05 2.283099831668823909e-01 4.134810028164342511e+05
4.104036906894324765e+00 1.060377384847697968e+01 4.091744530832478688e+00 3.564618114588514963e+00 2.011618356231083260e-01 9.176691308018941839e+00 2.576252553232987743e-28 5.082454910685470799e-29 3.519300029510105363e-29 5.382912781313236028e-01 5.027757911520657777e-29 1.389878340194823257e-03 4.063964604940732694e-04 4.466154353659822305e-04 1.516748825418528512e-01 1.394773216586735285e-03 5.995662584257577546e+05 1.471074603662199806e+05 1.782808313836504822e+05 3.451644891103231583e-01 3.474887632535594166e+05
7.131998738018977768e+00 7.988762879865021205e+00 2.462521745423270403e+00 1.956895617993612113e+00 1.662059259066709094e-01 7.327368108544192182e+00 2.173306589741447582e-28 2.130539745602296994e-28 2.138791832377099947e-29 6.399534911814199756e-01 4.303378085317242971e-29 1.384046408380546715e-03 1.415874120111503334e-04 3.142043978249309862e-04 1.161065520769703763e-01 1.396382793843007871e-03 1.164388479754547356e+06 1.332329153065472376e+06 1.307432176747292106e+05 4.823390315002488160e-01 3.849336400188995758e+05
1.239399331756889211e+01 4.194103349811950210e+00 1.564801962129616975e+00 4.081722191083105855e-01 9.950130493941532206e-02 3.870873354113228970e+00 7.992722407463271512e-29 2.354186950487444600e-28 8.613318713845270345e-30 5.200415427544017311e-01 2.231392761401876018e-29 1.308129978951840270e-03 4.737297248844256955e-04 1.607707787627547704e-04 8.832085370181831652e-02 1.225913215263766797e-03 1.050543039457107894e+06 2.698245553011219017e+06 1.108397808731149416e+05 4.304283347111829694e-01 3.906868732251907350e+05
