# R (Mpc), mean rho (Msol/kpc^3), errup (Msol/kpc^3), errlow, std, median rho (Msol/kpc^3), mean pth (Msol/kpc/s^2), errup(Msol/kpc/s^2), errlow, std, median pth (Msol/kpc/s^2), mean gas-mass-weighted metal (fraction), errup, errlow, std, median metal, mean gas-mass-weighted temp (K), errup, errlow, std, median temp  
#  nprofs 455, mean mh 4311021230606.020996, median mh 3309485717282.318359 
#  Mass range 12.30 - 13.1 
#  Nhalos 36
3.113231678211726954e-03 7.351015877011013217e+06 8.107448427545640618e+06 5.588308773579361849e+06 9.063414653569737967e-01 5.743070937845222652e+06 8.128722016708762499e-24 8.249634905514520273e-24 2.798738412176868128e-24 6.822388017507663438e-01 4.174457654577389655e-24 1.754577170723408894e-02 8.227450086920225225e-03 1.077101171356935859e-02 3.395463204102624477e-01 1.817434770720178019e-02 8.862239841288327007e+05 1.304797476388580166e+06 4.040514088882564829e+04 8.196144774205654793e-01 6.563070869698503520e+04
5.410176590485145202e-03 1.371754250158867333e+06 3.063290839338443242e+06 2.298263963871412270e+05 8.653975582712916115e-01 2.694845944440125022e+05 2.545756783830138392e-24 3.130791041199034640e-24 1.005760004193205429e-24 5.461983485868578958e-01 1.576600677018870029e-24 1.244191622282538046e-02 7.511952349476581914e-03 6.005079606301132536e-03 3.473856831742346829e-01 1.230910731382562143e-02 1.360669542640048312e+06 3.099532125978648197e+06 3.082137532316047000e+05 8.743332306188188463e-01 3.410770163327340269e+05
9.401809362625560343e-03 4.450912996946736821e+05 7.662210386699954979e+05 1.531255076229339465e+05 6.650247158456591423e-01 1.875754179068368103e+05 1.221365136749779792e-24 1.011543859363763218e-24 3.524159632882495864e-25 3.626442940115571778e-01 8.322678848054680505e-25 9.809569368377032625e-03 4.712530597256736620e-03 4.466786504899995444e-03 2.433661195365919849e-01 9.650350654985435928e-03 1.082846317704193760e+06 2.098025907849746756e+06 2.211290184796877147e+05 6.997714990044511252e-01 2.965561430299024796e+05
1.633847210211432713e-02 1.741742824776311172e+05 3.124730483191982494e+05 8.211374799917693599e+04 4.909235297683200994e-01 1.085626034220248694e+05 1.226799578495820861e-24 1.299791821754341670e-24 4.160145785963915611e-25 4.443531369516831586e-01 7.873043769511778912e-25 8.457090702192117393e-03 2.987272566338900273e-03 2.999973258787980157e-03 2.068516553390299939e-01 8.372377325962876773e-03 1.109170539679774549e+06 2.148292388720280956e+06 3.502996706392631168e+05 5.481922212097785074e-01 5.224882904379385291e+05
2.839301035955283867e-02 5.666585324901164131e+04 6.619479653143907490e+04 2.252955614136077202e+04 4.011444092164379027e-01 3.859256053486232122e+04 7.179603298669887716e-25 9.701946043458285150e-25 2.699084841119629025e-25 4.086581531885031260e-01 4.696401151249607848e-25 6.904578014974331428e-03 2.454958386615342311e-03 2.039171898591977949e-03 1.986966401645052505e-01 6.610512838627827584e-03 1.364792683517743833e+06 1.617315674079956952e+06 6.834336169505962171e+05 4.648365206058902577e-01 1.003542608122459147e+06
4.934139693352049272e-02 2.078097397020681092e+04 1.108183564962447417e+04 1.083203345854843610e+04 3.559224839032218424e-01 1.716843809051677817e+04 3.816537105961091995e-25 3.159787782726978591e-25 1.547962962552716511e-25 3.363660177152054676e-01 2.823985381469471091e-25 5.449137221618942546e-03 1.344239064883403882e-03 2.641365787581012245e-03 1.949119184469399468e-01 5.599745341423013716e-03 1.651386788443477126e+06 1.548077402752020862e+06 6.003749232836075826e+05 3.023638571012914888e-01 1.273270063120806590e+06
8.574552048272386651e-02 8.720132925351881568e+03 4.355042320984897742e+03 6.014464514896380933e+03 3.253594090697778940e-01 8.709105723979459071e+03 2.353821673206301697e-25 1.937584535250266200e-25 9.872235046460368227e-26 3.099626667192029728e-01 1.904032110737715936e-25 4.139299572298061301e-03 1.637139904295576050e-03 1.894078762248735913e-03 2.218694979431038161e-01 4.191071418720847264e-03 2.036422733188709477e+06 1.374210647244592663e+06 5.958250928154834546e+05 2.080767559756229457e-01 1.706590026729998644e+06
1.490086365564239901e-01 4.129443379693178940e+03 1.776716699708095803e+03 3.040941957398635623e+03 2.935020356106819994e-01 4.453771739787470324e+03 1.113673848210275514e-25 1.024404825370021315e-25 4.445040346572121950e-26 3.234503865142733248e-01 8.136281998708802990e-26 3.276501871893849893e-03 1.214843878440119429e-03 1.167215305563266189e-03 1.970518362355505870e-01 3.240402299491924182e-03 1.887445739000127884e+06 9.373753930809865706e+05 6.245500952599863522e+05 2.063888255849517239e-01 1.676274076832615770e+06
2.589473320985681837e-01 1.543787194677879370e+03 6.570314147366414090e+02 5.178236732484081131e+02 2.241586070149741983e-01 1.404366438126608728e+03 3.595915866225910565e-26 3.764652815250104670e-26 9.917864065083931991e-27 3.386886873940580522e-01 2.252821265214483839e-26 2.239863079795363383e-03 9.915284918197778130e-04 1.040918406851832224e-03 2.277713953917407386e-01 2.179072122093560736e-03 1.428902446878603892e+06 1.023446406175867654e+06 3.316797817393882433e+05 2.087490993977948461e-01 1.122760833213209175e+06
4.499988883233312364e-01 4.196285964991845390e+02 2.031297987104336471e+02 1.114489434457946402e+02 2.016997243106043447e-01 3.484651357301817143e+02 8.025966593668130587e-27 7.996933913294659123e-27 2.341667524784875443e-27 4.138185951495925163e-01 4.317944875544010443e-27 1.406475555333583285e-03 9.102140686173395764e-04 6.672873688111000644e-04 2.982105304169668791e-01 1.312250627289303015e-03 1.038937849500028882e+06 5.823542275122227147e+05 2.910623075871076435e+05 2.407872753899966967e-01 8.210261051593385637e+05
7.820084410645824491e-01 1.337361979008847754e+02 6.407874732560856046e+01 3.926986042933462784e+01 2.340533908629116588e-01 1.120755353404980497e+02 2.554982581436828052e-27 1.444349274580438388e-27 7.760400465811160107e-28 5.704851951875612448e-01 1.002845188142272192e-27 1.291209558189850004e-03 1.127579860502379502e-03 8.481187133484956436e-04 4.708485355984622922e-01 1.119587443036083960e-03 7.489416626794489566e+05 3.893911993669117801e+05 3.367893480442868895e+05 3.513803922850058381e-01 5.484197274691173807e+05
1.358974916971039892e+00 6.563311617320340474e+01 2.481848774376936717e+01 1.103420932137017019e+01 2.525106511256386410e-01 4.210405971682382642e+01 4.154393144408023869e-27 3.067883263815313072e-28 1.552223135244112190e-28 6.234192943877052695e-01 2.516750114556360851e-28 9.770308859644279489e-04 6.300158941516053419e-04 5.182025110312937213e-04 3.877243032591357608e-01 9.453748609838530251e-04 7.659400018037697300e+05 1.940759965586113394e+05 2.074017213462009968e+05 3.874955153306107181e-01 3.951784870812864392e+05
2.361627736961885660e+00 2.857614662537525163e+01 1.620465702058564972e+01 6.831352016878661004e+00 1.947360664648444262e-01 2.326152720362363624e+01 4.112383563973769865e-28 2.030032159082380004e-28 5.675348003475089031e-29 5.525450992967421149e-01 9.747088708965877812e-29 8.766561945950580208e-04 5.316132761737961876e-04 3.547127413596353309e-04 2.633973768748427147e-01 8.151463774737479967e-04 4.765669124846616760e+05 3.179667620369087672e+05 1.484120188860761700e+05 3.711261618949907581e-01 2.910093086374759441e+05
4.104038638489875268e+00 1.966097352436203849e+01 6.759669533732058255e+00 5.050034677266477701e+00 1.544246983517293947e-01 1.794888063570048331e+01 2.900480282869755788e-28 8.419847733584794261e-29 3.622649447618632146e-29 4.755752692489123024e-01 7.762125958334210206e-29 8.424108784353006620e-04 1.945065297010203486e-04 2.775390328439677123e-04 1.959515059473313503e-01 8.381127763229748867e-04 5.409764808197977254e+05 2.705019062402316486e+05 1.079698397774747282e+05 3.406755950023742097e-01 3.011839023331701173e+05
7.132001747187159957e+00 1.744823072902364558e+01 8.609995112066535228e+00 2.682553201613913529e+00 1.290876889169718655e-01 1.567551129580100877e+01 4.440407998177703620e-28 1.308809843607305055e-27 3.897790681629626593e-29 6.556860293309643151e-01 8.401112471067711237e-29 9.209990419190351198e-04 3.989091827347080333e-04 2.305706627377255213e-04 1.498116418057862942e-01 8.766961608737534970e-04 1.320989302450499730e+06 3.348628388596384320e+06 1.619132469992139377e+05 5.337992493751803069e-01 3.809997788490439998e+05
1.239399854690385538e+01 1.936361762201405101e+00 2.540217094371453044e-01 2.792531479633537650e-01 7.322710901414621054e-02 1.899604478501696114e+00 3.375768265754327271e-29 3.977074826916167210e-29 4.259238088113840710e-30 5.159177585568325286e-01 9.601709455546726738e-30 8.076720849932783131e-04 2.951667761481044719e-04 1.104240104823155620e-04 1.338333924579138967e-01 7.275952145639713424e-04 9.685379278635063674e+05 1.044314139600726543e+06 1.435525566690776905e+05 4.518355534216155767e-01 3.565559790462797973e+05
