# R (Mpc), mean rho (Msol/kpc^3), errup (Msol/kpc^3), errlow, std, mean pth (Msol/kpc/s^2), errup(Msol/kpc/s^2), errlow, std, median rho (Msol/kpc^3), median pth (Msol/kpc/s^2) 
#  nprofs 448, mean mh 1894514862618.918945, median mh 1895439456035.333740 
#  Mass range 12.21 - 12.4 
#  Nhalos 19
1.633847485430494142e-02 1.017127899052641587e+05 1.652572728759433958e+05 4.144893677176402707e+04 5.346878432324625452e-01 3.736920564236018529e-25 4.121258662784099532e-25 1.725677249367554306e-25 4.443669643871192010e-01 6.263100283295764530e+04 2.648183545913248471e-25
2.839301514231197185e-02 3.847269895853433991e+04 2.112402944420628410e+04 2.284553205314412116e+04 4.244765440993577554e-01 2.377846433270266081e-25 2.024931598983214754e-25 1.000414322949975697e-25 4.106853278759424186e-01 3.245626948141491084e+04 1.745154169784084074e-25
4.934140524500327946e-02 1.256565738665407844e+04 7.313243374538529679e+03 7.059447596890833665e+03 3.364091792572639905e-01 1.366218584439257618e-25 9.842696896753401794e-26 5.917778069962473673e-26 3.509107672685529145e-01 1.052065402706316127e+04 1.086118727176683138e-25
8.574553492642551789e-02 4.632700133054470825e+03 4.757739353985362868e+03 2.124971583197993823e+03 3.298498584170662662e-01 6.194556880378652142e-26 3.688941039172056932e-26 3.229882165006937280e-26 2.927690666617983051e-01 3.562867188524139237e+03 5.599653330289045131e-26
1.490086616567007083e-01 1.893400652621089876e+03 1.345408486217285144e+03 9.848498549554537931e+02 2.983639936032027040e-01 2.576053762897483524e-26 1.523452831860472821e-26 1.678325952624163130e-26 2.881993747848297094e-01 1.712223865506002994e+03 2.574456910127549971e-26
2.589473757178498703e-01 6.718885733035427847e+02 3.119716663931516223e+02 4.555330986962040356e+02 2.595218633059320767e-01 7.773026617439086539e-27 5.404127637063820275e-27 3.618328131154044468e-27 2.963723333989171094e-01 6.844495436932891153e+02 6.503104225536349469e-27
4.499989641249551586e-01 2.314059010010365398e+02 1.405086639569153988e+02 8.114050921814421713e+01 2.273410351172662769e-01 1.963680210265103529e-27 1.709426531583592811e-27 5.967224843007784426e-28 3.354442959037590710e-01 1.996359548210533319e+02 1.279034279197374058e-27
7.820085727927073016e-01 7.491041567188415229e+01 7.019273962789742427e+01 1.494101591396739082e+01 2.613223240436554629e-01 5.527087506378577631e-28 6.788295867738604756e-28 1.530332914820852075e-28 5.048729938624508806e-01 4.745985398087893259e+01 2.435720729750257479e-28
1.358975145888284608e+00 2.751489255287224367e+01 2.192746734043462453e+01 8.669000190159410479e+00 2.472995444693581180e-01 1.697144665347443192e-28 2.078365993272756324e-28 5.911956032813515191e-29 6.352200987942929755e-01 2.151483958957484788e+01 7.084737355599360156e-29
2.361628134774462762e+00 1.537626425482927850e+01 9.970783528941625562e+00 4.361390089405614567e+00 2.487816867795021036e-01 1.091015684189407410e-28 1.444141069956540621e-28 2.487610737091355703e-29 6.559789779679691124e-01 1.225498037017462671e+01 3.411878220501559065e-29
4.104039329808901293e+00 1.567990701623738126e+01 4.339557619816957867e+00 7.160187093879896381e+00 2.596715200935776902e-01 6.706320910748423454e-28 7.860390096873015046e-29 5.432561201149127057e-29 7.528714241650250605e-01 1.438965482704749377e+01 7.112725470708029264e-29
7.132002948561937394e+00 8.490571768515254192e+00 1.785877665761507416e+00 2.479072074769107736e+00 1.384035855316648189e-01 1.557479447805799524e-28 3.076401288528862384e-29 2.721693751779856164e-29 5.435361801142815086e-01 8.160128573001173891e+00 4.372663111204285675e-29
1.239400063465394020e+01 3.774211083827540225e+00 5.265509670122723307e-01 2.196018319005803576e-01 5.600527742394542652e-02 4.201217070346081244e-29 1.645636503222324111e-29 6.322729228494356413e-30 3.861437432383005297e-01 3.571365241682117109e+00 1.972366864938446383e-29
