# R (Mpc), mean rho (Msol/kpc^3), errup (Msol/kpc^3), errlow, std, mean pth (Msol/kpc/s^2), errup(Msol/kpc/s^2), errlow, std, median rho (Msol/kpc^3), median pth (Msol/kpc/s^2) 
#  nprofs 452, mean mh 4285290552809.170410, median mh 4017012074174.512695 
#  Mass range 12.41 - 12.8 
#  Nhalos 20
1.633846520850827655e-02 3.312934161371904338e+04 3.064376918845295950e+04 5.875836536779379458e+03 4.190998450816165177e-01 5.529651626157053244e-25 2.455380015688004866e-25 2.747476487029458942e-25 4.670916428748737581e-01 1.409759811141834143e+04 4.176277497945122303e-25
2.839299837983852784e-02 1.989245012944956397e+04 1.556627181046885016e+04 9.515783385688815542e+03 4.037196020712018329e-01 2.961196007367286001e-25 1.851353655278334640e-25 1.314539971404671018e-25 4.632207721924934685e-01 1.408054237842734437e+04 2.034576520340215844e-25
4.934137611516303812e-02 8.306459073471000011e+03 5.152519019721843506e+03 2.816972928825824965e+03 3.629203326801710983e-01 1.625874789578180678e-25 1.105651477305176725e-25 8.781562167946090135e-26 3.668419488266971840e-01 5.416986783559297692e+03 1.357469941188311531e-25
8.574548430456500892e-02 3.636255002855439670e+03 3.379338883083596556e+03 1.675247700629479141e+03 3.341223162508482614e-01 8.207240951580150224e-26 5.952712266821628546e-26 3.586599865996541983e-26 2.627176850592070068e-01 2.953729889970321892e+03 7.382054040364652432e-26
1.490085736859895482e-01 1.734317096791156700e+03 1.436688860370626344e+03 6.371363221314433076e+02 3.085313542513683505e-01 5.028281789550140024e-26 3.515055025754595488e-26 1.495140806675354494e-26 2.951383013228357499e-01 1.386629185959540564e+03 4.008877988779461547e-26
2.589472228422751710e-01 8.432923768616749385e+02 5.932455428308848013e+02 3.797127640612404207e+02 2.630765335985582043e-01 2.080018523168790175e-26 1.067619844379254550e-26 1.284515793637136654e-26 3.074996041069140151e-01 7.132677392900008044e+02 2.103903301730225429e-26
4.499986984576546667e-01 2.927341456383288687e+02 8.075572667664761184e+01 8.987832375545232821e+01 1.833966743936251420e-01 4.806230758416392482e-27 2.761404386642947147e-27 2.757293701051727346e-27 2.516317308751676585e-01 3.013492674992052685e+02 4.611136223169932494e-27
7.820081111158523335e-01 9.423720772036585913e+01 3.649457877444464771e+01 2.956752507008859965e+01 1.504991032483670443e-01 1.012596178126492266e-27 4.776764949077945067e-28 3.728823841690721055e-28 2.676089875811604735e-01 9.279258452544343072e+01 9.570122681979760784e-28
1.358974343585863442e+00 3.723688158599353670e+01 1.651487945177060368e+01 1.195543947661816375e+01 1.974729012745016776e-01 3.168602498814252233e-28 3.195919849336854926e-28 8.996126536815496199e-29 3.884655635537355156e-01 3.333726728725216049e+01 1.922228593351654151e-28
2.361626740532650537e+00 1.598080453055319161e+01 8.541510760418969284e+00 3.944996858056599720e+00 1.923696517530618377e-01 1.240811396575326082e-28 1.322124788881054727e-28 3.836016855701038609e-29 4.615873362415771619e-01 1.344530656236304367e+01 6.169529579627933868e-29
4.104036906894324765e+00 8.162388029006695689e+00 2.726102850263661281e+00 2.775689404882823119e+00 1.416053186810002640e-01 3.924611953588619159e-29 2.506916090527902157e-29 1.991341762421472535e-29 3.817581030455322599e-01 8.031878693981800765e+00 3.038459743750417023e-29
7.131998738018977768e+00 7.826993246448440189e+00 2.221191360961494610e+00 2.621467002148315295e+00 1.770782975282575167e-01 1.998505896676082973e-28 3.800528390058380021e-29 2.572831089396632403e-29 6.652532065217295898e-01 7.194782601734013738e+00 3.753513086669581910e-29
1.239399331756889211e+01 4.295437010596623750e+00 1.469399381710608132e+00 6.595250271609556236e-01 1.137741785585283522e-01 9.138068912625134697e-29 2.704264728879231086e-28 6.782369502741190092e-30 5.681554260645297338e-01 4.120638250026536831e+00 2.176425661992972134e-29
