# R (Mpc), mean rho (Msol/kpc^3), errup (Msol/kpc^3), errlow, std, mean pth (Msol/kpc/s^2), errup(Msol/kpc/s^2), errlow, std, median rho (Msol/kpc^3), median pth (Msol/kpc/s^2) 
#  nprofs 451, mean mh 1234009742310.498047, median mh 1206042716478.629883 
#  Mass range 12.00 - 12.2 
#  Nhalos 40
1.633846520850827655e-02 1.244312187720910006e+05 1.592415166230050963e+05 6.955610403827787377e+04 5.312746134676713528e-01 3.358544641103737054e-25 2.243086709652754651e-25 1.640734490014543723e-25 4.170121843065762723e-01 8.734214810149300320e+04 2.401451768979387780e-25
2.839299837983852784e-02 4.198933301231872611e+04 6.079523738282502745e+04 1.664728473941596894e+04 4.197903224829049318e-01 1.890945307270570094e-25 2.232145279931693715e-25 6.837480627998368584e-26 3.795475124709152270e-01 2.692203516314604713e+04 1.322952958196326561e-25
4.934137611516303812e-02 1.144607460199838897e+04 7.349567866286790377e+03 5.518189348251198680e+03 3.333135850566561476e-01 8.954183761760935666e-26 7.550380047684865854e-26 4.348245583203987508e-26 3.233227346462922425e-01 1.016749023939316248e+04 7.091172664441354158e-26
8.574548430456500892e-02 4.027157915298492298e+03 1.695667122879638555e+03 2.315058201556938911e+03 2.855155855029041789e-01 4.398760305512872413e-26 2.781755330963545115e-26 1.613461787658513627e-26 2.627119863912672493e-01 4.104454776602704442e+03 3.800363468926846504e-26
1.490085736859895482e-01 1.681242211266652475e+03 7.340234333488047014e+02 7.238904221645361758e+02 2.383817036948358281e-01 1.838528455785863298e-26 8.502606812737095336e-27 5.018184162666528457e-27 2.222001059468194373e-01 1.603902196450021165e+03 1.526839652017582930e-26
2.589472228422751710e-01 5.585608137132018101e+02 1.834414126361880335e+02 1.976589473010174061e+02 1.701841739849496438e-01 4.642496719181729642e-27 2.742816904652830332e-27 1.380597958976443652e-27 2.489789336267569653e-01 5.539723151895566389e+02 3.793791210015848843e-27
4.499986984576546667e-01 1.690080677287631090e+02 1.028971152886569769e+02 5.014066182241370484e+01 1.892836603314858313e-01 1.094912973003639528e-27 1.347767466176591728e-27 2.955139846430120376e-28 3.583949441780383549e-01 1.425943630692207194e+02 6.384567185310991997e-28
7.820081111158523335e-01 4.439598158098318947e+01 2.952056894684344002e+01 1.501655162605402438e+01 2.164126565651012801e-01 2.435279807766397142e-28 3.014685152991276659e-28 1.152259035697389286e-28 4.881410067268324715e-01 3.838235240527373549e+01 1.579718130976066722e-28
1.358974343585863442e+00 2.071149483053425655e+01 1.684900650144454914e+01 8.275327191827894779e+00 2.669050940716041209e-01 1.410169733230307513e-28 1.550527206499020436e-28 3.039069689545525307e-29 6.786167754896685889e-01 1.706120436815105279e+01 4.029783878929363476e-29
2.361626740532650537e+00 1.224416451432338704e+01 1.134247110430947103e+01 2.981148933573155801e+00 2.359574719744846061e-01 1.321714251822183563e-28 1.376359671877652145e-28 1.210976875007134858e-29 6.925946686144417441e-01 9.501874993187527707e+00 2.122041836494516186e-29
4.104036906894324765e+00 1.199103498621127528e+01 3.822539445877431774e+00 3.440329775483130348e+00 3.003669998769048499e-01 6.122965847388352938e-28 1.141971123633904213e-28 2.758407302340598011e-29 8.616775811421264475e-01 8.296450792368037952e+00 3.497055176443559695e-29
7.131998738018977768e+00 7.240805915063669218e+00 2.891423975969365401e+00 1.669044138744134820e+00 1.581876856870821635e-01 1.104510838844699803e-28 5.508840386226857459e-29 1.490178773610132957e-29 5.020347156915887510e-01 6.418324281472262527e+00 2.724624515619430969e-29
1.239399331756889211e+01 4.191047933763742961e+00 1.225318795414676032e+00 6.015491369496017704e-01 9.426842078303414307e-02 7.285676588623821171e-29 2.326931538480185826e-28 8.181793956438741056e-30 5.246464135656094818e-01 4.009043343634431267e+00 2.027121403734780476e-29
