# R (Mpc), mean rho (Msol/kpc^3), errup (Msol/kpc^3), errlow, std, median rho (Msol/kpc^3), mean pth (Msol/kpc/s^2), errup(Msol/kpc/s^2), errlow, std, median pth (Msol/kpc/s^2), mean gas-mass-weighted metal (fraction), errup, errlow, std, median metal, mean gas-mass-weighted temp (K), errup, errlow, std, median temp  
#  nprofs 444, mean mh 9220748489827.800781, median mh 10044263084569.642578 
#  Mass range 12.81 - 13.2 
#  Nhalos 5
1.633847210211432713e-02 5.356478672865155386e+04 9.404998100935574621e+04 5.342354678876976322e+03 4.544243776590050077e-01 1.752385580084313187e+04 8.595554685980471362e-25 4.186131354690070826e-25 3.088794126768412774e-25 2.047734563906827288e-01 8.290113911659571517e-25 6.772828042388464968e-03 2.054481027950113073e-03 2.021501905816747331e-03 1.712120556441798225e-01 6.899131509048432934e-03 3.441455474562169053e+06 1.296515942869586870e+06 4.139963452635539696e+06 6.345331726580216714e-01 4.446322994288654067e+06
2.839301035955283867e-02 2.558580733134323236e+04 2.092227955895173363e+04 1.001814464870197480e+04 3.126246624387975515e-01 1.998119332638062770e+04 7.024561192482242553e-25 5.684573525211880851e-25 9.010281122003251773e-26 1.958491309725521878e-01 5.152415449331094806e-25 5.656711579815190682e-03 5.346772575048116399e-04 2.402225589060126218e-03 1.660104951573786458e-01 6.459493387645915546e-03 3.125783415627910290e+06 1.237385595200980082e+06 2.962193286218423396e+06 4.115104879288357109e-01 3.691631743117412552e+06
4.934139693352049272e-02 1.304291987130794223e+04 1.353005536109626519e+04 1.916971008792505017e+03 2.827412118319338474e-01 8.322041587786059608e+03 6.123468533636479043e-25 4.191108058381727925e-25 5.271553311525897711e-26 1.843655645451660052e-01 4.413767581594912239e-25 3.994877769671789820e-03 4.862092911803225087e-04 8.109636910628276706e-04 1.271379188109123815e-01 4.195424061785054184e-03 4.037405345768964384e+06 1.905743901236014906e+06 1.167595981684881728e+06 2.499476288562542947e-01 3.858113612948983442e+06
8.574552048272386651e-02 7.415842896343182474e+03 6.747423603316494336e+03 1.223231993719130060e+03 2.372590516596354837e-01 5.041683389223855556e+03 4.428310939712862618e-25 2.363773627761696087e-25 3.249205737200355391e-26 1.962197106281582670e-01 3.302006966501507961e-25 3.357006541897301823e-03 3.849183516951249981e-04 2.688834897757418074e-04 5.266321793457685169e-02 3.283438889955463992e-03 4.354418265695116483e+06 5.910992326937196776e+05 9.709434912957465276e+05 1.379495903021564218e-01 4.616299724482552148e+06
1.490086365564239901e-01 4.542712759808471674e+03 4.264825021423179351e+03 2.438666997619388894e+02 2.220412397773812441e-01 2.814942767906301469e+03 2.344309395246435100e-25 1.168292908277646851e-25 6.362639394011496185e-26 1.900617439695739541e-01 2.016538629908444128e-25 3.318332092242761398e-03 1.433033270569072579e-03 3.111003837772698642e-04 1.169699815916079161e-01 2.817726834490412967e-03 3.820007566384953912e+06 1.206182407689750195e+06 9.566916096360757947e+05 1.526470717227595697e-01 3.778878908091295511e+06
2.589473320985681837e-01 2.206072601556655172e+03 1.819425624390092935e+03 2.098376114641428103e+02 1.930383895251416293e-01 1.539686567275808329e+03 9.727978689879017369e-26 6.074673893834793271e-26 2.813479765548677775e-26 2.269303467680721109e-01 7.858846688141136138e-26 2.557722570459094145e-03 2.567963980383827435e-04 5.077997966746452749e-04 6.644472215694462169e-02 2.636969766719494609e-03 2.914102244805177208e+06 1.009822019656674471e+06 1.473455414228686132e+05 9.037523556173469863e-02 2.571772947077879217e+06
4.499988883233312364e-01 8.334880774918810857e+02 6.317641761798687412e+02 1.315027041678787896e+02 2.002545090978709030e-01 6.379424999883966620e+02 2.574462282004924898e-26 1.651867380809472703e-26 4.163817544430284291e-27 2.305751159465507516e-01 2.002126883191646695e-26 2.123844645420146313e-03 1.854401963254218889e-04 3.013301756535015537e-04 6.152435642434012086e-02 2.192079818396098275e-03 2.056368198914093198e+06 2.883701360330595635e+05 4.848124885276295245e+05 8.487346710122459226e-02 2.124654774332972709e+06
7.820084410645824491e-01 2.280312537600054270e+02 2.330737809614015532e+01 3.713039198198129043e+01 6.076546362272947782e-02 2.333846693680864064e+02 3.810956666227434388e-27 1.072950464684167800e-27 5.266273482741435043e-28 1.037049718239197726e-01 3.528186980648843084e-27 1.730914385243163822e-03 2.265421062429401593e-04 1.922747939775016745e-04 7.544339905428813775e-02 1.699256745644326565e-03 1.127610421227073530e+06 2.686600833608837565e+05 5.181342720031121280e+04 7.625243574249071510e-02 1.027970810468362062e+06
1.358974916971039892e+00 6.598760543370295295e+01 1.798467217742110336e+01 3.192846715145279290e+01 1.722911651008929013e-01 7.097638108081052621e+01 7.223338799468339151e-28 5.545866899753958378e-29 9.048681354247907509e-28 4.481502016996220528e-01 1.063499518920565829e-27 8.646924158361223934e-04 2.602849098589906165e-04 6.228542849205959565e-04 2.673417861987101851e-01 1.013908201477480529e-03 6.497871384976228001e+05 1.947250505015114322e+05 4.658461134813149110e+05 2.965721797724524267e-01 7.547961488141710870e+05
2.361627736961885660e+00 3.195379384070986362e+01 2.131571079792836443e+01 2.635088857456015177e+00 1.630322597905101145e-01 2.441263300707030837e+01 2.693883873452418560e-28 3.764993277294869680e-28 1.074902029854271693e-28 4.823768562341820276e-01 1.567389604490797286e-28 7.609722588521346644e-04 3.836522805777992269e-04 1.468423516200166330e-04 1.568071879654397704e-01 6.639317448381308259e-04 4.653289695292250253e+05 3.531138897268378059e+05 2.828711351781835547e+05 3.286717540947610705e-01 4.351600365834513796e+05
4.104038638489875268e+00 2.005024048466788855e+01 4.609230267123589186e+00 5.952276146715256289e-01 5.662641098911087162e-02 1.847887786861279480e+01 9.499835907714828922e-29 1.743431919737951560e-29 2.838976338334622160e-29 1.161011204041793171e-01 9.997526888661430680e-29 6.483138295369642642e-04 7.750701973204400345e-05 2.523676937822153573e-04 1.318477021291984685e-01 7.243766758028874920e-04 3.169857317147636204e+05 1.774497945400461322e+04 6.951750114017812302e+04 7.008929106943492804e-02 3.398821705856994377e+05
7.132001747187159957e+00 1.839823425185151251e+01 3.722087430677667896e+00 5.615060125887325171e+00 1.218530270570473695e-01 1.892152113873688180e+01 4.015607993240898580e-28 4.819209227042631495e-28 1.649985589693065308e-28 5.940935710343586695e-01 2.090787129438674284e-28 7.707983149969488282e-04 1.613487034092250328e-04 1.624204360795964038e-04 1.324120983877565827e-01 7.631554068866634212e-04 1.147876793776585720e+06 1.139346720760653494e+06 5.274323446675761370e+05 4.731229155851303658e-01 7.487268004545259755e+05
1.239399854690385538e+01 2.184780063254468274e+00 5.435427334762490403e-01 1.902574085547379390e-01 8.583720203471256749e-02 2.051296011299621025e+00 9.580805451133864523e-29 2.054473323254700724e-28 3.650188631430090460e-30 6.440792497056911925e-01 1.497553589851563933e-29 9.556039589434988995e-04 4.364598590218201919e-04 8.968552015099036032e-05 1.277794200454492879e-01 8.280928816724272314e-04 2.531254876914010383e+06 5.141261229152340442e+06 9.142412322738807416e+04 5.652800713336927352e-01 4.945408341671300004e+05
