# R (Mpc), mean rho (Msol/kpc^3), errup (Msol/kpc^3), errlow, std, median rho (Msol/kpc^3), mean pth (Msol/kpc/s^2), errup(Msol/kpc/s^2), errlow, std, median pth (Msol/kpc/s^2), mean gas-mass-weighted metal (fraction), errup, errlow, std, median metal, mean gas-mass-weighted temp (K), errup, errlow, std, median temp  
#  nprofs 455, mean mh 1980995273339.033936, median mh 1972834553418.012207 
#  Mass range 12.21 - 12.4 
#  Nhalos 18
1.633847485430494142e-02 5.467064994156738976e+04 1.182073713262528036e+05 9.937371507702478993e+03 6.132378279621640838e-01 1.495709045716827677e+04 2.727367856207009765e-25 3.192385724649279603e-25 5.502473372355875562e-26 4.817243762527158024e-01 1.155547686664108311e-25 1.310793653267028867e-02 4.897063263125906590e-03 1.995821428324587657e-03 1.459034739538542236e-01 1.203409030093307783e-02 8.740668755274441792e+05 1.125957734068181133e+06 4.069392184109079535e+05 5.150359880338482022e-01 5.220953511342674610e+05
2.839301514231197185e-02 2.312268784380463694e+04 3.612181093868063908e+04 4.225117512133312630e+03 5.025435959518598228e-01 7.872697756363855660e+03 1.593437572922813057e-25 1.617411010332325895e-25 4.852500456852918936e-26 4.448706059159113768e-01 8.329066137312821970e-26 1.227897019242888549e-02 4.930049442509507052e-03 3.412919290982079079e-03 1.456334885421886327e-01 1.151402121712529619e-02 9.172611610011504963e+05 9.127336727928451728e+05 4.628150988947026781e+05 5.138012489522179038e-01 6.702164668479722459e+05
4.934140524500327946e-02 7.628257973642463185e+03 1.173231216858614243e+04 1.023493638914499570e+03 4.049661791675729927e-01 3.116700128941776711e+03 6.997004167482618222e-26 8.609044946623891879e-26 2.001909067145121826e-26 4.037977148010113426e-01 4.165935881480758490e-26 1.048051535736750639e-02 5.268868487813870363e-03 1.998008435654992886e-03 1.510160502488877288e-01 9.356256665370319900e-03 9.978944474271544022e+05 7.629360764520639786e+05 4.848487914500640472e+05 3.677521402353386426e-01 7.673772236744043184e+05
8.574553492642551789e-02 2.995511934151460082e+03 4.610847070448697195e+03 9.493962445303482127e+02 4.169856225435776276e-01 1.646007363443990016e+03 4.094093593918819178e-26 7.500731987589095077e-26 7.092122551609978341e-27 3.920421700092217576e-01 2.022494258655291854e-26 9.704510897095357594e-03 5.619991734901203656e-03 2.526002921573106304e-03 1.663366477099093577e-01 8.709160241925847923e-03 1.354407770215864060e+06 7.045413938263750169e+05 5.000519888206351316e+05 3.994328451261243140e-01 1.109708142889349023e+06
1.490086616567007083e-01 9.833122611441714298e+02 1.323101448251295096e+03 3.204982668647298851e+02 3.636392578927720165e-01 5.956589695873725532e+02 1.669464459514344428e-26 1.930376593915777249e-26 5.274112687064074394e-27 3.847948968225961552e-01 1.102635566919916487e-26 6.853903562757036882e-03 4.795785493640319919e-03 1.298010679316131608e-03 1.729293380320485463e-01 5.779279209453926439e-03 1.372308320377964759e+06 9.361406436785147525e+05 4.486397765056362841e+05 2.697714262232936422e-01 1.221749558642220683e+06
2.589473757178498703e-01 3.762377172767531306e+02 3.216635302114968340e+02 2.056063346670114811e+02 3.397796422564700047e-01 3.230215792029146655e+02 5.964583096657062580e-27 4.539328536421410003e-27 4.089313672714917118e-27 4.099832217986941196e-01 5.524496096993554400e-27 4.530233025259676992e-03 1.595986321939248456e-03 1.638434560371532841e-03 1.888417195479910049e-01 4.604635809146714193e-03 1.102918205784242833e+06 4.203081225134688430e+05 3.542440813144380227e+05 1.731535420975311712e-01 1.052953392313813791e+06
4.499989641249551586e-01 1.617459807959802163e+02 1.319694446812247861e+02 7.176326594130037506e+01 3.065958440703120402e-01 1.395549333274829564e+02 1.847650116815035505e-27 1.797058567230218489e-27 1.016290712427023921e-27 3.893239632943266137e-01 1.688561614477654198e-27 2.943750994054244053e-03 1.491276281434604934e-03 5.744969348526424244e-04 2.533269641586406440e-01 2.505836707780725089e-03 7.702583492830838077e+05 4.059093361213704338e+05 2.609762864328580908e+05 1.844123098010213013e-01 7.223595334990761476e+05
7.820085727927073016e-01 6.357447042073509635e+01 3.549156272905739229e+01 2.096824318312091151e+01 2.747533440287219242e-01 5.166556538273664501e+01 6.426322093529942173e-28 5.635670663575118739e-28 3.041270266054073931e-28 4.699568346393844798e-01 4.517926911961674593e-28 2.163084921554188442e-03 1.558601920218490554e-03 8.258894023419828707e-04 3.784105501414705142e-01 2.010587112979148484e-03 5.716990738298562355e+05 2.654726187333234120e+05 2.183529296213516500e+05 2.262342573259588652e-01 5.596607978537259623e+05
1.358975145888284608e+00 2.951808258360970072e+01 1.409499886237513522e+01 1.656788508316396502e+01 2.477563608387592653e-01 2.957417890775867164e+01 2.775221814488683397e-28 3.618105380368036325e-28 1.816794468269971120e-28 5.609837499618682832e-01 2.341363705816945778e-28 2.029673016903326896e-03 1.322523746404743713e-03 4.596596985806744931e-04 4.676327036793837544e-01 1.759561555463381001e-03 5.192161292985591572e+05 3.524886565610200632e+05 1.758883286296667648e+05 3.483019805258873447e-01 4.636742807736496907e+05
2.361628134774462762e+00 1.808945777630750484e+01 1.089720471176398320e+01 8.386586444704008159e+00 2.450592322573468262e-01 1.664279071030653512e+01 1.767601495500907420e-28 1.122493147684969983e-28 9.874176052043138038e-29 6.445603854365369312e-01 1.201515202120374374e-28 1.853025678843139585e-03 8.161589844307417727e-04 7.769801954056983814e-04 4.180741685180764944e-01 1.865074097687699928e-03 5.063496701788979699e+05 1.664830978191818576e+05 2.838428545626959531e+05 4.179284879372756611e-01 4.718599797585902270e+05
4.104039329808901293e+00 1.463961945436076029e+01 3.116090895432265029e+00 7.443577424582413116e+00 2.327372462853884161e-01 1.400072888222142709e+01 4.819339592072283130e-28 3.174152930251792746e-29 8.137892325338810008e-29 6.267392542858993831e-01 1.000598914128466182e-28 1.786175379095175479e-03 3.688622001775899648e-04 8.347493297493390266e-04 1.667217728805453214e-01 1.958695003943120017e-03 9.005125360000836663e+05 1.224327655605655164e+05 2.702149350262003136e+05 4.024065154953628265e-01 4.544343048459253041e+05
7.132002948561937394e+00 8.180142963982923732e+00 1.611746572803861355e+00 2.677371354422836802e+00 1.337633397704113547e-01 8.010916725504497293e+00 1.225967197259736541e-28 1.486953980816589294e-29 2.366811482095472219e-29 4.386102105755793623e-01 5.154566066314180842e-29 1.532551697935623410e-03 2.317592025664768317e-04 4.414059928932578120e-04 1.214544076162820813e-01 1.614337233806086448e-03 7.027750490199181950e+05 6.931282118948665448e+04 1.294173879964491352e+05 3.242642993969585552e-01 4.070338690296023851e+05
1.239400063465394020e+01 3.424481321992399963e+00 5.036534054396590854e-01 1.937240621238842664e-01 4.694016863408687068e-02 3.304622757539759981e+00 2.600124372202580032e-29 8.491545612903115817e-30 3.691053767227826158e-30 2.668406858918898616e-01 1.734979105489375951e-29 1.276016043495226127e-03 1.160033571845366616e-04 1.242355301772609180e-04 5.651205569995054051e-02 1.280386465805560901e-03 4.814827337590654497e+05 1.255157130864223000e+05 5.233013469615555368e+04 2.346638390740868052e-01 3.433788525055351201e+05
