# R (Mpc), mean rho (Msol/kpc^3), errup (Msol/kpc^3), errlow, std, median rho (Msol/kpc^3), mean pth (Msol/kpc/s^2), errup(Msol/kpc/s^2), errlow, std, median pth (Msol/kpc/s^2), mean gas-mass-weighted metal (fraction), errup, errlow, std, median metal, mean gas-mass-weighted temp (K), errup, errlow, std, median temp  
#  nprofs 449, mean mh 535239232764.369873, median mh 487892845493.726440 
#  Mass range 11.50 - 12.0 
#  Nhalos 170
3.113248982952454991e-03 4.028841763256401755e+06 2.011284913146515843e+06 1.249590014942646027e+06 2.091669012100838554e-01 3.530748018638481852e+06 9.684910649356658531e-25 8.104775003164847806e-25 3.225972720198560083e-25 3.738365669393419188e-01 5.819048102376028190e-25 1.586578287698426487e-02 7.005224524135118119e-03 5.887101519275350636e-03 2.106286651014798728e-01 1.520690600503460388e-02 1.682322774075801135e+04 4.911982659947498178e+03 2.803298898105880653e+03 1.401917076759439662e-01 1.478438727220125656e+04
5.410206662677926291e-03 1.448972526574551826e+06 9.739618598146797158e+05 4.072391728514537681e+05 2.516188532221499963e-01 1.177934335502728820e+06 3.893157420834859760e-25 3.308433984105339160e-25 7.094119782048092323e-26 4.195974427020683906e-01 1.574544060216360736e-25 1.222031644791149452e-02 5.916442671920731783e-03 3.690319422294626416e-03 2.141417403378074458e-01 1.108523578725249467e-02 2.338164241726183172e+04 6.718137143903077231e+03 1.561687884058528653e+03 2.618838969339729594e-01 1.184556972561322254e+04
9.401861622107095945e-03 5.810086009718733840e+05 2.745317963182711974e+05 2.617468139060533722e+05 2.347609056500628011e-01 5.670996005796270911e+05 2.834240432445492569e-25 2.778930907223625835e-25 7.210881020563078121e-26 4.601394312622757443e-01 1.215673903663637152e-25 7.506128194952680667e-03 4.748754855977624714e-03 2.615098246887760831e-03 2.312106615243210428e-01 6.612798856006749451e-03 4.240915114187810832e+04 4.311652997723889712e+04 6.525663089684783699e+03 3.949441797839716717e-01 1.668935849439090816e+04
1.633856291868465010e-02 1.991174998993757472e+05 1.023915358172376291e+05 7.915782174435327761e+04 2.380530799913188611e-01 1.883405424222590518e+05 2.007372301933225249e-25 1.583666635075520353e-25 7.856503536980506557e-26 4.033648598552334597e-01 1.287950893490510756e-25 4.982683013065365533e-03 3.033023406131984956e-03 1.790322297470278018e-03 2.300049215308259676e-01 4.347629318072576514e-03 9.603882489019546483e+04 9.446175503021723125e+04 2.926272042892622267e+04 4.178561448892582075e-01 5.016005109963886207e+04
2.839316818066401488e-02 4.660430386471797829e+04 3.289039655849030532e+04 1.839746485533565283e+04 2.522039073633330908e-01 4.067715319190535229e+04 1.031073618662885387e-25 1.028738246805567980e-25 3.780833118393653674e-26 3.489921782234478576e-01 7.128853217145714500e-26 3.726264833732128440e-03 2.583741767702808084e-03 1.456326311021309376e-03 2.273972701359619208e-01 3.292268081340418880e-03 2.063712996142973716e+05 2.219817330756698502e+05 8.031357874587866536e+04 4.154817221655510151e-01 1.289917106369853864e+05
4.934167119517834238e-02 9.898144540187664461e+03 6.146623120416204983e+03 2.568658268137633058e+03 2.086123807537087482e-01 8.247112754679819773e+03 4.598847818043600541e-26 4.038879240556856965e-26 1.690004692588609756e-26 3.182252595303444731e-01 3.321152005674923899e-26 2.672367989087905907e-03 1.805135894345076542e-03 1.104128388801425961e-03 2.558600680634236513e-01 2.310809352430416054e-03 3.434029978306333651e+05 2.938696375111967791e+05 1.403019683409452264e+05 3.105783027952758180e-01 2.689318301178065594e+05
8.574599709486005472e-02 2.840184028788016349e+03 1.221894936022085858e+03 8.516063764119023745e+02 1.618291634352943542e-01 2.673064646667740817e+03 1.850792886082782859e-26 1.728725584725155847e-26 6.619715140334205883e-27 2.991265166008953424e-01 1.361305330026971626e-26 1.620353655068207952e-03 1.318267110740629043e-03 7.105010623052134986e-04 2.851539604495450519e-01 1.357873222041471907e-03 4.111885082777179196e+05 1.970239099339522654e+05 1.305785729034229007e+05 1.846760438876770827e-01 3.744803374881552299e+05
1.490094648133893918e-01 1.023347988714028475e+03 4.591028037292944646e+02 2.902203675114767520e+02 1.624815277179916251e-01 9.336294263082279485e+02 5.286760788625810942e-27 4.051377684779865769e-27 2.078680678044542713e-27 2.971946175262648038e-01 4.114924334559021579e-27 9.824990890759765887e-04 9.278050057620803454e-04 4.028991108086549689e-04 3.042092777808105830e-01 7.826658379861527876e-04 3.193370431648599915e+05 1.399595446424107649e+05 8.920218195656983880e+04 1.627112644467194058e-01 2.939140401353596826e+05
2.589487714442089139e-01 3.071534130519223140e+02 1.448473535621211568e+02 8.513133748043949822e+01 1.764227614956654089e-01 2.726526677531217047e+02 1.211266920808138716e-27 1.186630483377083891e-27 4.446979607714237681e-28 3.396195764358709290e-01 8.372435067727983473e-28 6.098429875697816823e-04 5.421780977765233538e-04 2.578440804874798740e-04 3.392946794822164214e-01 4.627273637691044824e-04 2.391447124156442296e+05 1.172813986480819294e+05 6.593285995593221742e+04 1.980605750725536462e-01 2.008240178198395297e+05
4.500013896193789109e-01 8.913540664078934128e+01 5.388970413774376311e+01 2.802732785815055649e+01 2.144398746451196269e-01 7.476731012894830997e+01 4.006855270125011357e-28 4.221484029878978705e-28 1.002539995168374309e-28 4.940400450012668032e-01 1.647967728423290117e-28 4.275366168651375913e-04 5.421788772329708735e-04 1.559252514694280806e-04 4.675487564540050101e-01 2.266183493928553504e-04 2.242968344423340459e+05 1.769560836879806593e+05 6.476003362241062860e+04 3.149498520460349837e-01 1.430873971889925888e+05
7.820127878189270243e-01 4.137925215173947890e+01 4.242277789860546733e+01 1.251922134425225508e+01 2.942636130986843179e-01 2.877963208345429535e+01 2.574038397084179162e-28 3.986669502163878807e-28 3.097232800243837915e-29 7.227992225488599765e-01 4.461563838986088844e-29 5.106883529852640925e-04 9.827520973470652357e-04 1.262771197571671523e-04 7.435277282351697714e-01 1.538000874938876754e-04 2.461163802586773818e+05 2.881047248146091588e+05 6.438553325335113186e+04 4.580621146175777314e-01 1.103806827742516616e+05
1.358982470764342532e+00 2.577238945905326872e+01 2.743398457156244064e+01 7.994281683766013558e+00 3.084373826595238621e-01 1.761944695022531704e+01 2.661122416680185275e-28 3.263902603321934415e-28 3.120867167278164207e-29 8.258329287370865801e-01 3.669747658340827767e-29 6.679328980168215907e-04 1.072562037584733497e-03 3.632428067578885784e-04 9.085855043927799635e-01 3.978412222503899818e-04 3.104325429364825250e+05 3.899357959141453612e+05 1.050544577811771742e+05 5.347710799933417247e-01 1.420137270108023076e+05
2.361640863950146940e+00 2.092424657548705014e+01 1.477344097536125744e+01 6.580351240511808086e+00 3.032900158075420016e-01 1.449810286046466601e+01 7.809781837500453245e-28 2.110424421522713008e-28 3.879526872716519671e-29 8.126561475638827137e-01 4.714915288667141151e-29 8.506496307659187515e-04 8.676321351027522447e-04 5.194948831718452370e-04 5.398614667613463869e-01 7.353062475175596406e-04 5.777929233027080772e+05 3.993137651861872873e+05 1.515094152370762313e+05 5.247239588307104352e-01 2.247455304959699861e+05
4.104061450580955395e+00 1.515294094970282401e+01 7.538855194552848360e+00 3.859066189265539570e+00 2.515199360106381010e-01 1.127359402973333147e+01 5.606281902867218127e-28 1.123857098803207016e-28 3.547339553296352565e-29 7.593811439047279954e-01 5.153930138685005274e-29 9.630673481024466754e-04 4.442843900191111679e-04 4.033155257299692259e-04 2.572947202297473646e-01 9.228398596045260744e-04 9.603330364581589820e+05 3.619604605787250912e+05 1.504292202062280558e+05 5.174310528828155453e-01 2.861230704546270426e+05
7.132041390057954899e+00 1.087739451658558920e+01 3.688963730443381550e+00 2.862388479445404421e+00 1.445163162689582226e-01 1.017100544643348670e+01 1.982658077530188852e-28 1.239293104536050823e-28 3.122774021177503942e-29 5.718426691859671562e-01 5.323606061340539129e-29 9.152003028586048593e-04 2.757281951161862695e-04 2.881989441891907346e-04 1.558938020243763323e-01 9.134160776978956543e-04 8.432325647922510980e+05 5.045724317122120410e+05 1.438664484206522466e+05 4.406914536522160697e-01 3.350833538842292037e+05
1.239406743831755797e+01 3.377447251024271679e+00 9.449177609643850673e-01 4.317868695664257572e-01 8.643228211000753003e-02 3.231007123018076577e+00 5.604993042586025200e-29 1.109621834539471248e-28 5.654515166330310062e-30 4.947653318234130349e-01 1.629688499726241842e-29 8.983856270425824879e-04 2.231313172102930825e-04 1.422631249630632293e-04 1.004907556044389583e-01 8.654586225339570491e-04 9.037760558335012756e+05 1.721043847650372190e+06 8.628481781410594704e+04 4.193330882096710233e-01 3.359829073683642782e+05
