# R (Mpc), mean rho (Msol/kpc^3), errup (Msol/kpc^3), errlow, std, mean pth (Msol/kpc/s^2), errup(Msol/kpc/s^2), errlow, std, median rho (Msol/kpc^3), median pth (Msol/kpc/s^2) 
#  nprofs 452, mean mh 10728889821165.808594, median mh 11427263701269.371094 
#  Mass range 12.81 - 13.2 
#  Nhalos 5
1.633859116181033549e-02 8.945183068292851385e+04 8.123915100204249029e+04 5.120981303833377024e+04 5.480020333622277473e-01 6.563303592101174366e-24 1.076206434677021729e-23 1.007662498917860202e-24 6.488065204144198850e-01 6.964363566293299664e+04 1.509723654801387003e-24
2.839321726159124010e-02 4.234855162819662655e+04 5.260977093279469409e+04 1.280660181639724033e+04 4.456695150529523253e-01 2.095091175237242391e-24 3.091848092085143251e-24 4.622581242133501626e-25 4.638621230826894815e-01 2.630928399609952248e+04 9.163593814116976585e-25
4.934175648805434050e-02 2.201943836858123541e+04 2.138605584963797446e+04 5.550243440277175978e+03 3.875510421489499757e-01 9.339532844490599383e-25 9.174348353108539349e-26 8.542129384267280075e-25 3.344260610534557365e-01 1.435051389194231160e+04 1.249437051827080973e-24
8.574614531689064845e-02 9.161920063867955832e+03 4.890390927252992697e+03 5.097711692209111789e+03 3.040429114650414211e-01 5.288882484737816618e-25 1.427829909956489500e-25 3.489168868473812557e-25 3.272926838606630140e-01 9.096654656582852112e+03 6.072069535353957850e-25
1.490097223937570103e-01 4.553456032570563366e+03 6.894248502291520708e+02 3.249056543956228779e+03 2.505997219136314458e-01 2.206713590235185782e-25 5.326584366899089336e-26 1.326517052971932530e-25 2.737239645942412536e-01 5.573286044921710527e+03 2.550566695114651017e-25
2.589492190675852235e-01 2.169270312114782428e+03 6.946953060095147521e+02 4.943250205703411666e+02 1.676935291868507649e-01 8.767229883487532457e-26 1.310228561800316822e-26 4.010050558506514925e-26 2.038183609950969810e-01 2.059560605687782754e+03 9.915928124673540188e-26
4.500021674996532717e-01 8.065582384701830279e+02 2.191401773959781849e+02 1.642608232251171785e+02 1.509877520347288338e-01 2.489850214791394804e-26 5.298006733006893801e-27 1.078418599585517068e-26 2.071861081983226716e-01 7.768422044161180793e+02 2.690736343767387007e-26
7.820141396199125072e-01 2.048100150017679368e+02 3.833410619865381364e+01 7.292437480539300054e+01 1.314034272934785086e-01 3.425637849934448333e-27 7.291842055992599923e-28 1.266555528644149137e-27 1.832966501316401486e-01 2.184178504714150506e+02 3.663244881673283602e-27
1.358984819925215248e+00 5.396185437174050037e+01 1.275285683521330782e+01 4.469473280114449665e+00 9.376244309525100240e-02 5.597442199439952887e-28 3.172327166074397555e-28 1.420575508841192032e-28 1.824204128688275417e-01 4.973435946586080547e+01 4.766951784043860949e-28
2.361644946323858463e+00 2.224085964466426191e+01 1.028474225366538874e+01 1.479402484031339782e+00 1.744791117984064999e-01 1.736336158906802234e-28 1.839018571367455978e-28 1.928747734011846263e-29 3.764220041493357982e-01 1.733681741168169665e+01 8.573634072328763458e-29
4.104068544933373808e+00 1.208060031733076656e+01 8.147266275710425276e-01 1.312944572831563406e+00 5.755004157144587990e-02 4.792507435440768904e-29 3.679426781425950491e-30 2.523374677204038045e-29 2.306626413018668664e-01 1.232449910453226494e+01 5.781966403455224565e-29
7.132053718629468797e+00 1.158875321367547784e+01 3.518473754931312314e+00 3.438387722697854088e+00 1.485321550997452389e-01 4.279549333886068110e-28 7.727790511871639004e-28 4.324366791650684368e-29 6.954367947066762978e-01 1.120514176193999667e+01 7.167438805875100027e-29
1.239408886291934841e+01 4.093064547571062306e+00 6.035594238581589721e-01 8.606513827594550747e-01 8.082318552786479926e-02 1.240719069608066455e-28 2.269995281534629548e-28 2.067369525330771567e-29 5.791319565066853636e-01 4.195449017087114818e+00 3.833656631288921517e-29
