# R (Mpc), mean rho (Msol/kpc^3), errup (Msol/kpc^3), errlow, std, median rho (Msol/kpc^3), mean pth (Msol/kpc/s^2), errup(Msol/kpc/s^2), errlow, std, median pth (Msol/kpc/s^2), mean gas-mass-weighted metal (fraction), errup, errlow, std, median metal, mean gas-mass-weighted temp (K), errup, errlow, std, median temp  
#  nprofs 451, mean mh 214009624982.548676, median mh 202080177099.085510 
#  Mass range 11.00 - 11.5 
#  Nhalos 191
3.113254364569109471e-03 1.837929484746583505e+06 5.395121729661028367e+05 5.318700803931998089e+05 1.468792731057977641e-01 1.753666442312797764e+06 1.929256604089220145e-25 7.344830995454161949e-26 5.470741737037853269e-26 2.038636225590241269e-01 1.637011485947249278e-25 6.619231060508544949e-03 3.574724095153906066e-03 3.154195435455951074e-03 2.916367163181601274e-01 6.253267158202684313e-03 1.207548714880987791e+04 1.018796473077891278e+03 5.355610541033256595e+02 3.903743440338441895e-02 1.185368243133794931e+04
5.410216014855808234e-03 5.662540808315102477e+05 2.615869677393646562e+05 1.466161334476502379e+05 1.607061374083620375e-01 5.187102189947154257e+05 5.815432317711740075e-26 2.674406847890255270e-26 1.158774166449779120e-26 1.980893456581091228e-01 4.635688901001686688e-26 5.282636156556001078e-03 2.854647996695144040e-03 2.482769166864770387e-03 2.788652653488674082e-01 5.055880681439274375e-03 1.174592751707677417e+04 5.746822687605908868e+02 7.092549706459794834e+02 8.003332533502434398e-02 1.118889085830688964e+04
9.401877874329571741e-03 1.947663766386901843e+05 1.266767593781353207e+05 6.331268963859432552e+04 2.415714135214080405e-01 1.706774838740943233e+05 6.140041259744006731e-26 1.013737261097369442e-25 1.156810607063928336e-26 4.247118299937619468e-01 2.622164904213562210e-26 3.349050568295838023e-03 2.232700704761400937e-03 1.423334362532131109e-03 2.691519238201952602e-01 3.012835460385058367e-03 5.398664676165396668e+04 4.049694678738741641e+04 1.662229424227971322e+03 3.869877010198448097e-01 1.203025623016590362e+04
1.633859116181033549e-02 8.091278657727409154e+04 4.535728974439781450e+04 3.708178901401943585e+04 2.471517557938539278e-01 7.565175928985250357e+04 4.232426073098921561e-26 3.938107071623605484e-26 1.656253789208031460e-26 3.454793544062085275e-01 3.022316322253682682e-26 1.966245277175926887e-03 1.124933430931962693e-03 8.374693766428563087e-04 2.746075226910825173e-01 1.753310875758411214e-03 4.795691932537025423e+04 3.529188158102666785e+04 1.389927216519257854e+04 3.265350436740803164e-01 3.014976231162323893e+04
2.839321726159124010e-02 2.349003625148368883e+04 1.542420979241959867e+04 9.023267077003831218e+03 3.066226266233562092e-01 2.108136179458648985e+04 1.890429014892625590e-26 1.339617080646036992e-26 5.652615657288865066e-27 2.597790807321776474e-01 1.431062242268210990e-26 1.299774011240866596e-03 8.482337989580495622e-04 5.459425744268014795e-04 2.948106599157775953e-01 1.168053952303730941e-03 1.223183264803817583e+05 6.346266487577109365e+04 1.928759225828641502e+04 3.769201439525002306e-01 4.632646056107696495e+04
4.934175648805434050e-02 4.271444533693380436e+03 2.274969609780227529e+03 1.341985347514174009e+03 2.352242579484159768e-01 3.686754559943160075e+03 8.516304832966902525e-27 4.732475787727323050e-27 2.867841530774017900e-27 2.285204216051530957e-01 7.233744883853429316e-27 8.030845695143635360e-04 6.864962327878477901e-04 3.117259419940296558e-04 3.296164955702208799e-01 6.518784268301665297e-04 1.948120218773624802e+05 9.475249048321406008e+04 6.190949595612408302e+04 2.793171045141653597e-01 1.349517546659134387e+05
8.574614531689064845e-02 1.120365509391735259e+03 4.005139112086471869e+02 3.596928424207701482e+02 1.656975507300337547e-01 1.070019652950229329e+03 3.417839796852685564e-27 2.013739851608861158e-27 1.109989748311847859e-27 2.401164355463852318e-01 2.704822413160823857e-27 4.504867114058322972e-04 3.587389746192483093e-04 1.565497830783872310e-04 3.457360764435535305e-01 3.302395945588618544e-04 2.385368295910378220e+05 6.899644673634236096e+04 4.404265371536332532e+04 2.024204269916825560e-01 1.769567194181730447e+05
1.490097223937570103e-01 4.161557909687730898e+02 2.244236133490285283e+02 1.179829987763201302e+02 1.654877245902255933e-01 3.765209629554761932e+02 1.310572635208383669e-27 7.798705732253228817e-28 3.764474702378164117e-28 3.357316032553866458e-01 8.008197507997261907e-28 3.181000389631581464e-04 2.422739812110870339e-04 1.220602578237833802e-04 3.337865803236657603e-01 2.518600992775693105e-04 2.138294546679935011e+05 6.025925134237695602e+04 3.489536186410619121e+04 2.418612211481913077e-01 1.369744305070323462e+05
2.589492190675852235e-01 1.515703006279115641e+02 7.942834280364391475e+01 4.484282266684508045e+01 1.949057198420407477e-01 1.331034934877371541e+02 6.253158645855405164e-28 2.530309440049254414e-28 1.062495323897157752e-28 4.666781304088719051e-01 1.953465020583649882e-28 2.621037372568834397e-04 1.942483539651390471e-04 1.022083331591249432e-04 3.122710051267526543e-01 1.996588023633393081e-04 1.923279949623373104e+05 8.096010175733474898e+04 2.958372827763681562e+04 3.133069215261604090e-01 9.440913215531283640e+04
4.500021674996532717e-01 6.445418512946945100e+01 4.955376815964390858e+01 1.524291289430342289e+01 2.570959623489746382e-01 4.565422671215220873e+01 4.809956681880253896e-28 2.026578085272395603e-28 3.421517899709355866e-29 6.413601960141276370e-01 5.177495566228469225e-29 2.602490210733084575e-04 2.451854999710340608e-04 8.520272229413521667e-05 4.368730668538448603e-01 1.406214625055307620e-04 2.036587326528034173e+05 1.111594288849906297e+05 3.525801590858297277e+04 4.129183912680344237e-01 7.430077022332279012e+04
7.820141396199125072e-01 3.929303296373625187e+01 3.505214028176717278e+01 9.158406115647528267e+00 3.651079185616292189e-01 2.059381796439269152e+01 8.881811347525398750e-28 1.617976798515528650e-28 1.483951605292408980e-29 8.819404989454568966e-01 1.947154799708537787e-29 4.023292569468509927e-04 6.815408876623806761e-04 6.892152817410311335e-05 7.535509235342341405e-01 8.873780441937329021e-05 2.699479531973045086e+05 2.102440566717059410e+05 3.095851128272293136e+04 5.324587303235426283e-01 5.769727318194004329e+04
1.358984819925215248e+00 2.983742815168915996e+01 2.356121463464437937e+01 6.562351844511154830e+00 4.048910556532009930e-01 1.307168276965379583e+01 1.902859085564471680e-27 1.783579636117430535e-28 1.236553634157954094e-29 1.021050788473347293e+00 1.474171692878063892e-29 5.485194604526793735e-04 1.178309174494022310e-03 2.129866520126150924e-04 9.179905487493282834e-01 2.335132630855242032e-04 4.115414009683374898e+05 3.129721683787584770e+05 6.239147154006177880e+04 6.289515501107397766e-01 8.603387318793519808e+04
2.361644946323858463e+00 1.781540234262126177e+01 1.213396376830395162e+01 5.865554467291650198e+00 3.381727720698785022e-01 1.153703875868435169e+01 7.712615741708155075e-28 1.137441459334881337e-28 2.186368650330694700e-29 9.163191361215218267e-01 2.485894800354227795e-29 6.433841099673726560e-04 8.370954177979960092e-04 3.929361233551420529e-04 7.559642164548340260e-01 4.769596318653508932e-04 4.734820138422645396e+05 2.963462144424719736e+05 1.082701987521618139e+05 5.930191408117927443e-01 1.418589810953442648e+05
4.104068544933373808e+00 1.139422792683254571e+01 7.575262955419319155e+00 3.655566059532693757e+00 2.325679120788071153e-01 9.737305874387633509e+00 1.785427035461753770e-28 1.177704600160179934e-28 3.181150466709805683e-29 6.913591109673714596e-01 3.849138179643028681e-29 7.536086598340490652e-04 3.741676836326478977e-04 3.731404511667256105e-04 3.167424263439164167e-01 7.390925253349167395e-04 4.996250557879923144e+05 4.605542584509992739e+05 1.842223061020695022e+05 4.752338403289091406e-01 2.631695000694366172e+05
7.132053718629468797e+00 9.897988777048583486e+00 4.259016186713274976e+00 2.536432853728918246e+00 1.634747196693503990e-01 8.872428876364256922e+00 2.250545414019882141e-28 8.831434021384370814e-29 2.531543647522113035e-29 6.231988522384992457e-01 4.267655027018598510e-29 8.315758215460335471e-04 2.352427733011892320e-04 2.392537467057540132e-04 1.630123236174656209e-01 8.007522471389916241e-04 9.470893753382173600e+05 3.464763136316927848e+05 1.304016886394465691e+05 4.748816726479374029e-01 3.142865076029988704e+05
1.239408886291934841e+01 3.824294506137952521e+00 1.379895735885790398e+00 4.573332508398846308e-01 8.774208992473493673e-02 3.555041913569819467e+00 7.296100715708013495e-29 2.292393575992012145e-28 6.576776833399075771e-30 5.151148459919125955e-01 1.893512384199251536e-29 8.544156930468112081e-04 3.875306298036867124e-04 1.185959907955385891e-04 1.019080747045546104e-01 7.925650892279798888e-04 1.056583617621758254e+06 3.048182693717157468e+06 1.035702537221601815e+05 4.397267174278914892e-01 3.671528047749117832e+05
