# R (Mpc), mean rho (Msol/kpc^3), errup (Msol/kpc^3), errlow, std, median rho (Msol/kpc^3), mean pth (Msol/kpc/s^2), errup(Msol/kpc/s^2), errlow, std, median pth (Msol/kpc/s^2), mean gas-mass-weighted metal (fraction), errup, errlow, std, median metal, mean gas-mass-weighted temp (K), errup, errlow, std, median temp  
#  nprofs 448, mean mh 4198164130959.858398, median mh 3376108032281.130859 
#  Mass range 12.30 - 13.1 
#  Nhalos 38
3.113239796992746389e-03 7.883057758768304251e+06 4.749591496597929858e+06 4.871721852552168071e+06 6.204584394077554688e-01 7.587249735335719772e+06 6.853688124435055179e-24 7.379726015822111282e-24 3.090383217954096768e-24 4.325555495861984068e-01 4.666392843123337444e-24 1.643603642317405591e-02 6.182301420184398849e-03 8.154478528498005502e-03 2.815327489085583390e-01 1.685301720501039199e-02 7.661159835320098791e+05 2.242037946391890582e+05 9.431963360398807708e+03 7.888420981799348919e-01 2.968236656815524111e+04
5.410190699309528305e-03 2.092435024040255928e+06 1.575484238257965539e+06 1.164227139668376418e+06 4.686929978015212384e-01 1.809765805695483927e+06 2.625363254058036095e-24 2.924728622047473118e-24 9.098606054980578894e-25 4.860246635120571979e-01 1.477520001660134513e-24 1.144578171555035197e-02 6.475377366666902612e-03 5.281016344430121065e-03 2.802052294009748645e-01 1.096154866004338604e-02 5.740738251391525846e+05 5.118095118226056220e+05 1.768711457897887885e+04 7.399935617702844137e-01 3.696752421485715604e+04
9.401833880952267797e-03 6.365704988652780885e+05 2.955866049357476877e+05 3.540487286354440148e+05 2.951408147755351097e-01 6.297172454184383387e+05 2.522448785076823939e-24 2.848573076409898325e-24 8.426682687859602585e-25 4.634933181941979785e-01 1.575439019135784751e-24 6.947150318234453573e-03 4.096521904857102978e-03 3.241714533735713319e-03 2.395561841112519852e-01 6.820382311116037280e-03 5.616086468633189797e+05 6.463574183076454792e+05 1.050919327551011665e+05 5.990271915332391339e-01 1.724500411669634632e+05
1.633851471008279307e-02 2.024677989583185408e+05 1.399550098791074124e+05 6.421913007597385149e+04 2.657267512634260975e-01 1.678246866987060639e+05 2.518603983924125727e-24 1.590595010554156037e-24 8.536278221742211660e-25 3.653442890598523896e-01 1.608229063938007030e-24 4.748794214656361888e-03 2.898646294335913663e-03 1.559259414936168230e-03 2.146706560720119117e-01 4.162330523646661298e-03 1.075300379484754987e+06 1.124654091294497484e+06 2.574484189571139286e+05 4.194571015499266586e-01 6.129815904476523865e+05
2.839308440371576120e-02 6.829122131847722630e+04 2.885532328357236111e+04 1.655368309241891257e+04 1.963401057577215669e-01 5.718452873219060712e+04 1.949231596526213023e-24 9.863281575240903011e-25 6.692884513324186538e-25 3.441151034349821947e-01 1.327822094387102322e-24 3.233244345904856976e-03 1.926607028602930240e-03 7.905314819172818211e-04 1.956321497852672453e-01 2.707613649537039813e-03 1.882064201710589230e+06 1.180133243058219785e+06 9.252823668724700110e+05 3.115983060418315853e-01 1.550515208500780864e+06
4.934152560752818467e-02 2.975217518070175356e+04 1.164983386659168173e+04 6.013945311791718268e+03 1.695409416821594406e-01 2.611073495341996022e+04 1.131636783989534324e-24 5.159667931025750225e-25 3.222473568438209066e-25 3.086965652698437923e-01 7.877484391168793710e-25 2.269917838579119974e-03 9.032120182847738939e-04 6.686334287735185011e-04 1.723823514725386641e-01 2.083838020495940198e-03 2.321212009529379662e+06 1.402013085963006597e+06 7.527645869445430581e+05 2.367804084730424641e-01 1.873394638774033170e+06
8.574574409252104512e-02 1.566328450377274203e+04 4.504313818210594036e+03 2.428078333650717468e+03 1.680211220874526512e-01 1.323749760543676530e+04 5.653517544790714858e-25 5.075080936644683522e-25 1.130764338195196939e-25 3.065457955693570158e-01 3.350443947332200059e-25 1.529977176177539210e-03 5.370616502900335456e-04 4.945389576120847765e-04 1.676807583431772219e-01 1.490058737066772250e-03 2.157718821590647567e+06 1.646512388065786567e+06 4.622817705078849103e+05 2.037171523516525529e-01 1.689333230057457928e+06
1.490090251457148740e-01 6.819156189151125545e+03 1.627972654690251147e+03 1.935793174842180633e+03 1.573254912458712795e-01 6.443295560028370346e+03 1.849183784124070230e-25 1.500357695657840033e-25 5.203332201800956137e-26 3.103554921911658160e-01 1.221881574474179420e-25 1.149989343541836170e-03 4.381168588149220687e-04 2.640010059146904314e-04 1.538918943232674141e-01 1.092574833259462967e-03 1.643663765417817980e+06 1.503182163951597875e+06 2.060417292053241981e+05 2.011124558782089455e-01 1.178402713779009646e+06
2.589480073893599132e-01 2.132593084050693960e+03 1.192606097508412176e+03 5.514010197175336998e+02 1.743874531376846393e-01 1.856194906143965227e+03 4.338289604483371755e-26 5.730458661238623512e-26 1.045201268286241814e-26 3.505521371344735848e-01 2.406285722083978994e-26 7.954780239865487119e-04 4.192735991729253141e-04 3.415048917287768267e-04 2.213868219269680138e-01 7.781052188319193463e-04 1.169657591683726292e+06 8.682916982494976837e+05 2.535795897531072842e+05 1.929170419373085199e-01 9.143898380993730389e+05
4.500000618442288047e-01 4.694071429913361158e+02 4.070044949034941624e+02 8.910987138058743540e+01 2.051807501712724635e-01 3.591779169862664389e+02 6.614811667200806688e-27 1.105839916567231322e-26 1.390182413369913660e-27 3.907262850141412502e-01 3.150146460588950736e-27 4.609201294078274697e-04 5.157356262688592759e-04 1.542716544607267289e-04 3.042188787446868936e-01 3.315075132573917565e-04 7.577854715603378136e+05 6.359252834098569583e+05 2.128689288281834451e+05 1.960815332898841190e-01 6.397609271531379782e+05
7.820104804101706275e-01 1.338335204518405988e+02 8.552080869882404102e+01 4.655806220461155931e+01 2.209478286752418474e-01 1.157771907543476715e+02 1.330671471816081279e-27 1.005683893855783467e-27 7.440877987589015363e-28 4.714455302955076754e-01 9.536035198335249776e-28 4.372048246006308980e-04 6.627572007717799901e-04 1.933889776332992517e-04 5.101760137705857456e-01 2.618796594823554619e-04 5.526784642930803820e+05 1.975729048569013248e+05 3.006111664842510363e+05 2.770864783870780612e-01 5.174874148950866074e+05
1.358978460947493527e+00 5.535724069641763379e+01 2.642128305767190000e+01 1.149011898366219242e+01 2.029516147526543579e-01 4.417370488451440735e+01 1.430654244488559702e-27 2.509294249323677260e-28 6.981138938838778087e-29 5.399860271219742991e-01 1.439781277700809356e-28 2.802667951148815856e-04 3.304002468919375120e-04 9.759620776351249501e-05 4.210857391399754901e-01 1.748247295293930774e-04 5.193799925944540300e+05 1.757020295948255807e+05 9.079263495445851004e+04 3.507528786527793208e-01 2.323049645523524377e+05
2.361633895687103912e+00 3.287433789305091381e+01 1.536049129490820775e+01 8.974797901627656671e+00 2.170970356889539710e-01 2.679646734297703858e+01 8.377945686551304999e-28 2.066230083876903839e-28 4.608726514109889188e-29 6.488985615198160639e-01 7.205625268206142906e-29 2.867964869084100991e-04 2.235486045847583775e-04 1.302418581840961219e-04 3.745722678658717220e-01 2.341418255735372336e-04 5.150752944562640041e+05 2.811922726455527009e+05 9.998405800941289635e+04 4.401674692414880297e-01 1.952640772774469224e+05
4.104049341127662842e+00 2.304187692506707563e+01 8.528513585765260530e+00 5.977535460659403554e+00 1.647916876626576987e-01 2.087858518204877356e+01 4.343366538031754306e-28 1.221655214797239686e-28 5.053641274841452542e-29 5.728671171755528313e-01 8.919380516556515399e-29 2.996390112867827423e-04 1.261585820841523839e-04 9.197980206122533236e-05 2.781365070451016774e-01 2.568799795260597691e-04 6.854974707092019962e+05 3.507850394003056572e+05 1.240523765753834450e+05 4.277983032560057630e-01 2.848638691800929955e+05
7.132020346239977826e+00 1.975998960945005223e+01 9.078411013362135407e+00 2.037254977643726761e+00 1.167190173163244471e-01 1.780647051726462138e+01 4.205204484786530369e-28 1.235271340688572825e-27 4.533240887778341562e-29 6.271968457098890948e-01 8.596060944896870667e-29 3.440384589803984622e-04 2.481018880484167871e-04 1.209046923876575636e-04 1.998555239282875096e-01 3.021087501163868534e-04 1.124776352896692231e+06 2.767781201746609528e+06 1.733892368791516055e+05 5.172549408477407074e-01 3.516608555102380342e+05
1.239403086835325674e+01 1.922390417371171667e+00 2.547625325732578716e-01 2.406691286298203725e-01 6.229447478172289721e-02 1.886592229740991833e+00 2.717211370238206547e-29 2.003273735265294591e-29 5.929579629999601127e-30 4.719557813363032261e-01 1.012249728784539314e-29 3.008893716139873970e-04 9.554766397819466298e-05 1.039816969832553506e-04 1.841725503143525899e-01 2.780388459258505097e-04 8.149032688599050744e+05 6.119801570210608188e+05 1.942283766195084318e+05 4.188389686680691337e-01 3.643343223326659063e+05
