# R (Mpc), mean rho (Msol/kpc^3), errup (Msol/kpc^3), errlow, std, median rho (Msol/kpc^3), mean pth (Msol/kpc/s^2), errup(Msol/kpc/s^2), errlow, std, median pth (Msol/kpc/s^2), mean gas-mass-weighted metal (fraction), errup, errlow, std, median metal, mean gas-mass-weighted temp (K), errup, errlow, std, median temp  
#  nprofs 447, mean mh 538818475574.761353, median mh 490329056343.188843 
#  Mass range 11.50 - 12.0 
#  Nhalos 165
3.113232202630837955e-03 3.152896974626861513e+06 1.644236922392942943e+06 1.028381872691928875e+06 2.446159361131299281e-01 2.929667328400150873e+06 5.806185519460459432e-25 5.425952266579654268e-25 1.775821488284673190e-25 3.358979263596230114e-01 3.884149369522797220e-25 1.492144623899075047e-02 7.854980930712088250e-03 5.920471654334503314e-03 2.066494751775369287e-01 1.392300118835154699e-02 2.285906557716742464e+04 3.795245272166523137e+03 1.915897983839728113e+03 1.904504026645676695e-01 1.362637097674588767e+04
5.410177501821110228e-03 1.051937172513502417e+06 6.221237365431168582e+05 3.236940826054170029e+05 1.942817099294548155e-01 9.401819551834946033e+05 1.642344734685963121e-25 1.407914098222724528e-25 3.525052193520411027e-26 3.008822728806032076e-01 1.042169092043817123e-25 1.236092480684340862e-02 5.778379588579251463e-03 4.568751027147985484e-03 2.014104059938037761e-01 1.162121619412324891e-02 1.372026486501118052e+04 4.250623775557027329e+03 1.160741686357652725e+03 1.404534689995554642e-01 1.146668097662218133e+04
9.401810946345954753e-03 4.120442536927947658e+05 2.620906002227241988e+05 1.215688526490809454e+05 2.397676699149782487e-01 3.561483947037335602e+05 1.131417034061924162e-25 1.424135126072843385e-25 3.243837372877197394e-26 3.931250293690324860e-01 6.197129114351565315e-26 7.966475646695768756e-03 3.924903374737965037e-03 3.057732790838441246e-03 2.066901470382272454e-01 7.363926759183771209e-03 2.517322378878635573e+04 1.931680427015761961e+04 2.787679274664402328e+03 2.915282982077442853e-01 1.345332931915402878e+04
1.633847485430494142e-02 1.522344883547319623e+05 8.493551910529041197e+04 6.039150383183796657e+04 2.263535885891334309e-01 1.428651383847804973e+05 1.153285429663576884e-25 9.913737903669415005e-26 5.560044945946125162e-26 3.690371521518762687e-01 8.735817537781799620e-26 5.130183633419595386e-03 3.079531481844935414e-03 2.039906331617554781e-03 2.182947600532041121e-01 4.641101936472707447e-03 6.530454933585707477e+04 5.572086912224395928e+04 2.528648498035000375e+04 3.522128168943624016e-01 4.521785142377191369e+04
2.839301514231197185e-02 4.359304621926827531e+04 2.546446628248764318e+04 1.899415615300658101e+04 2.534140742448326433e-01 4.011082475142902695e+04 6.529382131741884563e-26 5.948627417088868127e-26 2.520201763922250551e-26 3.247002699723104957e-01 4.806753517981773254e-26 3.525966801550351436e-03 1.818171846601623377e-03 1.299383789230490081e-03 2.291343173411837519e-01 3.138493469242456535e-03 1.404389948738446401e+05 1.428070642209770740e+05 4.596185478077644075e+04 3.820508678529787039e-01 8.430801696855069895e+04
4.934140524500327946e-02 9.296027781374346887e+03 6.466582960404160076e+03 2.857784395577985379e+03 2.288627816325996545e-01 7.631457697421224111e+03 3.231211594471405357e-26 2.765971001297774219e-26 1.141108476868345655e-26 2.961559532825998597e-01 2.374730520476261523e-26 2.284564194292869766e-03 1.621199146194765312e-03 7.733129826341565097e-04 2.570166104612049973e-01 1.881781516665934333e-03 2.840237378683981951e+05 2.742552257633113768e+05 1.481426251216965611e+05 3.383589500582804832e-01 2.369643917261944443e+05
8.574553492642551789e-02 2.386460007036903335e+03 1.197886909225708678e+03 6.091926402617725671e+02 1.682943672862090290e-01 2.143381681813474643e+03 1.479986909333030437e-26 1.530934443876778631e-26 4.744782534467461368e-27 2.883668616709530452e-01 1.091717571500336363e-26 1.346883874240230013e-03 9.923009016231166581e-04 4.906772872726474204e-04 2.837570392441017830e-01 1.089303338615282748e-03 3.949397477197569096e+05 1.894955273644966073e+05 1.384408638244062022e+05 1.839817166549181648e-01 3.659390202377388487e+05
1.490086616567007083e-01 9.131933012542060624e+02 4.305540668547007499e+02 2.883865295373393565e+02 1.770674817093483011e-01 8.465584273723136448e+02 4.570435905596178407e-27 4.172437451756448167e-27 1.598642825350823558e-27 3.137357070032460449e-01 3.373328890509928404e-27 9.229672101883812547e-04 6.464634316227072007e-04 3.161874293954090951e-04 2.473795844552961476e-01 7.581068301617054734e-04 3.112549968144469312e+05 1.571095207460430684e+05 7.259348878200474428e+04 1.774704834183283286e-01 2.679824255803238484e+05
2.589473757178498703e-01 3.038315753399087953e+02 1.456113161019787867e+02 8.861883737902428493e+01 1.862273495090105702e-01 2.672418802405439919e+02 1.261752740251020593e-27 1.027785685127660779e-27 5.215196857050519979e-28 3.662905934121846729e-01 9.016937872157357318e-28 6.811341269260508475e-04 4.837847741643142669e-04 2.504923179187317590e-04 2.447147505218418284e-01 5.733193280246818299e-04 2.474701174982868833e+05 1.245485947949536203e+05 7.905133472520000942e+04 2.208213323366577940e-01 2.088954241306150507e+05
4.499989641249551586e-01 9.048836187804356257e+01 4.947797330345385092e+01 3.060203590764989912e+01 2.048902113640273248e-01 8.044912920806790169e+01 4.238556669332797771e-28 3.826270544392857930e-28 1.281540917992930414e-28 4.895122180239732113e-01 1.906061745551381082e-28 4.811366638402188615e-04 5.407577336025690996e-04 1.469554745859613957e-04 3.228925537727291850e-01 3.283473437063631132e-04 2.411980869990782812e+05 2.001889486098903581e+05 7.642733890939314733e+04 3.273025029427492627e-01 1.547637155731429229e+05
7.820085727927073016e-01 3.641428004076281866e+01 3.303679346236135217e+01 1.078294097027676557e+01 2.869074579686472504e-01 2.554062870138977104e+01 2.615875065364599847e-28 3.295441720464504289e-28 2.996558769651222759e-29 6.961900087626241573e-01 4.300476151387871341e-29 4.398630867090041530e-04 6.108506800256821622e-04 1.409206284450473571e-04 5.532109130333273672e-01 2.012245419931894071e-04 2.593046109255434130e+05 2.751859156261413591e+05 6.638824914756657381e+04 4.444287090876894997e-01 1.163711169211168017e+05
1.358975145888284608e+00 2.253137892516110696e+01 2.264616619967127775e+01 6.371183690241124076e+00 3.310580209269903262e-01 1.411974548004823227e+01 3.748841272145377483e-28 3.057280644048542711e-28 2.480084869644093129e-29 8.652473474461428449e-01 2.873177781741809504e-29 5.535319092155589716e-04 8.574916166788333714e-04 3.124374869618975537e-04 7.745983111944040322e-01 3.515412046786665131e-04 3.463018074876617175e+05 4.548656676169736893e+05 1.111479634206144547e+05 5.580734561899313162e-01 1.441099390095776762e+05
2.361628134774462762e+00 1.752945343006026491e+01 1.372156764815552599e+01 5.757056659075630023e+00 3.224899643306325392e-01 1.153889303311643211e+01 6.621154187408696582e-28 1.694480327937350281e-28 4.006295776098097982e-29 8.688046716126401892e-01 4.613374162426079387e-29 7.213583348212141170e-04 5.996201851359198682e-04 4.577218821240810467e-04 5.275746769069930009e-01 6.326071323145677052e-04 5.747464420902814018e+05 4.193962894049257739e+05 1.855739089569916250e+05 5.638330047046365978e-01 2.532973692445656052e+05
4.104039329808901293e+00 1.249738732159656074e+01 6.913716696668696926e+00 4.052168610539030880e+00 2.787166116612958544e-01 9.270271835064963994e+00 4.895454319782824445e-28 1.108907315501849138e-28 3.259414493532448558e-29 8.074424731623663920e-01 4.241133292207440365e-29 8.344155098012938712e-04 3.645639075612380070e-04 3.532819223697814047e-04 2.869202517894685611e-01 8.107790460789884683e-04 9.291372299797706073e+05 3.630665018006465398e+05 2.029158614575696120e+05 5.384678704853895770e-01 3.253926232897398295e+05
7.132002948561937394e+00 8.450788375651878681e+00 2.792028108118663532e+00 2.389192126803213689e+00 1.546901515394709936e-01 7.868786842519702951e+00 1.421671597651517329e-28 5.809097917944066239e-29 2.580477689607257236e-29 5.375278951210883394e-01 4.172916568655353142e-29 7.847491738148393162e-04 2.151322958562078454e-04 2.461477537496275462e-04 1.449703558754371902e-01 7.819547546634210162e-04 7.322752553925423417e+05 3.147487075089713908e+05 1.580583371848787938e+05 3.933382334470945096e-01 3.652414015683280886e+05
1.239400063465394020e+01 3.986540411500632874e+00 1.314478183629195218e+00 4.894254832095046304e-01 9.304947995449615317e-02 3.756321618157281161e+00 7.164326265859746706e-29 2.203408987432664724e-28 6.195165510161972427e-30 4.978185148285385053e-01 1.997636452099803857e-29 7.953167950342187025e-04 2.997234454468979039e-04 8.968417673882813929e-05 9.305995015217040367e-02 7.482328415134441475e-04 9.901935416837950470e+05 2.732935870100336615e+06 8.665495076628657989e+04 4.154740954887027327e-01 3.729981249262857018e+05
