# R (Mpc), mean rho (Msol/kpc^3), errup (Msol/kpc^3), errlow, std, mean pth (Msol/kpc/s^2), errup(Msol/kpc/s^2), errlow, std, median rho (Msol/kpc^3), median pth (Msol/kpc/s^2) 
#  nprofs 451, mean mh 8934032743534.791016, median mh 8178913751385.318359 
#  Mass range 12.81 - 13.2 
#  Nhalos 6
1.633846520850827655e-02 2.460092425593143344e+04 1.412942496314813980e+04 5.907054079176356026e+03 2.134865924258819436e-01 1.013683459413461349e-24 2.986317252522582093e-25 4.893736597197797087e-25 1.717584104985120097e-01 2.215253485104639185e+04 1.082395681854502663e-24
2.839299837983852784e-02 1.792682496380940938e+04 8.437931929369886348e+03 3.294756375740529620e+03 2.528576721101798430e-01 6.321616481540441603e-25 2.181606879510263287e-25 3.074106953718437148e-25 1.762708628577941417e-01 1.395720553148905310e+04 6.615378149687776685e-25
4.934137611516303812e-02 1.006281823932548286e+04 3.515934475650945387e+03 2.868747012112231459e+03 1.890662916612265987e-01 4.117005486793339334e-25 1.802669043964301097e-25 1.474588459574679429e-25 1.820544878526350885e-01 9.027891292609399898e+03 3.915947632196375843e-25
8.574548430456500892e-02 5.518007559974480500e+03 3.316282489783518031e+03 8.740026015408802778e+02 1.970710894919978640e-01 2.556217484966954153e-25 1.150359826351780400e-25 5.395107102944911560e-26 1.859267628077225509e-01 4.347601358222331328e+03 2.114250584714596267e-25
1.490085736859895482e-01 3.329421334295530414e+03 2.861417942551754095e+03 5.142865202774660247e+02 2.310190226555923210e-01 1.496780145910223593e-25 7.505283079504030765e-26 1.705999464886568155e-26 2.165891162532417313e-01 2.409182598527118898e+03 1.078614679369282074e-25
2.589472228422751710e-01 1.669918663177610824e+03 7.645212469565094580e+02 3.546676497784626463e+02 1.930661467282940857e-01 7.054742851148114884e-26 7.020459096383818893e-26 9.195237870107487069e-27 2.518707250665135344e-01 1.419906515066173597e+03 4.471283028050469265e-26
4.499986984576546667e-01 7.202895055391601318e+02 3.643474697998675538e+02 4.734813013708503604e+01 1.489082451398483498e-01 2.062101807701136367e-26 2.081277537205766140e-26 2.894336559849001242e-27 2.432820192739823806e-01 5.752837435578471741e+02 1.372248241402957288e-26
7.820081111158523335e-01 2.153366307441826848e+02 2.443794785533620484e+01 3.473052416216756910e+01 8.755313095863515027e-02 3.971024550374128465e-27 1.396298084513913737e-27 1.586837239735595469e-27 1.870799341496590662e-01 2.200910806303144795e+02 4.082606337080715997e-27
1.358974343585863442e+00 5.587079373201397203e+01 1.982586267631637611e+01 7.454270910618589596e+00 1.244097928929045332e-01 5.889440272613919971e-28 3.358926500278473603e-28 1.835824728735771053e-28 2.501823217971101965e-01 4.929475383900950192e+01 4.757638847427480783e-28
2.361626740532650537e+00 1.986959922163446635e+01 7.198352490482740507e+00 1.846951317766418299e+00 1.875835522279196421e-01 2.230843488907992626e-28 2.231515095835149340e-28 1.261375113981414639e-29 4.565432088193163707e-01 1.540159652981293448e+01 6.456516564556442761e-29
4.104036906894324765e+00 1.013899892575163264e+01 1.040107991615375482e+00 1.563973264068359015e+00 8.250960077977188833e-02 4.447067879598914418e-29 1.383412823425037038e-29 2.288533869544685101e-29 2.706026920977956940e-01 1.011265653159944833e+01 4.633785850522992397e-29
7.131998738018977768e+00 8.726805441115912387e+00 2.838339823068968037e+00 1.671564640908759003e+00 1.344688438568986122e-01 2.410074796592691805e-28 2.444981787053030840e-28 2.827964670693013247e-29 5.830224614750205703e-01 7.809219475463405225e+00 5.335814294289477243e-29
1.239399331756889211e+01 4.605730974848142978e+00 1.067347963064632310e+00 9.968943741550497784e-01 8.998928819509452448e-02 1.215483081599425552e-28 2.347774504179306328e-28 4.388653975686100014e-29 5.757000055095040647e-01 4.580688195970079590e+00 5.762108156419713875e-29
