# R (Mpc), mean rho (Msol/kpc^3), errup (Msol/kpc^3), errlow, std, median rho (Msol/kpc^3), mean pth (Msol/kpc/s^2), errup(Msol/kpc/s^2), errlow, std, median pth (Msol/kpc/s^2), mean gas-mass-weighted metal (fraction), errup, errlow, std, median metal, mean gas-mass-weighted temp (K), errup, errlow, std, median temp  
#  nprofs 449, mean mh 1356242279052.648193, median mh 1284008796338.334473 
#  Mass range 12.00 - 12.3 
#  Nhalos 53
3.113230364662173105e-03 4.686758085378716700e+06 4.378037508139098063e+06 3.491304922062575351e+06 5.782687138058900667e-01 4.027235344066571444e+06 2.663661753739442047e-24 2.244732396687491281e-24 9.116286157914213833e-25 7.150386301073162754e-01 1.026767556358925684e-24 2.198647987942057777e-02 1.476988776917831717e-02 4.609449979460044158e-03 2.358168339031424809e-01 1.830603514910887977e-02 5.021822328464162274e+04 4.666274821761666681e+04 6.628085617612521673e+03 3.838439984209645051e-01 2.077472787143884852e+04
5.410174307797641774e-03 1.097823730738826329e+06 1.703056178641177248e+06 7.306058109615270514e+05 7.278907333336351870e-01 7.725339564177329885e+05 6.166805681260850148e-25 3.212862360973150619e-25 2.195118249787881906e-25 4.959854938603101560e-01 3.711025780064587490e-25 1.625438864258595822e-02 1.039836230951885800e-02 7.537972679966987652e-03 2.794987808819806019e-01 1.431591308808867306e-02 2.609130411460240430e+05 2.151196359349720587e+05 9.448845829503856294e+03 6.783791488115340496e-01 2.425857257953778753e+04
9.401805395769324489e-03 4.211465760359585402e+05 5.384657337387399748e+05 2.862539424024674227e+05 7.349118017852954710e-01 3.079652651119499351e+05 6.139491407940692308e-25 3.554038238298353148e-25 1.068756378796032648e-25 4.743675092227324086e-01 2.287166845527505287e-25 1.140883466207060631e-02 7.795075185154601988e-03 3.847328704903132945e-03 2.354864572204339312e-01 9.557382846586807285e-03 3.423712039851135341e+05 8.065617162177063292e+05 5.763047728156803350e+04 6.809262298289353588e-01 7.697775593178099371e+04
1.633846520850827655e-02 1.466838879494063731e+05 1.870902193427542225e+05 1.022879001015688118e+05 5.781051262966745430e-01 1.192307565912346035e+05 3.202444357135317664e-25 2.125681119267186207e-25 1.459669457802174814e-25 3.456766685815390594e-01 2.376992284489834731e-25 8.633064318127169762e-03 4.402918297329031644e-03 2.881775060067383841e-03 2.159821325593513364e-01 7.602857795043415842e-03 4.343742706834257697e+05 8.293640914449156262e+05 9.618322000126450439e+04 5.334915577414913734e-01 1.557118799179024645e+05
2.839299837983852784e-02 3.981992396139106859e+04 3.870135891740875377e+04 2.242397998829854623e+04 4.543365313034865571e-01 3.044194439947985302e+04 1.989269517797482450e-25 2.069403310209952836e-25 7.311451578070999679e-26 3.626663016303823817e-01 1.317163623341545885e-25 6.946306446475146966e-03 3.105163998006210853e-03 2.322674102447552010e-03 2.157385475571947375e-01 6.115495910160130728e-03 6.133694726519810501e+05 7.069412015647368971e+05 2.571302761515393504e+05 4.689073789177030660e-01 3.949037158512550523e+05
4.934137611516303812e-02 1.173355674696692404e+04 8.126721339694340713e+03 7.156011829832924377e+03 3.740075451394438977e-01 1.042521517359830614e+04 1.039840089957210757e-25 8.716197425141231657e-26 4.278198105389753329e-26 3.486500385164018612e-01 7.448077438756877157e-26 4.887982175556172815e-03 2.311835439224339990e-03 1.653906384193955421e-03 1.990374185830458276e-01 4.538464582167170240e-03 7.404243150754565140e+05 4.517628195527974749e+05 3.483174857395958388e+05 3.275485947943997389e-01 6.834182454296686919e+05
8.574548430456500892e-02 3.845867515081221882e+03 2.148826768581311626e+03 2.182241686401645893e+03 3.057339735895844846e-01 3.886350694428629140e+03 4.722156955409984602e-26 3.582312237013148794e-26 1.729625418001916652e-26 3.113021436423746291e-01 3.798838230841701065e-26 3.453138292342057374e-03 2.525751804746284059e-03 8.790219117991411937e-04 1.964046921525158529e-01 2.895937050947467936e-03 8.810295691523669520e+05 3.716719345486866077e+05 2.506766634380345931e+05 1.860580695586589728e-01 7.804350917197029339e+05
1.490085736859895482e-01 1.491935425857194787e+03 6.471603326824374562e+02 9.109519485380239985e+02 2.726059364139317709e-01 1.560348323153221372e+03 1.554915057704799470e-26 1.116050269434419045e-26 5.200398579403247625e-27 2.652625018106274379e-01 1.232028633689906325e-26 2.484155480619123103e-03 1.547069453061160078e-03 9.143193529022063983e-04 2.094451547450414397e-01 2.244724881061273009e-03 7.490734567205159692e+05 3.765906890502523165e+05 2.224143619540310465e+05 1.741900526683542727e-01 6.948675412723144982e+05
2.589472228422751710e-01 5.333942163201193125e+02 2.083028538224008344e+02 2.135540668102771633e+02 2.159626806803397747e-01 5.150098482664964195e+02 4.452268579997885112e-27 2.593336327209107092e-27 1.495425818237780507e-27 2.534942145257912949e-01 3.611539879787584906e-27 1.798894071566382044e-03 1.019011420447920625e-03 6.883916110517024041e-04 2.308444479595392063e-01 1.643630500427634318e-03 5.889478263851492666e+05 4.434259814039159683e+05 1.028370032311727409e+05 2.028343110100830626e-01 4.484815365901095211e+05
4.499986984576546667e-01 1.762610230006146139e+02 1.106784305397889057e+02 4.801876221705137482e+01 1.927499424947034246e-01 1.502448157784251634e+02 1.193553494433219025e-27 1.131450320433975763e-27 3.627671744574869046e-28 3.522221341950005913e-01 7.769227958992096092e-28 1.380765160891163834e-03 8.801744909122596883e-04 5.223537871151462050e-04 2.785326569174149669e-01 1.189526013104897587e-03 4.131772415628727758e+05 3.209454213474876015e+05 5.887217155053143506e+04 2.190329775903362974e-01 3.069139678245887626e+05
7.820081111158523335e-01 5.110022766177094411e+01 3.559975709133522770e+01 1.649842381772032951e+01 2.259455591053858570e-01 4.201154922789907431e+01 3.158608045537273596e-28 3.458199960043836965e-28 1.172973505101169898e-28 4.934609055886543527e-01 1.612030613480670165e-28 8.935827153305862932e-04 7.831599267657014677e-04 5.556982136421893120e-04 4.094706414259544625e-01 7.819404624627234552e-04 3.235354614013704122e+05 2.839808989904869813e+05 1.264843875385274296e+05 2.964616692716831592e-01 2.488021736260588223e+05
1.358974343585863442e+00 2.361901340776535818e+01 1.718549406937518143e+01 8.834469865799643884e+00 2.869651368245296763e-01 1.810500241309527780e+01 2.084194879781343707e-28 1.963668952300738126e-28 4.366387493930195828e-29 7.141727494022488409e-01 5.356115045723463156e-29 7.547584448231044706e-04 9.819261059577700547e-04 4.306720351572862612e-04 5.783850374522175875e-01 5.096512581237057490e-04 3.271776042766656610e+05 3.452325959383506561e+05 1.312868106356761418e+05 4.552760009469137281e-01 1.958320819605708821e+05
2.361626740532650537e+00 1.396246442297091761e+01 1.331892065823079285e+01 3.918655432801801730e+00 2.736675381439027666e-01 9.966778547330454430e+00 1.461217908859475009e-28 2.152675020059253484e-28 1.408125755072899084e-29 7.591124991221031015e-01 2.172894220221296707e-29 7.595547224739477047e-04 6.731871745735137436e-04 4.181233737184831970e-04 4.430616528758321571e-01 6.138700210774750273e-04 4.169770238225354697e+05 4.346272959907647455e+05 1.051381510564984928e+05 5.054468137374362735e-01 1.740942784026182781e+05
4.104036906894324765e+00 1.286157725078916769e+01 7.582324652002414567e+00 4.718125548068014652e+00 2.991483907869016412e-01 9.602072839633910561e+00 5.618491960556672432e-28 1.173749190207667137e-28 4.214484220269560346e-29 8.450786386615570800e-01 5.040533747534114629e-29 9.174476235808642997e-04 3.707219757809209794e-04 5.957186669120849822e-04 2.999733435720857710e-01 9.819589966921760636e-04 9.926656536522379611e+05 5.654584622619324364e+05 2.001891316941207042e+05 5.599793914959317886e-01 3.221388652513092384e+05
7.131998738018977768e+00 7.366109274280579378e+00 2.289645463273182635e+00 2.035634989645148885e+00 1.483673740470176361e-01 6.944020839031487036e+00 1.072828472906015909e-28 4.807524498041539784e-29 1.586862484933745578e-29 4.883249427819775779e-01 2.955007478163057399e-29 8.305124099274472857e-04 1.985374400139647581e-04 2.369735933064218104e-04 1.221888587091484041e-01 8.334277307929022953e-04 6.163067257090939675e+05 2.851539862561441259e+05 1.223943867961351643e+05 3.545189169294956644e-01 3.049548824887411902e+05
1.239399331756889211e+01 4.220297443515821811e+00 1.201379400238272943e+00 6.535526346683147025e-01 9.264489521095382873e-02 4.074776379283076899e+00 7.350932675802590012e-29 2.308353356135263184e-28 8.127538395997151110e-30 5.222278263166367784e-01 2.043404483653342502e-29 8.428132960664121457e-04 2.745029285178444620e-04 1.294243077296680818e-04 9.415441620730005678e-02 8.125722455090359647e-04 9.586640415990097681e+05 2.786006258268168196e+06 9.505442186532865162e+04 4.398036419558875587e-01 3.406541839671434718e+05
