# R (Mpc), mean rho (Msol/kpc^3), errup (Msol/kpc^3), errlow, std, mean pth (Msol/kpc/s^2), errup(Msol/kpc/s^2), errlow, std, median rho (Msol/kpc^3), median pth (Msol/kpc/s^2) 
#  nprofs 447, mean mh 1993474861461.875488, median mh 1903861348097.165527 
#  Mass range 12.21 - 12.4 
#  Nhalos 21
1.633846520850827655e-02 1.096700353927632677e+05 1.963752811187501065e+05 3.398765767635776865e+04 6.666608992571663173e-01 6.564158292898488083e-25 8.185043472197543154e-25 1.566247729214590451e-25 4.542008819539953279e-01 4.129078271139058052e+04 2.866609889992634470e-25
2.839299837983852784e-02 4.017620378945717675e+04 4.854658487050849362e+04 2.070696532846237096e+04 5.227950731049800792e-01 2.648946602423695583e-25 1.939099704358570794e-25 9.358509934652747027e-26 3.115155090092881496e-01 2.652905971693138781e+04 2.002717641059662444e-25
4.934137611516303812e-02 1.301701055211880339e+04 1.159627685435286912e+04 9.383029048180176687e+03 4.029180745198200353e-01 1.501385014937150922e-25 6.984241819658085188e-26 7.761385346190165664e-26 3.219007857223027957e-01 1.185629123001729386e+04 1.347593115825298418e-25
8.574548430456500892e-02 4.134909897569615168e+03 2.166747353128412215e+03 2.539319782175839919e+03 3.126810042332009987e-01 6.705085386003424052e-26 4.098293890694587722e-26 3.317503421190973168e-26 3.201745475434278343e-01 4.091626276977265661e+03 6.052699524086050533e-26
1.490085736859895482e-01 1.729732119017628520e+03 1.257431598519708587e+03 1.026992415249626902e+03 3.171403677487670825e-01 2.259029750613424185e-26 1.496721243374113882e-26 1.504642453259114391e-26 3.119993786968346949e-01 1.595781408730959356e+03 2.320977140698132783e-26
2.589472228422751710e-01 6.821750379061400054e+02 3.527470795041035672e+02 4.296530449115693955e+02 2.795601077630108788e-01 7.959167997960209207e-27 3.056781223427043308e-27 4.323801770335465842e-27 2.764413978485290579e-01 6.748832019990311437e+02 7.617505145986572403e-27
4.499986984576546667e-01 2.341853058204950742e+02 1.848411460588782234e+02 5.781768761585715311e+01 2.210132337329564767e-01 2.137909120572383841e-27 2.274148020890536181e-27 7.421431059005479290e-28 3.420833016925268755e-01 1.989741696851490360e+02 1.492567600253202135e-27
7.820081111158523335e-01 6.964842369678943612e+01 3.941841950818842122e+01 1.833579798899359048e+01 2.153646118905186979e-01 4.911913481018983706e-28 5.455055613580966455e-28 1.800717162020451322e-28 4.588611567289982429e-01 5.846637234664542859e+01 2.780354009073623595e-28
1.358974343585863442e+00 2.315771843083168235e+01 1.479724091866485480e+01 8.890682833986444322e+00 2.142692222462346252e-01 1.331530868375288223e-28 7.987648581836083261e-29 7.190473148980145509e-29 5.956472346046883803e-01 2.119208361719297784e+01 8.289004827882002655e-29
2.361626740532650537e+00 1.493594379550949824e+01 1.681256756861611734e+01 3.756730539465833907e+00 2.832397158148775018e-01 1.264494745522525602e-28 1.914253777446907478e-28 2.653021596451111577e-29 7.508450547117279106e-01 1.083430012351388605e+01 3.296014385328692391e-29
4.104036906894324765e+00 1.400118934483314526e+01 4.815125464839331570e+00 6.296343946642478429e+00 2.815050634829377452e-01 5.901784252683013714e-28 8.114221111534455527e-29 5.166999680303836652e-29 8.051235826188097855e-01 1.206866526095092418e+01 6.256878355264427991e-29
7.131998738018977768e+00 7.614155918741388085e+00 1.873121542267680795e+00 2.573797156587906976e+00 1.489039073012447534e-01 1.456442011718823961e-28 8.196223776821984475e-29 2.278675712048540181e-29 5.510500503107783610e-01 7.314672062175054279e+00 3.995185022882782182e-29
1.239399331756889211e+01 4.052480392144921062e+00 7.296907545968984721e-01 3.205454704238004382e-01 7.065453607865089525e-02 5.598063279543348607e-29 4.408984839436994926e-29 5.910389491445790432e-30 4.402891677779329771e-01 3.766509055812285567e+00 1.946217042537822684e-29
