# R (Mpc), mean rho (Msol/kpc^3), errup (Msol/kpc^3), errlow, std, median rho (Msol/kpc^3), mean pth (Msol/kpc/s^2), errup(Msol/kpc/s^2), errlow, std, median pth (Msol/kpc/s^2), mean gas-mass-weighted metal (fraction), errup, errlow, std, median metal, mean gas-mass-weighted temp (K), errup, errlow, std, median temp  
#  nprofs 448, mean mh 4169874056052.901855, median mh 3415035679236.979980 
#  Mass range 12.30 - 13.1 
#  Nhalos 37
3.113248982952454991e-03 4.273755835921785794e+06 9.328326644112685695e+06 1.286696325522239058e+05 9.678663447798856456e-01 2.050895717542906641e+05 9.067211024014437503e-24 1.256567973164896301e-23 1.766035755957806140e-24 5.680319181796207317e-01 3.767080013017354302e-24 1.477979932025895449e-02 1.340450510804803465e-02 8.252060073642269664e-03 4.352596592755996752e-01 1.148729030315524986e-02 2.115249675140307751e+06 2.231218255274509080e+06 9.317231866165532265e+05 8.977166857621856622e-01 9.710722687774476362e+05
5.410206662677926291e-03 6.369870128794804914e+05 1.907428056665912271e+06 3.620139177842289064e+04 7.759040495444198271e-01 5.781588888046385546e+04 2.208467413673536975e-24 1.497528685664162460e-24 1.075302964789358795e-24 7.006400056154973299e-01 1.330150179523876393e-24 1.077687786557623810e-02 8.318565192556508919e-03 4.267834945224564282e-03 3.216114119008168792e-01 8.369298214110743733e-03 2.032162414325047052e+06 2.480528050365048926e+06 1.548272240661927033e+06 8.702237817917481966e-01 1.590553939714074135e+06
9.401861622107095945e-03 1.948389386039930687e+05 3.448098628782776650e+05 2.193580906027340461e+04 6.482512576940239191e-01 3.932619485016378167e+04 1.199662449825205663e-24 1.054206333473812640e-24 3.286214147900927808e-25 4.593865710170196848e-01 5.520906764102366409e-25 9.536425856918877286e-03 6.617554223730554366e-03 4.414942833038325645e-03 2.983671054721730442e-01 8.544275098020808965e-03 1.711383996818503598e+06 2.165737980994303711e+06 9.454044965162288863e+05 6.687463260474743043e-01 1.143303399258959107e+06
1.633856291868465010e-02 7.940798229102813639e+04 8.120813757236325182e+04 2.720881570822845970e+04 5.775531282456717319e-01 3.927959969312838803e+04 7.104332941149249230e-25 6.005593399837010044e-25 3.144736444735288882e-25 4.581259494653619480e-01 4.590499297049920832e-25 8.472381692966324263e-03 4.175821772328688550e-03 3.894193627725060954e-03 2.770241366644185521e-01 7.850238174300017829e-03 1.360409771994962590e+06 1.264876151313700480e+06 8.393321667497415328e+05 5.232633390106713467e-01 1.049649168431393569e+06
2.839316818066401488e-02 2.924292934323516238e+04 3.612682114500399621e+04 1.066036657698378622e+04 4.454238488701838250e-01 1.618914422167470730e+04 4.088683563609497723e-25 4.938873075805377447e-25 1.661960432804836622e-25 4.498491357488396680e-01 2.706173638182107419e-25 6.829347930645046638e-03 2.218176687835831350e-03 3.341824344183254129e-03 2.462592962796361362e-01 6.718503550049377375e-03 1.497507719997204142e+06 1.557362337363816332e+06 8.418333057560512098e+05 4.710121239723449316e-01 1.209834163861467969e+06
4.934167119517834238e-02 9.972185439874612712e+03 1.036069745074255115e+04 3.412641170059529031e+03 3.182648976042530276e-01 7.151812381874761741e+03 2.397330286905980030e-25 2.148559068783118158e-25 8.767936904237352373e-26 3.897580898526087356e-01 1.585227494419622431e-25 5.274697473118403895e-03 2.429191961777137782e-03 2.792793624860914325e-03 2.402068277872531632e-01 5.244627600301834253e-03 1.721690466330363415e+06 9.694173859028050210e+05 6.237325327321121003e+05 2.921603587047846284e-01 1.495198650671335636e+06
8.574599709486005472e-02 4.843073211900749811e+03 3.965446916012499514e+03 1.957868554865962096e+03 3.180061870485673681e-01 3.596155206655148049e+03 1.383523223430106558e-25 8.705299500856183372e-26 6.355747195442601759e-26 3.384485826043698298e-01 1.058440449098330346e-25 4.221875080097071270e-03 2.040202225824388777e-03 1.816897967985138269e-03 2.441602547546930513e-01 3.897646717153647935e-03 2.002418073058805661e+06 1.213273804204420652e+06 5.001680903833899647e+05 2.006445475247644883e-01 1.748623578111538664e+06
1.490094648133893918e-01 2.619436661474315315e+03 1.619056781399670399e+03 1.218736394457885808e+03 3.037302307021479963e-01 2.282003327866485051e+03 7.266189428655220624e-26 4.150980630179378996e-26 3.001038052785654099e-26 3.172194308199934309e-01 5.483160592139128646e-26 3.690222714146988454e-03 2.529133485550433009e-03 9.385121828110651841e-04 2.123116445531362251e-01 3.010329049713752602e-03 1.972157401896970812e+06 1.457728734861935955e+06 7.180963912767244037e+05 2.272333062989948804e-01 1.813547073155214544e+06
2.589487714442089139e-01 1.199616784027401309e+03 5.872155178921657352e+02 5.709188921682875844e+02 2.704493781657186791e-01 1.126811702260107495e+03 2.939330434464727902e-26 1.867496041068362840e-26 1.043498033212951855e-26 3.143534378282659136e-01 2.018717851669266357e-26 2.761692747462206332e-03 1.574379604950911730e-03 7.063943714375724853e-04 1.619888461281782654e-01 2.453611246439528579e-03 1.621757665296627441e+06 1.048685088633998530e+06 4.150612748797734967e+05 1.945391507760518279e-01 1.348484382922405144e+06
4.500013896193789109e-01 3.895676445721147729e+02 1.503679203324145419e+02 1.213720779888687389e+02 1.840553273127379375e-01 3.556631365033198335e+02 6.856550121945967979e-27 4.055852371038088163e-27 2.190132989019224108e-27 3.110567322610793273e-01 5.023181265457517819e-27 1.902902252783791447e-03 9.769823490003910239e-04 7.793308698800236519e-04 2.089537778118555900e-01 1.759933689228810293e-03 1.099223353107361356e+06 6.980802997462314088e+05 1.967720722509336192e+05 1.971205816378984732e-01 8.966141645941126626e+05
7.820127878189270243e-01 1.134610231271863796e+02 4.948725667092145386e+01 4.323667438030729215e+01 2.031047706987547108e-01 1.048421472538208263e+02 1.348977381550793027e-27 1.142326462714632337e-27 7.690180199397516672e-28 4.226807908419999982e-01 1.073416143129143722e-27 1.338545968916535558e-03 6.441530953666591876e-04 6.839679163842628034e-04 3.348511836588805579e-01 1.309680152230809254e-03 6.887331075320992386e+05 3.006427133879971225e+05 3.140484241569176083e+05 2.318375638092715352e-01 6.487950376966865733e+05
1.358982470764342532e+00 4.210910583214363356e+01 1.867493610205370658e+01 1.171920666855418602e+01 1.643242478189509415e-01 3.837489559997207778e+01 3.536347928521867862e-28 3.271492282224878523e-28 1.690651035078519641e-28 4.085776161467094547e-01 2.572825367078588928e-28 1.201291008335497170e-03 4.066985821969666768e-04 4.894726714703495022e-04 2.510883444969870260e-01 1.249520514258691244e-03 4.843230605053334730e+05 2.576016306720051798e+05 2.212479112944367516e+05 2.642974079691025602e-01 4.499440681984105031e+05
2.361640863950146940e+00 2.147967128222081357e+01 1.086701478061754145e+01 6.770359807352853920e+00 1.838935498694739545e-01 1.918369304831405842e+01 1.587315479908521606e-28 1.434853620369976726e-28 5.439411158893845838e-29 4.499334232300824521e-01 8.895225888751485043e-29 1.058366821894224591e-03 4.600790479608396835e-04 4.729476352133098324e-04 2.349854310457677176e-01 1.069811748585303927e-03 3.895878706052611233e+05 2.633390527988816029e+05 1.205165078948817973e+05 2.792291147190356648e-01 2.920224668151240912e+05
4.104061450580955395e+00 1.449784142722590019e+01 6.102808417287231890e+00 3.977961625140377322e+00 1.752217974405469170e-01 1.310136401015430607e+01 2.718896152471594227e-28 8.164107044848611156e-29 4.038104524377079890e-29 5.117940479686712285e-01 6.092128222595381352e-29 9.822203425050664207e-04 3.464985030265781705e-04 3.055249304531628112e-04 1.529355169912282042e-01 9.684923685791159550e-04 5.653430209408983355e+05 2.500890345486862352e+05 1.564370756500569405e+05 3.441902204537214405e-01 3.092043953127329005e+05
7.132041390057954899e+00 1.181887674116652320e+01 5.215103670150909920e+00 2.684135068105174327e+00 1.469422892058041830e-01 1.084741765615613929e+01 3.115460511390947850e-28 1.017738933189950533e-27 2.903722181791349945e-29 6.239950880728011295e-01 6.174351741485360748e-29 9.989949165672984150e-04 4.153340145906216302e-04 1.306161946510508770e-04 1.369832323986037437e-01 9.193648019155577092e-04 1.238642584499909775e+06 4.029098018305249512e+06 1.562233792382969405e+05 4.896257167406586341e-01 4.082540360052875476e+05
1.239406743831755797e+01 3.275724279756850876e+00 6.251520033369026841e-01 3.938790895338266651e-01 8.839861984799474159e-02 3.159597646854789943e+00 5.771004392945094512e-29 8.065193869556152062e-29 5.470024262255820360e-30 5.030268648818709831e-01 1.635225813523952911e-29 9.110820620629219834e-04 2.648556561366171907e-04 1.360036350342304877e-04 9.935089196524496402e-02 8.398365920913509379e-04 9.642497400175415678e+05 1.565673293853087584e+06 7.589695905172656057e+04 4.268805710831808375e-01 3.437549948257897631e+05
