# R (Mpc), mean rho (Msol/kpc^3), errup (Msol/kpc^3), errlow, std, median rho (Msol/kpc^3), mean pth (Msol/kpc/s^2), errup(Msol/kpc/s^2), errlow, std, median pth (Msol/kpc/s^2), mean gas-mass-weighted metal (fraction), errup, errlow, std, median metal, mean gas-mass-weighted temp (K), errup, errlow, std, median temp  
#  nprofs 452, mean mh 1376823169980.587158, median mh 1272147026170.012451 
#  Mass range 12.00 - 12.3 
#  Nhalos 57
3.113241142682221171e-03 5.374261126002759673e+06 3.524860104808413424e+06 4.636933440621876158e+06 7.758845636041393767e-01 4.780872213219323196e+06 2.804713656870382579e-24 2.392816601791582863e-24 7.664982427469990976e-25 6.054508882751155063e-01 1.277947099186191519e-24 3.250641485216389237e-02 1.484475230986178479e-02 1.505525682203436716e-02 2.072714195220358713e-01 3.312350327347214629e-02 2.503093952938890725e+05 3.902846495511993999e+04 1.041565636140721108e+04 6.438036828873211492e-01 2.561895692875269378e+04
5.410193037849813334e-03 1.774172720689396840e+06 1.986519797391751315e+06 1.295794545267504174e+06 9.183314108154129185e-01 1.322523432482820470e+06 8.988324641490564679e-25 9.703103732534522690e-25 2.567847088042783907e-25 4.482956608240779572e-01 4.958705140871125524e-25 2.672497535344947259e-02 1.710274740294093904e-02 7.864810707099455234e-03 2.128166672388584479e-01 2.330847932318037136e-02 6.584949481463412521e+05 1.366105719036272261e+06 1.389680967608935680e+04 8.875001570319814848e-01 2.848015261833289333e+04
9.401837944869510452e-03 6.522201776626184583e+05 6.195470553649223875e+05 6.261657441181516042e+05 9.226565554766561483e-01 6.394467768045503180e+05 5.092137497680397997e-25 3.413482042967754200e-25 2.510993466269419388e-25 4.359058362342180803e-01 3.601767894045609511e-25 2.035199805988873248e-02 8.706087511850965632e-03 4.707467528909771784e-03 1.789186503888673119e-01 1.947390862203413758e-02 6.801699578510826686e+05 1.420546048726720037e+06 3.757885248918590514e+04 8.340967419937616034e-01 5.604394667622226552e+04
1.633852177236155140e-02 2.501626919715968834e+05 3.064265770276870462e+05 2.241058294204588165e+05 9.285625941758781643e-01 2.289352828775680973e+05 3.956516311582917905e-25 3.114031901079233862e-25 1.564907203731833207e-25 4.750802652183979125e-01 2.324932403117236227e-25 1.643948103629100724e-02 3.676229080386908543e-03 4.199341900473455014e-03 1.503777378765621398e-01 1.662541577154787176e-02 7.111539837046653265e+05 1.368758180887097726e+06 9.520945120787140331e+04 7.107872556859106128e-01 1.369174634940309916e+05
2.839309667654963537e-02 7.594078378869930748e+04 1.008024220627923496e+05 6.181768878917589609e+04 7.393723060310612993e-01 6.531469222645433183e+04 2.344492779275935991e-25 1.711452254697287587e-25 8.756117480972976616e-26 4.922266666957467174e-01 1.225092520251591738e-25 1.390007941920945109e-02 4.690852013229732109e-03 3.634105616094748456e-03 1.515918322634774440e-01 1.373305072219897782e-02 7.883596911670588888e+05 1.242384067437195452e+06 1.420892712548350682e+05 6.223780330410511041e-01 2.001520857741212531e+05
4.934154693526905666e-02 1.466245416295593714e+04 8.952594794172337060e+03 1.350455767883073349e+04 5.638984756718511404e-01 1.476840028352006084e+04 7.880251096187139334e-26 5.759620724478054653e-26 4.518446507492598406e-26 4.397563524215967190e-01 6.192338203674423510e-26 1.059122114794715068e-02 4.254600228515863225e-03 3.143459948278236674e-03 1.762452463425407678e-01 1.001237412116256012e-02 6.253841970168642001e+05 6.668187306279486511e+05 2.979124956753655570e+05 3.847473938990254583e-01 4.549458817042096634e+05
8.574578115588683824e-02 3.139304950726183961e+03 2.076198070077568900e+03 2.490139974827023707e+03 4.265802005972774147e-01 3.073388855967901236e+03 3.351042526799575843e-26 3.195754264892170122e-26 1.851042165425236468e-26 4.568081827526608851e-01 2.477239726818350318e-26 7.383805264654710702e-03 6.996081899055634976e-03 2.717608711148013136e-03 3.500808309866016987e-01 5.611683642989402296e-03 7.797685130915726768e+05 4.034829182897141436e+05 2.893153137654772145e+05 2.401538358319382227e-01 7.274327950087758945e+05
1.490090895544625982e-01 1.032456656644556915e+03 5.699135798827453527e+02 8.556128252460150634e+02 3.965273040199825960e-01 1.109527499213374085e+03 1.084226883335076870e-26 1.020670056395785669e-26 5.330936781918431817e-27 3.878855767946079447e-01 8.722394949297774197e-27 4.440432877729374658e-03 6.127004214771128963e-03 2.661618820524407677e-03 5.264389604352215368e-01 3.180165968064553421e-03 7.679415574548057048e+05 3.771828261163985590e+05 1.600733017348960275e+05 1.874968430026359989e-01 6.807335217508078786e+05
2.589481193189351327e-01 3.521454685017311022e+02 1.736094110619617368e+02 2.250628964099045390e+02 3.248228112460584405e-01 3.567750680305578044e+02 3.520438550153921266e-27 3.472964601843142973e-27 8.601910061281669080e-28 3.719755004102903162e-01 2.190075263168495280e-27 2.501818383238366226e-03 2.725854291559264356e-03 1.410293666284467232e-03 5.927717276680249947e-01 1.627475185071613388e-03 6.807877635786540341e+05 4.516818589497772045e+05 1.866760764598067617e+05 2.133286803842638635e-01 5.592495889000116149e+05
4.500002563555373647e-01 1.135164280669271193e+02 9.683249097531130190e+01 3.676367696964521059e+01 2.681726965543360097e-01 8.856066543393517065e+01 1.043795105532391822e-27 1.782914439899514623e-27 3.594258961351095610e-28 4.518692443106799295e-01 5.727784283376522040e-28 1.983922824052637701e-03 2.511106266718030403e-03 1.190331094601688447e-03 6.998192512415075672e-01 1.300865665560475230e-03 5.329809361662743613e+05 5.470838054504457396e+05 1.410452010894374980e+05 2.664160663362220016e-01 3.883072878832554561e+05
7.820108184320838651e-01 3.837939226093724443e+01 3.401218739268422553e+01 8.181900770666551637e+00 2.522254250995213942e-01 2.693990177687329535e+01 2.804915741741449890e-28 3.370194196675841369e-28 1.146076217218424740e-28 5.083744696070264801e-01 1.585132247165071939e-28 1.343450086238185803e-03 1.217549801594113414e-03 1.091299332058297093e-03 6.543724588255566132e-01 1.215035851404632503e-03 4.086722608360136510e+05 3.118211871144784382e+05 2.210849903149848979e+05 3.258755106153788939e-01 3.622125574301512679e+05
1.358979048362254582e+00 1.977712898963859800e+01 1.202923174540149631e+01 7.124084640309273908e+00 2.609929249042450272e-01 1.558088423088635821e+01 1.720399363817743409e-28 1.610672200553517129e-28 6.400708961242747109e-29 6.434344243500779159e-01 7.553866695279326447e-29 1.617154065681611829e-03 1.281068932979367381e-03 1.264692457474041708e-03 6.943254839299198844e-01 1.419015491915461306e-03 3.929614690449658665e+05 3.079282095101139857e+05 2.412645341882976645e+05 4.329522625772053712e-01 3.130005588760086684e+05
2.361634916496962333e+00 1.190803672259349888e+01 9.180411501097697879e+00 3.691508683687722225e+00 2.394495952207302825e-01 9.283524193564097970e+00 1.113028686516763511e-28 1.463110056534966601e-28 1.905724365649489418e-29 6.048013111085105420e-01 3.114872547837720200e-29 1.611235115232838386e-03 1.148836640636951558e-03 1.089772091025047445e-03 3.577250485769897237e-01 1.628757039385861317e-03 4.322242707953362260e+05 4.427592552457911661e+05 1.055673501755183970e+05 3.947578727122722508e-01 2.361687892279105727e+05
4.104051115091881030e+00 9.927413308887059529e+00 5.127271133900298317e+00 2.991174959046150938e+00 2.693947909841291621e-01 7.527247823161231643e+00 3.617987186702386817e-28 7.385230382052882548e-29 3.325355204241849729e-29 7.340669178840774078e-01 4.166569816028297959e-29 1.697447470480679304e-03 9.354502063292507736e-04 8.857429906434624621e-04 3.013813102142061662e-01 1.715992256666740981e-03 8.362787464611073956e+05 3.059849727944384213e+05 2.174430329054653121e+05 4.762991956404555305e-01 3.634986628255620017e+05
7.132023429036466133e+00 6.605097030516863477e+00 1.838948244851942526e+00 1.744219229263130444e+00 1.639277411270427254e-01 5.974534182564889662e+00 1.313819686074681542e-28 3.383794136633530246e-29 1.470045805495940671e-29 5.328305700756348351e-01 3.025775833083412163e-29 1.636376517793306428e-03 3.967727385145317434e-04 4.181924894802997814e-04 1.161519151524354199e-01 1.642974124583796141e-03 7.928293739726037020e+05 2.289242532853829907e+05 1.428922819135733880e+05 3.834424877817934063e-01 3.670651693108289037e+05
1.239403622563954954e+01 4.422716904774084412e+00 1.364777160333535022e+00 6.322779619542915341e-01 9.002171486076861184e-02 4.195709110706169476e+00 7.679309825808596752e-29 2.312833902013327995e-28 8.394955999641414632e-30 4.894333365045635542e-01 2.364119688797017544e-29 1.549583654206582129e-03 2.437053368217520066e-04 2.570066249133681757e-04 7.239578932531193223e-02 1.574733681051268151e-03 9.814714899419625290e+05 2.620604642009189352e+06 8.853757056253461633e+04 4.111118045328718273e-01 3.735096256794431829e+05
