# R (Mpc), mean rho (Msol/kpc^3), errup (Msol/kpc^3), errlow, std, median rho (Msol/kpc^3), mean pth (Msol/kpc/s^2), errup(Msol/kpc/s^2), errlow, std, median pth (Msol/kpc/s^2), mean gas-mass-weighted metal (fraction), errup, errlow, std, median metal, mean gas-mass-weighted temp (K), errup, errlow, std, median temp  
#  nprofs 440, mean mh 1367565690264.828857, median mh 1261365831102.562500 
#  Mass range 12.00 - 12.3 
#  Nhalos 49
3.113241142682221171e-03 3.694019898342768196e+06 3.063500107616420835e+06 3.161125067315611988e+06 6.638132435846002544e-01 3.365924324311245233e+06 4.109372569431683363e-24 2.398645296795031500e-24 8.052638592720343390e-25 6.855745154123330520e-01 1.110322280733498999e-24 1.883462495606400000e-02 8.016092422962632635e-03 1.232776235185605723e-02 3.110156024375767547e-01 1.888947457504356817e-02 2.251139559066845977e+05 9.620708183441356232e+04 5.315797618240509109e+03 6.521354730830204449e-01 2.143131407070053683e+04
5.410193037849813334e-03 9.578839900283487514e+05 7.115796954302354716e+05 8.165001448543976294e+05 6.984834582676318071e-01 8.565481902732201852e+05 8.139300367605186822e-25 9.669373283168965259e-25 2.277966375436685746e-25 5.318348033865257785e-01 3.515176645313082787e-25 1.619186243174359358e-02 1.180827565641977273e-02 8.343447099095555042e-03 2.942401498947941341e-01 1.479792362864372490e-02 3.741863399768536328e+05 5.539468184569736477e+05 1.191597644044073240e+04 7.749982291843851012e-01 2.495872052864307625e+04
9.401837944869510452e-03 2.780851903632218018e+05 2.249471713220329257e+05 2.194829047302925610e+05 6.931018045044584630e-01 2.363557064389098668e+05 8.228012632142195334e-25 4.497810339203336119e-25 1.019530771523320125e-25 5.462317682849514577e-01 1.762524538180663056e-25 1.110646172962156432e-02 8.523648334307579871e-03 4.787221314891114410e-03 2.588664163111051297e-01 9.643331357736224102e-03 4.930678994451743201e+05 1.098015915846578078e+06 5.193041366870018828e+04 7.868565563229312776e-01 6.850891222560295137e+04
1.633852177236155140e-02 9.576355002592176606e+04 7.888362816588657734e+04 7.866113782953427290e+04 5.143436651700455942e-01 9.340406311513912806e+04 2.607876916589940913e-25 2.394863607492006144e-25 1.040684678828619258e-25 3.706306252728195361e-01 1.896465950415467098e-25 7.618867746080828715e-03 3.954874976254415565e-03 2.701306225614738370e-03 2.076410893442185435e-01 6.821445666687125410e-03 4.866100774345572572e+05 7.001515615749325370e+05 1.332803704898097785e+05 5.650924967647857899e-01 1.961761900314641825e+05
2.839309667654963537e-02 3.450697230546202627e+04 4.013730791851838876e+04 1.763334782874743905e+04 4.456692059320241928e-01 2.597676297556010832e+04 1.521856049757390610e-25 1.099226381600013541e-25 8.870685960724668872e-26 3.598292066669545042e-01 1.387725370967242176e-25 5.614179347726972608e-03 2.828357379250914620e-03 1.652379576124695520e-03 1.925787989177976667e-01 5.034361020198140253e-03 5.536964570387667045e+05 4.773892031199565972e+05 4.339742322265257826e+05 4.844268651050345209e-01 5.108613592872634181e+05
4.934154693526905666e-02 1.136292973435108252e+04 5.552297245530779037e+03 6.456453718837007727e+03 3.718970078533791468e-01 9.876177793201492022e+03 9.128594588614873948e-26 5.587861186088560104e-26 5.017354098065945671e-26 3.233710284362354415e-01 8.301549011132023983e-26 3.967399743252301644e-03 2.231618115628409942e-03 1.041729465684830460e-03 1.983725026996313590e-01 3.481160817011116383e-03 8.578079394096708857e+05 6.675569219884410268e+05 5.672341776327504776e+05 4.192286007705335882e-01 7.379690579972191481e+05
8.574578115588683824e-02 3.564297582545186287e+03 1.956821092958535246e+03 2.135453533029666687e+03 2.989045846747045987e-01 3.482485857332567775e+03 4.102452714029863840e-26 3.031954176512135787e-26 2.249555180526753892e-26 2.976091370146218273e-01 3.750935255357335550e-26 2.778382102062255162e-03 2.069622641110488177e-03 9.420516214949286107e-04 2.113178151875156896e-01 2.406309409820530949e-03 8.600391020975987194e+05 4.540589097851586994e+05 2.212172744764501695e+05 2.155191861377883100e-01 7.796639679332142696e+05
1.490090895544625982e-01 1.379389858557796060e+03 7.544928939516798891e+02 6.640839815066231040e+02 2.695239257463357130e-01 1.288156569661408639e+03 1.436532218776150063e-26 6.621853113251119058e-27 6.804775076712945495e-27 2.625026605589226847e-01 1.404957159646652540e-26 1.925919090553831906e-03 1.125916476010370253e-03 6.967381257155446598e-04 1.890116157902061444e-01 1.753754302762386072e-03 7.559789050285205012e+05 3.350967852843875298e+05 1.622937145451250253e+05 1.655089772795433345e-01 6.701942144075129181e+05
2.589481193189351327e-01 5.099944526533719227e+02 2.139232477562573536e+02 2.383800338095329607e+02 2.139778517931278101e-01 5.018849481393407927e+02 4.284398475920056877e-27 2.709113721263248414e-27 1.769519830351061968e-27 2.611826053541119741e-01 3.800650653684746468e-27 1.565954894337113308e-03 7.201842654313687399e-04 6.321489172159209646e-04 2.233223795862437078e-01 1.458316215305084391e-03 5.846367518140999600e+05 3.694422237514606677e+05 1.621350558616596973e+05 1.862113179439618960e-01 5.079613832802956458e+05
4.500002563555373647e-01 1.615829745746226536e+02 7.003883706026255140e+01 4.702498221976473758e+01 1.892911941635859463e-01 1.469727296127154546e+02 1.071535051222493354e-27 9.886436249893262788e-28 5.157473165757903539e-28 3.396189959648384660e-01 8.375391038654572215e-28 1.243778065697743757e-03 9.315327162792235403e-04 3.762890726022437987e-04 2.558068983149540121e-01 1.015026198533723351e-03 4.047704197709081927e+05 2.667339304636052693e+05 1.248513567450271221e+05 2.068031979573125845e-01 3.487453112917210092e+05
7.820108184320838651e-01 4.837573143526248742e+01 3.280762408978282707e+01 1.229038678607650326e+01 2.088815042009006251e-01 3.834378817422973640e+01 2.618198283666834145e-28 2.715184628813505724e-28 8.127273710910096758e-29 4.338428753450966346e-01 1.425699132483859522e-28 8.579514280923631253e-04 7.000864357176549277e-04 4.006477674595431424e-04 3.735280726329292533e-01 7.216719813300417593e-04 2.959375328966961242e+05 1.484213919362461893e+05 1.364379494430726627e+05 2.546717774461590977e-01 2.654551884098553564e+05
1.358979048362254582e+00 1.999661344443788735e+01 1.575989185790508529e+01 6.595553017048805700e+00 2.586562551782082831e-01 1.584310558948531522e+01 1.149484819058873261e-28 1.187468508151963404e-28 4.540645640038690596e-29 6.462849361969552620e-01 5.404765003455237075e-29 6.156783167982105313e-04 5.825234214587352542e-04 4.710796486270900341e-04 5.509779649875330421e-01 5.482920602109314298e-04 2.698290636508579482e+05 1.872707181907077611e+05 1.369090020385225362e+05 4.192315831082713551e-01 2.033865224326144962e+05
2.361634916496962333e+00 1.243564653148407828e+01 1.173877656739949593e+01 3.259644515262269948e+00 2.719350779452774924e-01 8.621899658568997538e+00 1.542578981054599461e-28 1.446328930096099087e-28 1.418440136255504115e-29 7.480183769806698635e-01 2.036918542379340298e-29 6.616695874027596087e-04 5.717069422827884221e-04 3.666301143692788094e-04 4.279143430306271423e-01 5.467238038948207639e-04 4.083421899680797360e+05 4.067125982768642134e+05 1.131772689324751118e+05 4.912994535177505062e-01 1.816626352560761734e+05
4.104051115091881030e+00 1.090420979331901741e+01 6.007858519869150982e+00 3.937981744154717134e+00 2.883591010060955750e-01 8.371494296012331304e+00 4.209926605900445369e-28 8.125968538454901504e-29 3.930950888661489584e-29 8.092543968155397893e-01 4.464888480734426480e-29 7.555628773214643785e-04 2.557102015540513654e-04 5.490221133808569250e-04 3.150399151994510150e-01 8.231999755601345642e-04 8.424793593789954903e+05 3.220529550069100806e+05 2.376753864555200271e+05 5.374159708419729009e-01 3.303208049322525621e+05
7.132023429036466133e+00 6.564187873043817234e+00 2.027895599199889709e+00 1.943522403785912012e+00 1.636581496750409981e-01 6.191282000644577899e+00 1.100533783348818715e-28 3.511767362726168998e-29 1.565639456329954924e-29 5.229166102714757347e-01 2.696504980967571860e-29 6.991849250883048345e-04 1.823543495588134502e-04 1.924581046143310388e-04 1.430817528133830063e-01 6.748663082214648298e-04 6.507452285132105462e+05 1.970017375253629289e+05 1.372567974900874542e+05 3.738099191437981861e-01 3.286447119842708926e+05
1.239403622563954954e+01 4.482087095832322454e+00 1.405013289878201732e+00 5.769997260290313790e-01 8.838428960736675888e-02 4.291206512067722301e+00 6.579025663123677502e-29 1.293300073722911744e-28 8.682334515156465328e-30 4.794409643578806390e-01 2.185134740505924278e-29 6.952431321307146923e-04 1.355673076835467840e-04 1.342072427844479389e-04 9.143863361778642451e-02 6.980397861678257340e-04 8.133120042531769723e+05 1.407195358357021585e+06 1.083746953349686810e+05 4.010460222967752175e-01 3.488282792101489613e+05
