# R (Mpc), mean rho (Msol/kpc^3), errup (Msol/kpc^3), errlow, std, median rho (Msol/kpc^3), mean pth (Msol/kpc/s^2), errup(Msol/kpc/s^2), errlow, std, median pth (Msol/kpc/s^2), mean gas-mass-weighted metal (fraction), errup, errlow, std, median metal, mean gas-mass-weighted temp (K), errup, errlow, std, median temp  
#  nprofs 495, mean mh 4125104352356.356934, median mh 3184296231816.234375 
#  Mass range 12.30 - 13.1 
#  Nhalos 35
3.113248982952454991e-03 3.423356542462448124e+06 7.063783062555759214e+06 9.561765116118843434e+04 9.074011127117507236e-01 1.516976566034357529e+05 5.316612032300554135e-24 8.012751374725630246e-24 1.641777763059703399e-24 6.370989107252011951e-01 2.701275258408000972e-24 1.782646598971255464e-02 1.973925725322444105e-02 6.138180712746623899e-03 4.227755722991493603e-01 1.185350795429583257e-02 2.104003395572404843e+06 2.562780441603310872e+06 9.634413916130866855e+05 9.066644740712479500e-01 1.001821554808404297e+06
5.410206662677926291e-03 5.109064977253064862e+05 8.110584098947195162e+04 1.456339007884636521e+04 7.116797053610992574e-01 2.953630474257778769e+04 1.591080908901639624e-24 8.050014453933963354e-25 9.355404852003711619e-25 4.881146222827837944e-01 1.324221779780655689e-24 1.481230425677264491e-02 1.241682088547361139e-02 7.643887996187747128e-03 4.117140721502394740e-01 1.228374230288711323e-02 3.144113995984062552e+06 1.665166314624088816e+06 3.217172204025009647e+06 8.226023715711289208e-01 3.333330378649113700e+06
9.401861622107095945e-03 1.165416162425005896e+05 2.846046219174227008e+04 1.532410177088564524e+04 6.400229875261739254e-01 2.201310439058734482e+04 8.055599964199878702e-25 9.105917416251950024e-25 2.993028141447684913e-25 4.413166140098651602e-01 4.512586039538512838e-25 1.342599871203549629e-02 9.097793469949476755e-03 6.003580308654684825e-03 3.299863343736356702e-01 1.228521208990955051e-02 2.746747392335509416e+06 2.876703338650346734e+06 1.810754394951516064e+06 6.921003544115617023e-01 2.310033113643974997e+06
1.633856291868465010e-02 3.066611357413071892e+04 1.660003266870239167e+04 6.357597182885847360e+03 4.832936369767242279e-01 1.151373342130439232e+04 4.530776274149353576e-25 3.326026770266394874e-25 1.737049599159690474e-25 3.928677384543439732e-01 3.018401823765949110e-25 1.222017657685197864e-02 8.329962530886076202e-03 3.659597737882365129e-03 2.866982005217581508e-01 1.040074965739818356e-02 2.341608102896797005e+06 2.262574495311669074e+06 1.529384893684069859e+06 5.174308913664394938e-01 1.936976915253753541e+06
2.839316818066401488e-02 1.454212046889890553e+04 6.841722640725052770e+03 3.335099062615061484e+03 3.258626719366208291e-01 8.794727212721860269e+03 2.683183208896594453e-25 2.121310965881104499e-25 1.490797288742428356e-25 3.698500636612631620e-01 2.191573466017855079e-25 1.037000496098755900e-02 5.420178431589487561e-03 3.905527271705056674e-03 2.863416759332449990e-01 8.796282329946652351e-03 1.808496115201286040e+06 2.070200309988329187e+06 7.118283331814139383e+05 3.793211295796333760e-01 1.381343990597515367e+06
4.934167119517834238e-02 6.172193433094337706e+03 4.800670432635503857e+03 7.535102572084942949e+02 3.036443541278645575e-01 4.092772451745923718e+03 1.402974823738436114e-25 1.076790619744153957e-25 8.099432174942748649e-26 3.589279789233747464e-01 1.277104090455326223e-25 9.015640923803976137e-03 6.484763507277605497e-03 3.751547810234361416e-03 2.753746959433144847e-01 7.383342530009288397e-03 1.751250651620685123e+06 1.389808802419999382e+06 8.059410147059306037e+05 2.788630855178171331e-01 1.555640595917492406e+06
8.574599709486005472e-02 2.966069584807596584e+03 3.721394099743039078e+03 6.583901299060141810e+02 3.377625430764868986e-01 1.953172540192771294e+03 7.795845980023649096e-26 6.356157117666077481e-26 3.165524526922399476e-26 3.776927453939182833e-01 5.792043878607132933e-26 7.613097580139725415e-03 6.466873495915067410e-03 2.894421161081634462e-03 2.667710821584208247e-01 6.214207346801047319e-03 1.906298497765915701e+06 1.333089648777540540e+06 5.507914844926304650e+05 2.446380385669498225e-01 1.648584160436040955e+06
1.490094648133893918e-01 1.529843751877230943e+03 1.586859228917948940e+03 4.181839912301450113e+02 2.957875056045213280e-01 1.091182544278677369e+03 3.816552399149195722e-26 2.999817265322719120e-26 7.411578124404576103e-27 3.461011681029665388e-01 2.459645868017953890e-26 6.329882924082203335e-03 3.310956852913526580e-03 1.960911298736969267e-03 2.019767355028464773e-01 5.542451534550275893e-03 1.802578072595216567e+06 1.736826912903599441e+06 5.951405603225610685e+05 2.584170008657931672e-01 1.434360573706889991e+06
2.589487714442089139e-01 6.409268385818118077e+02 3.703511256615058755e+02 2.608878962928242800e+02 2.560487261431682593e-01 5.598668990384276185e+02 1.582595866095520402e-26 1.030845694146158022e-26 4.400109293830506560e-27 3.303714089073192528e-01 1.021595351502903704e-26 4.244271081169688140e-03 2.267136744570354481e-03 1.072874262436061300e-03 1.915518766750079205e-01 3.874866106029731250e-03 1.576857423944603652e+06 8.461070147844036110e+05 7.242727933807929512e+05 2.233853500497952616e-01 1.492687379741128068e+06
4.500013896193789109e-01 2.674752899346006529e+02 1.122865486125242569e+02 9.565501867394021929e+01 2.114083771103596743e-01 2.379340337887138048e+02 5.253799777829365263e-27 2.288039570824325296e-27 2.593778532887188638e-27 3.446665124452008011e-01 4.189391384467057664e-27 3.218155760048756024e-03 1.053120195423329266e-03 1.734262243915215586e-03 1.929384609521062055e-01 3.377109258316724882e-03 1.180516750206493773e+06 5.855372527703165542e+05 4.741788294084944064e+05 2.048406163310387551e-01 1.142719874017965281e+06
7.820127878189270243e-01 1.004717553013102105e+02 5.383078911902823904e+01 4.159890568348339457e+01 1.954323962169306761e-01 9.818853413190630874e+01 1.373547606718563964e-27 1.253928989368354123e-27 6.671134308851534269e-28 3.797879239741228652e-01 1.104447205731187546e-27 2.218614286939834569e-03 9.255121647050172824e-04 1.002916695546526155e-03 2.051451507163635779e-01 2.238594935799506462e-03 8.201285503231616458e+05 2.986653157665666658e+05 2.746375608889308060e+05 2.157907843913719481e-01 8.008275870143568609e+05
1.358982470764342532e+00 4.160927867564586080e+01 1.344379679444658393e+01 1.188545722946737015e+01 1.425382878030921341e-01 4.055589532964432209e+01 3.992309439664359606e-28 3.449326247209844816e-28 1.816809523652529462e-28 3.518328270794847112e-01 3.355167259967986412e-28 2.002067795799655509e-03 4.079674134911497052e-04 8.663242349920669515e-04 1.791182117290270326e-01 2.162824134465945580e-03 5.832673137582583586e+05 3.136162437823130749e+05 1.650885136583613930e+05 2.275136898079106185e-01 5.359654864770878339e+05
2.361640863950146940e+00 2.122226577628940447e+01 7.796739668210712182e+00 4.602390108295267623e+00 1.489388557622950970e-01 1.923865374117741567e+01 1.661705150515296731e-28 9.788472373889754805e-29 6.519496836527148778e-29 3.483103128078147148e-01 1.203555816801488188e-28 1.758880661137482643e-03 7.534421998583922062e-04 4.427922926519157337e-04 1.363973071752816457e-01 1.681771531679124429e-03 4.474692945128722931e+05 1.527150309965176857e+05 1.380741951382813859e+05 2.090487725903629745e-01 4.019029266914020409e+05
4.104061450580955395e+00 1.293421231630315660e+01 4.088904685870167199e+00 4.084641105703369135e+00 1.356451326698024373e-01 1.293300212123394566e+01 8.046780426436319399e-29 7.977172259237298820e-29 3.399625869643331765e-29 3.542981913314329767e-01 6.113411065645621553e-29 1.530421731560789285e-03 4.879011900980490674e-04 4.753475497644410984e-04 1.242423049828374620e-01 1.518989198785752285e-03 3.774222824355296907e+05 2.246249879277710570e+05 1.263369977033316100e+05 2.302147204229416100e-01 3.295757883135209559e+05
7.132041390057954899e+00 1.144675876100562917e+01 5.292268168724879374e+00 2.492686332462602294e+00 1.466505716105721280e-01 1.047172135025964579e+01 3.118766590119061288e-28 1.040047164987670154e-27 2.991599033640525447e-29 6.198213054779078135e-01 6.499889017301190299e-29 1.613516214119121474e-03 6.300209205951884210e-04 2.621383552110162843e-04 1.161818044844890596e-01 1.549621289069273017e-03 1.293222834455071017e+06 3.995095036881108303e+06 1.201847785022628959e+05 4.842825553663105964e-01 4.115587456526703900e+05
1.239406743831755797e+01 3.214146029464031162e+00 5.649599541651841861e-01 3.976972347470342228e-01 8.667999594596734192e-02 3.115099424471305944e+00 5.822490249664385988e-29 8.472915624783922294e-29 6.567505256127061070e-30 4.946180598165245135e-01 1.733404896808149041e-29 1.475591889014064677e-03 3.123406110848961532e-04 1.998189968328224937e-04 8.577150493720500646e-02 1.403801672363647491e-03 1.002153770148377283e+06 1.611829543446618132e+06 1.040580382389708539e+05 4.194602824502213223e-01 3.768861532287053415e+05
