# R (Mpc), mean rho (Msol/kpc^3), errup (Msol/kpc^3), errlow, std, median rho (Msol/kpc^3), mean pth (Msol/kpc/s^2), errup(Msol/kpc/s^2), errlow, std, median pth (Msol/kpc/s^2), mean gas-mass-weighted metal (fraction), errup, errlow, std, median metal, mean gas-mass-weighted temp (K), errup, errlow, std, median temp  
#  nprofs 456, mean mh 211511826924.345001, median mh 200723368974.826904 
#  Mass range 11.00 - 11.5 
#  Nhalos 192
3.113231678211726954e-03 2.127668351855990477e+06 8.293236805530900601e+05 5.666007922013977077e+05 1.711816467014713461e-01 1.989633736467963783e+06 2.447100616217481682e-25 1.712316820055580650e-25 7.030011575604077891e-26 2.495584352490855251e-01 1.901172642768509510e-25 6.116546860162577065e-03 3.129277058707339958e-03 2.856125262452572418e-03 2.990457008224109980e-01 5.676013281061175787e-03 1.211919126635913744e+04 1.576354566563704793e+03 9.119744765113027825e+02 5.543388526215420331e-02 1.174915543331874869e+04
5.410176590485145202e-03 6.976972772384390701e+05 2.645703673063623719e+05 1.725705610792075749e+05 1.623215022428066978e-01 6.303839498513748404e+05 8.899832627048860632e-26 4.723321851240989338e-26 1.523092888517733113e-26 2.710767224150485433e-01 5.639380330152983504e-26 4.345732991932515880e-03 2.302079090327252033e-03 1.626506643636249985e-03 2.804866095791537783e-01 3.840950004612857065e-03 1.258098349201802012e+04 9.334183231064107531e+02 6.831147905855668796e+02 1.471093921072613997e-01 1.056192621271793359e+04
9.401809362625560343e-03 2.896327993533961126e+05 1.796194743475589785e+05 1.008891697318403749e+05 2.178962720579538104e-01 2.509630708358474658e+05 8.573483697387878363e-26 9.482202210614038301e-26 3.795463628080099997e-26 3.762489965679459147e-01 6.036331758078002801e-26 2.581572767852802902e-03 1.289505859834303401e-03 8.468543469983009359e-04 2.770259909130410869e-01 2.188780071510144139e-03 2.698637909000429863e+04 2.519962300178822625e+04 7.291227271182950062e+03 3.132649603421151507e-01 1.718480443048778397e+04
1.633847210211432713e-02 1.025256861522174004e+05 6.680867498803857598e+04 4.386906001496429963e+04 2.443690624407332257e-01 9.335410704680238268e+04 5.581937132426295335e-26 4.434544436671043377e-26 2.236400882691949958e-26 2.931137172341794495e-01 4.373197370577430489e-26 1.768210246073653518e-03 8.571324178228295360e-04 6.529003602709045669e-04 2.865073399705398982e-01 1.450487929497806068e-03 4.817525803188388818e+04 4.212551111334269808e+04 1.744411327987747063e+04 2.882500429772672512e-01 3.643953072193561820e+04
2.839301035955283867e-02 2.288604265821273657e+04 1.485344287721322326e+04 7.795087771183882069e+03 2.435930583033576180e-01 1.954799596836051205e+04 2.787813476347305982e-26 2.089104129187782427e-26 8.687012799100761869e-27 2.392987424343093195e-01 2.209407086776544868e-26 1.296121740822801013e-03 7.151255234354135515e-04 4.623293019272211105e-04 3.056454710320991586e-01 9.773279264247267031e-04 1.065584781557804235e+05 7.260503751343041949e+04 5.311664377329844137e+04 2.942802027604813908e-01 9.165895010498397460e+04
4.934139693352049272e-02 4.422313750632630217e+03 1.930186681519185186e+03 1.483320999642287006e+03 1.648122811136439880e-01 4.147517561134175594e+03 1.338922790722373661e-26 8.645896758262811084e-27 3.335183770249094001e-27 2.322664230832173771e-01 1.031519796264929340e-26 7.425209277388511138e-04 3.907585005950623119e-04 3.240027090495870487e-04 3.470821563336253801e-01 5.633571656121073683e-04 2.187660056678208930e+05 1.001824507923593628e+05 6.651263394501575385e+04 2.047268886468980309e-01 1.851406773663744098e+05
8.574552048272386651e-02 1.487738505651168680e+03 6.045718029750591995e+02 4.593780453051845143e+02 1.494150465999184441e-01 1.429392481607677610e+03 5.512408712157748603e-27 2.632798409375719564e-27 1.713947160095540229e-27 2.738753402515828883e-01 3.996646652246221983e-27 3.948192166625483376e-04 2.420753988501642292e-04 1.607974362093048549e-04 3.270325512671889978e-01 3.033172388010512495e-04 2.473981200392028259e+05 6.553413899577539996e+04 4.621076935391628649e+04 2.010694343198104750e-01 1.874596114835217886e+05
1.490086365564239901e-01 5.102479512413841007e+02 2.197615501624915169e+02 1.396131063550408271e+02 1.570438284559329267e-01 4.716648826537262948e+02 2.223553889383333371e-27 1.121840815881029435e-27 4.957189266625965449e-28 3.707682346040855337e-01 1.015501427361473208e-27 2.628967360184542306e-04 1.658800309011919014e-04 9.836628030809196378e-05 2.839968081480440665e-01 2.089364716121149814e-04 2.418999576672565890e+05 7.854000045426559518e+04 3.994754156104699359e+04 2.677822694190662989e-01 1.401889039617271046e+05
2.589473320985681837e-01 1.826333880578657727e+02 8.926607402389691970e+01 4.935290068470172287e+01 1.954766590953416761e-01 1.572021136094230371e+02 1.406797490992221358e-27 5.001285037306638188e-28 1.339861546511117779e-28 5.243563649577017705e-01 2.378748112557179364e-28 2.177467900470366066e-04 1.399867584552699816e-04 6.050888574223526456e-05 3.513494599644403360e-01 1.315647187236558698e-04 2.584627294054783706e+05 9.586407670698448783e+04 3.763784184125832689e+04 3.698776436456887584e-01 1.016735836261935183e+05
4.499988883233312364e-01 9.282410690959601141e+01 5.700190674387714296e+01 2.477313800266165345e+01 2.844240977721376185e-01 6.278740490935989271e+01 1.404990234276480417e-27 3.458147361265641998e-28 5.258023537895447463e-29 7.128526906438201749e-01 7.688155105744587279e-29 3.623307821967634780e-04 4.830277071923446373e-04 4.705272818377649754e-05 6.251025001258817548e-01 7.666709824546760472e-05 2.828822218694597832e+05 1.960766273121685372e+05 4.535112312524719891e+04 4.616933390139520976e-01 8.620832334595073189e+04
7.820084410645824491e-01 5.782082200619348811e+01 5.020875667954680921e+01 1.050421805524143792e+01 3.570328468134966182e-01 2.799533066874341003e+01 2.322588846655994541e-27 4.746418237821932386e-28 2.717091221571113393e-29 9.121648871627739963e-01 3.506728074329543821e-29 5.660857006352871179e-04 1.442053647697676740e-03 9.765303667886294473e-05 9.338931853464839117e-01 1.095568547781027025e-04 3.723583478021175251e+05 3.473797023726868792e+05 5.420395271326968214e+04 5.766754726726294189e-01 8.404175891072052764e+04
1.358974916971039892e+00 4.152086774413587733e+01 3.044609761919863899e+01 9.902271775091834982e+00 3.561894139921731317e-01 2.165175311640732048e+01 2.397287359290730005e-27 3.366609605992226136e-28 3.543809978293160574e-29 9.550919915909270586e-01 4.045578641634807551e-29 7.426972191513732174e-04 1.338490253859578663e-03 3.020350741817361432e-04 9.721574130832040250e-01 3.356614182396083215e-04 4.908764639696693048e+05 4.020604598897957476e+05 9.069866882046833052e+04 6.155502200101435895e-01 1.197617170058344782e+05
2.361627736961885660e+00 2.716790284765328423e+01 1.837435023357053865e+01 9.613510816019294580e+00 3.097233064702513139e-01 1.928153196549115478e+01 1.069538015634826876e-27 1.722937423021408467e-28 6.926026672781181021e-29 8.983656156252042280e-01 7.632738944668667170e-29 8.871314433762967104e-04 8.258972903059744880e-04 6.612275633835571625e-04 6.137631478349493408e-01 7.926908776414321595e-04 6.642792031186459353e+05 3.060440111073810258e+05 1.914710166424688359e+05 6.035810154358639545e-01 2.360168440358577645e+05
4.104038638489875268e+00 1.884853467653361037e+01 7.996680632801904665e+00 4.777881395438605239e+00 1.965020278213009397e-01 1.634789323863392951e+01 3.587054735795375359e-28 1.371822084741786504e-28 4.482731226426503408e-29 6.293299739445443741e-01 7.150407042487261486e-29 9.644015495473388802e-04 3.927133948697128204e-04 3.879080552135447417e-04 2.282134182405450573e-01 9.465480596100554625e-04 6.813525686474364484e+05 3.489958182368736598e+05 1.410951821636866662e+05 4.484647211221137186e-01 2.865240512655933271e+05
7.132001747187159957e+00 1.660841886712961113e+01 6.123330296862395272e+00 2.783267321600007449e+00 1.136679066986355235e-01 1.548476680276526096e+01 2.993019032083831122e-28 8.658464007025744890e-28 3.646166987251207121e-29 5.473571634865858071e-01 7.721357531173553970e-29 9.981758787672545107e-04 3.631916967474356928e-04 2.573703411776139763e-04 1.296135154233578890e-01 9.680868668551581308e-04 9.373380248770349426e+05 2.565264679735841230e+06 1.333056774687379366e+05 4.476959277669110837e-01 3.491355470986644505e+05
1.239399854690385538e+01 1.944834336416644716e+00 4.521362728981803691e-01 2.112963813642041444e-01 8.596122311766093982e-02 1.804355282692125417e+00 3.274975608877486564e-29 3.140646703681599106e-29 3.413855341367161299e-30 4.923803715151068294e-01 8.942764367988516691e-30 9.761675778146566970e-04 2.928006556444445133e-04 2.022267334447027699e-04 1.198714644059638429e-01 9.341094610734459406e-04 8.925940196237772470e+05 9.789950492097077658e+05 1.094024343417903292e+05 4.165885210469589817e-01 3.398405900872928323e+05
