# R (Mpc), mean rho (Msol/kpc^3), errup (Msol/kpc^3), errlow, std, median rho (Msol/kpc^3), mean pth (Msol/kpc/s^2), errup(Msol/kpc/s^2), errlow, std, median pth (Msol/kpc/s^2), mean gas-mass-weighted metal (fraction), errup, errlow, std, median metal, mean gas-mass-weighted temp (K), errup, errlow, std, median temp  
#  nprofs 440, mean mh 215673264235.063293, median mh 207540861381.857025 
#  Mass range 11.00 - 11.5 
#  Nhalos 187
3.113248982952454991e-03 1.630018495460850885e+06 5.189973353058493230e+05 4.648038622405265924e+05 1.665854916942391961e-01 1.577434052338318201e+06 1.592315516852631535e-25 7.335672973504990035e-26 4.724607793444734885e-26 2.001222111604156473e-01 1.437409813763387074e-25 4.230455432281146795e-03 3.128806201810491964e-03 2.064042892689155109e-03 3.621008780000918859e-01 3.691467717111016327e-03 1.179635040513400600e+04 9.173691239468571439e+02 6.083802558233401214e+02 3.347097716326510181e-02 1.167070613579333804e+04
5.410206662677926291e-03 4.982978545605750987e+05 1.973842575482482207e+05 1.104134355677119456e+05 1.808274720732153673e-01 4.626012571137439809e+05 7.320495876814204291e-26 2.224412837876038328e-26 1.027910832638543451e-26 2.654960901206657176e-01 4.235493703840325642e-26 3.328908913248218582e-03 2.186518781856210125e-03 1.694538997030410263e-03 3.480506625077103844e-01 2.963847933842187095e-03 4.958064796738808218e+04 6.756247275269124657e+02 6.288009382475120219e+02 2.448714676004763724e-01 1.116821067151270472e+04
9.401861622107095945e-03 1.732931662893758912e+05 8.758644043957896065e+04 4.733701061058916093e+04 1.899677977475879020e-01 1.498352988988867146e+05 7.872555984153783757e-26 1.263983620498025623e-25 1.623668211196882932e-26 4.651885174898716113e-01 3.044810318854900159e-26 2.087158294133445446e-03 1.451107306583729198e-03 1.055404614885524246e-03 3.330760652207357397e-01 1.915115215736050121e-03 3.522016221707899967e+04 4.834501265572029661e+04 5.747407319438341801e+03 3.669801416808319838e-01 1.655690853786388470e+04
1.633856291868465010e-02 6.720817374595878937e+04 4.584616386190539924e+04 2.877467720750449735e+04 2.825254954172895516e-01 6.101166759274945071e+04 4.632190487561121819e-26 3.569495751265967348e-26 1.993019303097899654e-26 3.506506017316060597e-01 3.366672346430032734e-26 1.254869146371152648e-03 8.365403621447657645e-04 5.723082181048033115e-04 3.191372462042658120e-01 1.107462491872109045e-03 1.022887154545255908e+05 4.907372283175717894e+04 2.170363290548739315e+04 3.800102490816242851e-01 3.992548219629628147e+04
2.839316818066401488e-02 1.987107622104857364e+04 1.403340345474201968e+04 1.033565392311137293e+04 3.072592362811260580e-01 1.805073496142534714e+04 2.118219626284925066e-26 1.285695639160304877e-26 6.640413809630513261e-27 2.541315993238020265e-01 1.645820451490476403e-26 8.283707910866027315e-04 5.317364451375262242e-04 3.706409757523955375e-04 3.069438839683352738e-01 7.091860759946888365e-04 1.650195933851788577e+05 1.148356527612135833e+05 3.497191150218064286e+04 3.835737990683267817e-01 6.693335729707383143e+04
4.934167119517834238e-02 3.810164395284127295e+03 2.246175530649084521e+03 1.290101617461651585e+03 2.168399185179123723e-01 3.417272741640872937e+03 1.020696679386981816e-26 5.802300595432654431e-27 2.875347282143349037e-27 2.385658796621727695e-01 8.101993982245870531e-27 5.132477733656466831e-04 3.239885949696731269e-04 2.328292939506482629e-04 3.368159398483409062e-01 4.177586757587702917e-04 2.510088762467430497e+05 9.354301252047260641e+04 7.181533173370857548e+04 2.688178913705678852e-01 1.727648087636318814e+05
8.574599709486005472e-02 1.186060707822101904e+03 5.033394550957241336e+02 3.403461826984081426e+02 1.600797067098159443e-01 1.109122504022323483e+03 4.114206660132125453e-27 2.468110186124944380e-27 1.199282067204624773e-27 2.505167183954825627e-01 3.094676111251829085e-27 3.284687764117482072e-04 2.633967068718410056e-04 1.202113359663555437e-04 3.429882507836760630e-01 2.391817752766869638e-04 2.714285040391981020e+05 6.714655691623172606e+04 5.177564983225343167e+04 2.145627555735376002e-01 1.938668795209389355e+05
1.490094648133893918e-01 4.386436608176006757e+02 1.857899713669316384e+02 1.112630655127919113e+02 1.487068062999551687e-01 4.080793515359214894e+02 1.560641978112111303e-27 8.582425185232207261e-28 4.167001858523721266e-28 3.157287106842717739e-01 8.910149607471214354e-28 2.334824446565327298e-04 1.482484738610034900e-04 1.076039384296950153e-04 3.455455084031559543e-01 1.908704833030586189e-04 2.288159703812357329e+05 5.685053024355441448e+04 3.368250004431669367e+04 2.316637623890781261e-01 1.405058811221316282e+05
2.589487714442089139e-01 1.638641040622477476e+02 7.792154442971380490e+01 4.861908933397070598e+01 1.850260476794431674e-01 1.470427587392261728e+02 8.304096866012597990e-28 2.955607915049064902e-28 1.213429862068967577e-28 4.480942865085797422e-01 2.193014331356590923e-28 1.914108154576615048e-04 1.329002552900278376e-04 6.737862975382569750e-05 3.658266790699261639e-01 1.327078328501849239e-04 1.976689969672499283e+05 6.545500051011852338e+04 3.767573210696464230e+04 2.980053221324661661e-01 1.033467119277116726e+05
4.500013896193789109e-01 7.041319645243598302e+01 4.035653188103945155e+01 1.956770047511178490e+01 2.476070503558224500e-01 5.373763580823889896e+01 6.886156449884660309e-28 1.941227208943733608e-28 3.771179898321116842e-29 6.102188383978787156e-01 5.915750342955469562e-29 1.915839982190729103e-04 1.481820405543267274e-04 6.661632448978766071e-05 5.418186883588476110e-01 1.057437864357430865e-04 2.022354113809560658e+05 1.120047585399838281e+05 3.409527827564352629e+04 3.885540100611375447e-01 7.791420943501146394e+04
7.820127878189270243e-01 4.070340400655867086e+01 3.590949068514893128e+01 8.535533502500257441e+00 3.366342372836417796e-01 2.142955234178005242e+01 1.194611707455272786e-27 1.603920945706813166e-28 1.540276180104821505e-29 8.252045988553945444e-01 2.157231219205057299e-29 2.724655429282329174e-04 4.555952809329948485e-04 3.671411835591344998e-05 8.245737426527898206e-01 5.334365421859101753e-05 2.631627709938332555e+05 1.978321066201877547e+05 3.777177120345117874e+04 5.068240469980066498e-01 6.721856951445971208e+04
1.358982470764342532e+00 3.154927673144556977e+01 2.126816870729206954e+01 7.652065889745394145e+00 3.842203355258300701e-01 1.539534512176791914e+01 2.016814797634158924e-27 1.618562487963106644e-28 1.608448687280872447e-29 9.765102266938715525e-01 1.903131189446118461e-29 4.053163529530427354e-04 8.485114106457393446e-04 1.335976667606689498e-04 9.447224801595763832e-01 1.513804757206306984e-04 3.813362213535115006e+05 2.401927767673257040e+05 6.851590771493592183e+04 6.057406251406890485e-01 9.245148321648941783e+04
2.361640863950146940e+00 1.939066500935856396e+01 1.253018392754762012e+01 6.850879544743075478e+00 3.320437608061870827e-01 1.315321652841715938e+01 7.610477677683667709e-28 1.420870895533662921e-28 2.980562298747645405e-29 9.113752760471016678e-01 3.308901430698178449e-29 5.023307542130087209e-04 6.104554984338957015e-04 3.546653934712328026e-04 6.403808833716241322e-01 4.186829027376403646e-04 4.790804105215870077e+05 3.248323825658074347e+05 1.198011192159314232e+05 5.952124632226059031e-01 1.544112331993935222e+05
4.104061450580955395e+00 1.313203602213995680e+01 7.969047641946467309e+00 4.268037995698826137e+00 2.288246257872815492e-01 1.142400298586228757e+01 2.379543291077035213e-28 1.256559262697850075e-28 4.292312986134684767e-29 6.797145180718470181e-01 5.306384511153871827e-29 5.937446207294956894e-04 2.659119154414727034e-04 2.778907598584575518e-04 3.261385389105013188e-01 5.870362628618557444e-04 5.714997539839935489e+05 3.693239685034709983e+05 1.942056111595018592e+05 4.688032330363989253e-01 2.934857949134992668e+05
7.132041390057954899e+00 1.138100256605026672e+01 4.474166195359433829e+00 2.879418498679533478e+00 1.492161521909362576e-01 1.043273664068311568e+01 2.334653692807032570e-28 1.442692826340291958e-28 2.777809725567963838e-29 5.861587507249516049e-01 5.097064098291159707e-29 6.294166386204782691e-04 1.790391791577461249e-04 2.039146621852245948e-04 1.624482353145407232e-01 6.164761872291027976e-04 9.169736891122676898e+05 6.201741417558765970e+05 1.325955836192185525e+05 4.513432516842243447e-01 3.329253472446463420e+05
1.239406743831755797e+01 3.589309185253286127e+00 1.252718018448785831e+00 4.184416143267450927e-01 8.823702812273884200e-02 3.340639920069687907e+00 7.092277647133692135e-29 1.979131844508055297e-28 5.902899917157114924e-30 5.220900258322656029e-01 1.804501547105489173e-29 6.451501182032396645e-04 2.705389674568381289e-04 8.908717450177648222e-05 1.106245372698157065e-01 5.933675005626494079e-04 1.088882632272547344e+06 3.077941464986133855e+06 1.079669260444167885e+05 4.454715369459927299e-01 3.693285825517060002e+05
