# R (Mpc), mean rho (Msol/kpc^3), errup (Msol/kpc^3), errlow, std, median rho (Msol/kpc^3), mean pth (Msol/kpc/s^2), errup(Msol/kpc/s^2), errlow, std, median pth (Msol/kpc/s^2), mean gas-mass-weighted metal (fraction), errup, errlow, std, median metal, mean gas-mass-weighted temp (K), errup, errlow, std, median temp  
#  nprofs 476, mean mh 4283700123609.151367, median mh 3526905271836.816406 
#  Mass range 12.30 - 13.1 
#  Nhalos 30
3.113239796992746389e-03 4.744574683258650824e+06 1.163226239325226098e+07 1.132972176730241335e+05 9.165432595188502951e-01 2.238154861475683283e+05 7.942929261725913033e-24 1.316280837239068240e-23 3.631833689092936020e-24 8.259903421255656575e-01 4.535941699904909473e-24 1.706559997499959916e-02 9.195665978058851359e-03 5.481672870756484212e-03 2.665947231412696405e-01 1.393995841137496070e-02 2.369412155878848396e+06 4.976581234197931364e+06 2.074382885717895697e+05 9.356206639583786178e-01 2.435649605654162297e+05
5.410190699309528305e-03 9.662892925512540387e+05 2.772047907956467941e+06 1.067291208235681988e+05 7.988116999553189768e-01 1.418173928046838264e+05 2.749754825370208182e-24 2.353223393986363117e-24 9.544743187955378429e-25 5.765794821478412713e-01 1.422951591485676333e-24 1.444214453246172973e-02 7.612763003224685965e-03 4.525476267538809313e-03 2.568958537713870172e-01 1.153629032551243758e-02 1.723945296148164663e+06 3.846833773108841851e+06 3.178968067058561137e+05 7.837200077985925217e-01 3.872081572098506149e+05
9.401833880952267797e-03 2.528958537332658598e+05 5.178791889734714059e+05 7.813761505670638871e+04 6.487031965224262509e-01 1.009768953833169944e+05 1.803764234739438091e-24 1.581962687178557289e-24 4.360373555146110342e-25 4.501916821876255637e-01 7.764135716661144977e-25 1.276433218380993058e-02 5.821355361506224541e-03 5.677100151902694444e-03 2.216176193772002312e-01 1.205944344770448762e-02 1.698827913446484599e+06 2.848209197852482554e+06 2.938228806805191562e+05 6.727921686671437529e-01 4.766754616537267575e+05
1.633851471008279307e-02 1.117248287376139488e+05 1.574851684649139643e+05 4.259600243166777364e+04 5.565805132123785581e-01 5.589758026238113234e+04 1.385610961195432275e-24 1.694127253261246868e-24 1.880790549235513842e-25 4.971872460261146376e-01 4.124720985074646562e-25 1.119780629625118963e-02 7.908470999481373442e-03 4.194843396239480646e-03 2.193304947842887598e-01 1.006985811850738197e-02 1.510992830840400187e+06 1.748365329689006787e+06 3.989563966929892194e+05 5.130777724897177539e-01 6.754867260106013855e+05
2.839308440371576120e-02 3.871020637935399282e+04 5.743913505274197814e+04 1.643223339772581676e+04 4.709006198214507055e-01 2.245136822655595461e+04 7.790684404455258380e-25 1.400162999706411582e-24 1.639405566677638233e-25 4.828151570015655758e-01 3.074659374870056761e-25 9.606990216479271288e-03 4.643411808239197858e-03 3.915749621584578566e-03 2.076284785095576790e-01 8.892061436493327309e-03 1.593478818009751150e+06 7.712154382933813613e+05 7.799441187173764920e+05 3.541523154270339591e-01 1.510338020153293619e+06
4.934152560752818467e-02 1.459750923787676948e+04 1.592124362910392665e+04 6.473480067260643409e+03 4.024718651852319251e-01 9.916057473952962027e+03 4.049575590150688956e-25 5.129276809657959204e-25 1.151232624660578536e-25 4.640843103035912076e-01 1.898937558539333368e-25 7.858129004593154138e-03 3.708682272538220762e-03 2.298348023144073868e-03 2.083057122247168047e-01 7.207964620452316992e-03 1.810428518493606942e+06 9.858863465844313614e+05 6.729819682858317392e+05 2.187528950121972460e-01 1.691927035863205791e+06
8.574574409252104512e-02 6.130685828357818536e+03 3.477105488545861590e+03 3.911226893681007823e+03 3.339900191724712863e-01 5.906498854337289231e+03 2.082158842333497778e-25 2.544651146022053497e-25 9.767679927346731196e-26 4.287908300743827894e-01 1.409372209033109428e-25 6.399153465885259497e-03 3.017104321251972560e-03 3.157272455904935361e-03 2.390519257138544185e-01 6.273609014581163837e-03 2.214098599331172649e+06 1.525597055058113066e+06 4.743686816021134146e+05 2.177853173539894827e-01 1.757679966110898415e+06
1.490090251457148740e-01 3.321920893960333615e+03 2.495217135250537012e+03 1.814436178901015410e+03 3.039500271376688323e-01 3.067228624539328393e+03 9.327366722343680713e-26 8.129394696364993670e-26 4.593718764411911834e-26 3.568179579776672439e-01 6.869022026372490889e-26 5.035214115606554373e-03 1.839549417242823844e-03 2.341421665567786862e-03 2.020609165564338228e-01 4.969865387010241088e-03 1.932067017473039683e+06 1.423803025144581916e+06 5.048443056767992675e+05 2.068451301863606928e-01 1.573538734132133657e+06
2.589480073893599132e-01 1.284874389486185009e+03 6.574541450384854215e+02 5.051451282772733293e+02 2.389581755836006904e-01 1.204594914854567833e+03 3.218160019288694203e-26 2.348050080123414031e-26 1.283853694183718637e-26 3.272883176105201852e-01 2.318224731708958756e-26 3.116072128271504642e-03 1.538247725795314005e-03 1.343671574576164483e-03 2.197460178366647809e-01 3.102032369449378435e-03 1.619740244787588716e+06 9.095899543877611868e+05 5.787896512784387451e+05 1.951708189157314588e-01 1.537414435845396481e+06
4.500000618442288047e-01 4.190503967977447246e+02 3.045538687390114774e+02 1.053203341690084471e+02 2.045543351423683986e-01 3.497350173310583159e+02 8.415313602364879675e-27 1.234744875666679764e-26 2.431144032834835796e-27 3.768716924472413909e-01 4.846022345247798853e-27 2.020217462221558704e-03 7.366305887122849214e-04 8.365566835976656884e-04 2.358086751237764567e-01 2.008161459722435094e-03 1.169336802167392336e+06 6.002954473918247968e+05 5.136137942933496088e+05 2.057066535877639935e-01 1.149067718926931266e+06
7.820104804101706275e-01 1.370817537612138608e+02 8.232306586998817011e+01 3.877569998990982469e+01 1.918272155049578764e-01 1.242635979032107230e+02 2.236129667374493888e-27 1.829970964150021183e-27 5.596870899389205728e-28 4.201379134305655016e-01 1.099873650940207365e-27 1.704989202167405066e-03 8.620812897177964132e-04 8.352025521290926124e-04 2.847334594994468948e-01 1.688569041980331545e-03 8.359032706953593297e+05 3.902623689616803313e+05 2.196526651292652241e+05 2.525835327963301680e-01 6.346018199723849539e+05
1.358978460947493527e+00 7.079383939698263362e+01 2.487933234628211210e+01 1.101241958118718856e+01 2.245958762953945143e-01 5.100111735657877432e+01 3.619394411686851720e-27 3.371636890553657159e-28 1.445974988930213964e-28 5.487307812456473366e-01 3.032259618906610444e-28 1.516685907778599724e-03 6.825131288491119788e-04 4.903630715670781719e-04 1.827750064449258915e-01 1.417290131932962688e-03 8.346832734701019945e+05 2.594023895150788594e+05 1.624849804181160289e+05 3.358319112601926837e-01 4.229878137833815999e+05
2.361633895687103912e+00 3.271499527487775083e+01 1.386485575108991242e+01 8.974509083752490568e+00 1.963087877437933171e-01 2.805815098510898764e+01 6.660425898151048140e-28 2.367507156853913574e-28 8.428827895179034181e-29 5.791972006744444679e-01 1.199316163503139681e-28 1.217662978117456819e-03 4.732453506582699580e-04 5.615122171956320445e-04 2.305427001152128563e-01 1.254122653520957711e-03 5.754144473936498398e+05 3.266886845638195518e+05 1.768506288730902597e+05 3.923283395802728557e-01 3.025901546013304032e+05
4.104049341127662842e+00 2.232855861349554871e+01 6.570038336338932083e+00 4.033729406540086160e+00 1.437972385758667926e-01 2.087201051222468706e+01 3.232813375128052275e-28 8.378937528213858383e-29 5.528406958348401436e-29 4.810429638085453319e-01 1.078132485403029399e-28 1.115990417526962521e-03 4.515636332343326859e-04 2.931988519375983149e-04 1.763021710050714508e-01 1.072440667873948662e-03 5.666399106851369143e+05 1.617943855322185555e+05 1.121160548445209279e+05 3.471809349532911093e-01 3.235690022568057757e+05
7.132020346239977826e+00 1.936207989018534192e+01 8.127135967666824001e+00 2.026332139166807877e+00 1.140930449955171871e-01 1.759884156682954170e+01 4.504641780028715650e-28 1.196896636213787341e-27 4.163646541957209613e-29 6.278803886150199354e-01 9.135758712913417460e-29 1.185063711914231431e-03 5.471656643257633013e-04 2.602074166689665119e-04 1.378237428462421310e-01 1.090972376225408415e-03 1.261132400601277594e+06 2.954592785636989400e+06 1.417706839627797017e+05 5.208666372786763255e-01 3.659647153072181391e+05
1.239403086835325674e+01 1.602249083595382650e+00 1.960303270391934305e-01 2.622350598011990996e-01 6.491588860586482157e-02 1.607366850456318996e+00 2.687333846215867987e-29 2.421088602929319558e-29 4.270769745626884432e-30 4.917036838226304662e-01 8.494653763409832328e-30 1.100201664027567828e-03 2.911216608018336958e-04 1.981693153792513529e-04 1.169180347233365475e-01 1.045263797935227926e-03 9.465383865705226781e+05 9.575573648828754667e+05 1.432766622520489036e+05 4.337422092906400573e-01 3.486228364908485673e+05
