# R (Mpc), mean rho (Msol/kpc^3), errup (Msol/kpc^3), errlow, std, median rho (Msol/kpc^3), mean pth (Msol/kpc/s^2), errup(Msol/kpc/s^2), errlow, std, median pth (Msol/kpc/s^2), mean gas-mass-weighted metal (fraction), errup, errlow, std, median metal, mean gas-mass-weighted temp (K), errup, errlow, std, median temp  
#  nprofs 461, mean mh 1413787197517.864014, median mh 1375654524972.409912 
#  Mass range 12.00 - 12.3 
#  Nhalos 47
3.113240848277968459e-03 8.142889375689300708e+06 5.000464101686738431e+06 4.429964468501129188e+06 4.428704914091246003e-01 8.019946237539494410e+06 4.421563202972329832e-24 5.065731783437557722e-24 2.303284524410691735e-24 4.233830306420701683e-01 3.405416597400277484e-24 2.385600340151543958e-02 7.076560622550749635e-03 7.938210085443944686e-03 1.625707596223117668e-01 2.448299944485501922e-02 7.674056160034713685e+04 4.085161417470080778e+04 1.025796043097973234e+04 3.708636578540063788e-01 2.868478407079493263e+04
5.410192526233861474e-03 2.164204051451798063e+06 1.824306189407243859e+06 9.112296958662008401e+05 5.903738587013190875e-01 1.738505926580780651e+06 1.343080684617805652e-24 9.454193712019845364e-25 6.393303691963518752e-25 4.783989560931186102e-01 9.059907464025773939e-25 1.713955528028188874e-02 5.683838920231457092e-03 5.708795834675671477e-03 1.602509949987253046e-01 1.664526578622484501e-02 5.871107705008664634e+05 7.593131423820903001e+04 1.102258281701592568e+04 6.973701215863116198e-01 2.691375265752289488e+04
9.401837055782886685e-03 6.816735925990865799e+05 4.855201141541595571e+05 5.924859909484921955e+05 6.194388547194198402e-01 7.001714282935014926e+05 7.711620638622937416e-25 8.802311342109630264e-25 3.801171325961767479e-25 3.458888186839783052e-01 6.125933164383144855e-25 1.128564702076008744e-02 4.807436321971813795e-03 3.763469099135349424e-03 1.971221525446961720e-01 1.009233367542034313e-02 5.406540275515760295e+05 2.676467183251242386e+05 3.355702832521140226e+04 6.923901009230674086e-01 5.900813889570892206e+04
1.633852022730607895e-02 2.375280885548102669e+05 1.462296900125958782e+05 1.911896692327747005e+05 5.431533426335449777e-01 2.374086108451488835e+05 7.512489781464824947e-25 3.616129022811242867e-25 4.897133362697418511e-25 3.447130092684777547e-01 7.106350932063988710e-25 7.731492036365197711e-03 2.463893840256606467e-03 3.074607674760792414e-03 2.104611491551893476e-01 7.428553769600253383e-03 7.687252900547569152e+05 8.592154190957108513e+05 1.057880797632376052e+05 5.764947751622423455e-01 1.896526811971767165e+05
2.839309399155095365e-02 5.350201126249391382e+04 3.829857906215757976e+04 2.193232145884177226e+04 3.677351777328078941e-01 4.369334679803999461e+04 4.773884724045123051e-25 2.841997995967267835e-25 2.127441116678105050e-25 2.965697380654770399e-01 4.242309275005129570e-25 5.585964840637248734e-03 3.144489044855871933e-03 1.637378011638992818e-03 2.121252280744931051e-01 4.651283347367252997e-03 9.726425468934287783e+05 4.188210979498859961e+05 4.340457571798346471e+05 3.554853954992649445e-01 7.360832807638561353e+05
4.934154226927617293e-02 1.616278726772957998e+04 6.326078621217546242e+03 6.206996200115720058e+03 2.851481996870067759e-01 1.595834421415722136e+04 2.467499707893249541e-25 1.716954870647158277e-25 1.128963820281142119e-25 3.061913780498498050e-01 2.179252428108918278e-25 3.735642864224918147e-03 2.545685458952424030e-03 7.716353879677144943e-04 2.105813793782503052e-01 2.980439001999470993e-03 1.335514030816538725e+06 3.516287740431844722e+05 4.886492197073682910e+05 2.942958479556052609e-01 1.055322364723729668e+06
8.574577304732042271e-02 6.611030233076444347e+03 2.542138218993709415e+03 3.447953146692616428e+03 2.630934866354340262e-01 6.931454407018082748e+03 9.268074779185170700e-26 5.322034748803628441e-26 2.748380644046945540e-26 2.216621922453368421e-01 8.403457100391395306e-26 2.668519030228600711e-03 1.626818299641781367e-03 7.288097098996975873e-04 2.267922015506701472e-01 2.220603439258527802e-03 1.105900401530492585e+06 3.860155426133286674e+05 1.620801971566771390e+05 2.005652574724714199e-01 8.569018274126884062e+05
1.490090754633893733e-01 2.552482438423289295e+03 1.024022945213628191e+03 1.181190361485343601e+03 2.285471794302141590e-01 2.638572775044663103e+03 3.080238663622242983e-26 1.582606843054794827e-26 1.339261063426172683e-26 2.265114726880222973e-01 2.919673928882919899e-26 1.763877715081441392e-03 9.515445153074713041e-04 5.644356533982851972e-04 1.982810539262842564e-01 1.593814490725969880e-03 9.237990617481216323e+05 4.663550917636414524e+05 1.443990198049208848e+05 2.060689284009118993e-01 6.913234286430471111e+05
2.589480948314561437e-01 7.894851683341222497e+02 2.550669919256100684e+02 2.394755267492419080e+02 1.696445870682251333e-01 7.725961328940708199e+02 7.750519973581019288e-27 6.213757178463352830e-27 2.676144763523597821e-27 3.083527813429896014e-01 5.736522286742317162e-27 1.196398638061721290e-03 6.522068556406217330e-04 4.710338304115175862e-04 2.325851669858922666e-01 1.080169320412618711e-03 6.270491329223229550e+05 4.801874531940267771e+05 1.960738707207909902e+05 2.214416606271708554e-01 5.203203536694057402e+05
4.500002138011764963e-01 2.293878889700843899e+02 1.934006113157574305e+02 4.403523376026399205e+01 2.013665912817388104e-01 1.794482391391400711e+02 1.883073033470462500e-27 2.187595069182602273e-27 5.160398368850393840e-28 4.392814557620361438e-01 9.548700877087169271e-28 7.822213630808316125e-04 7.870147016165353207e-04 3.422935012226424622e-04 3.420407416112848376e-01 5.975073199728210766e-04 4.427228758524675504e+05 4.601682092753932229e+05 1.156290812844711472e+05 2.722551031884165029e-01 3.091658142058350495e+05
7.820107444810802111e-01 8.885616905665754928e+01 5.379217945503668830e+01 1.917152094961656417e+01 2.393749742816427550e-01 6.603860435879046520e+01 7.950741789601046874e-28 4.625028960083602521e-28 1.498043700556067550e-28 6.015276832654313788e-01 2.085822292841513610e-28 7.433428289022852697e-04 1.132119151652479644e-03 2.970789831588489197e-04 6.022014241928834721e-01 4.165469127206535655e-04 3.465893789451188641e+05 4.002324253466270166e+05 1.204569081177179469e+05 3.881659581819014160e-01 2.070813174621800135e+05
1.358978919850138967e+00 4.444477700619477645e+01 2.508698341493058592e+01 1.750338538670353117e+01 2.195731799166013576e-01 3.997239645711820799e+01 5.504217383837267001e-28 2.306636632751256155e-28 1.057804621011909218e-28 6.456532989542400625e-01 1.245958920598011595e-28 6.085183973648248049e-04 6.697277517619330389e-04 4.197560832598904346e-04 5.520448728701372598e-01 5.066752948921606544e-04 3.531588988606228959e+05 1.603945984490839473e+05 1.784246165996146156e+05 4.487520840767290631e-01 2.325987214648690133e+05
2.361634693168501720e+00 3.377034926847169771e+01 1.448527872063866795e+01 7.270870278955257504e+00 2.020829438487924123e-01 2.734283568250796748e+01 7.801510436405012102e-28 1.587413428648506488e-28 7.869578698402639111e-29 6.010073020454844706e-01 1.062658163208549655e-28 6.141473362839671444e-04 4.186111602448862020e-04 3.268653712877637942e-04 3.266004505239752942e-01 5.633026821624146719e-04 5.016134570136994589e+05 2.332803433651730302e+05 1.615418247446658206e+05 4.230497297838429760e-01 2.506606692819879972e+05
4.104050726991497200e+00 2.518217849479928461e+01 8.314264393279120924e+00 7.937768843747122105e+00 1.508140769793189784e-01 2.379346800388538341e+01 3.629534657686306565e-28 1.193267784994311090e-28 4.782151628592827604e-29 4.950573647285092527e-01 9.390161727573571682e-29 6.532899997418183417e-04 1.525317873687205908e-04 2.446022358380410587e-04 1.825213669649641823e-01 6.726970088466203632e-04 5.947848858832499245e+05 2.244162679658152629e+05 1.151462605376112624e+05 3.693242934480274742e-01 2.764862644462344470e+05
7.132022754595307212e+00 2.056847111141613738e+01 3.705181802173573402e+00 2.264158483227102892e+00 7.152208398633411179e-02 1.973391077231851654e+01 2.124481675728791530e-28 1.245373698570301736e-28 2.415454836292053076e-29 4.026505453700433002e-01 8.572603580856015983e-29 5.979960436738696950e-04 7.663919161121483282e-05 1.333988427337747581e-04 1.043539159352711021e-01 5.949999324906295531e-04 5.825300332632793579e+05 3.054658435463898350e+05 7.053323189240181819e+04 3.399731088379459587e-01 3.017669903032766888e+05
1.239403505359512359e+01 8.862171916495744650e-01 1.036240652264989182e-01 1.044014624410994907e-01 6.700729061887129856e-02 8.686841186742606524e-01 1.132899084362327136e-29 4.287842562737128024e-30 1.374493055375504188e-30 4.366888899031449722e-01 3.914427807162513885e-30 6.404153841107985880e-04 1.698634178404308985e-04 1.576299884233177536e-04 1.193061489773124678e-01 6.256194042097116019e-04 7.207062970834653825e+05 2.415362180495798239e+05 8.631870234582904959e+04 3.831210060086301383e-01 3.062875938489307300e+05
