# R (Mpc), mean rho (Msol/kpc^3), errup (Msol/kpc^3), errlow, std, median rho (Msol/kpc^3), mean pth (Msol/kpc/s^2), errup(Msol/kpc/s^2), errlow, std, median pth (Msol/kpc/s^2), mean gas-mass-weighted metal (fraction), errup, errlow, std, median metal, mean gas-mass-weighted temp (K), errup, errlow, std, median temp  
#  nprofs 462, mean mh 1413347797380.400146, median mh 1397532390741.704346 
#  Mass range 12.00 - 12.3 
#  Nhalos 49
3.113240848277968459e-03 7.437906274972417392e+06 3.087983180631296709e+06 7.125123337411728688e+06 6.896115685770008996e-01 8.362455819277400151e+06 4.169519676397002029e-24 3.375922639742145767e-24 2.211083106418595671e-24 4.498414725755356947e-01 3.418495466528290619e-24 2.236733215408267736e-02 8.409085238052713129e-03 9.916769811442672361e-03 2.492649123938372180e-01 2.202968563175339289e-02 3.132851994902685983e+05 1.066297225722911826e+05 7.144437671968829818e+03 6.490968227155752279e-01 2.918202208914559014e+04
5.410192526233861474e-03 2.148849208961084485e+06 2.069557989058025647e+06 1.992751625108986162e+06 8.390251551349984238e-01 2.026802186831744853e+06 1.343590064395123308e-24 5.311899454358424581e-25 6.197023937312103427e-25 4.715361879852067450e-01 1.000897904225621104e-24 1.710777732890310723e-02 1.013123571176611712e-02 5.569704292087807040e-03 2.339753291300154525e-01 1.544089970712794746e-02 6.796129378296369687e+05 7.222330539165248629e+05 5.456800007346966595e+03 8.506935333272828137e-01 2.438839956880213140e+04
9.401837055782886685e-03 7.105841799943962833e+05 4.534762965546435444e+05 7.315001123409772990e+05 7.469282420060702199e-01 7.619422392196970759e+05 1.500228871406686126e-24 7.857716166153014663e-25 2.780549752874926383e-25 4.655184367972720616e-01 5.345079663497266481e-25 1.127646236121286789e-02 4.226642740554297645e-03 4.781766403320481841e-03 2.028420297958759833e-01 1.104228477976647999e-02 5.945732283117217012e+05 1.388336975309051108e+06 4.619587337432102504e+04 7.524090981813966739e-01 7.275366499148344155e+04
1.633852022730607895e-02 2.276224491426881868e+05 2.365405756413009367e+05 1.373748506896638428e+05 5.384539537751185101e-01 1.780564450256343116e+05 6.965383764014756656e-25 5.269420273837449976e-25 2.247878399277991942e-25 3.766108543310788259e-01 5.027861848025613889e-25 7.959211574592242600e-03 4.555959430615808686e-03 2.449310641220191209e-03 1.957007118003470936e-01 6.898297687269273892e-03 5.279967705101595493e+05 9.024449053644302767e+05 1.176700905801527115e+05 5.302510871729910757e-01 1.918009127686214051e+05
2.839309399155095365e-02 5.854780333046806481e+04 6.429306404543326062e+04 3.485174824488528247e+04 4.430115383909843385e-01 4.752557050583958335e+04 4.297407386781767386e-25 2.094483494283496097e-25 2.440380934518070540e-25 3.753994434917382605e-01 3.941937890705364676e-25 5.988485352016040437e-03 3.458233779583232831e-03 1.826795533765006134e-03 1.936754064370217465e-01 5.404773118395248335e-03 8.845754808409765828e+05 6.087712505303617800e+05 3.318732837053503026e+05 4.128378236390000122e-01 5.515622834757311502e+05
4.934154226927617293e-02 1.563925066165765020e+04 5.202661845871672995e+03 1.003259903911948641e+04 3.619986700329119178e-01 1.565338859051838517e+04 1.951329548873847107e-25 1.537910962190749359e-25 4.096497382993199961e-26 3.409237605816009542e-01 1.572188749722772888e-25 4.345818627275180139e-03 3.154254361438269504e-03 1.305211300646402436e-03 2.290196033057255443e-01 3.632267689047283428e-03 1.043323926843291614e+06 5.774614796486889245e+05 3.492749651161367074e+05 2.560126775568697943e-01 8.470917393442281755e+05
8.574577304732042271e-02 6.100339693989068110e+03 2.175123059605054550e+03 3.585298284196493569e+03 3.171584638925291633e-01 6.417022422218701649e+03 8.317914052179808521e-26 4.027417003775984515e-26 3.397918638239873877e-26 2.915636790152635882e-01 7.839535346847727753e-26 2.848597958603853869e-03 1.837336166531074264e-03 9.420676605131105604e-04 1.958738014877473010e-01 2.584975626438923511e-03 9.968328670401055133e+05 2.951300722826002166e+05 2.079335240296807606e+05 1.426957414318418826e-01 9.337297610063264146e+05
1.490090754633893733e-01 2.453026608779933667e+03 9.311122682390910086e+02 1.071927476496099416e+03 2.524297935580721575e-01 2.496823063899635144e+03 3.106993173784825803e-26 2.343583302481241240e-26 1.024253276510927413e-26 2.647776595787601495e-01 2.566168578482527262e-26 1.939307684063482215e-03 1.451444514780836316e-03 3.909360247653973462e-04 1.956749744146390191e-01 1.545588333566632515e-03 8.916072652723272331e+05 5.351544494469880592e+05 1.687722752285567112e+05 1.725264091121468946e-01 7.269579282614083495e+05
2.589480948314561437e-01 7.500822510165384074e+02 2.052479631994231113e+02 2.837103070244977516e+02 1.723230382608678390e-01 7.484768495053210700e+02 7.834535866887419246e-27 4.395688299429386004e-27 3.111571627434670988e-27 2.963030264855001095e-01 6.278547806496174704e-27 1.355385847616546796e-03 1.156135849257157412e-03 3.888887155370365171e-04 2.412389404030334805e-01 1.047866333568659618e-03 7.078946861498821527e+05 5.175127837116793962e+05 2.236110858283164562e+05 2.401114592882994669e-01 5.659037060897991760e+05
4.500002138011764963e-01 2.322199280927059419e+02 1.818840088456471449e+02 4.677951121600185047e+01 1.901207792146273057e-01 1.868490401764818216e+02 2.423295156619560759e-27 2.141197055769924738e-27 5.842590400671897149e-28 4.566057960214702227e-01 1.068407653714744271e-27 1.049988962363744864e-03 1.197717931064345249e-03 5.498427907039450668e-04 3.778273638485170616e-01 8.847214164164273701e-04 5.731536803665315965e+05 3.464379837889374467e+05 1.675666415623991052e+05 3.108698053986357346e-01 3.799283203699871665e+05
7.820107444810802111e-01 1.015032786203091888e+02 9.075572813754226331e+01 1.679276455302712634e+01 2.665888028192647807e-01 6.685165626500702274e+01 2.189434522820871494e-27 1.551338688915627500e-27 2.051132473589379273e-28 6.989696000349763239e-01 2.682870669674106589e-28 9.901142703817970847e-04 1.366747802747607290e-03 4.362140454087958452e-04 5.855925976608118422e-01 6.023611950326250748e-04 5.546321849178560078e+05 4.113151265117118601e+05 1.637242493337515043e+05 4.537891047287099799e-01 2.488455200587593426e+05
1.358978919850138967e+00 5.891886347407495350e+01 2.678824721766526551e+01 1.522576836801861688e+01 2.829545302481490943e-01 3.902063808977064951e+01 3.355857433149652921e-27 2.735111134030247070e-28 1.235140649159485356e-28 7.708994918460863044e-01 1.438938839290682467e-28 8.467642438691238551e-04 8.257294299969291035e-04 5.421993731501731318e-04 5.081581956545211387e-01 6.973562647588350772e-04 6.374275557368433801e+05 2.916867959684631787e+05 1.862511042578155175e+05 5.140032948756541042e-01 2.461803408261921722e+05
2.361634693168501720e+00 3.499355770005640665e+01 1.627382111425724887e+01 7.274743848102918520e+00 2.143485957357270377e-01 2.726797556963421343e+01 8.792908762330124137e-28 1.839935868527705710e-28 7.462006804648372249e-29 6.422870898830651543e-01 1.036587530781461183e-28 8.010288511244965807e-04 4.437181529679114049e-04 4.427767237006846428e-04 3.059593670102057072e-01 7.666262322948537780e-04 5.601916187202391447e+05 2.503144803567204217e+05 1.479854885369503754e+05 4.464052987256007521e-01 2.466134672090691456e+05
4.104050726991497200e+00 2.499563797401944854e+01 8.314167234273821094e+00 7.837973604322087340e+00 1.497715095432142762e-01 2.365484703673693545e+01 3.489852189029740497e-28 1.006442027347178184e-28 6.049379453818479042e-29 4.905312002617066569e-01 9.877228224253049650e-29 8.085978798803674424e-04 1.901373494216878181e-04 2.855501052073446556e-04 1.745564169436079338e-01 8.098722683826977938e-04 5.706313318942834157e+05 2.229626601342990180e+05 1.279575682455930219e+05 3.659956306288802419e-01 2.634635573637103080e+05
7.132022754595307212e+00 2.045640393256300982e+01 3.542389147450194287e+00 2.216340496695949014e+00 7.085763916818779706e-02 1.960398352982094039e+01 2.053778683231117984e-28 1.366611483320526764e-28 2.386811533721922469e-29 4.013615056414573945e-01 8.226583278146186168e-29 7.426758687518357016e-04 9.777466967288129217e-05 1.386388879300419485e-04 9.766914057988052011e-02 7.272564912365361671e-04 5.663338353074577171e+05 3.527676377597754472e+05 6.257292037047439953e+04 3.395646126818410160e-01 2.843759922932406771e+05
1.239403505359512359e+01 8.086305184054380923e-01 8.454790027139069686e-02 1.008225855978006624e-01 7.014128910056746657e-02 7.945581272413101415e-01 1.143853929978930396e-29 5.466889043017439093e-30 1.384347426654010841e-30 4.694042627497859166e-01 3.554129274989270972e-30 7.899288160102796007e-04 2.103280329838215891e-04 1.238433610250942599e-04 1.203692856744612294e-01 7.348597563107715303e-04 7.704331218376220204e+05 4.555176525282427319e+05 8.439657558388885809e+04 4.115457272690954404e-01 2.970848271882217960e+05
