# R (Mpc), mean rho (Msol/kpc^3), errup (Msol/kpc^3), errlow, std, median rho (Msol/kpc^3), mean pth (Msol/kpc/s^2), errup(Msol/kpc/s^2), errlow, std, median pth (Msol/kpc/s^2), mean gas-mass-weighted metal (fraction), errup, errlow, std, median metal, mean gas-mass-weighted temp (K), errup, errlow, std, median temp  
#  nprofs 461, mean mh 554082382126.613892, median mh 510728847712.273926 
#  Mass range 11.50 - 12.0 
#  Nhalos 181
3.113230364662173105e-03 3.825026727783372160e+06 2.051429168049945496e+06 1.181259438724824693e+06 2.954610039008265798e-01 3.355531967173866928e+06 9.581717260233011249e-25 7.985778460826671826e-25 2.461907763498358642e-25 4.092161174015124803e-01 5.199082536684342665e-25 1.860205105272833698e-02 1.063895176605633708e-02 7.541715254035455049e-03 2.425393350218042754e-01 1.682686651896040525e-02 3.759712266396892664e+04 4.369112732039075127e+03 2.099587085044835476e+03 2.486143308485828374e-01 1.490952019798172296e+04
5.410174307797641774e-03 1.578310257314926246e+06 8.990100049191638827e+05 5.352367972562965006e+05 3.810862375584322392e-01 1.392322011742447969e+06 2.752676467763667724e-25 2.387881558171326242e-25 6.731525082272993172e-26 3.523727388312757891e-01 1.604425560281190468e-25 1.496462552015601945e-02 8.259128196903388688e-03 6.336282314952959918e-03 2.332013183430046432e-01 1.419755674136233443e-02 3.972481856354636693e+04 4.457832374256291587e+03 1.712878259950261054e+03 3.188642246399369107e-01 1.249312447762903139e+04
9.401805395769324489e-03 7.332686102948402986e+05 3.854387653697034111e+05 2.908487294463479193e+05 4.308945353639844766e-01 6.926191458428233163e+05 1.683109972380990316e-25 1.658555315515864727e-25 5.351399302447786395e-26 3.717051097308388119e-01 1.055561632549072877e-25 1.075737635670465792e-02 6.867123136801749766e-03 5.461058065707869238e-03 2.630065169477565079e-01 9.997952740955891315e-03 4.686393118727138790e+04 1.957088429751719377e+04 3.170564937146969896e+03 3.721484025007228968e-01 1.375208263241105305e+04
1.633846520850827655e-02 2.671627892597957398e+05 1.118097680670758709e+05 9.819717164776084246e+04 4.131436154871082067e-01 2.599997280301779392e+05 1.580313352848899791e-25 1.636850608055354692e-25 6.495701658747998865e-26 3.887144436666656322e-01 1.073915367802478284e-25 7.917217287939462902e-03 4.847472860776982050e-03 4.200672913736958405e-03 2.825430345223917672e-01 7.342296729963210429e-03 8.014494544023649360e+04 6.638717800759989768e+04 1.500154477969939398e+04 4.285068815035981138e-01 3.157663997384342656e+04
2.839299837983852784e-02 6.329957756359375344e+04 4.008099776743414986e+04 2.552096824614086290e+04 3.541294815009487507e-01 5.720213058744082809e+04 8.699010499301963341e-26 8.531541794294948336e-26 2.776593432476769706e-26 3.495259715728971650e-01 5.622680583615258773e-26 6.002955605421073440e-03 4.239113028581382135e-03 3.349755283352697476e-03 3.029390965162093163e-01 5.442198146629340268e-03 1.396704894477396447e+05 1.276146385787686304e+05 4.902511327231749601e+04 4.012821798771019077e-01 8.211598941720752919e+04
4.934137611516303812e-02 1.150567598783410904e+04 6.682930259220043808e+03 4.615487329515430247e+03 2.949368635108189363e-01 9.963593641510389716e+03 3.267968555191347156e-26 2.495191121475746276e-26 1.012399736788632011e-26 2.827263476970617861e-01 2.453242248094758654e-26 4.411151126220768520e-03 3.198557929227200704e-03 2.631977743251437581e-03 3.538691903617601775e-01 3.943250922924689504e-03 2.366969322404088743e+05 1.862503136841588421e+05 1.078365374396631814e+05 3.012945802176180132e-01 2.014234615647062892e+05
8.574548430456500892e-02 2.372056761497477964e+03 1.328070908902742758e+03 6.337311099785515580e+02 2.248014702205487769e-01 2.116906848256668127e+03 1.345636780765517932e-26 1.077281775467613060e-26 4.278826568548648174e-27 2.744414011972130529e-01 1.041687842212012395e-26 2.282473411035623647e-03 2.316544704972379326e-03 1.112973969616586414e-03 4.238243564269236763e-01 1.648744692634299472e-03 3.883239443864686764e+05 1.354467184731207089e+05 1.054014740890665562e+05 1.815333069087033124e-01 3.503883930615676800e+05
1.490085736859895482e-01 7.764807960002069649e+02 3.617253919404060980e+02 2.423657171511778188e+02 2.086129739958884344e-01 7.226493980865134290e+02 4.147054244004870005e-27 3.551775837111485997e-27 1.359039605475877342e-27 2.986715465407523973e-01 2.945976254588020733e-27 1.070652237975284939e-03 8.469079365288261028e-04 2.959557169078085438e-04 4.101017197757871324e-01 5.432168503881444621e-04 3.595936931937139598e+05 1.526834538772351225e+05 7.782514903938077623e+04 2.084790677491570321e-01 2.867346610328897368e+05
2.589472228422751710e-01 2.342224048286981031e+02 8.803227511371159153e+01 7.582637494258966626e+01 1.925821434499478124e-01 2.181465200953313683e+02 1.092194509887168315e-27 8.997469900945568135e-28 3.591765566273206296e-28 3.758006699415117335e-01 6.836696425819346320e-28 6.171914827396983742e-04 4.800094587380168026e-04 1.379049213406659778e-04 3.995974018132332772e-01 2.875549937145865606e-04 2.989391746936720447e+05 2.198742112463413214e+05 8.296255584976202226e+04 2.758253348414987927e-01 2.167005644037465390e+05
4.499986984576546667e-01 7.351426684421208790e+01 4.826896070662767357e+01 2.470815789852383659e+01 2.446006372628577452e-01 5.798807289246203567e+01 4.246911654769903102e-28 4.886567341708882848e-28 9.415135780177248634e-29 5.593164491099946733e-01 1.406933239099143653e-28 6.274458168734556177e-04 8.789621400733678945e-04 1.063546488318819176e-04 5.715623985210215308e-01 1.843987271541995434e-04 2.778060198001329554e+05 3.125765227339770645e+05 7.478628532256931067e+04 3.703301068364193704e-01 1.525341196732432873e+05
7.820081111158523335e-01 3.403332121375799346e+01 3.321202386688159436e+01 1.059288276223738734e+01 3.202255469498964668e-01 2.274305117312000135e+01 3.415729048813292267e-28 4.348007442645732821e-28 2.999078515009425069e-29 7.617307893265353735e-01 4.098267285793259573e-29 7.471082336566363738e-04 1.387047078867735669e-03 2.228826121512733681e-04 8.350793511308397532e-01 2.468376818255665146e-04 3.018530466510365950e+05 3.958608618330956670e+05 9.100794674059914541e+04 4.810048000197734153e-01 1.396411005654884793e+05
1.358974343585863442e+00 2.235417570207390980e+01 2.214933826785797777e+01 5.969457370407971197e+00 3.468635718688873326e-01 1.287800539069044703e+01 5.827814610654169347e-28 2.870406611963629316e-28 3.261764615850237886e-29 8.783389535671914938e-01 3.741931289639006985e-29 1.068792381257029685e-03 1.573304044346230226e-03 6.859098901773916061e-04 8.372549251616879795e-01 7.458861668634424093e-04 4.139430960426360252e+05 5.053835259691313258e+05 1.386655467354935536e+05 5.611261790753311329e-01 1.791115623774930718e+05
2.361626740532650537e+00 1.609649413746962665e+01 1.185876461719327146e+01 5.650939322651129970e+00 3.340376366516721873e-01 1.056758008076726618e+01 6.316972188695289552e-28 1.806080588408231668e-28 3.403515430575241352e-29 8.727153646593530656e-01 3.930318994390266262e-29 1.257405035275750271e-03 1.291176534859182984e-03 7.805004796832944397e-04 5.843500517597215449e-01 1.066933435260673585e-03 5.848254631585404277e+05 4.092752889655274339e+05 2.053977246121436474e+05 5.546697275805387850e-01 2.765537923311636550e+05
4.104036906894324765e+00 1.095016308655714177e+01 7.589896626541148272e+00 3.229051183333646158e+00 2.823331197235161572e-01 7.837660352100580319e+00 3.903186312521228288e-28 1.126049211137653627e-28 2.850366730355622843e-29 7.914290693820061895e-01 3.625935470114514522e-29 1.398186785213053479e-03 5.905129758963765813e-04 6.811139401009127072e-04 3.356731277589447004e-01 1.415823795806448815e-03 8.522323852076642215e+05 3.513206884656733600e+05 2.060464955207059102e+05 5.188340530012289786e-01 3.293437852940011071e+05
7.131998738018977768e+00 7.458938431439756656e+00 2.435632567534534054e+00 2.175682696473028699e+00 1.684608190713605680e-01 6.819079555380924695e+00 1.468899910076712707e-28 4.530010346675651331e-29 2.134777793066278031e-29 5.703235986282312320e-01 3.514879047947650285e-29 1.357925679429986291e-03 4.033249024584279092e-04 4.281875831283518240e-04 1.372055341393575989e-01 1.338120149917927399e-03 7.916075785111709265e+05 2.765657218028841307e+05 1.526493863197960018e+05 4.113427851531141766e-01 3.516786802141125081e+05
1.239399331756889211e+01 4.242528945656955486e+00 1.468153736804389098e+00 5.120113330730573509e-01 9.134190201650516094e-02 3.982205899578933561e+00 7.686959097961821240e-29 2.419059544154942863e-28 6.191244978471437900e-30 4.962417782518653842e-01 2.135714735142514198e-29 1.337962293105842380e-03 3.981012122606978308e-04 1.689400463197299716e-04 8.055501656860508675e-02 1.290973472849557416e-03 1.004889116132157505e+06 2.770492422935353126e+06 8.667751379356498364e+04 4.137304334543664419e-01 3.768972466141583282e+05
