# R (Mpc), mean rho (Msol/kpc^3), errup (Msol/kpc^3), errlow, std, median rho (Msol/kpc^3), mean pth (Msol/kpc/s^2), errup(Msol/kpc/s^2), errlow, std, median pth (Msol/kpc/s^2), mean gas-mass-weighted metal (fraction), errup, errlow, std, median metal, mean gas-mass-weighted temp (K), errup, errlow, std, median temp  
#  nprofs 444, mean mh 549906911354.886353, median mh 514327543642.637756 
#  Mass range 11.50 - 12.0 
#  Nhalos 165
3.113231678211726954e-03 3.368402392924440093e+06 1.509840590741742402e+06 8.978305411588391289e+05 1.813196511869063221e-01 3.017415508260205388e+06 6.614167602359552886e-25 4.342719513443348146e-25 2.332778424822344627e-25 3.087029121093315953e-01 4.881490764808612711e-25 1.502142177238549071e-02 7.390407773369528019e-03 3.801995897947692618e-03 1.703926561133174422e-01 1.339397240839224935e-02 1.493342726092172597e+04 3.686885388913869974e+03 2.098897245465985179e+03 1.063959971746584743e-01 1.381148083569505980e+04
5.410176590485145202e-03 1.036488023441544618e+06 6.456331246099262498e+05 2.810076626180093735e+05 1.869409392661758040e-01 8.773511851986425463e+05 2.263375853039847100e-25 1.521729334809797719e-25 5.911776969136966538e-26 3.262927636687270039e-01 1.366658340186502373e-25 1.173488535606219581e-02 5.602777379164465207e-03 3.806084169626690675e-03 1.857815426460879271e-01 1.085109977417322326e-02 1.798778694136648846e+04 6.019174018978806998e+03 1.287034483549463403e+03 2.179479280020407417e-01 1.177368837151155094e+04
9.401809362625560343e-03 3.744091537545031169e+05 2.299137021106026950e+05 1.297102889715626952e+05 2.201710627415728871e-01 3.210559119510586024e+05 1.799778388510476850e-25 1.794950516571555022e-25 5.879487188419231193e-26 4.209632294311980161e-01 1.005912430647566707e-25 6.817855361766085240e-03 4.235867636217948914e-03 2.098810250185125653e-03 2.117505120197573087e-01 5.868966201589959769e-03 4.088453573925682576e+04 4.092429135959933046e+04 8.645516559831979976e+03 3.740273090800290134e-01 1.980279469610857632e+04
1.633847210211432713e-02 1.309180979121603596e+05 9.294792563321875059e+04 4.804287498087843414e+04 2.515057912483703029e-01 1.138252361726386007e+05 1.704868894507929603e-25 1.505918593016400159e-25 8.270505305062177362e-26 3.670170550938174903e-01 1.307557382704765356e-25 3.963084413728170177e-03 2.142043489313244595e-03 1.273536653291923188e-03 2.151426408637955590e-01 3.407818469025554031e-03 1.238201192074246937e+05 1.177244778355341259e+05 3.852739582324594085e+04 3.976142382215077653e-01 7.067871346041299694e+04
2.839301035955283867e-02 3.262237707035947824e+04 3.092964779409773473e+04 9.419896263586420901e+03 2.643445979490695597e-01 2.525724518585136684e+04 9.658275704829524872e-26 7.222021601891210533e-26 3.970131970881643796e-26 2.915637167360927706e-01 7.881356657300320811e-26 2.586807742104719685e-03 1.719903521433527056e-03 7.588401888569940544e-04 2.270649486187964194e-01 2.124165592344317600e-03 2.638069219462721376e+05 2.625894286916211131e+05 1.094292515506287891e+05 3.445227901918225810e-01 2.020448343810150982e+05
4.934139693352049272e-02 7.963119440438747915e+03 4.590720445911391835e+03 2.303905924567317925e+03 1.997051925714973253e-01 6.793138867754499188e+03 4.929805584063001367e-26 4.078837362210278876e-26 1.880422095490445974e-26 2.801023435035487341e-01 3.961914815404717307e-26 1.667470571639512959e-03 1.164635882917495211e-03 5.996095154020015389e-04 2.684148032811337625e-01 1.373084038753704999e-03 4.496697482571367291e+05 2.791023256536897388e+05 1.969940711624342366e+05 2.595223350337133583e-01 4.034706461622038041e+05
8.574552048272386651e-02 2.978309118747490629e+03 1.445006535518878991e+03 8.864279787436807965e+02 1.607379783138723761e-01 2.730011686046448631e+03 2.084333075063478129e-26 1.852677534229163243e-26 8.757602980366037775e-27 2.888684376134750265e-01 1.676447655010281494e-26 1.004288773520717413e-03 7.106097563916723451e-04 3.627450553557335982e-04 2.647062362912848688e-01 8.298617474769655116e-04 4.401560550236157142e+05 1.923324066714124638e+05 1.456907767044403590e+05 1.689317737108401996e-01 4.194640043964393553e+05
1.490086365564239901e-01 1.136604957072005845e+03 6.178894853286276430e+02 3.119275557059891071e+02 1.721496083230242558e-01 1.029011097093984290e+03 6.123801290759549143e-27 6.864823135369692142e-27 2.379892392882295198e-27 3.068932370476300520e-01 4.534439918301882804e-27 7.342577121646539501e-04 3.687084305532289550e-04 2.463350941587015932e-04 2.315336539782292258e-01 6.439744611241507563e-04 3.270279428505511023e+05 1.581560239164658124e+05 9.213271624195767799e+04 1.496050710514339466e-01 3.036024475505081937e+05
2.589473320985681837e-01 3.675144613293929297e+02 1.811228795047383073e+02 1.265111524574787154e+02 1.955549351515822598e-01 3.341105490746050464e+02 1.453242781224462818e-27 1.218668068359758429e-27 6.350626878928744685e-28 3.686610901966198561e-01 1.054763538721660527e-27 5.709628464924543104e-04 3.562942327622848704e-04 2.121062027097585299e-04 2.523609605178639970e-01 4.959202144382840330e-04 2.247801300042042567e+05 1.079711742713844869e+05 8.350888241597576416e+04 1.848014633838442056e-01 2.143705922915859846e+05
4.499988883233312364e-01 1.193458212316516693e+02 6.083119062707801561e+01 3.417998165398189769e+01 2.030767371720798298e-01 1.000578470448617594e+02 4.642809940145700489e-28 5.040690342346972053e-28 1.393844024566454271e-28 4.761819786230540030e-01 2.228158608328502166e-28 4.001303035932818677e-04 3.786071075070919761e-04 1.373090195840849330e-04 3.294704577016147051e-01 2.911432719493785987e-04 1.951863459332062048e+05 1.759071833942593657e+05 6.665291052091213351e+04 2.913399345047096856e-01 1.455753852073532180e+05
7.820084410645824491e-01 5.399536059936495036e+01 4.738764970798889919e+01 1.650679794974578130e+01 2.675064790335129894e-01 4.020344838033325630e+01 2.799627375562007573e-28 3.637063219778656389e-28 3.703973718360393996e-29 6.568378921037361096e-01 5.629225739482616215e-29 3.778041274418323455e-04 6.335614511064974674e-04 1.060985829605024075e-04 5.509141166427984349e-01 1.594635053527691403e-04 2.008928606881751039e+05 2.420163858517684857e+05 4.930879001840837009e+04 4.085176089255489473e-01 1.000108429902787175e+05
1.358974916971039892e+00 3.388879011576455724e+01 2.893679612277737689e+01 1.094396413660903811e+01 2.732677131623912348e-01 2.604136213179154780e+01 2.159128065660342723e-28 4.220797044194803925e-28 3.735966501069840604e-29 7.457354746066188200e-01 4.719884335102871980e-29 4.545675369175223917e-04 6.299523665165843644e-04 2.654343003118394087e-04 6.545525981388032877e-01 3.063098089404187171e-04 2.577094545410264691e+05 3.853534446472352138e+05 8.206837700544472318e+04 4.906926998905936088e-01 1.240981556619526527e+05
2.361627736961885660e+00 2.542306866717479963e+01 1.841684124022196301e+01 7.774371491626816066e+00 2.457109480998184714e-01 2.023057479348312881e+01 3.964647531276882233e-28 1.907968555891871041e-28 5.102742206060730711e-29 7.027147249822951469e-01 6.314092792488749741e-29 5.584974180145472686e-04 3.916092387257374312e-04 3.456666117707516317e-04 4.411808428093046963e-01 5.190069855690802566e-04 4.198485218302620924e+05 2.895608639008463942e+05 1.751735152703315543e+05 4.772769745885321879e-01 2.363070139824991929e+05
4.104038638489875268e+00 2.107616198284623010e+01 8.866532736912340340e+00 5.009024135626800600e+00 2.182404594379245277e-01 1.662641394702036024e+01 6.685797873204266585e-28 1.342550840859098428e-28 4.404190769317359112e-29 7.199487567826259315e-01 6.791538841915947724e-29 6.272043525881847983e-04 2.874480569272437787e-04 2.072229474282646553e-04 2.423846807279396720e-01 5.675763891498577119e-04 9.267378094015150564e+05 2.864906961025404744e+05 1.306978576812804386e+05 5.123322503572144138e-01 2.625960856950843008e+05
7.132001747187159957e+00 1.610686240121500390e+01 4.301350513528575448e+00 3.118133938494818125e+00 1.043102768174337808e-01 1.561578934485603298e+01 2.281588115728911282e-28 1.988929937096110251e-28 3.322095431958611641e-29 4.963690167923946461e-01 7.205159098172115972e-29 5.790336436059253470e-04 1.631697122359206413e-04 1.353102048601197301e-04 1.314829401325893488e-01 5.497658401356538818e-04 7.578991252997041447e+05 8.177301143064659555e+05 1.055105683320697281e+05 4.083489678735782169e-01 3.065450784433868248e+05
1.239399854690385538e+01 2.000384997051237956e+00 4.399141609469461311e-01 2.376750035816099782e-01 9.115722193327834011e-02 1.866744705819685768e+00 3.486407213167007019e-29 2.191227143810337825e-29 3.259264052266204917e-30 5.227213805695420934e-01 8.364881717571523736e-30 5.827045819987628460e-04 1.951310657359655795e-04 1.150246259629818897e-04 1.407689452955681597e-01 5.307573836542606779e-04 8.909167636545507703e+05 6.725488377444564831e+05 9.688560420897003496e+04 4.416795414444195655e-01 3.004702205246901722e+05
