# R (Mpc), mean rho (Msol/kpc^3), errup (Msol/kpc^3), errlow, std, median rho (Msol/kpc^3), mean pth (Msol/kpc/s^2), errup(Msol/kpc/s^2), errlow, std, median pth (Msol/kpc/s^2), mean gas-mass-weighted metal (fraction), errup, errlow, std, median metal, mean gas-mass-weighted temp (K), errup, errlow, std, median temp  
#  nprofs 417, mean mh 220063379458.030609, median mh 212625248601.621002 
#  Mass range 11.00 - 11.5 
#  Nhalos 193
3.113254364569109471e-03 1.229704416207325412e+06 5.917474366901363246e+05 3.787608999284263700e+05 2.020202540058831930e-01 1.109120457478047814e+06 2.152772546001350803e-25 6.378731857878042469e-26 3.483670727883255540e-26 2.780497579056567803e-01 1.015195937559900223e-25 6.678815564879249551e-03 3.667434134387205155e-03 3.118059865941787308e-03 2.507042521273021851e-01 6.159078920160073259e-03 1.556819860033228179e+04 6.281714195247877797e+02 6.283854089376800403e+02 1.304857212515786735e-01 1.199840848335783448e+04
5.410216014855808234e-03 3.486698305085121538e+05 1.304788245628919103e+05 1.000504479013913951e+05 1.616429699765866146e-01 3.254769502058263752e+05 3.837010158471936746e-26 1.156685663929029419e-26 8.565658531158758427e-27 1.810608033107484194e-01 3.278745611763146037e-26 6.179569985818113981e-03 3.442288723449211940e-03 2.795609591134512115e-03 2.492662269544393405e-01 5.802364680225356036e-03 1.216800904955304031e+04 7.440774238836602308e+02 6.854755503481919732e+02 6.580235517571364490e-02 1.176614948576630923e+04
9.401877874329571741e-03 9.395970015947199136e+04 3.618107233215728775e+04 2.650510016433519195e+04 1.732810091188375645e-01 8.574389276853081537e+04 3.051451937502582329e-26 1.461510254741777461e-26 2.932902479546154854e-27 3.405784946074968400e-01 1.266827196103592097e-26 5.178760563335576238e-03 2.688281407487167103e-03 2.580606833627543343e-03 2.524036546371385970e-01 5.037047804680447501e-03 2.228842108347679823e+04 6.966190221699689573e+03 1.426948897029647924e+03 2.494749860017255738e-01 1.321258841806116834e+04
1.633859116181033549e-02 2.897666072487335987e+04 1.638408150163410392e+04 8.327569863663531578e+03 2.388037287583055224e-01 2.472074940523181067e+04 2.439306375582272522e-26 3.704262995173048761e-26 2.693064432137591104e-27 4.296125526870759326e-01 8.567493486399532006e-27 3.842923595991070990e-03 2.577166457737134313e-03 1.651405359026677198e-03 2.681906734122834757e-01 3.332391403160862853e-03 8.487661588655486412e+04 7.960476832460888545e+04 8.729772258143268118e+03 3.985322603339905845e-01 2.638044772385623219e+04
2.839321726159124010e-02 1.038967353554932015e+04 8.325681706397797825e+03 3.391864671754542542e+03 2.592551768348668739e-01 8.533410878618513379e+03 1.315815256869084558e-26 1.450769142998778938e-26 3.214428632174901449e-27 3.479904399332476861e-01 7.454789336572425164e-27 2.397192621904696824e-03 1.736976864220891349e-03 9.330305809442903438e-04 2.758153128663702325e-01 2.014942730604082476e-03 1.296336164617307368e+05 8.527629704164987197e+04 2.566961447199744725e+04 3.691330872910246197e-01 5.905018402888194396e+04
4.934175648805434050e-02 2.712253653001213024e+03 1.884885049242343030e+03 1.010549605529946348e+03 2.512177685353411127e-01 2.285181813118511400e+03 6.108339160616813657e-27 4.800767805759599151e-27 1.879551243809027561e-27 2.712165707901406653e-01 4.490156462852594719e-27 1.303542709683250082e-03 1.100762255972495508e-03 4.385694341656036239e-04 2.891336722394893810e-01 9.962697568812021749e-04 1.976075192405304406e+05 1.157769407408963889e+05 5.883034738362776989e+04 2.761292105430983024e-01 1.425604186879231711e+05
8.574614531689064845e-02 7.557754712726542721e+02 4.193587261522845893e+02 2.637876345088088783e+02 2.092575736984588486e-01 6.739782464808702116e+02 2.683636534978714587e-27 2.058101060286870327e-27 9.016202486835446166e-28 2.880170151569936277e-01 2.004413858916543082e-27 5.732240244118866823e-04 4.558231019971505289e-04 2.102947066777497136e-04 2.934611753812044754e-01 4.353315725392322886e-04 2.533446957526099286e+05 9.454911898767499952e+04 6.924823527024095529e+04 1.973408943365210499e-01 2.117104205401464715e+05
1.490097223937570103e-01 3.191026689349536696e+02 1.769612874240471569e+02 1.310510634891469977e+02 2.053694405816341439e-01 2.974796023682362716e+02 1.146332233164165566e-27 8.490245012403313300e-28 4.492648823144463989e-28 3.570448618578799249e-01 7.800217106250857416e-28 3.240770096776725978e-04 2.211955089015395465e-04 1.241304850905602692e-04 2.828341479855270291e-01 2.629628455753621648e-04 2.203825478061745234e+05 8.828342199718925986e+04 5.268799938133689284e+04 2.144821525723231426e-01 1.681433136134298693e+05
2.589492190675852235e-01 1.358816926110675070e+02 7.286277623266254011e+01 5.039827457735945870e+01 2.235756452853062126e-01 1.178057417263236601e+02 5.385396960813356034e-28 2.821578035997895329e-28 1.395707167404139249e-28 4.509312641207498529e-01 2.288977931332122534e-28 2.564084262921807159e-04 1.544724403636549184e-04 9.692100196887863531e-05 2.632625161491858878e-01 2.189801442307307054e-04 1.889959457288217964e+05 7.905989682047533279e+04 4.789795046883777832e+04 2.701108518028592087e-01 1.288848145124394941e+05
4.500021674996532717e-01 6.829907398112642625e+01 4.923909070003720956e+01 2.123660019006382171e+01 2.712567469802180109e-01 5.122186038532213104e+01 3.760805222035364996e-28 2.343318959770470749e-28 4.687612834381435035e-29 6.021061752929990352e-01 7.172046378825141860e-29 2.951908689195595391e-04 2.250005105528077884e-04 1.050739599484090946e-04 3.554377998778143199e-01 1.977204824608875362e-04 1.856422714189559047e+05 1.344798449857168598e+05 3.858724694023147458e+04 3.550975531019479048e-01 9.258412632528929680e+04
7.820141396199125072e-01 3.891803958551667364e+01 3.222798634204659862e+01 1.007566355878220676e+01 3.099424024814453338e-01 2.454800660403861201e+01 4.671147434830061013e-28 1.786126229994712578e-28 2.241026389612785499e-29 7.310128599080731870e-01 3.179738873007932476e-29 3.232443457825931346e-04 4.815181190906041384e-04 9.055765409627077934e-05 4.251658131884862302e-01 1.738332433646695360e-04 2.249132944836434617e+05 2.147644708177080611e+05 3.694289567026689474e+04 4.343397321043919734e-01 8.050681502185163845e+04
1.358984819925215248e+00 2.690647908375614605e+01 2.660486919210472223e+01 7.257241021042922569e+00 3.660454420649448815e-01 1.505468101564293626e+01 1.125860965679726525e-27 2.445622018433097043e-28 1.312838156306515387e-29 9.088399135820441899e-01 1.678585698173875653e-29 3.555383057543530663e-04 5.673487004536587964e-04 1.547546105524737073e-04 5.340114954308625705e-01 2.128025617039980657e-04 3.342500934473183006e+05 3.272106477564198431e+05 5.060631756047310046e+04 5.517874172496118890e-01 8.246585611501905078e+04
2.361644946323858463e+00 1.693825194989078398e+01 1.309642502580525480e+01 5.830514901623742752e+00 3.236249545237432912e-01 1.151702224526105134e+01 5.627149620790508087e-28 1.326191148187383648e-28 1.977111918068540205e-29 8.701705241796936496e-01 2.299475379118507368e-29 3.888463830543040798e-04 4.076589241486951566e-04 2.333168619113242545e-04 5.300877115471258616e-01 3.253367172944934046e-04 4.006464400063726935e+05 3.271230219656685367e+05 9.591609948583506048e+04 5.608605405993880577e-01 1.316911819157274731e+05
4.104068544933373808e+00 1.161032976581718934e+01 6.181467119460291926e+00 3.739162520019792879e+00 2.333887419576283206e-01 9.971083216776380098e+00 1.909500081920662464e-28 1.101702074911968661e-28 3.898998288153834221e-29 6.844937088271753067e-01 4.698235726203488207e-29 4.441597658026500946e-04 1.828193687007402665e-04 2.102923387467470141e-04 2.861911043000859856e-01 4.490202565734033183e-04 4.880327363327533239e+05 4.320996828229537350e+05 1.897591168924044468e+05 4.674998613480681464e-01 2.757017209848989150e+05
7.132053718629468797e+00 9.998158884592410089e+00 4.002888115051558060e+00 2.644753599743920880e+00 1.615027131517877412e-01 9.042594437337989177e+00 2.171045986144151126e-28 7.751266001189547957e-29 2.618068974019407094e-29 6.019554571965380907e-01 4.538841492249985155e-29 4.796531981440885629e-04 1.303688644140418200e-04 1.265242020542655548e-04 1.446091621589997156e-01 4.597572254750104982e-04 9.025704011943999212e+05 3.683711844394255313e+05 1.289469743188804714e+05 4.551247803113284141e-01 3.144581193503731047e+05
1.239408886291934841e+01 3.896789153946472073e+00 1.403043734347047877e+00 4.793175499095139180e-01 8.885372374843163168e-02 3.629162019623693336e+00 7.827815085634567061e-29 2.589950720313546457e-28 5.955748812350446790e-30 5.242815288509510285e-01 1.908301048973748853e-29 4.924800159056851902e-04 2.195533288958794881e-04 6.153464744268840768e-05 9.565477199557882726e-02 4.568247384859979820e-04 1.102650156549042324e+06 3.348348481636176817e+06 9.724415645901288372e+04 4.468709072244201885e-01 3.685303809527628473e+05
