# R (Mpc), mean rho (Msol/kpc^3), errup (Msol/kpc^3), errlow, std, median rho (Msol/kpc^3), mean pth (Msol/kpc/s^2), errup(Msol/kpc/s^2), errlow, std, median pth (Msol/kpc/s^2), mean gas-mass-weighted metal (fraction), errup, errlow, std, median metal, mean gas-mass-weighted temp (K), errup, errlow, std, median temp  
#  nprofs 431, mean mh 4604590458002.218750, median mh 3691431328891.873047 
#  Mass range 12.30 - 13.1 
#  Nhalos 36
3.113241142682221171e-03 2.428634373602191452e+06 6.237308236360604875e+06 1.326247231191024766e+05 8.426888659143806359e-01 2.142598976653895224e+05 4.643581594193198955e-24 3.598891110686685570e-24 2.826002539084271675e-24 7.756651077243865711e-01 3.426490079439880500e-24 1.197394326543330285e-02 1.076592292583747161e-02 3.141964729103164690e-03 3.326419634961029215e-01 7.808766137509874986e-03 1.370803211708778981e+06 2.047495952599470271e+06 3.595653498340595397e+05 8.839027819557677690e-01 3.904947106078762445e+05
5.410193037849813334e-03 4.977968463645317825e+05 4.719843590540584410e+05 7.158122314861787891e+04 7.223005411524487940e-01 9.458809574449152569e+04 1.987113670805281574e-24 1.711705990562750731e-24 6.581626764742383492e-25 4.284082512857374514e-01 1.154223323532723030e-24 8.880624480777650487e-03 6.704724084554644983e-03 2.671993861055934998e-03 3.008218699703074095e-01 6.609638330449136082e-03 1.625805903645235579e+06 2.696554751966889948e+06 8.377926967923094053e+05 6.865812668281227049e-01 9.683408472129163565e+05
9.401837944869510452e-03 1.015574541353253881e+05 1.262714659060412960e+05 2.914105250213221007e+04 4.715230851598212758e-01 4.885700075189079507e+04 9.007096807544621944e-25 7.780626958891460897e-25 4.773895724044273924e-25 4.228648118921629062e-01 6.497247338185777329e-25 7.364364329903684211e-03 2.631124809334972614e-03 2.240001287435604976e-03 2.356132935914093118e-01 6.204359324225163647e-03 1.706787863605988212e+06 2.540467041669725906e+06 8.048540690879743779e+05 6.535123511295505283e-01 9.442104031233185669e+05
1.633852177236155140e-02 5.698968440106079652e+04 7.663817123880457075e+04 1.590748051774060514e+04 3.771034557199607340e-01 3.284456481147716113e+04 7.139467321277273439e-25 4.229733179883007880e-25 2.471656270378013203e-25 3.970406711374918074e-01 4.653217623503789384e-25 6.048289072998680981e-03 2.068323864973279150e-03 1.945882836351891295e-03 1.921952953639355643e-01 5.678143011960443132e-03 1.414246843399668345e+06 1.304638478296390036e+06 8.960470214395648800e+05 5.274166514052720522e-01 1.141157639083603164e+06
2.839309667654963537e-02 2.860205868155688950e+04 2.999059847685157001e+04 1.011452798624419484e+04 3.379655492429294861e-01 1.885488694749656861e+04 4.626945496895273986e-25 3.215061325332765941e-25 1.919720921258349737e-25 3.521257427991933975e-01 3.315558635567551327e-25 5.119494718820347470e-03 2.785921724550595099e-03 1.916927536742588437e-03 1.971167791438304395e-01 4.831245323151340393e-03 1.736807214717183728e+06 2.121553206879406236e+06 9.179103310680226423e+05 4.711377320432950655e-01 1.278836515472881263e+06
4.934154693526905666e-02 1.096299988046122235e+04 8.063158404651414457e+03 4.077842392143737925e+03 2.655500393329706665e-01 8.759231425872512773e+03 2.708157826592412259e-25 2.300498624469925846e-25 1.417650384642861658e-25 3.114046098542471164e-01 2.283233904090567414e-25 4.164757182104936867e-03 1.480134934319489101e-03 1.840942719064772928e-03 2.028163063119131915e-01 4.094798119925736196e-03 2.028204299822133966e+06 2.424510838243236300e+06 4.789590477757116314e+05 3.317509429534739596e-01 1.341090247855393216e+06
8.574578115588683824e-02 4.505064275664113666e+03 3.948530728354248367e+03 1.471565887914152427e+03 2.563351568326114327e-01 3.827407472652651904e+03 1.577857993293755376e-25 8.161354392244990687e-26 6.447491362925313662e-26 3.070495995454610716e-01 1.222541764950389759e-25 3.127797291670648006e-03 1.402024781086929055e-03 1.379965172475913250e-03 2.215672561255303818e-01 3.085688239977653260e-03 2.411256910668061581e+06 1.861302809598902706e+06 7.697010126543657389e+05 2.169856041907808342e-01 2.044745690518805292e+06
1.490090895544625982e-01 2.382065506429318702e+03 1.404353026689516810e+03 7.331642401601989150e+02 2.312836610340421595e-01 1.991993463306214380e+03 7.932647731548619039e-26 4.275087098538852363e-26 2.175105702807413144e-26 2.687769734394682142e-01 5.914537004791433741e-26 2.332553843981049774e-03 1.308766878303753347e-03 1.137667157468997669e-03 2.038595780079056341e-01 2.257591502836095877e-03 2.286324540578983258e+06 1.071642748229153920e+06 8.268583012852959801e+05 1.907540041185613600e-01 2.093738922068969812e+06
2.589481193189351327e-01 1.221961059816923353e+03 5.607082488997439214e+02 3.772735713790212912e+02 1.982582944524134694e-01 1.034093238306518742e+03 3.244066737478781857e-26 2.288895810062458188e-26 7.523077681784851398e-27 3.063663630088510614e-01 2.117942887661677829e-26 1.702899979946095096e-03 6.294525957387373839e-04 8.050749400916588396e-04 1.769743707495513296e-01 1.761706474229744919e-03 1.659644543177197454e+06 8.019158113738780376e+05 3.770689237835507374e+05 1.879825729740937645e-01 1.480237115474170772e+06
4.500002563555373647e-01 4.589437137068285324e+02 2.110212161626997727e+02 1.331877751456604528e+02 1.938430102381794307e-01 4.108807928059587198e+02 8.712332530886773228e-27 6.683455185643035569e-27 2.817101867581450341e-27 3.802213847357506782e-01 5.664364932219450261e-27 1.295700125931081859e-03 4.295034286109938350e-04 5.140903444106849005e-04 1.578816146804673803e-01 1.330320224126175805e-03 1.066264029481145088e+06 3.013438954710527323e+05 3.767549275039755739e+05 2.047749009160738931e-01 9.958781168130394071e+05
7.820108184320838651e-01 1.243844127533651687e+02 4.335670707093629517e+01 6.400429614657782906e+01 2.320852709185477758e-01 1.193404863756706504e+02 1.499451432709455971e-27 9.023156238970242885e-28 7.623668014263701885e-28 4.463117053995073191e-01 1.045914363353198545e-27 1.030667854306275113e-03 4.356537250984923552e-04 4.617244868326146395e-04 2.327168178464146253e-01 1.029118526966176297e-03 6.585650390770208323e+05 1.942585435607754625e+05 2.995489367168374010e+05 2.272577604867814793e-01 6.270932868240107782e+05
1.358979048362254582e+00 3.550202433976630800e+01 2.335922544819105795e+01 1.083698226776198581e+01 2.192249389958871586e-01 2.995221369239537168e+01 2.771378371996607057e-28 3.491776525546744762e-28 1.316314424485607412e-28 4.761824006389099861e-01 1.833783498530660269e-28 7.774759870660534781e-04 4.434469044041846903e-04 4.141900173518266171e-04 2.793667533623372945e-01 7.362304962163300059e-04 4.218075085372526082e+05 2.260052374139032327e+05 2.122880390233554645e+05 2.741321600091520261e-01 4.020815638618662488e+05
2.361634916496962333e+00 1.504446327254733973e+01 9.421764570116849313e+00 5.704263422549988860e+00 2.073467834508199714e-01 1.334622481374174541e+01 1.060024765536041184e-28 9.052521845663525904e-29 4.288800525024294446e-29 5.151588742456035819e-01 5.554520944612009402e-29 6.359944222265011271e-04 3.826634577922545088e-04 4.110722970033016833e-04 3.042668529700768842e-01 6.334973362401566041e-04 3.369344793878174387e+05 1.873177435523843160e+05 1.483661221454675542e+05 3.215770941663098070e-01 2.565561454079484683e+05
4.104051115091881030e+00 9.725652876751208709e+00 4.442141322652393143e+00 3.392979265283828205e+00 2.181102636707799580e-01 8.083201792342219250e+00 2.443356913754849865e-28 3.825272509506674104e-29 3.119906889081264041e-29 6.223130577116983142e-01 3.872909312703050987e-29 6.062607339929987176e-04 3.246553743205260467e-04 2.375029175358082945e-04 2.173927892050954713e-01 5.574963539047596544e-04 5.250470466094386065e+05 2.273099955387235386e+05 1.895926268313076580e+05 4.148869940029468184e-01 2.819911427216427401e+05
7.132023429036466133e+00 7.038398475858632430e+00 1.510164958666704749e+00 2.899798514686406481e+00 1.794859776463767764e-01 6.703095575567340703e+00 1.764538695322150819e-28 1.201230706650962525e-28 2.629898423714120970e-29 6.594232149270404797e-01 3.688657226814777139e-29 6.303738513804512094e-04 1.519952533257764096e-04 1.834308943902922392e-04 1.600994116394653943e-01 6.140648439563966242e-04 1.014099522315089474e+06 8.870479593452604022e+05 1.868080671781526762e+05 4.907489440526230373e-01 3.742823910294441157e+05
1.239403622563954954e+01 4.762224032398171047e+00 1.990409757552445313e+00 3.354082204128081557e-01 1.014193733849925311e-01 4.239077302718662565e+00 9.278420756790085730e-29 2.759365060418181773e-28 6.795303255887228663e-30 5.237991699566563186e-01 2.407310872285035654e-29 6.285001307005249910e-04 2.249700890020450011e-04 8.850785885349855830e-05 9.898370779689084908e-02 5.922484095514735439e-04 1.084954124645939795e+06 2.633039854986411519e+06 9.778971867928665597e+04 4.340154457912996366e-01 3.881026258333609439e+05
