# R (Mpc), mean rho (Msol/kpc^3), errup (Msol/kpc^3), errlow, std, median rho (Msol/kpc^3), mean pth (Msol/kpc/s^2), errup(Msol/kpc/s^2), errlow, std, median pth (Msol/kpc/s^2), mean gas-mass-weighted metal (fraction), errup, errlow, std, median metal, mean gas-mass-weighted temp (K), errup, errlow, std, median temp  
#  nprofs 450, mean mh 4506398594886.692383, median mh 3698329161006.067383 
#  Mass range 12.30 - 13.1 
#  Nhalos 35
3.113241142682221171e-03 2.024449824333206343e+05 1.819867803837084211e+05 7.831026629690430127e+04 3.374651761162608121e-01 1.476514069889840321e+05 3.300604026174915495e-24 1.225991727778287406e-24 1.326876938220659563e-24 3.753750256594154955e-01 3.337658307360993508e-24 1.127212280100889537e-02 2.077368018048442525e-03 3.931636855030804477e-03 1.779027274749398757e-01 1.109178702703047387e-02 2.327885345770834479e+06 3.835509245806401595e+06 9.989895973335223971e+05 6.033635156927295018e-01 1.327687363068826729e+06
5.410193037849813334e-03 6.632257587989831518e+04 7.066652614053087018e+04 2.577805574054453609e+04 3.906715827697069265e-01 4.193788885170767026e+04 1.468182243724629270e-24 1.710765843898279047e-24 5.105291378833851111e-25 2.778614663048692424e-01 1.136523587329135471e-24 9.079288221902728426e-03 4.160706606226076409e-03 3.323521770479771417e-03 1.961198681818683842e-01 8.325566980847645682e-03 2.477981859317187686e+06 2.466822903879304882e+06 1.222262296070808778e+06 3.749674697546852009e-01 2.096598249703628477e+06
9.401837944869510452e-03 3.292741442718829057e+04 3.857117670399462077e+04 8.672013240181024230e+03 4.129762516270156225e-01 1.669369680734944268e+04 8.713429438061916958e-25 8.881121365804412153e-25 4.070210818646795957e-25 4.645125281172359788e-01 5.641598075068861597e-25 8.520722833520346165e-03 2.833788338481446276e-03 3.916131233606987699e-03 1.974003910394334094e-01 8.704918543304566991e-03 2.287167058403707109e+06 2.110465077646819875e+06 1.404090807961931219e+06 4.221030788715115500e-01 1.893710665279769106e+06
1.633852177236155140e-02 3.158245896914222976e+04 1.996805368429468581e+04 1.178125235537787557e+04 4.187444674032307357e-01 1.983531483076137010e+04 8.336618795540365574e-25 4.357223878957147822e-25 2.431942761527467827e-25 4.810256310122202339e-01 3.425499604871389647e-25 7.916492229697555047e-03 2.646698411639099822e-03 3.076651312142941394e-03 1.827663578901308761e-01 7.698153802411172343e-03 1.812941079358302755e+06 2.224490940555279609e+06 1.116878295204551425e+06 4.880141643558256748e-01 1.421182735729120206e+06
2.839309667654963537e-02 1.545801929262246267e+04 1.171409500755337103e+04 4.631546563182337195e+03 3.447715828253313242e-01 1.019130729058734687e+04 2.776103423926371223e-25 3.636142624366759424e-25 1.020180443819453571e-25 4.187749822985284420e-01 1.620723307957490850e-25 7.233880450854595669e-03 2.155646637042173130e-03 3.020264327787736125e-03 1.949487289227120890e-01 7.229983968923572174e-03 1.769333808083917713e+06 2.255943080948110204e+06 8.484664370722960448e+05 4.634858900210448995e-01 1.197119798165660817e+06
4.934154693526905666e-02 6.920124296627063814e+03 4.370404043098791590e+03 2.591044215479223112e+03 2.871887698961627100e-01 5.566665978137592901e+03 1.591206485036277410e-25 1.655909290151748303e-25 4.500740398496011397e-26 4.195564076724048741e-01 8.727218519379317393e-26 6.477197252328134591e-03 2.704681737953959671e-03 2.539834407462378436e-03 2.110081590476410029e-01 5.882852746069680040e-03 1.774308712081121514e+06 1.733222576893622987e+06 9.766718290700762300e+05 4.020545624872265411e-01 1.386911082209886983e+06
8.574578115588683824e-02 3.038963139322651386e+03 3.224112789474061174e+03 7.197142782959817850e+02 2.992070799731862962e-01 2.095771172868139729e+03 7.847893692994813957e-26 1.154556615981262835e-25 1.764479177029945854e-26 4.198556125474043887e-01 3.788237049127697233e-26 5.410687350396871202e-03 2.869026640549802651e-03 2.371105559892255042e-03 1.957146786599690824e-01 5.119594932783222072e-03 1.794378669061373919e+06 1.437385614426266402e+06 8.070486983509960119e+05 3.166161273256871689e-01 1.437319955795709044e+06
1.490090895544625982e-01 1.457968257325107743e+03 1.301753151515773197e+03 5.181175748495481912e+02 2.961605365195606465e-01 1.123135295099214318e+03 4.352963810376064253e-26 6.221734811365494977e-26 1.029582707929960592e-26 4.237864676291820953e-01 2.224944483982678262e-26 4.235199851758182470e-03 1.745391610134352546e-03 2.036300978144371492e-03 1.896485342461914358e-01 4.264830005209880974e-03 1.819288559016911546e+06 1.153182628769091098e+06 8.017428675544962753e+05 2.428134417784828525e-01 1.622579613296562573e+06
2.589481193189351327e-01 7.560908415721883102e+02 4.045256196705594220e+02 2.684188951696210097e+02 2.616807593628922568e-01 6.359111275539618191e+02 2.019198824994266937e-26 2.292777330406066482e-26 5.549881845762698367e-27 3.932386349392571478e-01 1.143131878882464839e-26 3.252348148947038688e-03 5.890055875687714992e-04 1.723830996639972787e-03 1.830267921395191955e-01 3.572586599122582265e-03 1.579582254496189998e+06 1.126202907435856992e+06 3.249617703400240280e+05 2.029382891181074899e-01 1.272982480074177263e+06
4.500002563555373647e-01 3.335348062731807772e+02 1.333584549857623074e+02 1.435946164920401031e+02 2.167552961337866069e-01 3.227282378919488224e+02 6.670692761658541239e-27 3.710738913471499683e-27 2.802422423135684930e-27 3.345506764576361425e-01 5.192156956988459528e-27 2.271326881285559013e-03 5.794975687481687850e-04 9.782250993551153823e-04 1.599060940586926050e-01 2.368580690001221862e-03 1.185303520555702271e+06 5.517099951639520004e+05 2.225928672621386359e+05 1.636491068988013275e-01 1.015102923882341012e+06
7.820108184320838651e-01 1.116448073656373197e+02 5.996261753746463796e+01 3.203158384003751280e+01 1.836811416721712553e-01 9.932479084652501911e+01 1.492697911841268505e-27 1.194089146346351644e-27 5.142824093610168090e-28 3.011301569256771837e-01 1.045240159103471381e-27 1.665080434760620506e-03 6.007146453085602991e-04 5.770006518709808446e-04 1.657105296597387034e-01 1.638733445524258184e-03 8.071613666334656300e+05 2.612775124565938022e+05 1.918130143226670334e+05 1.473383606917104960e-01 7.165524695098387310e+05
1.358979048362254582e+00 3.617145285954546097e+01 1.567812044293346219e+01 1.317066890984997940e+01 1.822022079034850972e-01 3.399737877608792758e+01 3.254031242919345951e-28 3.114421014774215624e-28 1.215856031891198897e-28 3.592499915884173056e-01 2.419045862488972342e-28 1.308422341896280441e-03 4.036858335958995372e-04 5.569791131772760173e-04 2.129237462371903200e-01 1.326357335166927429e-03 5.334950266518729040e+05 2.513733101788110216e+05 1.491122133899407927e+05 1.969940247789799259e-01 4.604487015866848524e+05
2.361634916496962333e+00 1.598187567739345383e+01 7.925830436428697112e+00 4.891251625489408283e+00 1.898463735638517558e-01 1.382592332509113575e+01 1.224833302730168708e-28 7.169361799869008158e-29 5.957963725980880855e-29 4.535769117964280062e-01 8.431740972259326341e-29 1.173881512157950264e-03 4.388886938810738179e-04 5.833808576422843273e-04 2.300847891478375040e-01 1.235839899866626387e-03 3.917743396977117518e+05 2.245490636413416942e+05 1.469265977921832236e+05 2.805574204548646478e-01 3.343116528025429579e+05
4.104051115091881030e+00 9.613318453888391346e+00 3.602364738684576295e+00 3.299486362051164079e+00 2.064579160254369217e-01 8.242026909258386880e+00 2.381675930177150291e-28 3.297450167576309153e-29 3.346101115303788527e-29 5.538505218621637693e-01 4.350014607619195649e-29 1.057825775163044298e-03 4.634378187999565763e-04 3.877658390744813215e-04 1.593196760819566848e-01 1.015252294113830204e-03 5.323090329323133919e+05 1.158730436246847385e+05 1.935706225509474170e+05 3.557305714080345460e-01 3.147954722069700947e+05
7.132023429036466133e+00 6.926477303146509001e+00 1.415614607671022540e+00 2.822272553628463854e+00 1.767716124816628431e-01 6.675160432376422648e+00 1.734945005349859701e-28 1.197451469268253084e-28 2.524699774841365410e-29 6.494349178099632081e-01 3.417440653576965254e-29 1.031690996805555453e-03 2.108444049514312905e-04 3.940254603759738841e-04 1.426214369909268032e-01 1.022550515734232772e-03 1.010928059993328410e+06 8.784130169693292119e+05 2.045134737486406812e+05 4.815667546053541415e-01 3.773753620715313591e+05
1.239403622563954954e+01 4.652390667576462135e+00 1.855586719075216884e+00 3.738577951547061851e-01 1.016314072866454504e-01 4.183496723873559198e+00 8.750764279162330213e-29 2.657837324518091649e-28 6.664003429302868988e-30 5.315408895430259184e-01 2.181168150344844553e-29 1.018024760440755256e-03 3.239783511094138351e-04 1.314861473362819496e-04 8.803550595150104463e-02 9.630305612276007701e-04 1.035148289976225817e+06 2.619983030681689736e+06 9.930110805280378554e+04 4.391177593918000888e-01 3.687324317157682381e+05
