# R (Mpc), mean rho (Msol/kpc^3), errup (Msol/kpc^3), errlow, std, median rho (Msol/kpc^3), mean pth (Msol/kpc/s^2), errup(Msol/kpc/s^2), errlow, std, median pth (Msol/kpc/s^2), mean gas-mass-weighted metal (fraction), errup, errlow, std, median metal, mean gas-mass-weighted temp (K), errup, errlow, std, median temp  
#  nprofs 449, mean mh 213433821852.077057, median mh 203096719172.544067 
#  Mass range 11.00 - 11.5 
#  Nhalos 190
3.113254364569109471e-03 1.752377816312373616e+06 5.250516879951518495e+05 5.358938609459174331e+05 1.558232484738844847e-01 1.740463231416434748e+06 1.728152808613894502e-25 7.269122154727163318e-26 5.415001798824588155e-26 1.918697497034493049e-01 1.595039317820467593e-25 6.615508796960819365e-03 3.352593069198595704e-03 3.532401662237985053e-03 2.904927993234507344e-01 6.426588879761031825e-03 1.156072875283880967e+04 1.017059887691928452e+03 1.076097058041719720e+03 4.144020485079741301e-02 1.149124697812542581e+04
5.410216014855808234e-03 5.455218880411250284e+05 1.832178464909835020e+05 1.605138707729516318e+05 1.395407175734643956e-01 5.291207606271866243e+05 6.839020815832282184e-26 1.821450918232570104e-26 1.205510003498671879e-26 2.297100520851456940e-01 4.725089789054979705e-26 5.361859051461429805e-03 2.771605931699418907e-03 2.509899840569110308e-03 2.819335524326160303e-01 5.186697552536367883e-03 1.302508161942239713e+04 9.081376001288153930e+02 7.509436130658505135e+02 1.527281447275093407e-01 1.077243370215556752e+04
9.401877874329571741e-03 1.902065326596115774e+05 8.991783168661192758e+04 6.137947971834792406e+04 1.823655303749744105e-01 1.746725397055136273e+05 5.708906894136104962e-26 8.694901267017554997e-26 1.085988041749855825e-26 4.064978254704153526e-01 2.473239980653801362e-26 3.335413259221853364e-03 1.742622693577488939e-03 1.774069227798559609e-03 2.716973912225389420e-01 3.270808734052793425e-03 2.635798428423609585e+04 3.463423019008441042e+04 1.557454634742709459e+03 3.333783071967021949e-01 1.191255079237377322e+04
1.633859116181033549e-02 7.792498038923670538e+04 4.597491187889067805e+04 3.789352324675708951e+04 2.358309578236741921e-01 7.274682060050277505e+04 3.647716657819516239e-26 3.042720833475457402e-26 2.089144002718271811e-26 3.320256153615220862e-01 3.207469449095593980e-26 1.963426008204991260e-03 1.005056758032312316e-03 9.496906624788721031e-04 2.605245676229704932e-01 1.873988480198029603e-03 3.931769035385913594e+04 3.428486601567787875e+04 1.506572216167393162e+04 2.827793188918286127e-01 3.057340765053997166e+04
2.839321726159124010e-02 2.276247320527411284e+04 1.554812912033496832e+04 9.647327186189007989e+03 2.637860469236186223e-01 2.017948387159110280e+04 1.735635021049911441e-26 1.205783979416913148e-26 5.568784314672336725e-27 2.386272735729328964e-01 1.418212704090890063e-26 1.243566254969514454e-03 5.874592769364922126e-04 6.711495103962211717e-04 2.745686725362609382e-01 1.231479811942020296e-03 7.079511075226952380e+04 6.833860807563007984e+04 2.443824674064557257e+04 3.058022225280443984e-01 5.028834183008169930e+04
4.934175648805434050e-02 4.226081420030648587e+03 2.167790732941914939e+03 1.416414013398414227e+03 2.124999833264855365e-01 3.763365359933459331e+03 8.250145722008146580e-27 3.890019829665177696e-27 3.171204668146244313e-27 2.047016191106557637e-01 7.622750364027407164e-27 7.333013805457803307e-04 4.341242473725685346e-04 3.616706069351601958e-04 2.842740504994250017e-01 6.688554955576666173e-04 1.539434360130324494e+05 9.378960048372566234e+04 6.880600304968202545e+04 2.313786854387775704e-01 1.436500071011750842e+05
8.574614531689064845e-02 1.100777775559873362e+03 4.313784017213586139e+02 3.214437005473873796e+02 1.496607255248225965e-01 1.048534875131052104e+03 3.262240360659842546e-27 1.808025906996386445e-27 1.329436142569082342e-27 2.201171433025293223e-01 2.980619130532564480e-27 4.045363559011257268e-04 2.866181200676991498e-04 1.802489971079104933e-04 2.927322089356627632e-01 3.497748204595934555e-04 2.010850789205401379e+05 9.255123906189997797e+04 4.304925562450787402e+04 1.516627342859584449e-01 1.796316582740064769e+05
1.490097223937570103e-01 4.114009755560932149e+02 1.786171849292273919e+02 1.215832880741875215e+02 1.543456626540317400e-01 3.832608217305496510e+02 1.059739441382866103e-27 6.224906592885034788e-28 3.859617390027460270e-28 2.835398805950801737e-01 8.238541949205478698e-28 3.045373374213102544e-04 2.003324341725650935e-04 1.395450508835311462e-04 2.960222293732628907e-01 2.664874842975544639e-04 1.637704856670529698e+05 5.274767714326945134e+04 3.279851796692988137e+04 1.786808873168607426e-01 1.372886764718086342e+05
2.589492190675852235e-01 1.500426106967037185e+02 7.184242239210809089e+01 4.813836963082712828e+01 1.896519911804640246e-01 1.343803815668749451e+02 4.179906013060271061e-28 2.921674567213316306e-28 1.065267651617531581e-28 4.243447328729711421e-01 1.912651278372397642e-28 2.394086554975131845e-04 1.962441120555239176e-04 9.868157164591224615e-05 3.167558571957920788e-01 1.935215325253591425e-04 1.457230785461060877e+05 6.874204120292936568e+04 3.128592162844051199e+04 2.708405843575258931e-01 9.700433333465768374e+04
4.500021674996532717e-01 6.237693609124011829e+01 4.744826673441227172e+01 1.335330987422847215e+01 2.505941300422669382e-01 4.444550016382551405e+01 2.548366519608356441e-28 1.950795152507352008e-28 2.848702482903605728e-29 6.058112953945713475e-01 4.712185268303146815e-29 2.737414146969087371e-04 2.733109333261142266e-04 7.432861641420944053e-05 4.812925382333935187e-01 1.236712767880836119e-04 1.567789337660716265e+05 1.100734931304261554e+05 3.116336613048137224e+04 3.850055031730921229e-01 7.237212765910601593e+04
7.820141396199125072e-01 3.283873627143736229e+01 3.368379911385763137e+01 6.937215279497946696e+00 3.294555878404251126e-01 1.861230710400170096e+01 2.338611778765970656e-28 1.727481326861992311e-28 1.296660006577037265e-29 8.155935656182955462e-01 1.722733437282918449e-29 3.703508307527970966e-04 6.861928470855602983e-04 5.011285305227353788e-05 7.593260310426437343e-01 7.027507922600025893e-05 1.907110362777412229e+05 2.135829463707989780e+05 3.718240495349090634e+04 5.027199783351432583e-01 6.232685919722967810e+04
1.358984819925215248e+00 2.161410298997422785e+01 1.862819887296375043e+01 7.088193877178000868e+00 3.603605792567865507e-01 1.367555148637939055e+01 3.242112345515304343e-28 1.695479962203304714e-28 1.353976257764126258e-29 9.379962053331754035e-01 1.594215033137030671e-29 5.265067000905525232e-04 1.077585426891049030e-03 1.829006127411506792e-04 8.896384674169732776e-01 2.052573459319962409e-04 2.767218858249303885e+05 2.880649452175904298e+05 5.968592909642789164e+04 5.902712397960681034e-01 8.381248507905341103e+04
2.361644946323858463e+00 1.691276938834618448e+01 1.197590913811067281e+01 5.994029904228116656e+00 3.265293102125010893e-01 1.162327510765009109e+01 6.370330856158364463e-28 1.308389229930032646e-28 2.302053418367451417e-29 8.853125828982086887e-01 2.579315030453246281e-29 6.554452855690232321e-04 8.024003254527705157e-04 4.584990514659172101e-04 6.234243494188592694e-01 5.351191076100246481e-04 4.133750164081879193e+05 3.121719393969749217e+05 1.147813835563675966e+05 5.754717586250567285e-01 1.467411259021556471e+05
4.104068544933373808e+00 1.113491318457121615e+01 6.502468500326795464e+00 3.506850064306949122e+00 2.294079616685591738e-01 9.597669571451305615e+00 1.704234921560478766e-28 1.026456033010267331e-28 3.145356762708867435e-29 6.724709474819194899e-01 3.910293070958880744e-29 7.471648293462221542e-04 3.640311202741712765e-04 3.497697439943029513e-04 3.509774116008048117e-01 7.389979603338751651e-04 4.826192537360122078e+05 3.514604569291156949e+05 1.740219564307973487e+05 4.602234323280673389e-01 2.668283941375927534e+05
7.132053718629468797e+00 9.806942579665967941e+00 4.079377185169381193e+00 2.724358383680306694e+00 1.610767657789190233e-01 8.937171857724806046e+00 2.066904711880916515e-28 8.870092413528257725e-29 2.357118826076169737e-29 5.990308637903825062e-01 4.216223656885364260e-29 8.076025133878631836e-04 2.489539323007516815e-04 2.371700185220920439e-04 1.581300905496728082e-01 7.747500911504821754e-04 8.894112888275121804e+05 3.591108931828724453e+05 1.283962473892506969e+05 4.534063131249472245e-01 3.213986581047055079e+05
1.239408886291934841e+01 3.756608744450748549e+00 1.435596498919117003e+00 4.465294949713776163e-01 9.139532942303982277e-02 3.485816638253667499e+00 7.238165590963327675e-29 2.193499480421285535e-28 6.582107168587804174e-30 5.172949546268014176e-01 1.883269528304936483e-29 8.415444482278644977e-04 3.449595356663636304e-04 1.149182999438384161e-04 9.680695602409121470e-02 7.945956649540175665e-04 1.066364364656078862e+06 2.840038394217062276e+06 1.030292773162083467e+05 4.387796216649831327e-01 3.679011183398248395e+05
