# R (Mpc), mean rho (Msol/kpc^3), errup (Msol/kpc^3), errlow, std, median rho (Msol/kpc^3), mean pth (Msol/kpc/s^2), errup(Msol/kpc/s^2), errlow, std, median pth (Msol/kpc/s^2), mean gas-mass-weighted metal (fraction), errup, errlow, std, median metal, mean gas-mass-weighted temp (K), errup, errlow, std, median temp  
#  nprofs 436, mean mh 1419621745251.231934, median mh 1361887054602.518311 
#  Mass range 12.00 - 12.3 
#  Nhalos 49
3.113237261443055608e-03 7.692642806961259805e+06 4.524865745683615096e+06 4.615727871481284499e+06 6.726692213924556629e-01 7.513286963670174591e+06 3.887525011876182379e-24 3.702929892543946678e-24 2.285680766438444512e-24 5.667153603021929387e-01 2.939614727930323031e-24 2.109807795955808210e-02 9.896303793903927365e-03 5.312399597657255917e-03 2.523455494896038043e-01 1.965775353755054231e-02 1.405904770286178973e+05 3.147106330358354535e+04 8.773993736053642351e+03 4.540741033433651208e-01 2.804522364059671600e+04
5.410186293029174698e-03 2.111439660488729365e+06 1.773426675396271050e+06 9.085048385339928791e+05 5.282801337520457441e-01 1.906655369618250523e+06 1.215301785275793108e-24 5.783992746754108122e-25 5.216086067193884760e-25 4.250219700605183393e-01 8.389338908841584274e-25 1.669197093440085225e-02 6.997504070367411427e-03 3.592546451418094158e-03 2.244119611795623304e-01 1.432933150328223257e-02 1.415615933703571209e+05 8.404118272328430612e+04 8.646132584542912809e+03 5.581342404899676257e-01 2.458290628358132381e+04
9.401826223714616557e-03 6.718579349421268562e+05 6.065638015927287051e+05 3.225835948857950279e+05 5.105266951789263485e-01 5.899345111594264163e+05 9.032851818687514872e-25 1.054361333766627377e-24 1.992172520471048153e-25 4.684538116178013634e-01 4.278762721234560562e-25 1.075082340014313527e-02 7.321902602541225172e-03 3.117142970958908590e-03 2.117379755744011605e-01 8.831851160064274273e-03 2.865417885017698864e+05 3.786332754784587305e+05 5.466300210154136585e+04 6.371846186887601959e-01 7.228503166582048289e+04
1.633850140332886169e-02 2.056484608775810921e+05 1.432152502572741651e+05 1.058343209814313595e+05 3.556107862245917461e-01 1.939630710607316287e+05 5.842169761647119943e-25 5.162967473570412639e-25 2.780622839164322891e-25 3.891841379342073637e-01 4.829673255769699716e-25 7.127198904182878263e-03 4.412264286434548766e-03 1.123849803314007009e-03 1.830792494225492728e-01 5.670817154356846621e-03 3.259714551495941123e+05 4.117734532647134038e+05 5.959569522330803738e+04 4.800555648248400753e-01 1.449521715966543125e+05
2.839306127922774578e-02 5.648186834939374239e+04 4.062941190751604154e+04 1.720796601005002231e+04 2.882806988497357836e-01 4.577069988957101305e+04 3.620383509188984407e-25 2.786103153337411350e-25 1.679177984648128181e-25 3.213553063825820288e-01 3.194320402801376105e-25 5.317465580741726795e-03 2.302644276326440420e-03 1.353682009003389763e-03 1.887710412290810602e-01 4.736451374505852574e-03 6.110439347170285182e+05 5.572861541051206877e+05 2.383867813664474525e+05 4.053005648413247064e-01 4.546567324050456518e+05
4.934148542177373836e-02 1.803394383065230795e+04 1.031255264452358097e+04 6.602054363780331187e+03 2.266144236376531895e-01 1.680392411971408728e+04 1.925357959991556327e-25 1.465119090741052133e-25 6.768141558375986260e-26 2.711671368043924724e-01 1.575245166345067120e-25 3.954015840389141917e-03 1.648914297424758021e-03 1.487817154264743560e-03 1.836167519608891963e-01 3.742344514869634653e-03 8.283612763592774281e+05 3.985839611032218672e+05 4.802156670178054483e+05 3.005160558062417997e-01 8.418813312567519024e+05
8.574567425768368778e-02 6.290490653103415752e+03 3.245512621768813915e+03 1.594687234575187176e+03 2.090593213700198683e-01 5.522919954348179090e+03 8.058155525212492363e-26 5.402327063938771695e-26 2.761130452417834162e-26 2.256914265289703958e-01 6.970125098080800193e-26 2.744971335487178966e-03 1.246785863729652725e-03 9.867345712011549135e-04 2.077154305478853824e-01 2.498352002127792425e-03 8.824911957077430561e+05 1.861573509734320687e+05 2.328956659736012807e+05 1.390651012902920647e-01 8.796477089031109354e+05
1.490089037866766386e-01 2.332478983698793400e+03 9.940314426852646648e+02 7.007775835721784006e+02 1.752626005950171095e-01 2.081787805130316428e+03 2.452016220556562849e-26 1.676887512096769453e-26 8.256877442944354372e-27 2.201966869739194754e-01 2.078353057186369785e-26 1.954885298280608068e-03 1.308099015547908948e-03 3.967130717378709957e-04 2.148111520537375752e-01 1.530173328406378604e-03 7.159719142487883801e+05 2.334080493557718582e+05 1.936132227944965125e+05 1.426958765893955594e-01 6.719781085807154886e+05
2.589477964915226638e-01 6.930892059886057268e+02 2.954545395184213703e+02 2.058641830735991789e+02 1.597925800663468343e-01 6.444975214494813827e+02 5.332114904993136025e-27 4.161974608845301778e-27 2.415073178156782520e-27 2.846388938231756982e-01 4.557400861000880785e-27 1.366507689295118040e-03 8.438535745736162105e-04 6.053891920888998133e-04 2.503859506118966682e-01 1.261082811079123527e-03 4.878817973644959275e+05 2.806905653754267842e+05 9.284088019634940429e+04 1.609252978944072376e-01 4.115668651063889265e+05
4.499996953457924831e-01 1.743083494162430895e+02 8.094848822912672404e+01 5.534775919992391380e+01 1.836173111798446167e-01 1.549923924062588014e+02 9.893138623458856835e-28 1.148257043988824478e-27 3.348482145160771676e-28 3.769106837900825790e-01 5.678243258463566466e-28 8.873716814685360865e-04 8.964399782144343281e-04 4.245733578955812018e-04 3.571403528286976048e-01 7.317744182859947395e-04 3.258366953143090359e+05 2.087728034263480804e+05 9.529092721505078953e+04 2.110333776886860468e-01 2.692866576548828161e+05
7.820098435088842503e-01 6.205636312416621791e+01 3.061695568705977877e+01 2.014301782120627138e+01 2.249732777593451694e-01 5.268375893237443819e+01 3.076417303138031746e-28 3.593307166229888246e-28 1.005633683437511311e-28 5.151927289824912437e-01 1.510901060111481972e-28 7.179379507624973579e-04 1.121223612622299212e-03 2.911015998434178737e-04 5.933627113392579977e-01 3.845819377604372245e-04 2.420850679369253630e+05 2.387227385145124863e+05 9.587802238078233495e+04 3.043569114131700615e-01 1.881644315881900256e+05
1.358977354139910165e+00 2.918362439383974660e+01 2.211437957148560685e+01 1.172173418151401947e+01 2.312430258384391146e-01 2.563020136723710607e+01 1.247471594062819071e-28 2.001511593076789193e-28 3.500739417304443059e-29 6.022384695196049131e-01 4.659679013238654554e-29 5.432205913272955804e-04 7.009305652747321869e-04 3.589812699348011527e-04 5.678367350228270549e-01 4.205229876063807867e-04 1.995115902420533239e+05 1.795142513028959511e+05 1.003565692475879478e+05 3.885621028669332122e-01 1.494534735680376180e+05
2.361631972275968661e+00 2.151022870176764457e+01 1.423628360958819528e+01 6.668630130380210019e+00 2.072714102640879352e-01 1.850327038833804139e+01 1.341626972514995177e-28 1.541521283725849471e-28 5.065554216259717552e-29 5.897628690800490459e-01 6.519219530730833619e-29 7.186521378548609527e-04 6.479819827293875059e-04 4.976627625302316180e-04 4.416576220289274435e-01 6.607450577439524320e-04 3.153938917088905000e+05 2.931568172786406940e+05 1.487402265812077676e+05 4.085419697509577452e-01 2.225183703359288629e+05
4.104045998622196656e+00 1.925984159914045790e+01 7.822811993673733255e+00 4.788805391659431976e+00 1.949710684896625856e-01 1.599033055924156876e+01 5.900643216724856737e-28 1.062004293752250689e-28 3.440374843127241985e-29 6.358786575320739543e-01 6.658865869995251702e-29 8.433939397272500159e-04 2.303106749864308527e-04 3.020663350707131775e-04 2.065533268941469602e-01 7.981021566402002375e-04 9.191421863101654453e+05 2.550111351768659661e+05 1.074551806974450301e+05 4.591101642917436165e-01 2.816786057430627989e+05
7.132014537631209627e+00 1.391218647948638498e+01 2.669327429020919240e+00 2.713877990855166900e+00 1.103942843796993506e-01 1.374458854925031481e+01 1.818647143939105588e-28 6.379843378214888946e-29 2.989854097515404325e-29 4.959939221761112682e-01 5.973870495400368597e-29 7.241092247245680714e-04 9.139546886429426083e-05 2.992251523864230016e-04 1.497030937810745199e-01 7.605136046394969868e-04 6.569091189503269270e+05 2.361074233350519789e+05 1.092201154845633137e+05 3.960894556898267305e-01 2.888932588214868447e+05
1.239402077414812453e+01 2.985140518706816959e+00 5.469909849024858772e-01 3.704577195201932405e-01 7.685645738738837440e-02 2.869649071147402530e+00 5.054983004508603822e-29 1.046336315949837065e-28 4.979458928940737616e-30 5.194175467641417576e-01 1.301586464214327960e-29 7.493486673445039258e-04 2.760590963375818404e-04 1.016783280106439398e-04 1.273144991127204695e-01 6.707570523542650360e-04 9.263668820058943238e+05 1.930478216958476929e+06 9.286159638800338143e+04 4.511662706758514663e-01 3.118664426581666921e+05
