# R (Mpc), mean rho (Msol/kpc^3), errup (Msol/kpc^3), errlow, std, median rho (Msol/kpc^3), mean pth (Msol/kpc/s^2), errup(Msol/kpc/s^2), errlow, std, median pth (Msol/kpc/s^2), mean gas-mass-weighted metal (fraction), errup, errlow, std, median metal, mean gas-mass-weighted temp (K), errup, errlow, std, median temp  
#  nprofs 434, mean mh 528537555822.393433, median mh 476633406417.271362 
#  Mass range 11.50 - 12.0 
#  Nhalos 166
3.113248982952454991e-03 3.517908270927953068e+06 2.005448676792423241e+06 8.505784798892457038e+05 2.019454659081197367e-01 2.993632411238295026e+06 7.428123250582548809e-25 6.351128364679447318e-25 2.102590578807605422e-25 3.668264850038437386e-01 4.321216031988232707e-25 1.554739950812631180e-02 7.122646472496864389e-03 4.910934721925989954e-03 1.897314613615928292e-01 1.438967327176600766e-02 1.531077133310505997e+04 4.805371500030918469e+03 2.113346380093918924e+03 1.325304341447942347e-01 1.336584510306707489e+04
5.410206662677926291e-03 1.184299259577906225e+06 8.179487464184687706e+05 3.972131241127463290e+05 2.296751943031455634e-01 9.879216053239282919e+05 2.805669261311131456e-25 2.143168185483368309e-25 6.365060977235386650e-26 4.053596151535535097e-01 1.283880381603281087e-25 1.219347770826809292e-02 5.926773624228736173e-03 3.932049755661284375e-03 1.987140045279085776e-01 1.125642298629773476e-02 2.043435711848595747e+04 6.089999250015824146e+03 1.401665705327286560e+03 2.559449568934809571e-01 1.152673892824096583e+04
9.401861622107095945e-03 4.443425007051871507e+05 2.815977295024832129e+05 1.900791613576700911e+05 2.691544591666837349e-01 3.990158579423609772e+05 1.920215802360943584e-25 2.923347742302418845e-25 5.402663125549636008e-26 4.730057602013703622e-01 8.845869354811862508e-26 7.416098013876913815e-03 4.651473434531731496e-03 2.032320826276038696e-03 2.201818843084200061e-01 6.275975889374870234e-03 5.100285491904455557e+04 4.810469759266285109e+04 6.103093221347004146e+03 4.145950889004040851e-01 1.658312618991988347e+04
1.633856291868465010e-02 1.606791310592790251e+05 8.008167790868695010e+04 8.377184306211135117e+04 2.815371637006452987e-01 1.567401245130982716e+05 1.663390672229540265e-25 1.504074662424331787e-25 6.244166316584034649e-26 3.642972848137017161e-01 1.132636238937018569e-25 4.835759280099592196e-03 3.015278439801697373e-03 1.489701272811268760e-03 2.309477956654961972e-01 4.018525658094138434e-03 1.099714847185760300e+05 1.095257407419900555e+05 2.995210205933528414e+04 4.083257165955612167e-01 5.577965647549084679e+04
2.839316818066401488e-02 3.936531199432766880e+04 2.636724422374188725e+04 1.462738158421931803e+04 2.772650053335032339e-01 3.371507584992458578e+04 9.219498979532080428e-26 1.007944309461754925e-25 3.368201886191807846e-26 3.497496126977001074e-01 6.307788835500370801e-26 3.341537697234183476e-03 1.939736817678379931e-03 1.039008325147091662e-03 2.308595494236563850e-01 2.796574240760765946e-03 2.348656294179419056e+05 2.520125226652506681e+05 7.164323006852586695e+04 4.157771113073459590e-01 1.269951413608463772e+05
4.934167119517834238e-02 8.796483949164512524e+03 4.097623673266045444e+03 3.538109905829242962e+03 2.321191003139308484e-01 8.176552734261260412e+03 4.217111211956546278e-26 4.586213644914920359e-26 1.391788301344365081e-26 3.113170063262531984e-01 3.007570104981209449e-26 2.215092953670914477e-03 1.407207307385153084e-03 9.501643722784440527e-04 2.544941113918589570e-01 1.936593693704979652e-03 3.841555658431898337e+05 3.155127617788450443e+05 1.744626543317045434e+05 3.203675374224106975e-01 3.101384899871645612e+05
8.574599709486005472e-02 2.562976562811452368e+03 1.019782292165409672e+03 7.413117924300472623e+02 1.587752673731251118e-01 2.426091303792217332e+03 1.670061759923915641e-26 1.466575129043945364e-26 5.068413845867987677e-27 2.770225603733725284e-01 1.208222795973261172e-26 1.351744271052325108e-03 1.040487110924286562e-03 5.190690046712772947e-04 2.751897931428447519e-01 1.097643835528226393e-03 4.405175465377158835e+05 1.767952338307220489e+05 1.305054287592507899e+05 1.947465969651387685e-01 3.832876133457673714e+05
1.490094648133893918e-01 1.012606117666276987e+03 4.767378879104398948e+02 3.370675037395878917e+02 1.655992886955561794e-01 9.465513848837204023e+02 5.575194742925829678e-27 4.756530954833825038e-27 1.886063083791755329e-27 3.112762406307897911e-01 3.925202213757862822e-27 8.782858031762479740e-04 6.352649841385958878e-04 3.115273097732018008e-04 2.633236028774365023e-01 7.301383258754145112e-04 3.560769947584017646e+05 1.434420183249768452e+05 8.987872546428476926e+04 1.867918304025471821e-01 2.939423244710036088e+05
2.589487714442089139e-01 3.273336225467890586e+02 1.746629164095787132e+02 9.326630709797905183e+01 1.862869834486814424e-01 2.889187243400951957e+02 1.604167650621364295e-27 1.260652950899290588e-27 4.274332306095299675e-28 3.822726804853642246e-01 8.613156448511665555e-28 6.207964626592153657e-04 4.210637567824577219e-04 2.565160448597992877e-04 2.658633414104402126e-01 5.402138933939381465e-04 2.788165747635254520e+05 1.207365317435599281e+05 6.525468276043943479e+04 2.335386295538557921e-01 2.046624981471562642e+05
4.500013896193789109e-01 9.873460382010509306e+01 5.713116232574658682e+01 2.932383684986796624e+01 2.157372970361975395e-01 8.136716677730127856e+01 8.126034455170083149e-28 4.398114179344985619e-28 1.143606422847385334e-28 5.210437964725956883e-01 1.863873271007469842e-28 4.310812165478844298e-04 3.726412519505731963e-04 1.618052158421880897e-04 3.550500658092867190e-01 3.036101547760007742e-04 2.598444143823176855e+05 1.650668781910191756e+05 7.434029806813225150e+04 3.320664619565307230e-01 1.523709199615381658e+05
7.820127878189270243e-01 4.827753749914169390e+01 5.025929836184899813e+01 1.403634138614572890e+01 3.107412330125001176e-01 3.036904979655245285e+01 1.169487688464963321e-27 3.793825944624496676e-28 3.665501490732165222e-29 7.492674612164690329e-01 5.034988106201392544e-29 4.640836282073113744e-04 6.930196519208817662e-04 1.466360443788766147e-04 6.116156998867532391e-01 1.916610575930711611e-04 3.000360084794956492e+05 2.825461435258808779e+05 5.900382697800185997e+04 4.661097860056480635e-01 1.099472110412277107e+05
1.358982470764342532e+00 3.120821661019325433e+01 3.018368848162064921e+01 7.649366136976436081e+00 3.363663016320752597e-01 1.750030933775374820e+01 1.233237517247068437e-27 3.991030404119596314e-28 2.627054472695284440e-29 8.813879194747031853e-01 3.133117903446415142e-29 5.724085268513424453e-04 7.768841358478058073e-04 3.021639889173140725e-04 8.283692215890717803e-01 3.392553859908590706e-04 3.914915068477328750e+05 4.535448016334262211e+05 8.616757110702607315e+04 5.627228229637918355e-01 1.218558540486456041e+05
2.361640863950146940e+00 2.172584605208576392e+01 1.458395419175086793e+01 6.408833476635221515e+00 3.098953301193315690e-01 1.459406850598642968e+01 8.527587614556611314e-28 2.071466311094058626e-28 3.801886703830402351e-29 8.504135096288304441e-01 4.511731632548911260e-29 7.079621196062438771e-04 6.837787714831173105e-04 4.401690783968531030e-04 5.330808151439189180e-01 6.202392340815747300e-04 6.053080574986719294e+05 3.852366368050479214e+05 1.567275989787315484e+05 5.551599240691242887e-01 2.204262218948139925e+05
4.104061450580955395e+00 1.517793290778405435e+01 7.552923152662641471e+00 4.011844952848953483e+00 2.521333458453851040e-01 1.132301329259981948e+01 5.469887365758710427e-28 1.212129564823688274e-28 3.896366508506796705e-29 7.633229749801785369e-01 5.228600396872826672e-29 8.054311732258296296e-04 3.604463966173870968e-04 3.548841279863166123e-04 2.652190353023134994e-01 7.825758627588532725e-04 9.231962939390910324e+05 3.583193526037717238e+05 1.621009052347278339e+05 5.208484562378837834e-01 2.915317373780024936e+05
7.132041390057954899e+00 1.084165717706844845e+01 3.511571631115636194e+00 2.900560122152901599e+00 1.392400422128600435e-01 1.026407164498882452e+01 1.811727994640136563e-28 8.854726453967871448e-29 3.213636926650355555e-29 5.499656380502541131e-01 5.445258596594397077e-29 7.706700700329117536e-04 2.235265371092576107e-04 2.260372012621786938e-04 1.536807205025816636e-01 7.641978141257818602e-04 7.873242663393213879e+05 3.359331570243482711e+05 1.532846774775419326e+05 4.251097951110733297e-01 3.469673150990463328e+05
1.239406743831755797e+01 3.403597591195373973e+00 9.565112933697834663e-01 4.660744092883133405e-01 8.809906991189619951e-02 3.256125178803173981e+00 5.729615383130745750e-29 1.009488033989323297e-28 6.880656962482579533e-30 5.017536317333717300e-01 1.681348105749649018e-29 7.601501470593793408e-04 2.103242725645568766e-04 1.324734381825967916e-04 1.081310995024499094e-01 7.294997577791647106e-04 9.110369473703649128e+05 1.605008911546729505e+06 9.771599097180314129e+04 4.246231634975934921e-01 3.355625674703949480e+05
