# R (Mpc), mean rho (Msol/kpc^3), errup (Msol/kpc^3), errlow, std, median rho (Msol/kpc^3), mean pth (Msol/kpc/s^2), errup(Msol/kpc/s^2), errlow, std, median pth (Msol/kpc/s^2), mean gas-mass-weighted metal (fraction), errup, errlow, std, median metal, mean gas-mass-weighted temp (K), errup, errlow, std, median temp  
#  nprofs 452, mean mh 1427888652558.486084, median mh 1424885321935.302246 
#  Mass range 12.00 - 12.3 
#  Nhalos 44
3.113239796992746389e-03 7.527767751363212243e+06 3.697378755391370505e+06 5.735030366806920618e+06 5.756942358851957486e-01 8.161018902104079723e+06 4.787210197489873738e-24 5.191476192338480279e-24 2.406352680799982329e-24 6.679032717571931066e-01 2.896865106985778245e-24 2.150179194048393652e-02 7.090115390743265134e-03 7.893388303555287991e-03 1.985357232290275165e-01 2.153597300029459760e-02 1.014277834476420976e+05 3.233106212625735498e+04 1.025265609912702166e+04 4.482148935021152969e-01 2.537361424452325446e+04
5.410190699309528305e-03 2.064967854281412670e+06 9.558494274244436529e+05 1.781449498984009493e+06 6.759653242510152982e-01 2.076277842205509311e+06 2.977853529160642052e-24 8.720298773297224199e-25 3.948724818030820218e-25 5.232033564778367785e-01 7.238785055974029046e-25 1.603212852479579328e-02 6.601522834154723018e-03 6.881803869679181673e-03 2.011938011310687724e-01 1.621484883305439328e-02 4.197729383408270660e+05 1.859179521806710982e+05 1.342252956321670717e+04 7.204292063031827453e-01 2.929019701175934460e+04
9.401833880952267797e-03 7.970330873435686808e+05 4.933674975040548015e+05 5.136505684251477360e+05 5.004610508082331100e-01 7.707497565370611846e+05 1.065291010293737852e-24 8.708305008699027666e-25 2.960876716730240977e-25 3.876182142865449709e-01 5.291854982020424521e-25 1.060141702315337518e-02 5.236372648256420320e-03 3.297699673757530960e-03 1.931821530400699427e-01 9.916766115505456364e-03 2.476020057372277661e+05 3.175664756980087841e+05 3.498815686785602156e+04 5.944303582551243581e-01 5.498821298934578954e+04
1.633851471008279307e-02 2.263390389687678544e+05 1.463697056991506834e+05 1.432735736080201750e+05 4.278798659364837498e-01 2.139144142479232396e+05 6.459943571861588342e-25 5.434984944126368949e-25 1.866705811871370064e-25 2.837711000483014723e-01 4.924100015921660586e-25 7.356004248662824895e-03 2.521450684087554565e-03 3.027375679948491292e-03 1.995336524541469481e-01 7.467394575195057844e-03 3.814655066487306613e+05 6.233894060605017003e+05 1.101361255866795836e+05 4.560487833017276005e-01 1.802027152679128340e+05
2.839308440371576120e-02 5.447940795730369427e+04 2.892800734467230359e+04 3.213398485289361633e+04 3.317081163328465809e-01 5.314886903520952183e+04 4.402100332757229686e-25 2.488335927118842340e-25 2.055386543873796525e-25 2.385239397549139828e-01 4.072351749521866054e-25 5.326486741196570333e-03 2.637098559520750091e-03 2.127797277796893410e-03 2.009883010215816057e-01 4.990718298275253345e-03 7.611914819485107437e+05 6.459408372842650861e+05 3.736384093358798418e+05 3.178387242907398935e-01 6.587738162072456907e+05
4.934152560752818467e-02 1.611552135021352478e+04 6.647141913749559535e+03 6.410324706216513732e+03 2.683901026159062897e-01 1.575210882353604211e+04 2.189581587686893069e-25 1.143587317656274070e-25 1.161642012586655164e-25 2.401131492900026587e-01 2.230823009076339151e-25 3.660218871053723746e-03 1.722765077850023970e-03 1.124634837551738691e-03 1.939950823547522407e-01 3.385578447480326863e-03 1.032763646816813853e+06 5.476929970465097576e+05 3.334582821240088670e+05 1.920371882640548034e-01 9.189907544893797021e+05
8.574574409252104512e-02 6.631173259217425766e+03 2.925911994035712269e+03 3.126519704549480593e+03 2.522924179377081799e-01 6.954423706720044720e+03 9.259490690812664024e-26 5.730679986166700858e-26 3.462392509542299933e-26 2.323024033160052126e-01 8.556789964124412217e-26 2.379254490481191604e-03 1.443757394458090697e-03 5.471910758165091440e-04 1.866682160684571268e-01 2.142257467758407804e-03 1.018324561158248340e+06 4.783059230135763064e+05 2.351687741300095804e+05 1.624918207917766810e-01 9.122317229385017417e+05
1.490090251457148740e-01 2.565043699310658212e+03 1.252517701510907045e+03 7.189133797954282272e+02 2.016465507317496408e-01 2.451011681040898111e+03 2.921105136748010999e-26 2.584770752483637826e-26 9.156458488473867152e-27 2.517974102415492244e-01 2.247208520195706437e-26 1.685457845259697102e-03 9.278476435794235679e-04 4.961779056881561890e-04 2.082109987514784433e-01 1.512166840215044359e-03 7.816791412627651589e+05 4.647934456176182721e+05 9.981470133968855953e+04 1.797836863678776986e-01 5.977405086442811880e+05
2.589480073893599132e-01 7.639713062075556991e+02 4.600955509847012763e+02 1.338116940803020043e+02 1.828752301810550873e-01 6.519440064394373167e+02 6.578102904550421220e-27 6.157244027651030777e-27 1.757258346314922730e-27 3.235282057825672464e-01 4.267242662196858768e-27 1.215825112251247165e-03 7.080088168992645838e-04 4.241285417493938963e-04 2.427889575494297236e-01 1.101008315774614464e-03 5.271391241564764641e+05 2.863034423495971132e+05 1.227763515524870018e+05 1.899158995523686222e-01 4.244690647633422632e+05
4.500000618442288047e-01 1.948220874850425446e+02 9.409441274904980901e+01 5.628439356727685094e+01 1.720724528674503484e-01 1.763727161741560963e+02 1.370042088646985848e-27 1.777304037989639621e-27 3.380386102181213259e-28 3.897041808396479179e-01 7.182852734933017287e-28 8.203528918965519428e-04 9.094811629886826246e-04 3.802596649790596431e-04 4.164928745152157163e-01 5.857456333012594531e-04 3.808369865689898725e+05 2.602164545192100341e+05 9.162841345612096484e+04 2.391515675181688227e-01 2.976852220847893041e+05
7.820104804101706275e-01 7.600248804544203551e+01 5.517463996316347163e+01 1.386891706225619458e+01 2.255644479603064745e-01 5.561638438200036205e+01 5.260176233465392055e-28 4.795339393255622719e-28 9.510015974601757810e-29 5.404444571488958848e-01 1.559068909973172546e-28 6.892666014390727092e-04 9.832975771058912341e-04 3.599969164742390149e-04 6.110909918382861905e-01 4.524702116983955855e-04 2.876457584467492998e+05 2.660726810472613433e+05 8.989017633654519159e+04 3.343419121856975318e-01 1.833925272429272009e+05
1.358978460947493527e+00 4.046749282365892242e+01 2.841726522272934119e+01 1.437505667477462623e+01 2.488817821200038083e-01 3.199359853844607215e+01 8.168761718211030429e-28 2.046452235193397464e-28 6.780521801928625319e-29 6.916956635537375719e-01 8.199658997464568546e-29 6.102600517142946863e-04 7.804938796992537051e-04 3.785023358544493022e-04 5.590695493438456731e-01 4.598509452850600091e-04 3.839672034923475585e+05 1.851944120589722006e+05 1.187557124803005427e+05 4.631588663915548465e-01 1.731372304634881148e+05
2.361633895687103912e+00 3.097639876943850368e+01 1.551375002465397301e+01 6.325252141413624685e+00 2.265658043391311216e-01 2.411013219472822300e+01 8.167743466275821726e-28 1.388232960864434808e-28 7.671117061930701172e-29 6.534291306105498576e-01 9.853658674736110972e-29 6.808122258652480946e-04 4.428135700515708519e-04 4.672117665767537174e-04 3.746035850135285838e-01 6.614875978975265098e-04 5.131939078213808825e+05 2.497303267162763223e+05 1.715604790794617147e+05 4.478772942878300189e-01 2.523874846960429277e+05
4.104049341127662842e+00 2.330981489967632214e+01 7.149898569969447948e+00 7.052226772424157630e+00 1.607060445742821142e-01 2.167840566542919589e+01 3.894541821281748451e-28 1.192958480418923202e-28 4.445801685142760190e-29 5.088713031402321008e-01 8.651639704165707394e-29 7.202350801821848442e-04 1.781690652455185635e-04 2.640025976379229257e-04 1.897940873214257196e-01 7.242755256161520841e-04 6.229166183743298752e+05 2.809416199245451135e+05 1.164667735917659302e+05 3.739873305406535842e-01 2.969904714392983005e+05
7.132020346239977826e+00 1.782719309714654798e+01 2.960641785559605665e+00 2.207262349784672395e+00 8.949390154470346359e-02 1.706065493347047379e+01 1.986837325961837714e-28 6.220638499977037191e-29 2.442624713158605513e-29 4.385977882294591068e-01 7.179217256831039695e-29 6.259757478172895068e-04 1.097863017300698121e-04 1.422016958498712163e-04 1.218201534453601798e-01 6.208359622004749239e-04 5.900968011584737105e+05 1.725328535325665143e+05 7.714212259648670442e+04 3.601822348636449234e-01 2.815469497216722812e+05
1.239403086835325674e+01 1.619847610701971030e+00 1.528045076205490904e-01 2.081459780771170998e-01 6.791826751776572357e-02 1.599366575430180237e+00 2.094908530898693527e-29 1.079029278967722457e-29 2.030585520388988016e-30 4.453278419273670741e-01 6.598365161855132932e-30 6.511902983068261312e-04 1.465521994388703552e-04 1.222287659136428884e-04 1.092477183917046346e-01 6.111686551584425125e-04 7.211866261786777759e+05 4.610557986047805753e+05 5.896332963439513696e+04 3.929789497765660555e-01 2.792126754040458472e+05
