# R (Mpc), mean rho (Msol/kpc^3), errup (Msol/kpc^3), errlow, std, median rho (Msol/kpc^3), mean pth (Msol/kpc/s^2), errup(Msol/kpc/s^2), errlow, std, median pth (Msol/kpc/s^2), mean gas-mass-weighted metal (fraction), errup, errlow, std, median metal, mean gas-mass-weighted temp (K), errup, errlow, std, median temp  
#  nprofs 449, mean mh 4318953311218.919434, median mh 3737758158429.548828 
#  Mass range 12.30 - 13.1 
#  Nhalos 36
3.113232202630837955e-03 2.784789261214781087e+06 7.043579476817455143e+06 3.224500602291738323e+04 8.981235869127637272e-01 9.804431130320181546e+04 5.201136669786601393e-24 5.041889422106869043e-24 1.512360823177269410e-24 5.807144713663933144e-01 2.788087942005156902e-24 1.257781285246142335e-02 9.500625429251979837e-03 4.195494392357077516e-03 3.045094468321555836e-01 9.403067132865580713e-03 2.191976736349903513e+06 2.415664236250313930e+06 1.513210587992075831e+06 8.991965950699124521e-01 1.551091446364597417e+06
5.410177501821110228e-03 5.743839244828183437e+05 1.127105779875059146e+06 3.834344759610292385e+04 7.965895618007604595e-01 5.247877605497704644e+04 1.661973038889061851e-24 2.240910292639288259e-24 5.394063878755168802e-25 5.261300840915085208e-01 9.190379858951688799e-25 1.008686807275296395e-02 4.943340006502951883e-03 3.401607114627156793e-03 2.776425386879420865e-01 8.539038248226426056e-03 2.000184013452681014e+06 3.423850862617873587e+06 1.287905398695081472e+06 7.982896536226676831e-01 1.368202464201993309e+06
9.401810946345954753e-03 1.772786163822894741e+05 2.466844491998947924e+05 2.737874499566964732e+04 5.618536778966093381e-01 4.781566405601136648e+04 9.794798422472403818e-25 7.732529375834876580e-25 4.519978489196326420e-25 4.029230096610245115e-01 7.693409150823781882e-25 8.245454477318895498e-03 3.725630547470743827e-03 3.244419827495318050e-03 2.322555252200153852e-01 7.802636510011016872e-03 1.568359877461769152e+06 1.131649044016783126e+06 1.088430762754070805e+06 6.835727513271991906e-01 1.188606925806455314e+06
1.633847485430494142e-02 9.319980299165555334e+04 1.156283286564939626e+05 2.234268381586366741e+04 4.435483817736965984e-01 4.423092913106583001e+04 7.751025725960072311e-25 6.444735729931516395e-25 3.029823190314695073e-25 4.237420835191357260e-01 5.111270758985778147e-25 7.164858308412551217e-03 3.048718613709769376e-03 3.130126314194766127e-03 2.190255180763444887e-01 7.155681189701161571e-03 1.324165886812595883e+06 2.412708695378368720e+06 3.374646594790780800e+05 5.851700609956694832e-01 5.066914974098220700e+05
2.839301514231197185e-02 4.568980393229307811e+04 3.846601915826846380e+04 3.070336361107471021e+04 4.131203794222516046e-01 4.102259301148996747e+04 4.803977755602766952e-25 3.534860308041909904e-25 2.702592232949107861e-25 4.286658728045157352e-01 3.750677709187093561e-25 6.102767223577059037e-03 1.858866164103303679e-03 2.580032836958028389e-03 2.134343474077625702e-01 6.369821231306881971e-03 1.325752606888087932e+06 1.973884959628803888e+06 5.024828721366700483e+05 5.406359683904070623e-01 7.216113361048458610e+05
4.934140524500327946e-02 1.441752026985786688e+04 1.054159421227008716e+04 8.183150430717450945e+03 3.156865470536546203e-01 1.285461324077163590e+04 2.553594125234971256e-25 1.935838457876134933e-25 1.135688387565538292e-25 3.267015527402862829e-01 2.157386952443500260e-25 5.263646552871758220e-03 1.816397743145002110e-03 2.315642331333160261e-03 2.265141182623405525e-01 5.409856876467184633e-03 1.610719775693181902e+06 1.329963451151662972e+06 9.416130128084151074e+05 3.720400226505846675e-01 1.372278584310571197e+06
8.574553492642551789e-02 5.403619265724216348e+03 4.325979191723789882e+03 2.482799286359518192e+03 2.590945095318253899e-01 4.635595857547325977e+03 1.388481521837418393e-25 1.248289258702053016e-25 3.778706258908618046e-26 2.880808142713944253e-01 1.002119213388462885e-25 4.327446423302011916e-03 1.845391998750426157e-03 1.967100901453162388e-03 2.037918977277880794e-01 4.312632439365462686e-03 1.944676641501132865e+06 1.555771295636649476e+06 5.701732601595113520e+05 2.657399019351809333e-01 1.580322629544431111e+06
1.490086616567007083e-01 2.801665228490046047e+03 1.305692092251079430e+03 1.250577528141625180e+03 2.374989770583648407e-01 2.630517184613628615e+03 7.121225786831193837e-26 5.809409920757711491e-26 2.105833491329836736e-26 2.713920103261561745e-01 5.426373764824038796e-26 3.375931901510751450e-03 1.019995490730334076e-03 1.857734654245918066e-03 2.379454145597935388e-01 3.497328061903743485e-03 1.837054659513939172e+06 8.972087042488469742e+05 6.205142600093174260e+05 2.113649163482593241e-01 1.595652478234610055e+06
2.589473757178498703e-01 1.187885297724545126e+03 5.150016869912319635e+02 4.846642492679709449e+02 1.954299531694234648e-01 1.167950359979985024e+03 2.553437701141858267e-26 1.200963321414862088e-26 1.098360524644112500e-26 2.603036158953584422e-01 2.235216736403334528e-26 2.415535327448118004e-03 9.095617764364170334e-04 1.297373047190044076e-03 2.157921789430724546e-01 2.562319401808381240e-03 1.448158904277036665e+06 5.923299212363678962e+05 3.709087389570410596e+05 1.744324308241449184e-01 1.305166693688761909e+06
4.499989641249551586e-01 4.189672825347454364e+02 1.819141466522165729e+02 1.604020768748818000e+02 1.723503322576004637e-01 4.107944480403824628e+02 6.933193705348963961e-27 4.950952723605068379e-27 2.937614944203912227e-27 3.258696013966850269e-01 5.569131993165884415e-27 1.710010381604807304e-03 6.773239469087569912e-04 7.347586577732383986e-04 2.052490193997115187e-01 1.645267618626366233e-03 9.936658368091473822e+05 4.725664257585223531e+05 2.189133223946356447e+05 1.796638277910569959e-01 8.775172799010731978e+05
7.820085727927073016e-01 1.158657975287156461e+02 4.582003568019274553e+01 5.642826704570613572e+01 2.257979946972985541e-01 1.108755197470928238e+02 1.323008637796278049e-27 8.673446633951511260e-28 7.374479733680910800e-28 4.240290596676642432e-01 1.021066057190060664e-27 1.256243266514862466e-03 8.397437715145106979e-04 6.144252513478191177e-04 3.353820910910709774e-01 1.168086348387029332e-03 6.451996104955609189e+05 2.399156609291320201e+05 2.567561536772219115e+05 2.056847782503421207e-01 6.041631084815051872e+05
1.358975145888284608e+00 3.865237041142457741e+01 2.451245716102607730e+01 9.079414616466657151e+00 2.186572122528385176e-01 3.169165823795960080e+01 3.197872105421851969e-28 3.203391307028139537e-28 1.233406567615083063e-28 4.882552595415306507e-01 1.846326564340737122e-28 1.045329316974490065e-03 5.954368477150363739e-04 6.242637057710866567e-04 3.639976647264122067e-01 1.086623661409201165e-03 4.536392238063357072e+05 2.823436933040474541e+05 2.206114909822705667e+05 2.920591801465022286e-01 4.316403816033217590e+05
2.361628134774462762e+00 1.828742697127185934e+01 1.182939091579661728e+01 5.434226538732032097e+00 2.294544143414517512e-01 1.515741679879888970e+01 1.482526915231421986e-28 1.236568901951551634e-28 5.030692616107650668e-29 5.990588855538442337e-01 6.451470714831625527e-29 8.871511505003529339e-04 5.500467899550332430e-04 4.579814855723571623e-04 3.783837628729651015e-01 8.551219303467541989e-04 3.708178548660392407e+05 2.572612019482270116e+05 1.756355911216633394e+05 3.816757255486039058e-01 2.798477714980384335e+05
4.104039329808901293e+00 1.163534148868227369e+01 5.505453850934223681e+00 4.152270101292667270e+00 2.042463709323825982e-01 1.024177936106483244e+01 2.640224501845425093e-28 5.112011092955067295e-29 3.835270474496091959e-29 5.840068717543317467e-01 4.909322939258038584e-29 8.363737959202993504e-04 3.426017994075492663e-04 2.870598656720457558e-04 1.962653857806392066e-01 7.972193007329174625e-04 5.340678875213031424e+05 1.748506268103505136e+05 1.885790930959796533e+05 3.891575548778700155e-01 2.989515309308721335e+05
7.132002948561937394e+00 9.262987819633714537e+00 3.358409391569368907e+00 2.478764331102951246e+00 1.623933532685772341e-01 8.530771716234665902e+00 2.507776354413792797e-28 2.330088072404631012e-28 1.781700762490328232e-29 6.461717621607971918e-01 4.624374627928964861e-29 8.907434657644442040e-04 1.484662096134903948e-04 2.078297117540987794e-04 1.565513727603917160e-01 8.919590719998906443e-04 1.183163734856359893e+06 1.248997104898189195e+06 1.346713025716805132e+05 4.963515924126438161e-01 3.997892067638778826e+05
1.239400063465394020e+01 4.195077779498535442e+00 1.334687889946560624e+00 5.228869586384345958e-01 9.445692568779792686e-02 4.025686107908009959e+00 8.230659458223666918e-29 2.401498796316194257e-28 6.648039951338256224e-30 5.381026083322596465e-01 2.076737860936247348e-29 8.469152527849087330e-04 3.716381877119220509e-04 1.431688716453669366e-04 1.113473149021243780e-01 7.884243937615672149e-04 1.086037184405059088e+06 2.770048893577970099e+06 8.832360399411519757e+04 4.540556206244699133e-01 3.605295151317385025e+05
