# R (Mpc), mean rho (Msol/kpc^3), errup (Msol/kpc^3), errlow, std, median rho (Msol/kpc^3), mean pth (Msol/kpc/s^2), errup(Msol/kpc/s^2), errlow, std, median pth (Msol/kpc/s^2), mean gas-mass-weighted metal (fraction), errup, errlow, std, median metal, mean gas-mass-weighted temp (K), errup, errlow, std, median temp  
#  nprofs 438, mean mh 1447625221700.867920, median mh 1394413445145.446777 
#  Mass range 12.00 - 12.3 
#  Nhalos 47
3.113237261443055608e-03 6.809831109764463268e+06 4.214948563451318070e+06 3.417526163108934648e+06 4.229397468259509241e-01 6.439859529806919396e+06 3.938771558328603702e-24 3.678820664259842369e-24 1.711150157496456937e-24 5.084424153113574762e-01 2.346077307315485221e-24 2.124926751630618754e-02 7.940476561297697689e-03 7.055524107370682307e-03 1.786244086802294961e-01 2.103483675458136040e-02 6.381593997375362233e+04 3.386998140569691896e+04 6.162801102067751344e+03 3.768394150665790310e-01 2.342847882847473011e+04
5.410186293029174698e-03 1.743464084773174254e+06 9.549289511347028892e+05 6.140245907958740136e+05 4.136879679124745857e-01 1.542476628058084520e+06 1.043392764206013201e-24 7.175024176169420236e-25 2.877951418729215015e-25 4.169846892511588909e-01 5.106889741134317797e-25 1.544156214578183174e-02 7.152103824559937623e-03 4.345911356429759884e-03 1.774574606611216410e-01 1.402637813420640894e-02 6.657391920669772662e+04 5.182909187853510957e+04 6.498810099014659500e+03 4.183636666059207809e-01 2.123584531113705816e+04
9.401826223714616557e-03 6.379506817121226341e+05 4.580688093034821795e+05 2.864474099000724964e+05 3.392755499647371331e-01 5.662110066492864862e+05 5.714543699443940348e-25 6.007626682341107235e-25 3.336222056962713736e-25 4.123000061721848186e-01 4.619654824165751611e-25 9.272336677060327020e-03 6.425943504257674611e-03 2.009535699328481202e-03 2.035720569078111886e-01 7.690472314092709587e-03 9.778344041470847151e+04 9.216115246395189024e+04 2.826496263714393717e+04 4.314767497698628884e-01 5.071443266826779291e+04
1.633850140332886169e-02 2.016339763826817798e+05 9.862781686277737026e+04 8.049752953752793837e+04 2.917976567337196570e-01 1.856783674729107588e+05 5.827288183531193618e-25 3.237574618422810457e-25 3.178811041274044415e-25 3.025666422648324860e-01 5.437044549133835140e-25 6.134693917146019811e-03 4.069730337136626477e-03 1.341853759482185098e-03 2.017287369071888159e-01 4.981541555792336554e-03 2.720377635646820418e+05 1.724297848749501572e+05 1.192544565557814203e+05 3.711667252169253972e-01 2.084093525642789027e+05
2.839306127922774578e-02 5.007331557477585739e+04 3.126091255672061379e+04 1.970834606262225134e+04 2.419660627319122348e-01 4.441640578148626810e+04 4.037726878168216206e-25 1.575176969876739177e-25 1.564763414668025466e-25 2.512728257735000748e-01 3.958917251573091502e-25 4.392789573007934746e-03 2.353266104784469421e-03 1.451178878370030373e-03 2.157268964243435339e-01 3.708360910437045587e-03 7.332485041558912490e+05 3.973272267944122432e+05 3.892460387353612459e+05 3.438262991776130373e-01 6.829692013609131100e+05
4.934148542177373836e-02 1.697406754810618804e+04 5.799098209516268980e+03 4.932443043891627894e+03 1.838625978121984361e-01 1.594719115914056965e+04 2.268895247918522217e-25 1.079626150529730585e-25 8.202971176929960601e-26 2.259307816476621988e-01 1.992733914956666283e-25 3.174562743239554667e-03 1.996933295561452264e-03 1.389706657216997722e-03 2.441483531781698801e-01 2.833047751091591696e-03 1.027057318063690793e+06 6.000067109002234647e+05 2.962402387135134777e+05 2.518172529820543182e-01 8.249437157752368366e+05
8.574567425768368778e-02 7.102635914565379608e+03 2.718007323325248763e+03 1.782654612557490509e+03 1.769311149670718120e-01 6.794334817853684399e+03 9.543743571994995142e-26 5.736213366163510912e-26 2.166847187284209458e-26 2.121691949911847230e-01 7.798146014091239215e-26 2.182909880411275372e-03 1.306466755984683759e-03 7.991853742907620121e-04 2.038148022613878729e-01 1.969882588594601500e-03 9.106460636257099686e+05 3.073953410306680016e+05 1.881380233824437018e+05 1.326731332907728489e-01 8.413624503788193688e+05
1.490089037866766386e-01 2.729374940998195598e+03 7.063457857449461699e+02 5.631093770954780666e+02 1.668627719150768129e-01 2.638386975767582499e+03 2.858374538780257971e-26 1.938646029976348307e-26 8.482645526420387918e-27 2.121961624412543324e-01 2.476028627414821634e-26 1.503517505865964573e-03 8.589693350269900999e-04 5.098242699694371894e-04 1.942530942626042867e-01 1.357760767724059412e-03 7.018555430785805220e+05 2.169295883257812820e+05 1.411603698144500377e+05 1.276265591133252664e-01 6.495573778938697651e+05
2.589477964915226638e-01 7.407844390722387971e+02 2.205908417250137745e+02 2.127055526888310624e+02 1.558186581190690867e-01 7.214506322345300759e+02 5.454314201358701640e-27 2.859088295875848587e-27 2.091572643660747464e-27 2.589996047120532441e-01 4.693101553837733405e-27 1.054630464927499905e-03 4.941280960265596791e-04 4.416640492329250607e-04 2.332608212663092040e-01 1.009035284730337755e-03 4.645454668511452037e+05 1.622686962864255765e+05 1.039310899289149093e+05 1.362238280231794219e-01 4.332057899227035232e+05
4.499996953457924831e-01 1.734640946451926311e+02 6.105825850004757172e+01 6.433529895174748958e+01 1.851956153022387974e-01 1.650422582043370596e+02 9.529805393953523827e-28 6.373681978924385935e-28 5.195834310355953428e-28 3.764081660377795457e-01 7.621793735804455868e-28 6.258739663117918574e-04 4.450320949742796791e-04 2.289706505074897238e-04 3.298367987818429103e-01 5.194586429728488856e-04 3.186442493144026957e+05 1.706168758869961603e+05 1.231173125294827914e+05 2.122063558589855903e-01 2.866259537381043192e+05
7.820098435088842503e-01 5.984057591174938295e+01 2.844313508832690474e+01 2.285808713746980203e+01 2.233657200274026811e-01 5.214211266225813546e+01 2.972690433215142180e-28 2.311405240470506132e-28 7.896656022920613595e-29 5.214656154161527724e-01 1.231039435225950918e-28 5.135770075271238683e-04 7.027934975124953444e-04 2.449830974417477542e-04 5.506606933798752213e-01 3.133926651835193338e-04 2.393130252179516247e+05 2.514191380846395623e+05 1.026409992013465526e+05 3.161205257527319734e-01 1.826587581406561076e+05
1.358977354139910165e+00 2.923777665914614232e+01 2.398793153569705083e+01 8.551960032974326609e+00 2.348109106069918572e-01 2.238181906585415959e+01 1.300989883280602409e-28 2.023027468388541103e-28 3.723386503577804564e-29 6.200823503998607045e-01 4.797346359922065395e-29 4.019822953710134022e-04 5.101586501916787397e-04 2.339738771272509624e-04 6.717802651384993107e-01 2.724887285837925650e-04 2.031636753886275983e+05 2.084899862247568381e+05 9.924233222381409723e+04 4.031811845466575228e-01 1.440695102237568644e+05
2.361631972275968661e+00 2.080749855749919419e+01 1.391702853731731437e+01 5.740258493461348976e+00 2.011893762939203911e-01 1.745693307333311139e+01 1.102189213209309989e-28 1.506278015528793184e-28 5.004820557727540311e-29 5.637238914591277128e-01 6.389191380314842795e-29 5.384513346514645379e-04 4.829562527162369230e-04 4.150448017518220973e-04 4.575152132793806059e-01 5.241451764001268769e-04 2.770743603928321972e+05 2.695130440521543496e+05 1.505744700608408893e+05 3.872694286545304565e-01 2.221513671051156125e+05
4.104045998622196656e+00 1.865323635869623331e+01 7.243561349488352619e+00 4.928954793918100208e+00 1.816461253842459045e-01 1.614946963276416625e+01 4.548680549503290407e-28 9.546788458606658132e-29 3.390946422654750712e-29 5.737813216871812116e-01 6.746804476019852842e-29 6.244107993011438745e-04 2.076131108388639583e-04 2.261998111601547863e-04 2.020002288078299180e-01 6.025230005267840109e-04 7.706661477895452408e+05 1.953087633119337261e+05 1.107710412689345831e+05 4.117270137073878455e-01 2.906842059875866398e+05
7.132014537631209627e+00 1.400514861353022411e+01 2.281660606166990846e+00 2.550196443427950044e+00 1.114662963724561973e-01 1.378878041207297400e+01 1.868700496298793650e-28 5.374309789401709609e-29 3.392595236371128685e-29 4.965001722286416230e-01 6.344453767905031422e-29 5.580084583465951898e-04 8.035727513702566049e-05 2.409977443604107220e-04 1.528213170398602661e-01 5.796750839341220044e-04 6.690825158773119329e+05 1.844543802608654951e+05 1.345102433138690540e+05 3.952078786921323639e-01 3.108948471818480757e+05
1.239402077414812453e+01 2.963850408772973122e+00 5.826609507120461551e-01 3.678209814433044400e-01 7.934142865862467420e-02 2.837894385025430566e+00 5.077040121344267243e-29 9.951639559872407711e-29 4.813122813508541579e-30 5.207006394210431655e-01 1.315881266418793282e-29 5.688485479300681245e-04 2.147713579280556779e-04 7.251549387030033385e-05 1.303675714562825549e-01 5.072727159677936420e-04 9.339884696746427799e+05 1.897357416169788456e+06 9.242224408402416157e+04 4.502812103208904126e-01 3.157760706720615271e+05
