# R (Mpc), mean rho (Msol/kpc^3), errup (Msol/kpc^3), errlow, std, median rho (Msol/kpc^3), mean pth (Msol/kpc/s^2), errup(Msol/kpc/s^2), errlow, std, median pth (Msol/kpc/s^2), mean gas-mass-weighted metal (fraction), errup, errlow, std, median metal, mean gas-mass-weighted temp (K), errup, errlow, std, median temp  
#  nprofs 444, mean mh 1388612006575.774414, median mh 1317176028737.508789 
#  Mass range 12.00 - 12.3 
#  Nhalos 49
3.113246145416726039e-03 5.845702497592790052e+06 3.138586809880908579e+06 4.703922449469774030e+06 5.842000011812421567e-01 5.817168363345468417e+06 2.310981697434749503e-24 2.226996885406597253e-24 8.832147733434965338e-25 4.317928210962525548e-01 1.623142452984098531e-24 2.036089334447466898e-02 1.390553807790439675e-02 8.174667627357081259e-03 2.521499169279160513e-01 1.836477787801453834e-02 1.041768349878434237e+05 3.271234993173557450e+04 6.340314459304794582e+03 4.825461981603556549e-01 2.357532098112950916e+04
5.410201731605981425e-03 1.769871954249188304e+06 9.077029314183243550e+05 1.532085147327383049e+06 6.910998224731184081e-01 1.735626152117104735e+06 8.059490151755002964e-25 6.726534931720610393e-25 3.389189376544691378e-25 3.747214517152927526e-01 5.939204375775038686e-25 1.634746397270644275e-02 1.067994732423010323e-02 6.287195620829116177e-03 2.622097852291039866e-01 1.431858388023431183e-02 3.605934009920555400e+05 1.044092388023860840e+05 8.041643300808984350e+03 7.058514831198172690e-01 2.269652569053895422e+04
9.401853052886184961e-03 5.509521141446146648e+05 3.655183643953063292e+05 4.893231302130601835e+05 6.647309801613611180e-01 5.284217185840661405e+05 7.430331476998615641e-25 4.032989795526237354e-25 1.926444044561976785e-25 4.443753699904591792e-01 3.505789782278752162e-25 1.073477547201566115e-02 6.057246758813653043e-03 4.218019086611504362e-03 2.184094445222206915e-01 9.315127574563940999e-03 8.780238310684845783e+05 4.886522458924318780e+05 4.253037508113974764e+04 7.472694969617034166e-01 6.115163948616215930e+04
1.633854802708544635e-02 1.862029838195778721e+05 1.360082445449638763e+05 1.682654159857538471e+05 5.754740600433065900e-01 1.890209055925095454e+05 5.160595719034214060e-25 1.875031067162672066e-25 2.834175530828310477e-25 4.528312712234758286e-01 3.861214183068192052e-25 7.282451076045145556e-03 3.116625220060108628e-03 2.364337469689409103e-03 1.953370075680425921e-01 6.657707293624512412e-03 7.231753163610100746e+05 4.242926739977949765e+05 6.471972167102668027e+04 6.085761615989426776e-01 1.332447937727358658e+05
2.839314230203058426e-02 5.134530505129954690e+04 6.193216676792653016e+04 2.671311931349238148e+04 4.485337478578791393e-01 3.813032735230550315e+04 2.594667487391590084e-25 1.494516202939356879e-25 1.488699611878709902e-25 3.346968733333883228e-01 2.376456572207120019e-25 5.335694741693784715e-03 2.207635923989132928e-03 1.340698353170927375e-03 1.949536838168261788e-01 4.794723641111733881e-03 6.370239151418744586e+05 3.997458785017423215e+05 2.904915906508932821e+05 4.220938021132636941e-01 4.543207980100319837e+05
4.934162622326766084e-02 1.312364322108437227e+04 6.155448412660105532e+03 9.339040885542452088e+03 3.459192468611149152e-01 1.338698838568979045e+04 1.244440402069578407e-25 6.200949316908081737e-26 7.062385497188258203e-26 3.082489373453936587e-01 1.196696678982041939e-25 3.887971836065415732e-03 2.675022076063816694e-03 1.150951210414234531e-03 2.068496855648136734e-01 3.318989866422658933e-03 7.621539743213565089e+05 4.147955263424308505e+05 3.655256100344288861e+05 2.304537904163344864e-01 7.192971856343313120e+05
8.574591894263650094e-02 4.966567438245829180e+03 1.755668110201381751e+03 3.276211921642283414e+03 3.190532512196490034e-01 5.245938436821471441e+03 5.796503175023194168e-26 2.875536536477367888e-26 2.632936330141830692e-26 3.040304015637923518e-01 5.323890511734417983e-26 2.848780775949347720e-03 1.469574612624101589e-03 1.017028113036774284e-03 2.114081489258404223e-01 2.621931867858512139e-03 8.530238982960283756e+05 3.300711381501313299e+05 2.196951323903270531e+05 1.505126675596759056e-01 8.015929146229273174e+05
1.490093290003903781e-01 2.016585965350511970e+03 8.882187298375324644e+02 9.568931938808182167e+02 2.952614979120847249e-01 2.056687417997525245e+03 2.133841508477278604e-26 1.408001502771592979e-26 9.102014554286179887e-27 3.019303861167251246e-01 1.782230971083790372e-26 2.006803990128362691e-03 1.247459824042382315e-03 7.560836400321779231e-04 2.187643473545722583e-01 1.841553310522595598e-03 7.240260255454680882e+05 3.028883067227815045e+05 1.792170007893703878e+05 1.518887191697223804e-01 6.573298400651895208e+05
2.589485354282668461e-01 6.341728482823085642e+02 3.044241359387582406e+02 1.919020057132913735e+02 2.203916384927179228e-01 5.677774109796208677e+02 5.233146383483503331e-27 3.219506727785757253e-27 1.930096042136553108e-27 2.837516402228452139e-01 4.130449361003861822e-27 1.420828206856890839e-03 6.822748459874370796e-04 4.799982979706955699e-04 2.438010571356056255e-01 1.323624458377444532e-03 5.441867533390347380e+05 2.729554690778420190e+05 1.598248942471865448e+05 1.698197636833802815e-01 4.990210893784575746e+05
4.500009794706789079e-01 1.641074397501955389e+02 6.292049520728866696e+01 6.511984886326246169e+01 1.722092408847786527e-01 1.626944244115799165e+02 1.023098033136326430e-27 9.604278760984465441e-28 3.435777140788202962e-28 3.624736445231281357e-01 6.293876950510094934e-28 1.013302925286660439e-03 8.933378790266718883e-04 4.434398835073809783e-04 3.255226146774315432e-01 8.454156316223594182e-04 3.714645238384141703e+05 3.179852998661228921e+05 8.014419758966451627e+04 2.208880773434279965e-01 2.871292371366864536e+05
7.820120750621762928e-01 5.831383984482321381e+01 3.276035895571097001e+01 1.634522544802072730e+01 2.300078911732113818e-01 4.674676473902584917e+01 3.486904133521875594e-28 3.991641978400952554e-28 8.728490194500457388e-29 5.431273176401824054e-01 1.303576583380193289e-28 7.449369736993560320e-04 9.716035338722625071e-04 4.094042928738336230e-04 5.511951213120944715e-01 5.370785617638323614e-04 2.758909430771763436e+05 2.542080577209473413e+05 1.119937553161503893e+05 3.335310349705303268e-01 1.971331803882122331e+05
1.358981232135070272e+00 2.790327548416042447e+01 2.114442499060075420e+01 1.065381075731479754e+01 2.349517531633764644e-01 2.419693712313041090e+01 1.641699532698833997e-28 1.662797360720884160e-28 5.441523364617374917e-29 6.135587199374640255e-01 7.013071461716995444e-29 6.216070502077391570e-04 6.200516665292475291e-04 4.662434031729047581e-04 5.347086874559412450e-01 5.499042191998658718e-04 2.641885245360052213e+05 1.730854480284939928e+05 1.425213415979650454e+05 4.097726528965963122e-01 2.019416777736593795e+05
2.361638711459171702e+00 1.952742205173422008e+01 1.457827361658245202e+01 5.108949300207154209e+00 2.231648633714852226e-01 1.567032954672884237e+01 1.400968125047838991e-28 2.309827745313889665e-28 4.024859182776482283e-29 5.939750151112729304e-01 5.608636096995424623e-29 7.122157637536570898e-04 5.794404842445771307e-04 5.024726580836614675e-04 3.854752519466411176e-01 6.703369984205339660e-04 3.636540469885911443e+05 4.372641401781229069e+05 1.496674887305204174e+05 4.061745355043180905e-01 2.380916323730788426e+05
4.104057709980352797e+00 1.855357525490873627e+01 9.015531654877273482e+00 4.216897336793513418e+00 2.251637469245582890e-01 1.422136677116126613e+01 7.098324383216315730e-28 1.254740626041326944e-28 3.330636835815931532e-29 6.952864626490752320e-01 6.089627489274137920e-29 8.405029402080870828e-04 3.898530979576217328e-04 2.512001950051571302e-04 1.840569248640410438e-01 7.696878302945696620e-04 1.082195143712979276e+06 3.281016785101441783e+05 1.357378996933555754e+05 4.838045893598310054e-01 3.137861155341241392e+05
7.132034889639118802e+00 1.241576772246445159e+01 2.846483640676160221e+00 3.043418143608750626e+00 1.216369071665179963e-01 1.224101538767841468e+01 1.929555736070658731e-28 8.370714965473122838e-29 3.283398033349323864e-29 5.351573259016966233e-01 5.716945178752280975e-29 7.255095696738021044e-04 9.370517870877274023e-05 2.647999602207878889e-04 1.468028464981212255e-01 7.615188336589031768e-04 7.766278187161852838e+05 3.110431894243659917e+05 1.427602912070227030e+05 4.272252958931492817e-01 3.172634782937788405e+05
1.239405614188433624e+01 3.090780706488511775e+00 6.881671897124110870e-01 3.498424981270114031e-01 7.954856825998062042e-02 2.949606593690212719e+00 4.889019968405498073e-29 6.848206828836096322e-29 5.085357202634412692e-30 4.806331992729596658e-01 1.498674649174997596e-29 7.320236647243513490e-04 1.179519067419186737e-04 1.050825497833833642e-04 9.464970577578642186e-02 7.027666556387149365e-04 8.857462735018867534e+05 1.259459991535176756e+06 9.938286375286011025e+04 4.131517158769725806e-01 3.447356236378748436e+05
