# R (Mpc), mean rho (Msol/kpc^3), errup (Msol/kpc^3), errlow, std, median rho (Msol/kpc^3), mean pth (Msol/kpc/s^2), errup(Msol/kpc/s^2), errlow, std, median pth (Msol/kpc/s^2), mean gas-mass-weighted metal (fraction), errup, errlow, std, median metal, mean gas-mass-weighted temp (K), errup, errlow, std, median temp  
#  nprofs 448, mean mh 531764936604.438782, median mh 476878653196.477783 
#  Mass range 11.50 - 12.0 
#  Nhalos 167
3.113254364569109471e-03 3.411452165622962639e+06 1.581483375703954604e+06 9.139861861268361099e+05 2.367903313175258873e-01 3.033566557204816956e+06 7.044229698883947750e-25 5.243200059502531696e-25 2.090971101229553225e-25 3.468329114734490792e-01 4.476571928429839211e-25 1.463447867321849942e-02 6.979161446623544790e-03 4.515462736696418747e-03 1.816454121158749546e-01 1.354038647787048771e-02 2.066436695603129192e+04 4.188480039886278973e+03 2.177168737704563682e+03 1.871871059199275988e-01 1.379684134054357492e+04
5.410216014855808234e-03 1.130297504059436731e+06 7.152751300702592125e+05 3.432975096597570227e+05 2.754049587693289114e-01 9.609161705371589633e+05 1.925779502102788787e-25 1.384576970446499716e-25 4.741394562798014456e-26 3.389938761929864874e-01 1.222737145357079496e-25 1.190309976409055503e-02 5.308413035582640674e-03 4.617789765305366570e-03 1.900944038729190932e-01 1.135497325523372562e-02 2.155456118166657325e+04 4.475882903235682534e+03 1.121424145934006447e+03 2.212939185352067462e-01 1.131409987945146167e+04
9.401877874329571741e-03 4.478429336321104201e+05 3.371328166034776368e+05 1.446930756197783048e+05 2.576149155644040234e-01 3.826632921288902289e+05 1.751865385534954987e-25 2.016200343240267786e-25 3.911181520854680157e-26 4.480058368160459437e-01 7.442412532768132105e-26 7.397185420119016530e-03 3.767508715401931413e-03 2.996436993563732047e-03 2.206174152069714234e-01 6.872322173330242673e-03 3.913830638232816273e+04 3.817403325425529329e+04 2.660509004323903355e+03 3.916266565481600348e-01 1.334655395577765012e+04
1.633859116181033549e-02 1.547828523490966763e+05 7.555877912539371755e+04 5.241301109098285087e+04 2.279689567099650316e-01 1.426278464457174123e+05 1.342725559606159584e-25 1.160278770859897961e-25 5.564464560710773784e-26 3.709169076092557749e-01 9.821702027719777941e-26 4.610869419808157933e-03 3.016471363764184309e-03 1.530244505779885036e-03 2.250993964234307698e-01 3.957324088052401219e-03 8.002523586773723946e+04 7.448357301487901714e+04 2.380490451600914093e+04 3.841594556834082019e-01 4.647183068030886352e+04
2.839321726159124010e-02 4.010647970565014839e+04 2.460118423217919917e+04 1.779687238524352142e+04 2.527667569871703268e-01 3.621884391816998686e+04 7.212080500802885537e-26 6.300922330899842139e-26 3.058351793445995345e-26 3.124222107398548776e-01 5.522878170948455470e-26 3.225467183763213071e-03 2.072326681198271604e-03 9.689218140478787766e-04 2.226755690244989760e-01 2.731681879832890264e-03 1.772928919314566883e+05 2.023783402452753799e+05 6.486377380466569593e+04 4.015479373689472276e-01 1.073600508170671819e+05
4.934175648805434050e-02 8.704312116355362377e+03 5.009726522537967867e+03 2.959034118928315365e+03 2.215182142356373340e-01 7.634714718638130762e+03 3.585645048739038759e-26 3.157664211622626078e-26 1.015958524123870531e-26 2.855237260019406476e-01 2.657684846934237938e-26 2.131379151617524611e-03 1.423204550197637412e-03 7.481445528789213133e-04 2.409992692362241118e-01 1.825859622171205170e-03 3.258745862732575042e+05 2.842982698368839337e+05 1.520735306196587626e+05 3.183397613850862395e-01 2.711404189532425371e+05
8.574614531689064845e-02 2.430771640952181770e+03 9.816188557961413608e+02 5.870005602372805242e+02 1.571828758619903676e-01 2.212514870951110424e+03 1.564865537571893284e-26 1.127937054426155042e-26 4.982576790422692917e-27 2.806833922544500481e-01 1.165299100225561589e-26 1.354187662810765226e-03 9.129925023896980421e-04 5.727516574372305564e-04 2.772684124031514208e-01 1.151507341578352373e-03 4.012923645394520136e+05 2.016864889301757794e+05 9.690009397718976834e+04 1.693673915405687902e-01 3.565613609986378578e+05
1.490097223937570103e-01 9.617834097723836067e+02 4.510162017692967993e+02 2.610130001662766972e+02 1.731149884398857641e-01 8.733346581138845295e+02 4.875478121034364481e-27 4.344538913000945858e-27 1.608725865760269597e-27 3.078660796091298169e-01 3.489575571090555198e-27 9.273308219152920926e-04 6.400518675872911680e-04 3.428973259218801354e-04 2.642145626828497074e-01 7.693048437122455277e-04 3.144225474396910286e+05 1.311161377653407981e+05 8.267686254694411764e+04 1.729302316046071875e-01 2.798031331763595808e+05
2.589492190675852235e-01 3.143548731142411157e+02 1.327137703589232274e+02 8.973288169113811819e+01 1.835828784916705703e-01 2.845892548611577126e+02 1.278248705541033358e-27 1.023873065125652186e-27 4.929880088425279695e-28 3.637444658811574416e-01 8.576360664413997515e-28 6.616262879930416433e-04 4.195384724695051500e-04 2.555200530897107618e-04 2.759927905111298485e-01 5.659766030119743824e-04 2.411226698601966491e+05 1.104792707247459621e+05 7.648989504623238463e+04 2.104477160515978440e-01 2.025153366145746841e+05
4.500021674996532717e-01 9.346224437919791228e+01 5.463284631075568143e+01 3.352376721322359288e+01 2.059640590947201810e-01 8.265565696232606285e+01 4.002401485550729315e-28 3.829804792504001011e-28 1.076324825217953335e-28 4.806080640601406162e-01 1.716933537875649663e-28 4.751661769900320160e-04 6.025323013303153247e-04 1.391374562483693592e-04 3.752581421177417220e-01 2.953753050419348643e-04 2.095445834338949644e+05 1.705866282973217603e+05 6.401715897868675529e+04 3.019741064323510638e-01 1.440181362697824079e+05
7.820141396199125072e-01 3.992578425764572359e+01 3.982819092451860854e+01 1.271104399624310588e+01 2.896207146802731724e-01 2.813769962342255226e+01 2.265717160851880069e-28 3.357472649156724710e-28 3.153577198767317128e-29 6.889108972796363917e-01 4.475109844006366897e-29 4.537578540380557694e-04 7.561930461346556137e-04 1.332268028173983225e-04 6.174435177510481099e-01 1.742530568944521759e-04 2.277610232870228647e+05 2.306446066836458922e+05 6.722421444626666198e+04 4.288056678068166705e-01 1.144832830058942491e+05
1.358984819925215248e+00 2.399412656192705739e+01 2.467375117103856041e+01 7.437838680229940991e+00 3.195804688454417231e-01 1.624871157166339941e+01 2.355229963091073764e-28 3.516785646884984070e-28 2.152939092979425588e-29 8.382238078113699586e-01 2.640760204560077747e-29 5.741818731581149271e-04 9.403801708680790093e-04 2.752634455982420989e-04 7.976301755615060607e-01 3.097952197873564168e-04 2.901632870781233069e+05 4.325227816004200140e+05 7.573189069001155440e+04 5.361933246036280076e-01 1.116287659600953193e+05
2.361644946323858463e+00 1.862238777352126462e+01 1.404470996047011511e+01 5.318006820570227333e+00 3.095474945485384710e-01 1.232033402017614065e+01 6.512353674427034025e-28 1.793812142729041900e-28 3.143007599090056983e-29 8.473093012657961776e-01 3.727539656045765144e-29 7.111266530962973877e-04 6.473652026388614263e-04 4.578923943319516401e-04 5.241447133024926819e-01 6.158937148615815579e-04 5.222378359502833337e+05 3.754618214338311809e+05 1.438992202320935321e+05 5.530933145726781852e-01 2.009327292431566748e+05
4.104068544933373808e+00 1.357313741858750156e+01 6.546674357292552315e+00 3.789165065883615569e+00 2.583070956888913194e-01 1.018522575232562843e+01 5.070997538785277293e-28 1.087315011728659431e-28 3.326818536561492356e-29 7.749879531735173188e-01 4.568098816854319007e-29 8.406809640544960719e-04 3.520885020571219715e-04 3.263403525278706606e-04 2.738403584143267455e-01 8.128826341910772718e-04 8.974979120015458902e+05 3.956767954329057247e+05 1.669630050457250909e+05 5.265785611032318680e-01 2.855988628908102983e+05
7.132053718629468797e+00 9.654166565803075528e+00 2.790733480613784678e+00 2.510789034017230748e+00 1.483690218813461248e-01 9.123630882349662130e+00 1.681650904364622709e-28 6.724181443846509067e-29 2.683948047256470432e-29 5.672628175166163356e-01 4.548524115412371784e-29 7.978749519264208929e-04 2.184069308703316453e-04 2.430802983998462926e-04 1.552128448814785178e-01 8.013561152591187941e-04 7.744693299253847217e+05 3.537715697177409893e+05 1.407438259611914400e+05 4.309940139779995794e-01 3.242642940985226305e+05
1.239408886291934841e+01 3.678810981390559398e+00 1.067801997158093208e+00 5.047440234462641229e-01 8.908388071720106660e-02 3.527271411912296095e+00 6.351808663099045258e-29 1.747758719489862887e-28 6.148329611775429628e-30 5.090022842473739262e-01 1.719328076023588312e-29 7.909222380098233311e-04 2.654355741867260067e-04 1.190477287776070016e-04 9.991562156283533003e-02 7.618620572550089797e-04 9.396689017287003808e+05 2.377898150789535139e+06 9.639961792693391908e+04 4.314133319174812131e-01 3.427938909685469116e+05
