# R (Mpc), mean rho (Msol/kpc^3), errup (Msol/kpc^3), errlow, std, median rho (Msol/kpc^3), mean pth (Msol/kpc/s^2), errup(Msol/kpc/s^2), errlow, std, median pth (Msol/kpc/s^2), mean gas-mass-weighted metal (fraction), errup, errlow, std, median metal, mean gas-mass-weighted temp (K), errup, errlow, std, median temp  
#  nprofs 436, mean mh 522197855914.779907, median mh 469760400246.017822 
#  Mass range 11.50 - 12.0 
#  Nhalos 164
3.113230364662173105e-03 2.244289897048925981e+06 8.742782809877293184e+05 7.179181765261597466e+05 2.052034018798832848e-01 2.203485458989806473e+06 2.791564868402506830e-25 1.655872043383626275e-25 8.203277530244648101e-26 2.739360507963854441e-01 2.187041523919590104e-25 6.166992860918340570e-03 3.496904271639903611e-03 2.923618237486986030e-03 2.956515472276164402e-01 5.857004066822565566e-03 1.299761359208122303e+04 1.557934174935486226e+03 9.270824559633583704e+02 5.856062130247405989e-02 1.254398899688343408e+04
5.410174307797641774e-03 7.831192368032281520e+05 3.613733807944736909e+05 2.218930949647457455e+05 1.793481028008345746e-01 7.225792778202237096e+05 1.175802600325281780e-25 6.191964959692987068e-26 2.414752174604885731e-26 3.015536173102734141e-01 6.845175656521318915e-26 4.793557604576653003e-03 2.812545476832463767e-03 2.107542619032845392e-03 2.712338673937440547e-01 4.371933176874745475e-03 1.518266342973678729e+04 1.240046612554331659e+03 5.898147228057023312e+02 1.711892093418984628e-01 1.164132923386424045e+04
9.401805395769324489e-03 3.002137661008755094e+05 1.614915069175658864e+05 1.153747797131695261e+05 2.129478470287177183e-01 2.729189248819388449e+05 1.296192743724477086e-25 1.931419317388330710e-25 3.080851042589880666e-26 4.806721840586555272e-01 5.333454284151870436e-26 2.916803231766492213e-03 2.203539535043408468e-03 9.621959594748466862e-04 2.708234766842383956e-01 2.434079587864630256e-03 3.850822308191966295e+04 5.348154135638771550e+04 5.283780546727091860e+03 3.832540004547747015e-01 1.637828488199569074e+04
1.633846520850827655e-02 1.181060219964689022e+05 8.807182940470258472e+04 4.690857477946790459e+04 2.605212327109726056e-01 1.031289717892265471e+05 1.196519339354012184e-25 8.806676062852702573e-26 6.511634852207538857e-26 3.740009648930670005e-01 9.517400761070918062e-26 1.781657846991400269e-03 1.288208789564231375e-03 7.052541993869115974e-04 2.839745177147420252e-01 1.515986304480897292e-03 8.960049518213392003e+04 6.858975894231241546e+04 4.138259896473138360e+04 3.646300956521010272e-01 6.692778733953621122e+04
2.839299837983852784e-02 3.575407286343123269e+04 2.160091662980683031e+04 1.644247252690315509e+04 2.750313464576895073e-01 3.183145074676457443e+04 6.516330751267128993e-26 5.591452154794965614e-26 2.714325615437851792e-26 3.295832255595450011e-01 5.077640551467237800e-26 1.155996563067101471e-03 7.000544997508265262e-04 4.893829749575371322e-04 2.733159971900371854e-01 1.011230475140386135e-03 1.706813852732697560e+05 1.967089575738695567e+05 5.484194527939221007e+04 3.814912535399299087e-01 1.010317319899136201e+05
4.934137611516303812e-02 8.931909321660199566e+03 6.387502244885912660e+03 3.098032070837457468e+03 2.304175083729273765e-01 7.626183091247356060e+03 3.409442255144439655e-26 3.226532493652674108e-26 8.702349719029310612e-27 2.903375288224476214e-01 2.334541702618645549e-26 7.328178676534124157e-04 4.921600616120929816e-04 2.973106502666362301e-04 2.727180554577431359e-01 6.197267270667931871e-04 2.996579708106998587e+05 2.456009702182878973e+05 1.291672569461674721e+05 3.119763557030941215e-01 2.404653447942658677e+05
8.574548430456500892e-02 2.366770268576059607e+03 9.597954803830511992e+02 5.858270340151891560e+02 1.470815600652754795e-01 2.150337415145243540e+03 1.500031445317061543e-26 1.377862335852762617e-26 4.552040301202039055e-27 2.767305932613177144e-01 1.089119064620435874e-26 4.992197432476293143e-04 3.529466925565531536e-04 2.052400241869699251e-04 2.942768406797034442e-01 4.216204115160301739e-04 4.002083620544903679e+05 2.148793584998819279e+05 1.047823820749888837e+05 1.789154995268707748e-01 3.582940532621286111e+05
1.490085736859895482e-01 9.116685777882006505e+02 4.487571624052001198e+02 2.530239035279541895e+02 1.661008625874806077e-01 8.254448902340878931e+02 4.468214501870908376e-27 4.155289583049663755e-27 1.635868335543301713e-27 3.058037197061703183e-01 3.303325920848033664e-27 3.680291838969882638e-04 2.783543560537236937e-04 1.314468251641253034e-04 2.931565119387863905e-01 3.002545095651062718e-04 3.024003952588625252e+05 1.305076844391878112e+05 8.691762799734386499e+04 1.650834891243197489e-01 2.718969006121277343e+05
2.589472228422751710e-01 2.974704868446416413e+02 1.457950168703137024e+02 1.011161620833831307e+02 1.854056835684070315e-01 2.778714251476718573e+02 1.111207544954606210e-27 9.433379359025879966e-28 4.444266720590122821e-28 3.674338486084133826e-01 7.607429581509808066e-28 2.728386018136100331e-04 2.007370402417829277e-04 1.128057987197831312e-04 2.915223436006048607e-01 2.272451998509935527e-04 2.179934801297666272e+05 1.078720299392901070e+05 6.225793296273695887e+04 2.057529309690537822e-01 1.823823879361541767e+05
4.499986984576546667e-01 8.854919296012735686e+01 5.297029134508649406e+01 3.259036558276401507e+01 2.080665958417081407e-01 7.824421726279446432e+01 3.743064161476707597e-28 2.390518280700511848e-28 9.898533421651175403e-29 4.875251883917995355e-01 1.502317643347381987e-28 1.884133675091811413e-04 1.436566806456086496e-04 7.051370026394393887e-05 3.449420354590983506e-01 1.383315492330585567e-04 1.991125260707443813e+05 1.093451162953349412e+05 5.290006959925880074e+04 3.054206124843232284e-01 1.243405395439983986e+05
7.820081111158523335e-01 3.727193499994047698e+01 3.341701113886384888e+01 9.087838862130167783e+00 3.052561786400698751e-01 2.370916642145095210e+01 3.316124749304548216e-28 2.348766837555860852e-28 1.906301957888110774e-29 7.243609476954318005e-01 2.941114956590605603e-29 1.627507098969422814e-04 2.455032680425817257e-04 3.937786792283319820e-05 5.137235376037327939e-01 6.346457574814188499e-05 2.288318409597071004e+05 2.382501416331090732e+05 4.435178280542068387e+04 4.405562931864794862e-01 9.065264401493390324e+04
1.358974343585863442e+00 2.334570253625033232e+01 2.519648613708992002e+01 5.595750643731002505e+00 3.687778021678099760e-01 1.240130934811315910e+01 6.439193981023334710e-28 2.404935911294125148e-28 1.578234360636138733e-29 9.332655901967052969e-01 1.873342995084489232e-29 2.346488889192671135e-04 4.119610906230910304e-04 6.624617549877908577e-05 8.634243737966293963e-01 7.813988380507609914e-05 3.422284921714446973e+05 3.835974268774257507e+05 7.048452983672422124e+04 5.804314120610452044e-01 1.003004097676551319e+05
2.361626740532650537e+00 1.697203379292497161e+01 1.494097145713194408e+01 4.879623819563978060e+00 3.566596672099288656e-01 9.763176873578316872e+00 7.153306307872992637e-28 1.776922839300335322e-28 1.971377970699100659e-29 9.499107447441647034e-01 2.297046116611007416e-29 3.075913959496985009e-04 4.354382955612556057e-04 1.681450450161410396e-04 8.638491945565075492e-01 1.975514166814103972e-04 5.246571176949087530e+05 4.382160410571860848e+05 9.795831655889761169e+04 6.055311279475343866e-01 1.374559859330159379e+05
4.104036906894324765e+00 1.130565734542202883e+01 8.209365682990895863e+00 3.483634300060993283e+00 2.987874137627593019e-01 7.646786966356025950e+00 4.320536537390623001e-28 1.401979010873784411e-28 2.881470589183904994e-29 8.739320321286536686e-01 3.355796458930637199e-29 3.865779785613848458e-04 2.326729513710133930e-04 2.677454653720391414e-04 4.449031646273014506e-01 3.710503629310567828e-04 8.278680685646724887e+05 4.895922937753270380e+05 1.973478920231591037e+05 5.880357796397861492e-01 2.729830128583632177e+05
7.131998738018977768e+00 7.604880846111315762e+00 2.437506247837109896e+00 2.325825580524896630e+00 1.738536416559484932e-01 6.996115425877233562e+00 1.460916412490493895e-28 5.021284591921738085e-29 2.050130641394399548e-29 5.887257570941185625e-01 3.404062977525192807e-29 3.991220964723037968e-04 1.445365945254400140e-04 1.413421229204732280e-04 1.908176275256068255e-01 3.834860769320463394e-04 7.506333698833636008e+05 3.355056365816204343e+05 1.544871209172959498e+05 4.264010404981227742e-01 3.306808966005003313e+05
1.239399331756889211e+01 4.440082575565117651e+00 1.596235197169975528e+00 5.274859979766870488e-01 9.436448423694403231e-02 4.117285737410517399e+00 7.908028684193682207e-29 2.658580418259128692e-28 7.228342066814356771e-30 4.924782331024066817e-01 2.247539035389622623e-29 4.059216802753998188e-04 2.234853642821842709e-04 5.474720518313936886e-05 1.166989189318314857e-01 3.694655334001040073e-04 9.772157502343454398e+05 2.757995784045153763e+06 1.090468485031413147e+05 4.081274908524841760e-01 3.890747835210952908e+05
