# R (Mpc), mean rho (Msol/kpc^3), errup (Msol/kpc^3), errlow, std, median rho (Msol/kpc^3), mean pth (Msol/kpc/s^2), errup(Msol/kpc/s^2), errlow, std, median pth (Msol/kpc/s^2), mean gas-mass-weighted metal (fraction), errup, errlow, std, median metal, mean gas-mass-weighted temp (K), errup, errlow, std, median temp  
#  nprofs 447, mean mh 4283575303104.969727, median mh 3673835291696.934082 
#  Mass range 12.30 - 13.1 
#  Nhalos 37
3.113254364569109471e-03 3.297595789797346108e+06 1.008828864104752615e+07 9.826992261506704381e+04 8.759005527266039426e-01 1.936524441674726550e+05 8.955074466569904420e-24 1.087636087969923168e-23 1.597460291717392795e-24 6.104342050618375426e-01 4.059479840285212204e-24 1.563193716587511078e-02 9.303554008439223616e-03 7.525526453641059876e-03 2.730050966727504691e-01 1.391009098809158420e-02 1.757470064570579911e+06 2.547666411679107696e+06 1.150746763454514323e+06 8.748553534962876244e-01 1.182518030882034218e+06
5.410216014855808234e-03 7.214746851423461922e+05 1.363660236847949214e+06 5.887196346516853373e+04 7.777694256069462853e-01 8.341827083245992253e+04 5.567727943497106408e-24 2.635733270966706812e-24 1.013016179916320394e-24 6.613571460133709223e-01 1.526583937669947858e-24 1.201762328131431717e-02 8.093934953858178752e-03 6.448880726185756210e-03 3.117093867726608014e-01 1.082261537099275979e-02 2.556227005110480357e+06 3.960470447225835174e+06 1.038299292674989672e+06 9.042789917435056779e-01 1.071060987918181578e+06
9.401877874329571741e-03 2.335768588364752941e+05 3.785602303571180091e+05 3.183996535709204181e+04 6.528025339541331240e-01 4.933296965715855913e+04 3.367158813415144575e-24 1.767390969527463116e-24 5.359940308333242967e-25 5.842402304314375794e-01 8.845731113515524428e-25 9.894169928509997589e-03 7.532436264187949287e-03 4.010468810760879112e-03 2.773248856359121772e-01 8.825869741100323546e-03 2.374605839398433920e+06 3.267764703578324057e+06 1.184519829857596196e+06 7.839376357370418935e-01 1.292481596172447316e+06
1.633859116181033549e-02 8.037781008232210297e+04 1.184260556193332595e+05 1.024941764446085472e+04 5.338689153406109833e-01 2.376422502102949511e+04 1.533411666816500097e-24 1.386515546038550095e-24 4.170231789103850503e-25 5.323157501141341230e-01 5.622186292717662878e-25 8.560475291120155442e-03 6.092154077272446920e-03 3.234198726792882582e-03 2.521224622893301626e-01 7.782123921522239758e-03 2.029765860973852221e+06 2.530262306382365525e+06 8.950613363209583331e+05 5.728651309811990666e-01 1.197590570139687276e+06
2.839321726159124010e-02 2.639069015964796563e+04 3.578624223777576117e+04 8.459330555838618238e+03 4.158490781140419812e-01 1.470792962155004716e+04 5.321049548141905824e-25 7.471037772373070027e-25 2.455717871439315252e-25 4.660770954823622580e-01 3.305906236225554064e-25 7.389605637671849830e-03 5.130813050655839459e-03 2.734202415551699634e-03 2.403720660559225952e-01 6.497501121231202305e-03 1.954585265162158990e+06 1.267748785652496153e+06 1.416102461167981848e+06 4.100258280405029709e-01 1.841438501841646386e+06
4.934175648805434050e-02 1.037213473790400894e+04 9.603101263685835875e+03 3.973688404263994016e+03 3.932251623300715426e-01 6.635185132113563668e+03 3.036802975674166627e-25 3.344039033207863226e-25 1.265646284370532422e-25 4.558845982934396357e-01 1.914351835492681217e-25 5.397627914985565073e-03 2.939220491321991972e-03 2.437167488343739211e-03 2.335229917938487776e-01 5.258464057732273843e-03 2.406866925732261036e+06 1.063376182732026558e+06 1.444101229291074444e+06 3.644114220677351357e-01 2.223352814183885697e+06
8.574614531689064845e-02 5.480947694092008533e+03 7.470442893837555857e+03 1.756084265186984567e+03 4.051474928156030275e-01 3.078461826776275302e+03 1.449690555885032175e-25 1.758584832497602866e-25 5.164652256945575348e-26 4.020154381264098853e-01 9.450788168760644780e-26 4.202835471792479467e-03 3.033736504678733684e-03 1.581400128872760286e-03 2.153320662663934237e-01 3.830315925235751231e-03 2.153522268500918522e+06 1.502450041860693134e+06 7.782349274339652620e+05 2.864911969977912976e-01 1.786895565889477730e+06
1.490097223937570103e-01 2.406815450485100428e+03 2.416626208894603678e+03 1.063397318762319628e+03 3.386260058009492591e-01 1.853410965372799637e+03 6.821445365403114886e-26 5.326738172688501127e-26 2.669867961238627479e-26 3.599765500389269235e-01 4.756528703199994034e-26 2.945206750663597814e-03 1.843223690530292839e-03 8.089255314371712312e-04 1.884773530637890437e-01 2.622132396152741362e-03 2.082111975300069666e+06 1.233325882961359806e+06 6.404631080797171453e+05 2.424828368535412448e-01 1.665422852676420938e+06
2.589492190675852235e-01 1.084975722288376119e+03 6.576985711737661404e+02 4.504860015813611085e+02 2.461882016263347572e-01 9.311659776282644998e+02 2.591915070951284015e-26 1.565112938326830797e-26 1.201523014734936145e-26 3.267857571020735818e-01 2.007302850454260567e-26 2.264198032673944098e-03 1.103347529950093973e-03 1.148883026975832874e-03 2.145257738602273923e-01 2.275369557409642057e-03 1.557787201215956360e+06 5.903215847887445707e+05 7.287222783770852257e+05 2.161101460003024000e-01 1.562934519298766041e+06
4.500021674996532717e-01 3.964761508782481201e+02 2.245670243201961966e+02 1.422303369752146693e+02 2.249720891718148819e-01 3.511933444064629839e+02 7.772717925405616483e-27 7.141822938977852514e-27 3.105978008593942242e-27 3.907999308693526630e-01 4.598588445472321680e-27 1.625820369497325141e-03 8.765845873744792637e-04 7.551403245319174631e-04 2.410804227988434523e-01 1.632181918293608815e-03 1.140791341843107017e+06 7.398968379567491356e+05 3.050903586086503929e+05 2.225907237219801882e-01 9.627575153339810204e+05
7.820141396199125072e-01 1.140587859555541144e+02 4.637641471681240546e+01 5.996099909919295357e+01 2.371172770202158164e-01 1.128234572311921511e+02 1.568829498903711512e-27 1.452645124491036969e-27 7.844192474454940407e-28 4.664087144459745926e-01 1.136749955696894922e-27 1.174875808752019486e-03 6.350180422393461328e-04 7.270417379972656143e-04 3.124811913173291544e-01 1.190098575273901109e-03 7.685103753125558142e+05 6.015609010831132764e+05 2.615013485428955173e+05 2.532772229842227829e-01 6.594412252091417322e+05
1.358984819925215248e+00 3.900121303822819385e+01 1.417903314379556434e+01 1.559805983314566546e+01 2.008689794176413412e-01 3.882046605786914029e+01 3.775319413969684609e-28 3.450220548725941420e-28 1.773600355122734523e-28 5.072737655981334193e-01 2.699721830327732671e-28 9.799228798998487703e-04 5.230059870245675445e-04 4.561642512103276101e-04 3.325609158050187308e-01 9.474091622343394289e-04 5.384282035663148854e+05 3.238273273885363014e+05 2.703660384807200171e+05 3.255020907968474431e-01 5.257581275892474223e+05
2.361644946323858463e+00 1.990185117950958471e+01 1.068741974556622409e+01 6.096838912926521914e+00 2.105031009904081984e-01 1.742174369795586131e+01 1.707627089687054168e-28 1.450437153781548690e-28 6.051709405202485868e-29 5.636771235000588298e-01 9.049042976287447306e-29 8.647519900250830475e-04 3.832014698757453064e-04 4.512101764552516265e-04 3.192399013320265100e-01 9.133414829459012832e-04 4.277879137070961879e+05 2.631272291897589457e+05 1.559988413520200702e+05 3.700638851584885369e-01 3.351937490146741620e+05
4.104068544933373808e+00 1.291606048083886549e+01 5.409630417054307472e+00 4.226653834120453368e+00 1.862250184621292437e-01 1.164226663584792654e+01 2.681197947135945942e-28 6.750716064699192024e-29 4.600964990421023643e-29 5.303631617823207911e-01 6.414385711829862974e-29 7.976081069004728463e-04 3.529714512620500720e-04 1.786055224682968996e-04 1.762387219845969466e-01 7.406051816377529897e-04 5.771598263936329167e+05 1.886888829438219545e+05 2.086021679914742708e+05 3.545955575271438898e-01 3.557894472465864383e+05
7.132053718629468797e+00 1.047035519166898077e+01 4.130062170093856011e+00 2.464538874085755005e+00 1.538462982740747831e-01 9.550256716642435251e+00 2.827897079423867258e-28 5.166673154797175566e-28 3.414408903289365345e-29 6.180041072652591172e-01 6.458945977224073918e-29 8.382361127633175795e-04 2.014166865262562514e-04 1.065022517351388830e-04 1.334268691589252098e-01 7.945413797018647389e-04 1.235198093091661576e+06 2.460645005723075476e+06 1.663472343235854059e+05 4.761851860295571170e-01 4.341623693317537545e+05
1.239408886291934841e+01 3.603489313015761475e+00 1.073147728938583345e+00 4.470987988652219691e-01 9.403018853756441031e-02 3.469154829251388517e+00 6.924960508228408964e-29 1.453376968625827960e-28 5.241039483803578215e-30 5.135087550333921058e-01 1.867058559125079434e-29 7.852484287167503605e-04 2.881544138509701961e-04 1.425357430257403850e-04 1.023060788692816275e-01 7.591160842155226856e-04 1.055774814837743994e+06 2.255895929319542367e+06 8.523223394851211924e+04 4.303949061111684848e-01 3.830831489868271165e+05
