# R (Mpc), mean rho (Msol/kpc^3), errup (Msol/kpc^3), errlow, std, median rho (Msol/kpc^3), mean pth (Msol/kpc/s^2), errup(Msol/kpc/s^2), errlow, std, median pth (Msol/kpc/s^2), mean gas-mass-weighted metal (fraction), errup, errlow, std, median metal, mean gas-mass-weighted temp (K), errup, errlow, std, median temp  
#  nprofs 433, mean mh 215263576424.199463, median mh 209468559614.149384 
#  Mass range 11.00 - 11.5 
#  Nhalos 192
3.113248982952454991e-03 1.184964247879560804e+06 4.494138048644834198e+05 2.972146058028116822e+05 1.645553424639232543e-01 1.140628209587245248e+06 1.273429796891118610e-25 4.648155051905757063e-26 3.095215676858007771e-26 2.181924897266377950e-01 1.039362751602311502e-25 1.246869087499013519e-03 1.163513293268126714e-03 6.442528084682928521e-04 7.772011407733022681e-01 1.049072184042562942e-03 1.321229190256999573e+04 7.426422418704059965e+02 6.263950932105854008e+02 1.263772493533924512e-01 1.160273225457447188e+04
5.410206662677926291e-03 4.318130576621431392e+05 1.532306582405747613e+05 1.010977070824919501e+05 1.371243535801748015e-01 4.050197711279918440e+05 9.833673742816526142e-26 2.047175132051977445e-26 1.028217827269360500e-26 3.647827426566445097e-01 3.995015637834504559e-26 1.044366005345268847e-03 7.488756690680799938e-04 6.091179300594289428e-04 7.491029770862492887e-01 9.822230732985455688e-04 1.989640082841914773e+04 1.128679675254887115e+03 6.870140594228105329e+02 2.705037004371383946e-01 1.145542685281683225e+04
9.401861622107095945e-03 1.454181359150656208e+05 7.831854990962840384e+04 3.844680454553282470e+04 1.840518251412366912e-01 1.274210487339768442e+05 7.633498669193893803e-26 1.202156441663833493e-25 1.576557406839732843e-26 4.414504747326368772e-01 3.181603395064091544e-26 7.126143664557615465e-04 4.848362507061756456e-04 3.719661354148795550e-04 7.196168806629084091e-01 6.487812412379718400e-04 4.044912438645539078e+04 4.765916392923008243e+04 1.148272613453539816e+04 3.595806424294426540e-01 2.321601618211488312e+04
1.633856291868465010e-02 5.594454922891325987e+04 3.739318261174064537e+04 2.528238509342071120e+04 2.700430966986554493e-01 5.129402496865093417e+04 4.829785298893954035e-26 4.308126928830501234e-26 1.967752468262956537e-26 3.488848715739389927e-01 3.451181892900687409e-26 4.637286969797448088e-04 3.018250812193228570e-04 2.296857845344253875e-04 6.847468910300539280e-01 4.177115492280966767e-04 1.027273098804282490e+05 6.866213740100531140e+04 2.151328891222895982e+04 3.476273578479697757e-01 4.652408806771571835e+04
2.839316818066401488e-02 1.769067871605211985e+04 1.419937315670013413e+04 7.833120245255773625e+03 3.395062749562014481e-01 1.512757169114777571e+04 2.158047935023304104e-26 1.742200423672043542e-26 6.713567944195250721e-27 2.528097317845566794e-01 1.694099762148061410e-26 3.074251933617092448e-04 2.588542623329718453e-04 1.437676979620932803e-04 6.565486008076468760e-01 2.604829044936866856e-04 1.934626011866123881e+05 8.115512554262048798e+04 5.347733764408892603e+04 3.584034271582402509e-01 9.391222162854377530e+04
4.934167119517834238e-02 3.654162230865795664e+03 1.829720027243797176e+03 1.351111872297842638e+03 2.257270472544669060e-01 3.366756872768591620e+03 9.693098189579182949e-27 5.009854012945265863e-27 3.334355337233182709e-27 2.188891354993697247e-01 8.525443573907762755e-27 1.880239503893075886e-04 1.590275690313973941e-04 8.726116449039422306e-05 6.513274667723605305e-01 1.540808557750491744e-04 2.660291221791860298e+05 1.026106037696513813e+05 6.609490480042934360e+04 2.579065881011275985e-01 1.750899642462657066e+05
8.574599709486005472e-02 1.216227372862613493e+03 4.820940568764394811e+02 3.882364311114090469e+02 1.755214976011940931e-01 1.142947227579566515e+03 4.059637755020672303e-27 2.594437597275815454e-27 1.280053020800871905e-27 2.506482141445273149e-01 3.125523755509698944e-27 1.178364352184106553e-04 1.048129471925999059e-04 5.660795366437633885e-05 6.408690413844033706e-01 9.576970710105470815e-05 2.726404623932564864e+05 6.404127762685625930e+04 4.748385250205805642e+04 2.036014444385740862e-01 1.921446466882890090e+05
1.490094648133893918e-01 4.578607107967633851e+02 1.880324158111139923e+02 1.232459576534364487e+02 1.545580854120945646e-01 4.282067236324497799e+02 1.486990022014502400e-27 8.910693128204822782e-28 4.109005048031026198e-28 3.069321528240498420e-01 9.335672414926465372e-28 9.377908831053695436e-05 9.215713352308220409e-05 4.352213362562683393e-05 6.545452893792473859e-01 7.602916738039871224e-05 2.231655803980732744e+05 5.366092660623800475e+04 3.128022077033715323e+04 2.186035381826479940e-01 1.428821474395222613e+05
2.589487714442089139e-01 1.697005846759036842e+02 8.876160871796810170e+01 5.371829568371062180e+01 1.821638650792204439e-01 1.555204576600123119e+02 7.097923667082222202e-28 2.843924196136570199e-28 1.327152188440192425e-28 4.222801550861503550e-01 2.400645005009462743e-28 7.811434377977957764e-05 5.492996792438555520e-05 4.225944497746483115e-05 6.559437567088468590e-01 6.484938999763009888e-05 1.938948147134859173e+05 5.560420552024010976e+04 3.389431025068643794e+04 2.788710107715270392e-01 1.041617771269770019e+05
4.500013896193789109e-01 7.038670844922435776e+01 4.535422448410461271e+01 1.988844651955128739e+01 2.415164919086464357e-01 5.393122960897994034e+01 5.781054960843122336e-28 1.982540080961224942e-28 3.980334212855448031e-29 5.920847634600638898e-01 6.141102764933150946e-29 7.504450163107165056e-05 5.072519328621130224e-05 2.991311886780360037e-05 7.481693711747798847e-01 4.423803901697571152e-05 1.975452020012652210e+05 8.884790853832544235e+04 3.964478734830742178e+04 3.755732459962689562e-01 8.273636416004279454e+04
7.820127878189270243e-01 4.224220057266483508e+01 3.603427476604596080e+01 8.588911870563347151e+00 3.406518494417772325e-01 2.195317716132216646e+01 1.059798192182522893e-27 1.677364060174155074e-28 1.460167352152441687e-29 8.198998593924026190e-01 2.137562998052566113e-29 1.136804548125276959e-04 1.618146152895848320e-04 1.925682567380325094e-05 9.295890449274422096e-01 2.349153407994567666e-05 2.529008240246007917e+05 1.416664544829651713e+05 3.381162949491302425e+04 4.962500903791133844e-01 6.405350103428323928e+04
1.358982470764342532e+00 3.343150717683830209e+01 2.915573026508895182e+01 8.232064525727798454e+00 3.941246937012134466e-01 1.600836732769266391e+01 2.155164289935513210e-27 2.253117655979037371e-28 1.393660324683933084e-29 9.921985662469228195e-01 1.691355256751176336e-29 1.660574328011905833e-04 2.982256209726944331e-04 3.802838730926909094e-05 1.171241545211206603e+00 4.533350265182483404e-05 3.838259822232843726e+05 2.646876038264496601e+05 5.089292736860382138e+04 6.092683918827709322e-01 7.483074538283153379e+04
2.361640863950146940e+00 1.944548042295890156e+01 1.331426278133488417e+01 6.244494871315119155e+00 3.329170650031214596e-01 1.247491777403837254e+01 7.975522990271070803e-28 1.741967828967102284e-28 2.056679813214482020e-29 9.263382754784438289e-01 2.333895828161054457e-29 1.922502310787729352e-04 3.173662163121022603e-04 8.975634165328800313e-05 8.508407231709516072e-01 1.053714292198715908e-04 4.767188146048483322e+05 3.720081187220960855e+05 1.029386579317667347e+05 6.076957601791733721e-01 1.336340889782109589e+05
4.104061450580955395e+00 1.332039233338450934e+01 7.696898424045718556e+00 4.016885934471922326e+00 2.322178436157602832e-01 1.122953828811261623e+01 2.579110232348099959e-28 1.326339825941926059e-28 4.435169593383521128e-29 7.067183204576125144e-01 5.416462429345433916e-29 2.452246842066339448e-04 1.344929357748152199e-04 1.484065785922157664e-04 3.843860096662469195e-01 2.385749028519985361e-04 5.850495849444459891e+05 4.391139390118588344e+05 2.217960641951154685e+05 4.922783313129294180e-01 3.080351742914411589e+05
7.132041390057954899e+00 1.138021820657280614e+01 4.207631233338016585e+00 2.861883732222066712e+00 1.499539752952881444e-01 1.043802269205779254e+01 2.360859655604372922e-28 1.391387797191930745e-28 2.941790868725466938e-29 5.813394627965595696e-01 5.507284509583576670e-29 2.758112822073031456e-04 1.061212510566482718e-04 8.459124539618727463e-05 2.037313211611620489e-01 2.514986532892249187e-04 9.255293012082307832e+05 5.907619351437987061e+05 1.320766015271646902e+05 4.461533830879585438e-01 3.383706315156157361e+05
1.239406743831755797e+01 3.782532447400819731e+00 1.422949719760043585e+00 4.463044499811621435e-01 9.020067493474435982e-02 3.499613029185666413e+00 8.153901928909755886e-29 2.673156798373267129e-28 7.422793861447960449e-30 5.272340619571090903e-01 2.102363978439933869e-29 2.962106793304516311e-04 2.328694781892452228e-04 5.148938801886657050e-05 1.569916528312318982e-01 2.524915622112451478e-04 1.188250809790795203e+06 3.377045880054570269e+06 1.217752964044502005e+05 4.481412598443361150e-01 4.102084529725647299e+05
