# R (Mpc), mean rho (Msol/kpc^3), errup (Msol/kpc^3), errlow, std, median rho (Msol/kpc^3), mean pth (Msol/kpc/s^2), errup(Msol/kpc/s^2), errlow, std, median pth (Msol/kpc/s^2), mean gas-mass-weighted metal (fraction), errup, errlow, std, median metal, mean gas-mass-weighted temp (K), errup, errlow, std, median temp  
#  nprofs 424, mean mh 215618453241.411072, median mh 203780484188.865967 
#  Mass range 11.00 - 11.5 
#  Nhalos 188
3.113240848277968459e-03 1.591407618654304650e+06 5.022877053849815857e+05 4.648327599339808803e+05 1.524360601847874475e-01 1.532518631998995785e+06 1.714534812114620809e-25 1.112307708459499773e-25 4.435000006602182459e-26 2.115318525890631796e-01 1.410851206417583145e-25 7.715413625081066727e-03 3.544687404419601465e-03 3.145557172106707572e-03 2.577022276431972791e-01 7.598636589029553190e-03 1.143947854591155738e+04 1.005909016592109765e+03 9.329465780502850976e+02 4.743608641867677611e-02 1.121401100186623626e+04
5.410192526233861474e-03 4.137548199596817722e+05 1.594434515449288301e+05 8.958373492889205227e+04 1.408678737180876217e-01 3.825476654215068556e+05 6.797959955806699995e-26 3.309359775702714825e-26 9.430606037780528799e-27 2.475184658671561733e-01 4.188673508893333337e-26 6.745287157583478369e-03 2.589801810742185274e-03 2.844065755364688121e-03 2.519188778819176355e-01 6.795761071010673025e-03 1.414457760698878519e+04 1.986776374743298220e+03 8.591830879718672804e+02 1.599156469302417394e-01 1.102301493530158041e+04
9.401837055782886685e-03 1.132069228206358966e+05 4.577858800634247018e+04 2.726560616235253110e+04 1.653446685584481213e-01 1.032313532023625157e+05 7.604958310819557409e-26 6.031239705994779083e-26 8.577196873737055863e-27 4.412273535088406806e-01 2.445423178231384314e-26 5.093973110982855622e-03 2.401930167801477611e-03 2.113002885828695228e-03 2.687315570970680856e-01 4.903815627366896884e-03 4.497170273197474307e+04 2.736274730436169193e+04 4.523555143487828900e+03 3.838121144663179107e-01 1.759703723682574491e+04
1.633852022730607895e-02 3.441494386993633816e+04 1.808038665570112062e+04 1.007028436658635837e+04 2.001324325794508752e-01 3.076651701765027974e+04 4.164327755424367453e-26 5.783135699587915231e-26 1.092402665876378947e-26 3.928132616392481236e-01 2.168448274445404009e-26 3.371337896504426109e-03 1.538798483840601340e-03 1.499013565779358037e-03 2.751213325057000336e-01 3.143652537334564248e-03 9.613703879063186469e+04 1.124816900295492669e+05 2.054057558634877205e+04 3.848563928698548464e-01 4.626356747739077400e+04
2.839309399155095365e-02 9.655636773929514675e+03 6.764049360048484232e+03 3.482311197091260510e+03 2.426354911985726670e-01 8.001223286393749731e+03 2.325014920187855530e-26 1.930352348969592741e-26 8.989409545574013121e-27 3.024129241152980208e-01 1.781206117172666851e-26 2.016993588327028065e-03 1.117229377921931128e-03 9.032490059646919138e-04 2.928606871561040825e-01 1.836196896781130267e-03 1.929705343741342658e+05 1.685186001088583726e+05 6.089325630059544346e+04 3.016362416707072391e-01 1.377672357975132763e+05
4.934154226927617293e-02 2.775731632066787824e+03 1.833946825545272532e+03 1.076189802673388158e+03 2.334783718648666406e-01 2.436483141721581433e+03 1.055263305853832233e-26 6.903779497740949654e-27 3.861953697435736335e-27 2.585015472866200037e-01 8.881277088475481036e-27 9.312327901323247392e-04 6.558252294895728154e-04 3.732138470210659767e-04 2.883478439363345025e-01 7.790033253208396118e-04 2.819182489298541914e+05 1.543375204237587168e+05 9.651554526113541215e+04 2.134234229467496247e-01 2.490589391865680809e+05
8.574577304732042271e-02 1.101262313133154294e+03 5.722559175693002089e+02 4.171930397372013886e+02 2.066750962379104717e-01 1.019342810278476236e+03 4.471139116016200407e-27 2.924455314181363543e-27 1.665292802512587548e-27 2.811565356814462180e-01 3.505966773133477640e-27 4.465069266394925112e-04 2.765519607794255166e-04 1.838540263638407490e-04 2.672838307663624180e-01 3.925224231981729777e-04 2.655127725783563801e+05 1.051821750374807743e+05 6.449477855836684466e+04 1.691969707136155576e-01 2.387526195741984993e+05
1.490090754633893733e-01 4.582127356434928629e+02 2.593445969270385376e+02 1.508586709099405141e+02 2.018875946523916443e-01 4.047826734670173892e+02 1.737910938018618952e-27 1.411452191387895647e-27 4.767462359476955903e-28 3.417605604955636922e-01 1.094526578477964585e-27 2.922008946024612299e-04 1.867384370918224123e-04 1.092527759968185913e-04 2.568045037289253818e-01 2.532951486027914287e-04 2.231833355153615121e+05 9.681957668175938306e+04 4.588824538296187529e+04 1.834335727782324954e-01 1.880905803684160346e+05
2.589480948314561437e-01 2.177854576459057228e+02 1.410039629043437799e+02 6.954660282703019902e+01 2.310612452388789428e-01 1.806685133898656090e+02 7.983294570026515002e-28 6.204510755744403758e-28 1.967446565251602016e-28 4.449732029859198024e-01 3.603215918337257272e-28 2.498399926229365555e-04 1.473519989818835630e-04 9.449280617616131204e-05 2.772803035179488007e-01 2.025690692468916051e-04 1.815254161500998016e+05 8.369760205417801626e+04 3.707315970156235562e+04 2.415735910427459499e-01 1.338997090986481053e+05
4.500002138011764963e-01 1.155227467791520297e+02 7.126851942151239427e+01 2.993929096233195963e+01 2.511269397535852987e-01 8.582373931829093294e+01 6.265440152190138147e-28 4.227516998000937460e-28 9.286280253038050733e-29 5.597042099632618672e-01 1.489187691407782998e-28 2.737638016552228367e-04 2.231415196725063858e-04 1.077082076728165175e-04 3.698542818497987938e-01 1.897367598206304597e-04 1.998470375602635613e+05 1.465781444294087996e+05 4.604738308594241971e+04 3.311668027916540025e-01 1.143604760727501416e+05
7.820107444810802111e-01 6.337222616936814745e+01 5.417427429476592238e+01 1.734004651181777490e+01 2.824401916765922893e-01 4.424918473314352241e+01 4.510626588521549958e-28 4.743793044715514696e-28 4.243903140990479908e-29 7.029015351498497655e-01 6.313152872977020550e-29 3.009303551959612738e-04 5.329853908068699726e-04 1.006682605815985141e-04 4.749727682474915724e-01 1.620031896678428198e-04 2.427419059635707818e+05 2.656533826869241311e+05 5.477205821556460432e+04 4.371195123397232929e-01 1.036549153910943860e+05
1.358978919850138967e+00 4.238907543028139457e+01 3.733773142017899715e+01 1.490210859206991145e+01 2.965024353696734671e-01 3.173188994431806975e+01 6.350373906995452890e-28 4.329572514224650827e-28 5.652930832499477899e-29 8.036318513205392700e-01 6.597222284432872035e-29 3.624461145385132147e-04 4.203001011605658971e-04 2.007320329234709311e-04 5.699662729824136465e-01 2.628517621845571483e-04 3.321513630976204295e+05 3.452497605975139886e+05 9.831972461948041746e+04 5.191658901915076063e-01 1.379702972893621481e+05
2.361634693168501720e+00 3.414163100248866556e+01 1.930183878661323860e+01 1.265061369695409610e+01 2.740926065457662264e-01 2.666708343309361595e+01 1.109736612352956048e-27 2.173235502851145170e-28 8.320415427626584464e-29 8.150763037413063516e-01 9.483195532331665673e-29 3.982662085963336587e-04 2.334302107252998054e-04 2.687660118915636697e-04 4.128989361275813841e-01 3.876995939009902654e-04 6.380318277989837807e+05 3.541951417152105132e+05 1.532696761111811211e+05 5.546560936785133178e-01 2.067892255063598277e+05
4.104050726991497200e+00 2.592191774840914320e+01 8.257329080666409027e+00 7.001814464476233013e+00 1.879916122358092079e-01 2.330318428555015942e+01 6.328507004664900693e-28 1.643339600803310159e-28 4.694427657367923780e-29 6.721838398260968628e-01 8.276200437498901714e-29 4.248329181522633529e-04 1.826566206066288119e-04 1.404879039881074725e-04 1.954835687505170061e-01 3.927609730219713997e-04 8.458964663345998852e+05 2.927832944225097308e+05 1.118202738834066840e+05 4.971172501625188977e-01 2.490956998512963473e+05
7.132022754595307212e+00 2.248361731231983995e+01 6.987264761575069372e+00 2.948142150462057742e+00 8.686906693883764130e-02 2.153150250171065494e+01 4.232128553349516399e-28 1.310118696596505757e-27 4.295396489537821866e-29 5.681196403442514420e-01 9.828736793954437827e-29 4.378105084105439276e-04 2.399087867828789133e-04 6.888577413217652264e-05 1.191670199990669254e-01 3.925658102281740424e-04 1.056594852119531948e+06 2.893435521919677500e+06 1.118739125691853114e+05 4.928421472019439697e-01 3.086789211322467891e+05
1.239403505359512359e+01 1.064974428935869799e+00 2.068658967078559341e-01 1.223511571449513724e-01 8.692270350904493514e-02 9.986408860298504608e-01 1.713538241135074365e-29 7.629668868464995124e-30 1.855704420536640201e-30 4.964745605188055078e-01 4.450593718269537330e-30 4.164524866410632110e-04 9.851550987547335941e-05 9.175110611663435606e-05 1.305485957274171716e-01 3.901520416774531563e-04 7.998386832181345671e+05 4.624412415552519960e+05 1.081065759712253057e+05 4.192226204886189134e-01 2.979827309882324189e+05
