# R (Mpc), mean rho (Msol/kpc^3), errup (Msol/kpc^3), errlow, std, median rho (Msol/kpc^3), mean pth (Msol/kpc/s^2), errup(Msol/kpc/s^2), errlow, std, median pth (Msol/kpc/s^2), mean gas-mass-weighted metal (fraction), errup, errlow, std, median metal, mean gas-mass-weighted temp (K), errup, errlow, std, median temp  
#  nprofs 487, mean mh 4145032102852.525879, median mh 3309083841113.819336 
#  Mass range 12.30 - 13.1 
#  Nhalos 35
3.113248982952454991e-03 1.596085593863909598e+05 9.758362758829235099e+04 3.189222162117941480e+04 1.982862254897009846e-01 1.271368136629255314e+05 5.194735479593706126e-24 8.530057767232116009e-24 1.423453575699553297e-24 7.474992469910077819e-01 1.648612935104546930e-24 1.381919306656376883e-02 1.053405129766821560e-02 6.046875445831666890e-03 2.769293292335563983e-01 1.194424435414420324e-02 2.079348024249045411e+06 2.019913558961614966e+06 7.731982114213033346e+05 7.246593673833341409e-01 8.766383872944338946e+05
5.410206662677926291e-03 5.122579424262572138e+04 4.003086807928013150e+04 2.767890242132893400e+04 3.231518568588539475e-01 4.571657195099942328e+04 1.898100485998118486e-24 2.147229764784848988e-24 7.747303464840028622e-25 6.294373594257244298e-01 9.351257466329076739e-25 1.300440747111937523e-02 4.889779749571630807e-03 5.093415451762120343e-03 2.669904110063155978e-01 1.146187373969853596e-02 2.810810962593001314e+06 4.150027956509706564e+06 1.612430227357962634e+06 6.983076687779037339e-01 1.806221233929309295e+06
9.401861622107095945e-03 3.100943580078264495e+04 3.170735440508928878e+04 1.036406044097793892e+04 3.688315899273292842e-01 2.126303273478300980e+04 8.604458586454102372e-25 1.159372540719017846e-24 3.118057226225540862e-25 4.782719655464197084e-01 4.863436412358172546e-25 1.174369940404442619e-02 4.266317103658578622e-03 4.761309261908377825e-03 2.573249174620957924e-01 1.052951958683388638e-02 2.586159662599485368e+06 3.804298759083972313e+06 1.082428867675644578e+06 5.289124642505558249e-01 1.569084743067864329e+06
1.633856291868465010e-02 2.255834690127843351e+04 2.864844544337877960e+04 8.500193732839219592e+03 3.672328759992696812e-01 1.537737034859058258e+04 6.683063023712452367e-25 6.157580718469716998e-25 1.487160975793124499e-25 5.093332564738833890e-01 2.583059803266312675e-25 1.170200815334992810e-02 4.382239520646378020e-03 4.632386044127653410e-03 2.598073632290271440e-01 1.046111142297573120e-02 2.208180010447538458e+06 3.349260686622438952e+06 7.406100823098833207e+05 4.828355400105123763e-01 1.237794749204338761e+06
2.839316818066401488e-02 1.284267853989517062e+04 1.403709780525138922e+04 2.688360057970984599e+03 3.172705568287031985e-01 7.570598639034847110e+03 3.411295813283649851e-25 6.603778497144450736e-25 8.037025455344448598e-26 4.777502399626821772e-01 1.453250865674991937e-25 1.050632559619889966e-02 5.686220493228262562e-03 3.043937419477203005e-03 2.506550091343651698e-01 9.236461223798543563e-03 2.031802949524158146e+06 1.799817266551370500e+06 8.750651717828173423e+05 4.295425163060834772e-01 1.424244804101531627e+06
4.934167119517834238e-02 6.266291329120540468e+03 6.545443082914342085e+03 1.608379594915692905e+03 2.963576395396598784e-01 4.373917424846029462e+03 1.527678209464996754e-25 1.638949517153009287e-25 3.160765940167113605e-26 4.040276588511623745e-01 8.143236066705840100e-26 8.583091387562080676e-03 4.271960870863246093e-03 3.519989303808602685e-03 2.405144019345120399e-01 7.949349814237173864e-03 1.869861077887690393e+06 1.708292857687727083e+06 8.036337681722966954e+05 3.329001859286079834e-01 1.429363123466304503e+06
8.574599709486005472e-02 2.474443178480823462e+03 1.790333441361892937e+03 5.804032113091932388e+02 2.112515429377103682e-01 1.928973326326453616e+03 7.292035809101750872e-26 6.482563124909920384e-26 1.392082253870796705e-26 3.384227892078493505e-01 4.426423930895156709e-26 7.157973783108255959e-03 5.439846293225542723e-03 2.254706244659878279e-03 2.433643251889631154e-01 5.645352247243865321e-03 1.946730390625288710e+06 1.740414540941688931e+06 6.272639126987180207e+05 2.597068715816988060e-01 1.600356843197987648e+06
1.490094648133893918e-01 1.416785160967139063e+03 1.008807036905436007e+03 5.816941285788025198e+02 2.538989330109152065e-01 1.267714838586518226e+03 3.981911077889392431e-26 3.828429438461231296e-26 1.018181597998296258e-26 3.275573085890425284e-01 2.515843111476340299e-26 6.208744065677268727e-03 2.252518165270485026e-03 2.231844664505102608e-03 1.923646576578266487e-01 5.721338930002711418e-03 1.929793278792574070e+06 1.816295706870018737e+06 4.494280639879025985e+05 2.522310411991590118e-01 1.386362618230446940e+06
2.589487714442089139e-01 7.252616074161344386e+02 4.616708089182789081e+02 3.269134452389886860e+02 2.530962758581202232e-01 6.236087597132850533e+02 2.043283822429136277e-26 1.170429673312637063e-26 6.779338837549033097e-27 3.380191629545149512e-01 1.348457008914636320e-26 4.360499988816902810e-03 1.826730637070129656e-03 1.468713894220190479e-03 1.728454136238832817e-01 4.022458372985841454e-03 1.724464633681918029e+06 1.008021676193245687e+06 4.582632614407283254e+05 1.812434883322451840e-01 1.462955802959220484e+06
4.500013896193789109e-01 3.034585956417064949e+02 1.480373559353080282e+02 9.158368708844727735e+01 2.325903565030515152e-01 2.562303569807835402e+02 6.503352535784353059e-27 3.303248579853542339e-27 2.675819666927487405e-27 3.413031875628001477e-01 4.665560950375673513e-27 2.889950592653430742e-03 1.110055897068976810e-03 8.212309508254527109e-04 1.487717702317796764e-01 2.766331449378045537e-03 1.252318129904866917e+06 5.581362584922777023e+05 2.828193733447605046e+05 1.586819520481556889e-01 1.116927451001704670e+06
7.820127878189270243e-01 1.043193137978541500e+02 4.226339370584436494e+01 3.537498849524887135e+01 1.747723117781505853e-01 1.003982619144732524e+02 1.341894219596794654e-27 8.973317507484728586e-28 5.305291797737287855e-28 2.815074700214115211e-01 1.071656406987472290e-27 2.110409562147276367e-03 7.670902317920432444e-04 5.930487949692754036e-04 1.596222584776453846e-01 2.031607314622966513e-03 7.948456949748316547e+05 3.578352809961405583e+05 2.162467616680210922e+05 1.464197409481187706e-01 7.339266173960717861e+05
1.358982470764342532e+00 4.215542011995808025e+01 1.258172822708865368e+01 1.102640040030508572e+01 1.413472716353203207e-01 4.024606755917861278e+01 3.827455252446180775e-28 2.955981509849039970e-28 1.474111342545045763e-28 3.139130095103664919e-01 3.100685693409540225e-28 1.823443393438084958e-03 4.680995413081433069e-04 4.546689422089222974e-04 1.319349556858523120e-01 1.822611986872530766e-03 5.585713204771860037e+05 2.734138240328609245e+05 1.519284849888532190e+05 1.896325637185998225e-01 5.207421666443996364e+05
2.361640863950146940e+00 2.127966685255763934e+01 7.960502309648660457e+00 5.506739985637338464e+00 1.569972599296066140e-01 1.934647723785545281e+01 1.569210467034235993e-28 1.010422337322477735e-28 6.302944431057338644e-29 3.867359275305712885e-01 1.106201354479967408e-28 1.576379276687318171e-03 7.186360203216420831e-04 3.854210110595954544e-04 1.652404034154265067e-01 1.501501818514696046e-03 4.203533884035481024e+05 1.364895442414411227e+05 1.686480739303267619e+05 2.470497867844000661e-01 4.059287115886947722e+05
4.104061450580955395e+00 1.299781250382174846e+01 4.247803876779853383e+00 4.212696416178706826e+00 1.346511578942040377e-01 1.289484853965773148e+01 7.776713139488958527e-29 6.391565279280522344e-29 3.391576286644940399e-29 3.368695731839151941e-01 6.312547781480874533e-29 1.384292060857051677e-03 5.281539649159435433e-04 2.668786097386318876e-04 1.262568251643170492e-01 1.334777698710626782e-03 3.636066311957929865e+05 1.932292226469058660e+05 9.743480257329397136e+04 2.128004375395246284e-01 3.163814013760840171e+05
7.132041390057954899e+00 1.154263118769274676e+01 5.411247689770661395e+00 2.659545072331200188e+00 1.477447601639260699e-01 1.059740143362141040e+01 3.137238642508396350e-28 1.043027243761098714e-27 2.674879998013082395e-29 6.200231342193910367e-01 6.199309695543466512e-29 1.465743317833472252e-03 5.386013994375280726e-04 1.947194513722244179e-04 1.177229533791975674e-01 1.397553584331181478e-03 1.285133873400820419e+06 3.975891729909494054e+06 1.272800242790715420e+05 4.838426830938195033e-01 4.111020408308435581e+05
1.239406743831755797e+01 3.230746530951403184e+00 5.876812179927948243e-01 3.992361845964009781e-01 8.766683939151627414e-02 3.120585658325196743e+00 5.880648549832164976e-29 8.470276610604087725e-29 6.728525085063870772e-30 4.967504651541191363e-01 1.755434700239637401e-29 1.334576895398968590e-03 3.253571664560146303e-04 1.593806460600255548e-04 8.823126806061161453e-02 1.250804347186406686e-03 1.004416450507525471e+06 1.608558544387691654e+06 1.055222389315070468e+05 4.209742685394507467e-01 3.757546035686345422e+05
