# R (Mpc), mean rho (Msol/kpc^3), errup (Msol/kpc^3), errlow, std, median rho (Msol/kpc^3), mean pth (Msol/kpc/s^2), errup(Msol/kpc/s^2), errlow, std, median pth (Msol/kpc/s^2), mean gas-mass-weighted metal (fraction), errup, errlow, std, median metal, mean gas-mass-weighted temp (K), errup, errlow, std, median temp  
#  nprofs 443, mean mh 1428308900467.348633, median mh 1428275860789.422119 
#  Mass range 12.00 - 12.3 
#  Nhalos 48
3.113231678211726954e-03 6.880992487050285563e+06 4.734688275989668444e+06 3.364296667675299570e+06 5.430606251746856739e-01 5.931696961292922497e+06 3.689801384694419435e-24 2.982810435415944800e-24 1.582132577054862742e-24 5.646361000245752049e-01 2.214290088974192797e-24 2.283986448630276334e-02 9.158369909742569009e-03 8.243343420303035629e-03 2.049667566072637115e-01 2.259322205819245047e-02 1.007711947715841670e+05 3.018536826618168561e+04 9.160596579026965628e+03 4.126524453680860405e-01 2.677102703965241381e+04
5.410176590485145202e-03 1.960925286612943746e+06 1.471950376825420652e+06 1.262890339498042129e+06 5.804725381704771703e-01 1.782219821288495325e+06 9.043714595134277768e-25 7.262171830606084824e-25 4.483544522553589426e-25 4.199866724674553020e-01 6.607714304099457043e-25 1.712183065776068033e-02 7.421425428042503075e-03 7.533601047169422027e-03 2.369284562628370394e-01 1.731760406957685156e-02 1.714298515608255111e+05 8.646884610941934807e+04 6.474967088959652756e+03 5.684128885186668922e-01 2.287185404498870412e+04
9.401809362625560343e-03 6.539904961002949858e+05 5.219484194072743412e+05 3.715371195861352608e+05 5.209392056944814886e-01 6.160127500288179144e+05 5.660083059104154745e-25 4.523071034944988263e-25 1.581885303985624978e-25 4.028867611209762112e-01 3.578640720280456882e-25 1.079014358372301814e-02 6.307186535306440883e-03 3.751130325865189089e-03 2.135030884319875366e-01 1.027046135195984825e-02 1.994583308746942494e+05 1.637474438070581236e+05 3.241902261742299379e+04 5.839072049756841576e-01 5.131526374422831577e+04
1.633847210211432713e-02 2.324353623121232085e+05 1.579582449992470210e+05 1.518518628045710793e+05 4.798756848180675272e-01 2.224023374222135171e+05 5.571992370846698077e-25 5.776245882580168707e-25 2.122922136255314927e-25 3.803252135075478879e-01 3.938426924755561138e-25 7.712640889519488223e-03 3.550730929706648678e-03 3.213790475799316836e-03 2.337704692596171974e-01 7.222044608772721849e-03 3.366864793308806256e+05 5.225810838225281332e+05 1.197959229431019921e+05 5.104571081608315630e-01 1.696465987904696667e+05
2.839301035955283867e-02 5.254786346859938203e+04 3.524080228425867972e+04 2.590298566206357646e+04 3.580553979809208420e-01 4.801764126430577016e+04 3.766670995234898321e-25 3.698905117971818268e-25 1.426392749739110387e-25 3.199132541017788989e-01 3.138526582861108247e-25 5.759833692894012792e-03 3.196588707588701381e-03 1.967878093699722622e-03 2.298350426228388532e-01 4.994017686856935812e-03 6.787771932882402325e+05 6.898793238137852168e+05 2.203144304977171123e+05 3.548270179287980053e-01 4.933635655209781835e+05
4.934139693352049272e-02 1.490338287795234464e+04 7.262923017564906331e+03 4.490547552287604049e+03 2.530711643292368751e-01 1.366504786242944829e+04 1.911390666253949387e-25 1.117795496959038235e-25 1.043366813690741327e-25 3.012066747314527948e-01 1.853581599028719452e-25 4.163701459997034941e-03 3.089398892042639552e-03 1.430985158024801213e-03 2.325911962577317249e-01 3.497776975825505653e-03 9.315446098042996600e+05 4.191337652408657596e+05 4.432458592757568695e+05 2.416250257420826941e-01 9.495822241767835803e+05
8.574552048272386651e-02 5.942059804399220411e+03 1.728009209039197231e+03 3.229922518879027848e+03 2.281107893413503174e-01 6.428808657985240643e+03 7.792223115169657968e-26 5.547797381905864863e-26 3.231934197638082216e-26 2.490837734214750576e-01 7.258527715043211482e-26 2.827525582896695325e-03 1.463491914651541062e-03 6.619965237095065159e-04 2.191483957220080880e-01 2.333698437469738755e-03 9.215203044826077530e+05 4.912244873914318159e+05 1.843355497383646434e+05 1.677577856706581327e-01 8.272954202602379955e+05
1.490086365564239901e-01 2.421793837420413638e+03 9.638527221758045016e+02 8.320124150409199046e+02 2.091143980822709747e-01 2.432846458538663683e+03 2.549073177599177284e-26 1.592313001976302419e-26 6.692207513659340086e-27 2.251221355257893575e-01 2.095272258058451561e-26 1.949467105684627366e-03 1.096652824308594083e-03 6.552559847040298913e-04 2.109646417420988906e-01 1.733074404900844436e-03 7.646407471373736626e+05 3.179249249833584763e+05 2.295231731507191435e+05 1.919671978606655727e-01 6.740086951364371926e+05
2.589473320985681837e-01 7.492240158195936601e+02 3.690402789089466751e+02 1.986676018682221070e+02 1.749433184258683271e-01 6.744960784060094738e+02 6.404363199160138876e-27 5.574852896491065412e-27 1.531058439447286176e-27 2.920758001614742194e-01 4.211987344880261523e-27 1.339288233008990034e-03 6.565167740388501601e-04 5.406839498540748704e-04 2.499851998583545454e-01 1.213689068159950991e-03 5.387757107412380865e+05 3.096981807926124893e+05 7.822536673745780718e+04 1.750759316177231129e-01 4.291756448482398409e+05
4.499988883233312364e-01 1.911120875035682047e+02 8.524569744905096513e+01 6.487828012724719429e+01 1.858154862641829552e-01 1.769760833573790819e+02 1.294466872241605974e-27 1.189435334455108018e-27 3.873806727474732636e-28 4.014043421634560516e-01 7.301028058832507609e-28 8.832711224458955797e-04 6.397365780136722059e-04 4.904749776698701580e-04 3.643485038055366831e-01 8.095375479910261844e-04 3.639336686998773948e+05 2.282592291667623795e+05 1.029707723363558762e+05 2.331694659244985812e-01 2.919593903878629790e+05
7.820084410645824491e-01 7.290580296617214628e+01 4.446578116784358770e+01 2.239979600841004981e+01 2.450227368356087676e-01 5.729623189451127985e+01 5.013892689811770859e-28 4.673726983166961895e-28 1.451035791091066249e-28 5.554405049696891083e-01 1.994399458191985639e-28 7.228699526308922547e-04 1.138679117243240804e-03 3.499372771840065220e-04 5.171788529010968860e-01 4.557300811826779869e-04 2.875383195380843827e+05 2.126341705051159952e+05 1.404611184951174073e+05 3.280642241438979645e-01 2.268606780308727175e+05
1.358974916971039892e+00 3.418352163109116049e+01 2.466898270900535550e+01 1.449665059149930357e+01 2.347473999698409253e-01 2.987678102623932830e+01 1.735066207527070716e-28 2.371737333910148256e-28 7.359760454891504554e-29 6.221997332811840531e-01 8.627854144746803987e-29 6.100559733134795900e-04 7.420932337417582465e-04 4.557171508765531817e-04 5.959914710808909000e-01 5.052234534776653147e-04 2.374989496772878629e+05 1.779342966368603520e+05 1.207395977855596284e+05 4.095150196286398425e-01 1.755853539981062058e+05
2.361627736961885660e+00 2.386290058594480357e+01 1.389509370117691844e+01 7.074405983301987888e+00 1.923656595735895591e-01 2.110689477391561297e+01 1.219222817556031616e-28 1.380177091322425417e-28 5.541736583194460896e-29 5.314339953423565799e-01 7.322375547169428409e-29 6.666295992800221623e-04 4.454115292219702239e-04 5.062577224281593694e-04 4.056765770208985988e-01 6.851599993209743500e-04 2.787709446248458116e+05 2.459629374193888798e+05 1.402413085901860322e+05 3.641028485487677324e-01 2.249941121696156042e+05
4.104038638489875268e+00 2.081798345239177550e+01 8.549928207582812689e+00 4.599603818228107599e+00 1.752806313131466676e-01 1.740157807243546983e+01 4.793364576232552040e-28 1.197082662770893663e-28 4.072590225457973478e-29 5.728321964678825262e-01 7.655048830010538240e-29 7.775309966995446386e-04 2.563199346005775627e-04 2.247758785871588382e-04 1.909168778468372796e-01 7.355962009376244316e-04 7.668188367238364881e+05 2.160163681144213770e+05 1.023787366180570971e+05 4.167826255663540369e-01 2.848840887898262590e+05
7.132001747187159957e+00 1.572784527665388943e+01 3.008823054173316081e+00 2.172094701853286125e+00 9.934607572624608307e-02 1.508573459850020626e+01 1.880575940786973781e-28 6.406816861954375562e-29 2.679932979449615276e-29 4.601911414940416112e-01 6.561917463235988843e-29 6.601489733785437242e-04 1.419799572557553253e-04 1.964867946940541629e-04 1.309566817747694345e-01 6.531410421094212965e-04 6.134580462530846708e+05 2.002703937548954855e+05 8.606433470537501853e+04 3.716597627307419160e-01 2.794413758034046623e+05
1.239399854690385538e+01 1.945140323838566054e+00 2.284213965893635567e-01 2.617313864472499141e-01 7.647349134181997965e-02 1.889505625133062860e+00 2.817138474285091966e-29 2.806775845271604376e-29 2.568780232997082480e-30 4.802415028531774044e-01 7.615185107600010627e-30 6.823665288213535745e-04 1.974185819842804151e-04 1.077145684857224372e-04 1.175063569095021049e-01 6.239056520258146445e-04 7.747828512344277697e+05 9.457220314020615770e+05 5.957425392342568375e+04 4.182981112083919983e-01 2.700956332347613061e+05
