# R (Mpc), mean rho (Msol/kpc^3), errup (Msol/kpc^3), errlow, std, median rho (Msol/kpc^3), mean pth (Msol/kpc/s^2), errup(Msol/kpc/s^2), errlow, std, median pth (Msol/kpc/s^2), mean gas-mass-weighted metal (fraction), errup, errlow, std, median metal, mean gas-mass-weighted temp (K), errup, errlow, std, median temp  
#  nprofs 420, mean mh 4253023015234.820312, median mh 3157539805362.697266 
#  Mass range 12.30 - 13.1 
#  Nhalos 36
3.113231678211726954e-03 3.369182462140844669e+06 7.122540611250716262e+06 4.543061246242248453e+05 8.278470772078145856e-01 5.561001575464091729e+05 6.764560829018356314e-24 3.994380769919245129e-24 3.339819337674866940e-24 6.809285573034752348e-01 4.018338766387327343e-24 1.502230083699751181e-02 1.654314839654590086e-02 8.995714078405119343e-03 4.225916782472235456e-01 1.240937396116469950e-02 1.264051307988872519e+06 1.962455715158863459e+06 1.918355970490375767e+05 9.466163524435656784e-01 2.118543565674120327e+05
5.410176590485145202e-03 7.823983246269897791e+05 1.630373815283934586e+06 1.460230844464274123e+05 7.034529338793426012e-01 1.998512196364300326e+05 3.381200076043384503e-24 2.755408259378348675e-24 1.126236744503365480e-24 5.880885815900287472e-01 1.506065208308362638e-24 1.142558487514169253e-02 1.316777787918270090e-02 5.203187665158710840e-03 3.955597303015488397e-01 8.215576836033366276e-03 1.928975251021439442e+06 3.295883083676767070e+06 3.865693736837748438e+05 9.102824169428316292e-01 4.042096116062937072e+05
9.401809362625560343e-03 2.313012519869889657e+05 2.787658886674511014e+05 1.026300826801905787e+05 5.043088412624373573e-01 1.417194648122494109e+05 2.299056519408190687e-24 9.781536749651020927e-25 8.644470315357148614e-25 5.391979997442630790e-01 1.107856105132458438e-24 9.133790630566254731e-03 7.372822627787972011e-03 4.000140087654834899e-03 3.240896852476546353e-01 7.645962130870940024e-03 1.638260021055370104e+06 2.224644258039066568e+06 4.190194216474571149e+05 7.765148149601720506e-01 4.718775779086787952e+05
1.633847210211432713e-02 8.892779669501574244e+04 7.619772332890066900e+04 3.058356964299278479e+04 3.393135124866342722e-01 6.346015357441527158e+04 1.214269721483673638e-24 8.979791500380143820e-25 3.991162649081492762e-25 3.695966359219754471e-01 7.369097827225048579e-25 6.709362360249738859e-03 5.299626691605833356e-03 2.309475443531007130e-03 2.830647634404379054e-01 5.656761870393095873e-03 1.420953556379662827e+06 1.260645296600603033e+06 6.082168955126343062e+05 4.932524238100852165e-01 8.695600154409973184e+05
2.839301035955283867e-02 3.396691256600638735e+04 2.002558347007364500e+04 1.486600562682210511e+04 2.740908983510201291e-01 2.992436096649258980e+04 6.669361041920939975e-25 5.175496657720523778e-25 3.279738283287052891e-25 3.079700714999804578e-01 5.756943689116214186e-25 4.411645536893886617e-03 2.369712025382845512e-03 2.067501245355614532e-03 2.556592937368747931e-01 4.131466858902227424e-03 1.714679100483946968e+06 1.367679643342958298e+06 9.115602576858265093e+05 3.595638771135704070e-01 1.366951922847468872e+06
4.934139693352049272e-02 1.418580207659422194e+04 5.384478599403035332e+03 6.210167871957798525e+03 2.394760793140617849e-01 1.354909720377508711e+04 4.596932487891418888e-25 4.335938368302840828e-25 1.446082195989201711e-25 3.080171360094402511e-01 3.329069736018018144e-25 3.510204352341840008e-03 2.962848416674791156e-03 1.802074018723887972e-03 3.198820748427670391e-01 3.168927027918842353e-03 2.282591239694399759e+06 1.425525312172290403e+06 8.556889650313099846e+05 2.557085388747915022e-01 1.940033271461269353e+06
8.574552048272386651e-02 7.464268761044353596e+03 2.644315334831420842e+03 3.471154247371571728e+03 2.115079741468376684e-01 7.415921177860383978e+03 2.798017116920892627e-25 3.015164539949522672e-25 5.811869680225199847e-26 2.983482682174876111e-01 1.799838448616581269e-25 2.193655639209283678e-03 1.457575977967947960e-03 1.071633178402368186e-03 3.081599862837687276e-01 1.886535651375541127e-03 2.423713248531250283e+06 1.492740766010936350e+06 7.029049950626667123e+05 1.946269963452638974e-01 2.086453953193824738e+06
1.490086365564239901e-01 3.970353593858389104e+03 1.057508655058297336e+03 1.745177307964150714e+03 2.047037420067027436e-01 4.010535176946076717e+03 1.298837435011810920e-25 1.089124078616607059e-25 2.576798073746571924e-26 2.980833769423885671e-01 8.086980876218814650e-26 1.606396087530399331e-03 7.198667523331020619e-04 6.263074928204281216e-04 2.252381325277927615e-01 1.559127209045137099e-03 2.055588477260614512e+06 9.384467596981958486e+05 7.209122488173502497e+05 1.836439689359624650e-01 1.890800350960609503e+06
2.589473320985681837e-01 1.680712958468219313e+03 8.665414622111352401e+02 3.117783332399878873e+02 1.880418061961553478e-01 1.398968571658821475e+03 4.170722297333926708e-26 6.140361710075605967e-26 5.834148430635764167e-27 3.201402048841707204e-01 2.190012124951285141e-26 1.106870789727613632e-03 4.278641054813272539e-04 3.812351251340109597e-04 1.574668653435906118e-01 1.070800433629862276e-03 1.460877654481306905e+06 8.224669090804196894e+05 4.162783675403011730e+05 1.812781384550369301e-01 1.283898706811871380e+06
4.499988883233312364e-01 4.938501484830583195e+02 2.645164125933463311e+02 1.508010462812888477e+02 1.756185610034858013e-01 4.418930712972469337e+02 8.360125389221810165e-27 1.033334806845603126e-26 2.888614476295744918e-27 3.720325020418966400e-01 5.088589337216317929e-27 8.166188164972199535e-04 2.677550105077484803e-04 2.359827367904834741e-04 1.381670731988293432e-01 7.888043625270790404e-04 9.535204993575739209e+05 6.454267878985892748e+05 2.408886204159185290e+05 2.126805619499169131e-01 7.448330413607239025e+05
7.820084410645824491e-01 1.460122897639441817e+02 7.660950697792867459e+01 4.525841179129915304e+01 1.958041598031093899e-01 1.289592162402732356e+02 2.489039208698661093e-27 1.296574925890337207e-27 8.482442024867674109e-28 4.851866769994704898e-01 1.147680969354123998e-27 7.250078687941622149e-04 4.171230728071322145e-04 3.368519259461029858e-04 2.144304744387811879e-01 6.989797488701687475e-04 7.124972096040907782e+05 3.501318850609858055e+05 3.048973537725678179e+05 3.017144593947029274e-01 5.356781843876520870e+05
1.358974916971039892e+00 6.934963002844045832e+01 1.926097650606486411e+01 1.181347677169932808e+01 2.374155830402212286e-01 4.750083571501390622e+01 4.291960544321970169e-27 2.686335788495751238e-28 1.241660102804895803e-28 5.734373620757933221e-01 2.198721482798871244e-28 5.434222751186301367e-04 1.836766077035657677e-04 2.899159401535474794e-04 2.174202447071835742e-01 5.660269718410308997e-04 7.037870144325118745e+05 1.908443371543073445e+05 1.281620922150544648e+05 3.458986110821645199e-01 2.988732614826229401e+05
2.361627736961885660e+00 2.967087714066502713e+01 1.416129501462172513e+01 9.034811850527638910e+00 2.005074663708116267e-01 2.555484263477574203e+01 4.155679453381218813e-28 1.911711172278066257e-28 6.467032397802072450e-29 5.871760041651559181e-01 9.121211840135873468e-29 4.510993008621491576e-04 2.807181709517537344e-04 1.801718748396737057e-04 2.481827679091345995e-01 4.078260590882556861e-04 4.498568573060775525e+05 2.846351864181510173e+05 1.335846509455713094e+05 3.976162690604216343e-01 2.469015931405356678e+05
4.104038638489875268e+00 2.034910067535201250e+01 6.392258560018348135e+00 5.698350129875635162e+00 1.582501186102875934e-01 1.888827050832362886e+01 2.988679104279442461e-28 9.136444572249330270e-29 4.603736683001382915e-29 5.048368788126377238e-01 8.499139921638204472e-29 4.349552204606471325e-04 1.259438085354429131e-04 1.220164345890635939e-04 1.887863153116340065e-01 4.216875078286848278e-04 5.251213992106294027e+05 2.489545265367665561e+05 1.149069579186234914e+05 3.600161417293901156e-01 2.869234355313094566e+05
7.132001747187159957e+00 1.776888171887947010e+01 8.723686940192671102e+00 2.798392794231105540e+00 1.300457155462221015e-01 1.602684946922266107e+01 4.569411675399846628e-28 1.361532089147884248e-27 4.066990363323061353e-29 6.759849130074588874e-01 8.191327618597323700e-29 4.877766073166010753e-04 2.487586064168688339e-04 8.034031293643374445e-05 1.486082763662582573e-01 4.476712795010995283e-04 1.326931894340878353e+06 3.400282494900233578e+06 1.705970845561586320e+05 5.534662089247855965e-01 3.665022221727709984e+05
1.239399854690385538e+01 1.894258251013783090e+00 2.611479053415564078e-01 2.552121844714141385e-01 7.535568215318758090e-02 1.836538674263908488e+00 2.924494552696192395e-29 1.277696770484731910e-29 4.250665138910936802e-30 4.985249001735631569e-01 8.729595498584726245e-30 4.221057801683658216e-04 1.253785823063453863e-04 5.972632433165963673e-05 1.274170766903592877e-01 3.884375383799337821e-04 8.362246320871813223e+05 3.816333657621606253e+05 1.350946763015692704e+05 4.319176106166079943e-01 3.188804076050284784e+05
