# R (Mpc), mean rho (Msol/kpc^3), errup (Msol/kpc^3), errlow, std, median rho (Msol/kpc^3), mean pth (Msol/kpc/s^2), errup(Msol/kpc/s^2), errlow, std, median pth (Msol/kpc/s^2), mean gas-mass-weighted metal (fraction), errup, errlow, std, median metal, mean gas-mass-weighted temp (K), errup, errlow, std, median temp  
#  nprofs 446, mean mh 1445231327983.342773, median mh 1455204292516.775146 
#  Mass range 12.00 - 12.3 
#  Nhalos 46
3.113231678211726954e-03 6.666574818932581693e+06 4.961111826049452648e+06 3.695215855838406831e+06 5.541078661842614439e-01 6.252617203138818964e+06 3.546594541065339609e-24 3.514010055293407355e-24 1.483943514070474277e-24 5.197342057086467015e-01 2.335606216014788730e-24 2.229235699918274277e-02 8.558270871116799988e-03 6.683906503272000338e-03 1.878123943799965001e-01 2.173241394063913853e-02 1.143391045119443443e+05 5.707856574207704398e+04 6.152486054494656855e+03 4.680137867669042495e-01 2.452222768493229523e+04
5.410176590485145202e-03 1.861740322376949713e+06 1.491474937623865902e+06 9.854712801504783565e+05 5.992237151337093115e-01 1.666004140193643980e+06 9.670500334832502474e-25 1.010200541552459636e-24 4.407173577748591260e-25 3.767390439397567126e-01 7.147329038004890041e-25 1.741036438782524870e-02 7.841396068168381139e-03 6.849551370145298690e-03 2.132636902208895624e-01 1.658195841515239938e-02 1.846706337168326427e+05 7.684264234337183007e+04 1.098287077626298378e+04 5.689613130698630838e-01 2.668553974310099147e+04
9.401809362625560343e-03 7.311589676773123210e+05 5.123770774430754827e+05 2.951275837008535746e+05 4.876486164711372751e-01 6.467581067429591203e+05 7.435405857942417236e-25 9.639451008106819734e-25 1.352182325989579798e-25 3.815027285024762960e-01 3.858123611711609585e-25 1.138715838584849170e-02 5.627298455264924046e-03 4.616717776745432947e-03 1.916784313642320714e-01 1.084282632533162781e-02 2.016640469801440195e+05 2.010433174542613560e+05 2.705363437759994486e+04 5.641326801990536044e-01 4.674762253657964175e+04
1.633847210211432713e-02 2.553525340901193267e+05 2.312147357209393813e+05 1.211542943578336999e+05 4.373884988779033756e-01 2.181608183881411969e+05 7.375215324937945891e-25 6.684255905441788709e-25 2.487913908453624457e-25 3.558915249787232837e-01 5.194740479212267820e-25 7.887677613710343885e-03 3.459953462535086607e-03 3.267774299710701769e-03 2.036173958378085513e-01 7.434655676588025272e-03 4.127777980766894179e+05 5.739659432968299370e+05 1.062278688859486138e+05 5.168549435163575234e-01 1.652187550593519991e+05
2.839301035955283867e-02 6.036454724569352402e+04 3.923635661782560783e+04 2.548499191764290663e+04 3.620455135227501064e-01 5.153796316836179903e+04 4.570528509819588688e-25 2.416532827935044709e-25 2.240636491259608564e-25 3.042430615697182539e-01 4.136497480544557490e-25 5.625682800696316446e-03 3.029132283768228018e-03 1.798909667363539876e-03 2.111007184895771216e-01 4.891588701870317607e-03 7.798449157935095718e+05 7.878751618121557403e+05 3.430792618839527713e+05 4.031696178709870404e-01 5.443642623410474043e+05
4.934139693352049272e-02 1.778137569738073216e+04 5.764748043064922967e+03 9.289745918429334779e+03 2.911772855663296578e-01 1.777055319794250681e+04 2.168164930769019655e-25 1.280919492507559614e-25 1.114046077810186609e-25 2.679052030379453497e-01 2.007503358552811874e-25 3.624663562771431209e-03 2.221463214424308514e-03 9.876813377286438982e-04 2.185943723678412109e-01 3.043784642629855913e-03 9.711538295596562093e+05 3.932153884825259447e+05 4.898048310857712640e+05 2.559515735033541239e-01 9.283751312690302730e+05
8.574552048272386651e-02 6.561694589209061633e+03 1.744679181949341000e+03 1.919555593269939891e+03 2.312031136579054125e-01 6.474857633515443013e+03 8.593318672727421557e-26 4.684720037206853232e-26 3.625101909929701078e-26 2.291838703253963883e-01 7.880401568191037477e-26 2.368714701207056891e-03 1.401157961105231088e-03 8.090924074609104691e-04 2.122824292016887993e-01 2.061228213797384329e-03 9.523457920275786892e+05 3.177699212705697864e+05 3.351892851035168860e+05 1.817939977670940399e-01 8.868968623046835419e+05
1.490086365564239901e-01 2.559860819208057819e+03 6.479731907196310203e+02 1.091643416499548039e+03 2.008439551770171694e-01 2.688605846675995053e+03 2.720840297743747889e-26 1.249600254988751107e-26 1.050088770449176924e-26 2.237792108755281006e-01 2.485167826952314620e-26 1.717008444475814997e-03 8.329469671777569272e-04 5.939928651747036900e-04 2.110698747027119071e-01 1.551752413176551125e-03 7.506538176381305093e+05 2.711941093456256203e+05 1.374872634754966130e+05 1.666852866780609010e-01 6.413645400884873234e+05
2.589473320985681837e-01 7.376373630388071660e+02 2.981110786404155988e+02 1.570648173006030675e+02 1.714844113049428520e-01 6.604499300368070180e+02 6.026158571713595022e-27 5.197558774316026918e-27 2.223315362126858799e-27 2.907519465907185685e-01 4.487790292815248129e-27 1.175619744921412024e-03 5.898938801119015148e-04 4.482782540563097148e-04 2.360505131414132318e-01 1.166462596716971245e-03 5.088229916930076433e+05 2.542186987905746792e+05 1.119238398391474620e+05 1.719143246838144845e-01 4.355378351115651894e+05
4.499988883233312364e-01 1.757941499190818888e+02 7.824346170698584046e+01 5.342869434509911741e+01 1.657887770106154790e-01 1.654399169243011443e+02 9.715636535102206876e-28 7.242086967618059463e-28 3.464079922355826875e-28 3.542998792275079967e-01 6.452370743934689871e-28 7.627786178990985126e-04 6.562122312258016196e-04 2.942155910038062928e-04 4.097039057286854802e-01 5.807867241395019619e-04 3.228175461367739481e+05 1.470876779871447943e+05 1.068699440808878571e+05 2.086145728435967739e-01 2.824272670516688377e+05
7.820084410645824491e-01 6.424393773731088686e+01 3.030548724012381712e+01 2.091067307315652712e+01 2.180437015271232126e-01 5.283143066793591203e+01 3.171250238651294564e-28 2.508929205240598082e-28 1.148924744062603497e-28 5.012378932481577065e-01 1.593115602377383882e-28 5.959352542993933029e-04 7.062776908772148672e-04 3.209111655510853232e-04 5.866266107454539691e-01 3.924744543116373248e-04 2.381886528420683462e+05 1.937783432456932496e+05 1.018136803654594696e+05 2.990847160013951900e-01 1.898909152649269672e+05
1.358974916971039892e+00 3.190764437835581546e+01 2.224549315224308188e+01 1.399526777119421617e+01 2.218880444981945754e-01 2.934033792366286164e+01 1.440184265213222042e-28 2.280692409908394301e-28 6.234257248998500881e-29 6.025598293802616467e-01 7.612691830609607306e-29 5.846815908770549479e-04 8.192307747667340601e-04 2.976696136219198494e-04 5.452724573577991674e-01 3.920916735526706800e-04 2.172771322970902256e+05 1.757925301253350917e+05 1.165746884826165333e+05 4.024480649847860247e-01 1.699328835316955810e+05
2.361627736961885660e+00 2.337358354206016742e+01 1.278040141403044672e+01 7.177367250005897148e+00 1.876871708449769638e-01 2.098703975170704794e+01 1.319421218831876166e-28 1.408420106728773122e-28 5.875513393928508425e-29 5.423903658045001741e-01 7.689490598090372762e-29 6.861093678274142113e-04 4.253331487907897630e-04 5.339924045616841267e-04 4.147047696542032758e-01 7.116757171961329322e-04 3.011106369027207838e+05 2.527123092027972452e+05 1.415315506751791108e+05 3.813386171712285222e-01 2.248286945435786620e+05
4.104038638489875268e+00 2.061366582399552527e+01 8.693755363333373509e+00 4.276834922390207794e+00 1.759669197479763747e-01 1.718728941804402055e+01 4.959553143881494714e-28 1.089281895517505200e-28 3.324881815804621269e-29 5.860779401501667873e-01 7.051567008626290631e-29 7.608516413595039140e-04 2.113182248382043139e-04 2.965141890107441227e-04 2.048661166980626225e-01 7.587210432727619627e-04 7.852181033969388809e+05 2.614685249451501877e+05 8.433874833449732978e+04 4.287877859101946187e-01 2.579908381406879635e+05
7.132001747187159957e+00 1.569227849017798704e+01 3.264190961126445245e+00 2.118004345360812835e+00 1.011541282327147323e-01 1.498400626786919076e+01 1.938151348406264681e-28 7.476308569383101368e-29 2.844585382459602423e-29 4.713873145359606665e-01 6.601471160564437055e-29 6.629489406167013996e-04 1.257698115849329064e-04 1.933322325510399464e-04 1.324410005025617454e-01 6.536864559551212091e-04 6.299520778146691155e+05 2.254933299585659988e+05 1.013960030873295036e+05 3.801078735450439394e-01 2.842362047285586596e+05
1.239399854690385538e+01 1.906456112137650871e+00 2.211898579248054997e-01 2.583875963677331189e-01 7.405576294643838320e-02 1.871213937978281061e+00 2.484748607421458257e-29 2.665161603301205010e-29 2.848205411070290417e-30 4.547104257874372002e-01 7.675865814559542257e-30 6.640999402285057557e-04 1.581904567276934273e-04 1.291593156216746304e-04 1.154824362842256369e-01 6.274005099694060766e-04 7.002426623365875566e+05 8.782565706696341513e+05 7.361369302443863126e+04 3.966368686047290204e-01 2.746127483893729514e+05
