# R (Mpc), mean rho (Msol/kpc^3), errup (Msol/kpc^3), errlow, std, median rho (Msol/kpc^3), mean pth (Msol/kpc/s^2), errup(Msol/kpc/s^2), errlow, std, median pth (Msol/kpc/s^2), mean gas-mass-weighted metal (fraction), errup, errlow, std, median metal, mean gas-mass-weighted temp (K), errup, errlow, std, median temp  
#  nprofs 441, mean mh 210928233026.245514, median mh 203257903063.675598 
#  Mass range 11.00 - 11.5 
#  Nhalos 186
3.113246145416726039e-03 1.608576031905562384e+06 5.924363111267783679e+05 4.281054830434645992e+05 1.517666968517498438e-01 1.521755631192487199e+06 1.585311386873916706e-25 8.797232006661638317e-26 4.054230736218052015e-26 1.894231507776764911e-01 1.400501486885815349e-25 4.175397413022810360e-03 2.530877771837538714e-03 2.430137797464515179e-03 4.711506622529932908e-01 3.867071236201652124e-03 1.173664578912359320e+04 8.856995070270550059e+02 7.938811060327898304e+02 3.636569549031585386e-02 1.165113855432414675e+04
5.410201731605981425e-03 5.004543181254647207e+05 1.546131475005976390e+05 1.335432949539893307e+05 1.461359572891591518e-01 4.769465991014670581e+05 7.019362282407206612e-26 2.729975066969583662e-26 1.122378271803975692e-26 2.706346001479999486e-01 4.426689166128856690e-26 3.191241206559482669e-03 1.937400309775282395e-03 1.674224733058241477e-03 4.380678391892231516e-01 2.905662729588611576e-03 1.432191244842416563e+04 8.692718716118251905e+02 6.611522636326717475e+02 1.804127152102087683e-01 1.102851706990262028e+04
9.401853052886184961e-03 1.740891314142016927e+05 1.034948660358329653e+05 5.232802797595845186e+04 1.939029150094169485e-01 1.531545647739517735e+05 8.354882299419419523e-26 1.357127457667579324e-25 1.559041230798506299e-26 4.610085712849810169e-01 3.130656686356528287e-26 1.971078305054542196e-03 1.278972813757079698e-03 8.954802500087046414e-04 3.896767415534477808e-01 1.740996757548499488e-03 3.588943325045098027e+04 5.029169997657313797e+04 5.580611434561942588e+03 3.636174005947876431e-01 1.675639425057690096e+04
1.633854802708544635e-02 6.852465806768868060e+04 4.244694997528514068e+04 2.830706983067122928e+04 2.445271628342974013e-01 6.076567627349877148e+04 4.792132510372990218e-26 4.004652033446115362e-26 2.078668257032528502e-26 3.291953875490730153e-01 3.621640243732129093e-26 1.211043862220990324e-03 6.905323680871586212e-04 5.681538886408292769e-04 3.341521107298665028e-01 1.078711578111407263e-03 5.901556410446513473e+04 4.513103695753034845e+04 2.070935230683585542e+04 3.102565743682311195e-01 4.349285840858136362e+04
2.839314230203058426e-02 1.889238832119885774e+04 1.414493248952773502e+04 8.927524697414704860e+03 2.843675732583674232e-01 1.650338023295277162e+04 2.145344240920197661e-26 1.523638372532909500e-26 5.960428311584136454e-27 2.193682247878023794e-01 1.755325259161208475e-26 8.016940042341558171e-04 5.041474998466356902e-04 3.812977633296835926e-04 3.387039000747554818e-01 7.112010324635038459e-04 1.054120725957891846e+05 9.702027163113746792e+04 3.336703609384621086e+04 2.961645073125900307e-01 7.631872703410219401e+04
4.934162622326766084e-02 3.764062180375424305e+03 1.941487081643929741e+03 1.173057907229110242e+03 1.971623293124295795e-01 3.348672227363173988e+03 9.554940448110924669e-27 5.652584461214583663e-27 2.994776421472473806e-27 2.020789950826546444e-01 8.188453726177353590e-27 4.853637254685082866e-04 3.609810102930840581e-04 2.169967524783501995e-04 3.457647559284953154e-01 3.863334871111435650e-04 1.903432780592975614e+05 9.039599913048133021e+04 7.252961448718595784e+04 2.046316131702837771e-01 1.784524936012986582e+05
8.574591894263650094e-02 1.226664564336940657e+03 5.116927633684745160e+02 3.323966532708810746e+02 1.537942545143938800e-01 1.141901429518336499e+03 3.654306334929160715e-27 1.772120909172326378e-27 1.370765587420770640e-27 2.137189037234106803e-01 3.308029778625296450e-27 2.998836258658051741e-04 2.423632184634690729e-04 1.263238662508205492e-04 3.297228936347160189e-01 2.418294129976142619e-04 1.995572876813980984e+05 7.053256300257504336e+04 4.562227590239152778e+04 1.324629965304424672e-01 1.859660665560342604e+05
1.490093290003903781e-01 4.622378731806246606e+02 1.849115375863158306e+02 1.350044513287355130e+02 1.566843428628875434e-01 4.308604314526048711e+02 1.160999286925028742e-27 6.925447721648792822e-28 4.800479332458880040e-28 2.697154381581743365e-01 9.832404802693455647e-28 2.143876533299488084e-04 1.206413112191836697e-04 1.115027534551390771e-04 3.303318524542456780e-01 1.924907704589568554e-04 1.604631256745086866e+05 5.310932615166387404e+04 3.985648047959269024e+04 1.532528071782449652e-01 1.459346212023262342e+05
2.589485354282668461e-01 1.684546572872172305e+02 8.127794981810399122e+01 5.199347581174620814e+01 1.756625419698175095e-01 1.577149406839965877e+02 3.994145617072654377e-28 3.275725474301353177e-28 1.345256601276248110e-28 3.856867119536300792e-01 2.417798761717997099e-28 1.758912552775688729e-04 1.475645007921253644e-04 6.429489305569015386e-05 3.675022444175699010e-01 1.249150615457781505e-04 1.378151674095567141e+05 6.442621351947286166e+04 3.775156332151046081e+04 2.438980117384449975e-01 1.042564021509809536e+05
4.500009794706789079e-01 7.351591537078390104e+01 4.296165407942878289e+01 2.204406050896319869e+01 2.421456580685046323e-01 5.714202844143794380e+01 2.541317741266223852e-28 2.236510269004068816e-28 4.077353914095267856e-29 5.690894143577392983e-01 6.339858059659790684e-29 2.026144523027445965e-04 1.321344907346729556e-04 6.331247463309077109e-05 6.205305730935598563e-01 9.700782742244004077e-05 1.399207061132222589e+05 1.318660669334631530e+05 3.334788263197513879e+04 3.518114462962303457e-01 7.650021873194241198e+04
7.820120750621762928e-01 3.754867164185881023e+01 3.611853390633910976e+01 8.921482606765055223e+00 3.081480332500187158e-01 2.357061431527245432e+01 2.145788521680092645e-28 1.947778809880782419e-28 1.588767156048217962e-29 7.726046994749740104e-01 2.312641591688440171e-29 2.572447123204116455e-04 4.032425296991240266e-04 4.465271504558563400e-05 8.479843922624641372e-01 5.878277799107060799e-05 1.821257168677141308e+05 2.321118352503503265e+05 3.413233322632235650e+04 4.843334899521312686e-01 6.452792541399123002e+04
1.358981232135070272e+00 2.535686880145292221e+01 2.553537794466125632e+01 9.228412886629591583e+00 3.351131761810590137e-01 1.814261374839426111e+01 2.411629645256067174e-28 1.747128518157439430e-28 2.264402438842768101e-29 8.937586155512492470e-01 2.610130533109727221e-29 3.958467343666831773e-04 7.294640035566791287e-04 1.742290262494145903e-04 9.636480927333114233e-01 1.955481940694894609e-04 2.638586483529452235e+05 2.333174777501141944e+05 7.401366568184991775e+04 5.711160891456025235e-01 9.874435659294624929e+04
2.361638711459171702e+00 2.209587463567072874e+01 1.486753488306684901e+01 7.097835983194096698e+00 3.283882999390862478e-01 1.418518282581518619e+01 9.581553218315993878e-28 1.695852313737321932e-28 3.303103696875884180e-29 9.105487855186644719e-01 3.676688535181001084e-29 4.901204120889189001e-04 5.718779422750979412e-04 3.193651730215799219e-04 6.271625847834696454e-01 3.816109671674126728e-04 5.366005652612791164e+05 3.214438493678785162e+05 1.286772139701949200e+05 5.988105730355646195e-01 1.622033029366403352e+05
4.104057709980352797e+00 1.533334441315218299e+01 8.639725589595315114e+00 4.452901182819756443e+00 2.277223689285839403e-01 1.289521070892059740e+01 3.169762892667389709e-28 1.417586889887542833e-28 4.819111245982037432e-29 7.010013930551060035e-01 6.167374843994447453e-29 5.922144419403404213e-04 2.950121204934574295e-04 3.028951783515824916e-04 3.078728700983776601e-01 5.938053214189639110e-04 6.592065995060339337e+05 4.071354781651056837e+05 1.948744525869785575e+05 4.893987433064983517e-01 3.010334425433449214e+05
7.132034889639118802e+00 1.303692454939047352e+01 5.199279588263308938e+00 3.196841940698185169e+00 1.393823023215341461e-01 1.193177956845259757e+01 2.506565755470769637e-28 2.967952263513569958e-28 3.348672456844624269e-29 5.778838979688101229e-01 6.073323837586743581e-29 6.134817983973386152e-04 1.884153214393796075e-04 1.926705717780042128e-04 1.636370518440707078e-01 5.987011629449163347e-04 9.157009280435217079e+05 1.191749233109628083e+06 1.328380786070996546e+05 4.528185430499712671e-01 3.342533941013885196e+05
1.239405614188433624e+01 3.286407808887509496e+00 8.932464289273118752e-01 4.119260237294626315e-01 8.507188994068912158e-02 3.088971631695037523e+00 5.855115510531487586e-29 1.510053817822250089e-28 5.563191531858621473e-30 5.019236584810307100e-01 1.635087661716819444e-29 6.203879154433187193e-04 2.697709212084340932e-04 1.056721488538047305e-04 1.142601157875903078e-01 5.754952160122882212e-04 9.899993481484716758e+05 2.457115761984764598e+06 1.138851705312990525e+05 4.282353183863179535e-01 3.683074765734412940e+05
