# R (Mpc), mean rho (Msol/kpc^3), errup (Msol/kpc^3), errlow, std, median rho (Msol/kpc^3), mean pth (Msol/kpc/s^2), errup(Msol/kpc/s^2), errlow, std, median pth (Msol/kpc/s^2), mean gas-mass-weighted metal (fraction), errup, errlow, std, median metal, mean gas-mass-weighted temp (K), errup, errlow, std, median temp  
#  nprofs 470, mean mh 4281275143565.957520, median mh 3136992507818.611328 
#  Mass range 12.30 - 13.1 
#  Nhalos 36
3.113246145416726039e-03 1.599944079470215365e+06 4.258443132070383988e+06 9.440205557683305233e+04 7.702003179589859139e-01 1.568851056303803343e+05 3.037044782692817072e-24 4.803605534441179065e-24 8.312834062413423361e-25 8.953730757503338689e-01 9.294450214999620492e-25 1.706652892547178696e-02 1.398946173019696877e-02 4.201192313639313600e-03 2.663389299585384173e-01 1.261652518549568995e-02 2.564706203656282276e+06 5.253752229907646775e+06 2.438783463836264855e+04 1.116714224670918076e+00 4.264856829932697292e+04
5.410201731605981425e-03 4.076527128693438717e+05 1.416291189551369753e+05 5.087698668598888617e+04 6.480455118204262455e-01 7.553765206321253208e+04 1.682326142886230687e-24 1.414266165047554260e-24 9.391283165531138591e-25 4.547379917875467581e-01 1.276879642461482779e-24 1.358416222517710124e-02 8.915565125265575985e-03 4.384765472833267869e-03 2.833232296843599674e-01 1.084048677730355820e-02 1.949783472551379586e+06 2.552654913700455800e+06 1.382402728336050175e+06 7.791243542628154550e-01 1.480705028567798669e+06
9.401853052886184961e-03 1.494839199560006673e+05 1.198136435073963803e+05 2.255770125129022563e+04 6.044600675707725301e-01 3.529211168669945619e+04 1.087966960124654989e-24 8.920413279492951454e-25 4.815338522071416574e-25 4.532925499030602823e-01 7.206284515850294159e-25 1.179236556698886988e-02 7.523614418126963257e-03 4.568868351912811626e-03 2.668093531004332997e-01 1.042192299751130806e-02 2.133901506399189122e+06 2.092410805728715844e+06 1.195564285360479495e+06 6.917887857509337213e-01 1.503278176055416465e+06
1.633854802708544635e-02 6.047656171983473905e+04 4.220371724424214335e+04 1.629433821243172315e+04 4.877239443959416887e-01 2.551293205911733094e+04 6.120816750672679918e-25 5.239900148832044813e-25 2.600628733512795926e-25 4.062099221956286255e-01 3.882630221275964319e-25 1.040321470184536745e-02 7.205935863570326477e-03 4.148557494196635637e-03 2.593668424419530161e-01 9.470401749438219635e-03 1.729142936632694909e+06 1.608504675172163639e+06 1.097069516570114298e+06 5.506647606016251695e-01 1.352702111346609425e+06
2.839314230203058426e-02 2.574692166071560132e+04 1.577155377173397210e+04 5.815125041753648475e+03 3.999149268153550096e-01 1.285255155869638475e+04 5.165566122638710206e-25 5.114086195624046654e-25 1.824296224949712885e-25 4.723065371365641196e-01 2.845824561301354509e-25 9.085961750458271952e-03 5.458204748583836766e-03 4.486390725273691621e-03 2.625653648014191766e-01 8.948106703978112725e-03 2.036878689500498353e+06 1.922315760663932888e+06 9.746559781464047264e+05 4.445271302834905569e-01 1.435253710763410432e+06
4.934162622326766084e-02 1.028391687976814137e+04 8.391515651761274057e+03 3.640940228791675509e+03 3.196009264103065184e-01 7.134795123312261239e+03 2.741276893729214030e-25 2.269810250149059934e-25 7.495743718415403569e-26 4.375883708767019931e-01 1.618360849995469356e-25 7.717728786234877639e-03 4.002776821171288510e-03 3.963761318267512712e-03 2.640308071404459112e-01 7.923185948938218925e-03 2.144431391224949155e+06 1.552112398827605648e+06 1.031851127092679031e+06 3.619586862081138334e-01 1.648295604253924219e+06
8.574591894263650094e-02 4.353163251015570495e+03 3.015982372064539049e+03 1.975853086642512153e+03 3.036269148633471415e-01 3.871199579773106962e+03 1.329096401391748928e-25 8.776202935605919281e-26 5.625298560939174370e-26 4.269450415624550521e-01 9.672545266920964550e-26 6.380779007601769526e-03 3.240584479248864030e-03 3.059513395880987530e-03 2.190173780281251259e-01 6.544438906772306191e-03 2.114067604901609942e+06 1.993616583810065640e+06 1.007006492769145872e+06 3.113509057278595060e-01 1.729593633542565862e+06
1.490093290003903781e-01 1.937312024524641174e+03 1.376447382126982120e+03 8.894945962472017982e+02 2.745479833024009886e-01 1.582807569590362618e+03 6.344368675385943305e-26 5.833578066468460355e-26 1.791242945847631376e-26 4.060584423655672626e-01 3.540007931248906361e-26 4.424083054186779725e-03 2.155722866812670793e-03 1.334256787713615500e-03 1.769984888670825540e-01 4.254674120547584024e-03 2.039199751576077193e+06 1.497519062676147791e+06 6.772426736527654575e+05 2.533352289819811864e-01 1.602746356815966545e+06
2.589485354282668461e-01 8.952781698328396942e+02 3.209261351241050306e+02 3.816550583390818474e+02 2.379238104802430809e-01 8.647699842928877842e+02 2.390491849007677851e-26 1.873147673747228207e-26 6.871883875377415600e-27 3.470463555771349795e-01 1.445764110853947586e-26 3.532204840899944888e-03 1.033596046012320597e-03 1.343557947337266790e-03 1.690707226770364890e-01 3.481162920792299064e-03 1.615053272303544683e+06 8.991648648678231984e+05 6.206934262796369148e+05 2.111022208403141309e-01 1.503454358575407881e+06
4.500009794706789079e-01 3.788411390590629821e+02 2.197576750031182655e+02 9.217684018259004119e+01 2.162263399950552223e-01 3.057164204959356084e+02 7.777963478879765127e-27 3.789479133499190016e-27 2.088990678302340971e-27 3.304374467532008031e-01 4.837226153070027282e-27 2.655251228802909310e-03 8.579541000513328519e-04 1.001820070172474006e-03 1.743996978418132504e-01 2.672463976272896214e-03 1.198837634495881386e+06 4.730830569508522749e+05 2.215685884640595177e+05 1.724154009137205401e-01 1.065246496362783015e+06
7.820120750621762928e-01 1.231959252848827049e+02 5.257606757218255211e+01 3.866323868579439704e+01 1.806299194471290281e-01 1.139353844835007692e+02 1.701987082989698319e-27 1.345307400731741447e-27 7.461802356908044477e-28 3.315123986531874345e-01 1.412130249688788315e-27 1.864069259334065606e-03 6.142031067044341486e-04 8.755974784899725645e-04 2.176339586940416460e-01 2.010232628968303473e-03 8.375571970192786539e+05 4.380010142427100800e+05 2.471021945867624599e+05 1.706264180156462640e-01 7.666026495611863211e+05
1.358981232135070272e+00 4.548441833269290413e+01 1.809515145060055374e+01 6.383843137626485031e+00 1.270848156527499828e-01 4.033342442220045143e+01 4.289604298600435347e-28 3.919287786559035291e-28 1.353468162560142600e-28 2.685998281227135465e-01 3.296897053950064603e-28 1.655959261069478352e-03 5.204434345148743757e-04 4.396349611118226686e-04 1.225436572919317429e-01 1.617178518665480721e-03 5.826693757279380225e+05 3.377690010466061649e+05 1.179250773194894427e+05 1.638014226540701890e-01 5.140503473521319102e+05
2.361638711459171702e+00 2.338167392652604448e+01 9.994656771629212955e+00 5.964369321198621066e+00 1.671605082022991628e-01 2.071233631330784775e+01 1.789520876685994357e-28 1.848942700323190259e-28 6.414919192123777496e-29 4.158466627399730609e-01 1.066014960006051623e-28 1.389934820934448246e-03 5.789593268714136008e-04 4.273337357820612649e-04 1.854173517961590911e-01 1.374351275995059057e-03 4.237750807881844230e+05 2.605075876026394544e+05 1.602057763298036880e+05 2.637125171784698296e-01 3.524503803421639604e+05
4.104057709980352797e+00 1.594554398792896244e+01 5.480358686458011164e+00 4.031236470505469072e+00 1.664646640748006223e-01 1.456504721271627290e+01 2.728774916436274458e-28 8.573407703891068487e-29 3.882952921832536841e-29 4.918667009595566464e-01 7.563599533541281756e-29 1.263370301807445776e-03 4.718498524765575401e-04 3.541158100650041232e-04 1.579177345952439415e-01 1.218051383932710436e-03 5.770350247083214344e+05 2.330415860955361859e+05 1.121607287906082347e+05 3.366195942127893082e-01 3.205669916886281571e+05
7.132034889639118802e+00 1.337048224735138291e+01 6.387941312239830083e+00 2.593964745122333326e+00 1.372151842158058077e-01 1.209884029219531421e+01 3.322236590360717523e-28 1.206534050422410871e-27 2.797076232095028111e-29 6.035471818011429734e-01 7.179478733481355139e-29 1.308054869248896288e-03 5.634074498733487868e-04 2.124117761380290865e-04 1.229464418203571746e-01 1.265951062656615975e-03 1.235674953660116531e+06 3.863498859341562726e+06 1.506777747914620559e+05 4.766735373942612708e-01 4.247020010052035796e+05
1.239405614188433624e+01 3.025129171681873785e+00 6.091274700969382394e-01 3.614141585651062805e-01 8.131875160719208295e-02 2.876888581559539304e+00 5.632551799682757519e-29 1.188191388902958764e-28 6.153360591838161675e-30 4.954530176353325599e-01 1.650463652723339963e-29 1.193001170106520624e-03 3.594055205732716966e-04 1.398801886541569620e-04 9.749347103612578114e-02 1.100004152211558374e-03 1.036746818629760062e+06 2.149418806803627871e+06 1.036943903905883781e+05 4.248306015237250932e-01 3.854386051294745994e+05
