# R (Mpc), mean rho (Msol/kpc^3), errup (Msol/kpc^3), errlow, std, median rho (Msol/kpc^3), mean pth (Msol/kpc/s^2), errup(Msol/kpc/s^2), errlow, std, median pth (Msol/kpc/s^2), mean gas-mass-weighted metal (fraction), errup, errlow, std, median metal, mean gas-mass-weighted temp (K), errup, errlow, std, median temp  
#  nprofs 456, mean mh 4085276888130.631836, median mh 3227507867359.791504 
#  Mass range 12.30 - 13.1 
#  Nhalos 33
3.113240848277968459e-03 9.810982192788125947e+06 9.438807778132582083e+06 8.537921348483821377e+06 9.086603339590137995e-01 8.733186238235851750e+06 1.321017563254807818e-23 1.297423573024527307e-23 4.036698105401375543e-24 5.526055702454641949e-01 6.337480404141898832e-24 1.840412606665949025e-02 1.429733743964483640e-02 7.877876705682140129e-03 2.809159330945394939e-01 1.484203022707066520e-02 8.398324880186254159e+05 1.685696084209118970e+06 3.680671504174426082e+04 8.161415401087585009e-01 6.306461884852586081e+04
5.410192526233861474e-03 1.924058228046255885e+06 2.177948887141250074e+06 1.838617483788871206e+06 9.184983492561189511e-01 1.885047328288173070e+06 9.147208921586146697e-24 3.317341169753911580e-24 1.705878922329315579e-24 5.719950187425707488e-01 2.464379499843829345e-24 1.329373269782510060e-02 7.710981550481808139e-03 7.896890057398017054e-03 3.023756115098395481e-01 1.332213701285160645e-02 1.717197586731519317e+06 4.211839167299943045e+06 1.965727057621265703e+05 9.511831826456608185e-01 2.195780276237651124e+05
9.401837055782886685e-03 6.541765168871820206e+05 1.020219008897065185e+06 2.671271725183506496e+05 6.602844118928414829e-01 3.185222853192031034e+05 3.192997517362775706e-24 3.521300064678358411e-24 6.907380787465436061e-25 4.886555277530269525e-01 1.261872642933652113e-24 9.007804669908981918e-03 3.584931038552353552e-03 4.391191158544672200e-03 2.415266431675802128e-01 9.072896559994183402e-03 1.299187625095625175e+06 1.927026318217868451e+06 5.115073404174387688e+05 7.795166725051069223e-01 5.621642311649530893e+05
1.633852022730607895e-02 2.421879000275274448e+05 3.783148814245485701e+05 6.674410180329089053e+04 4.685658345362648247e-01 1.157951572038982558e+05 2.321336516755618965e-24 3.919222635316286499e-24 5.307373522105047044e-25 4.214430982755465460e-01 1.129594959152091146e-24 7.065434111175892921e-03 2.822424541832646051e-03 2.530799164665426502e-03 2.273117409747411888e-01 6.787647844156459963e-03 1.206701103715466801e+06 1.999238705588313984e+06 3.651197919181543402e+05 5.103518692341884044e-01 5.268599367565268185e+05
2.839309399155095365e-02 6.941695186598406872e+04 7.029280064383058925e+04 2.038290045809200819e+04 3.028167493503648444e-01 4.858460430660386191e+04 1.211124322564431762e-24 7.754722054787005364e-25 5.634826981970591880e-25 3.162767885623854469e-01 9.981593574415272303e-25 6.049071487940719562e-03 3.663700096497227512e-03 2.314092979190657609e-03 2.685096006170280547e-01 5.651547819992186819e-03 1.524314652256819652e+06 1.549434704574714415e+06 4.672226095900039654e+05 3.051199298627881862e-01 1.033942983151761349e+06
4.934154226927617293e-02 2.571584393710081349e+04 2.037166160348385893e+04 1.040055730020574811e+04 2.955645845446641662e-01 2.092799444605402095e+04 6.442433939858303145e-25 5.468326903375622575e-25 2.463497971349432547e-25 3.169368439437723617e-01 4.697940434368526806e-25 4.549825488688417387e-03 2.622575681771223931e-03 2.091870014519824593e-03 2.349234304479497770e-01 4.419085008687765465e-03 2.054623350468247198e+06 1.587210516061604023e+06 5.206972985042734072e+05 2.802141067725070767e-01 1.425933225354195572e+06
8.574577304732042271e-02 1.061163448431205870e+04 5.202941405423947799e+03 6.305525787402340939e+03 2.949639763844636997e-01 1.040983785705405717e+04 3.222609526747760003e-25 2.721098324514626083e-25 8.738354686903240819e-26 2.751869556460140309e-01 2.444049268860125187e-25 3.229863401181178907e-03 1.767202227982572760e-03 1.097420637946328785e-03 2.375119894500692941e-01 2.826088402085266162e-03 2.497032008565566503e+06 2.081430878870051121e+06 6.358032943820562214e+05 2.653159012324526889e-01 1.812769852245545713e+06
1.490090754633893733e-01 4.673339113341970915e+03 2.498705130597694733e+03 2.443978706114270608e+03 2.643142260683936651e-01 4.505248652906640018e+03 1.348799819898186658e-25 8.732044006357262043e-26 3.855583121957597821e-26 3.115196538082293798e-01 9.479998668823335332e-26 2.220885863040708043e-03 1.414716956561245251e-03 5.837669251824674152e-04 2.081302988279714050e-01 1.906001415493886091e-03 1.994113632898818469e+06 1.642210213499969104e+06 5.439430994921573438e+05 2.269365763630036836e-01 1.542797940011427039e+06
2.589480948314561437e-01 1.699345991207750558e+03 8.627030943209117595e+02 7.212195273692401543e+02 2.065209374627345329e-01 1.623006833429675908e+03 3.905619012488233613e-26 3.972025698610739638e-26 1.365108849774075395e-26 3.393045814598714682e-01 2.583542727052788151e-26 1.696754576548541085e-03 8.145508825249806514e-04 9.668069505417989850e-04 2.726030409434425650e-01 1.666152721343416810e-03 1.371567782350430265e+06 8.708751232020577881e+05 3.085451689595414791e+05 1.972933574752555874e-01 1.132750131784470752e+06
4.500002138011764963e-01 4.430948175908315534e+02 3.277815267304292206e+02 1.357732148380596300e+02 2.003395833489860778e-01 3.809397729515914648e+02 7.136039195209563260e-27 9.911349990376958179e-27 2.399938652483683564e-27 3.978868608745255719e-01 4.028852708636229023e-27 1.185173510100052995e-03 6.063548350685910200e-04 7.786975943307998136e-04 3.032381990985408282e-01 1.234586021252619429e-03 8.928178220935296267e+05 6.708355275587994838e+05 2.648305177301966469e+05 2.181499238941140839e-01 7.160632258908172371e+05
7.820107444810802111e-01 1.389922165965657541e+02 5.085538020855787522e+01 6.061284103174570248e+01 1.881913704932898501e-01 1.407648656574014581e+02 1.497007149021553937e-27 1.080783005292938352e-27 8.984329230018674240e-28 4.519855671137003594e-01 1.142541964365769478e-27 1.006057663225049838e-03 5.401049976211178948e-04 7.544580229116746792e-04 4.005013619712526896e-01 1.002299702225628239e-03 6.221878672682129545e+05 2.190888169481873047e+05 3.353827208841285901e+05 2.859633172658193057e-01 5.650770203734912211e+05
1.358978919850138967e+00 6.590410652599193497e+01 2.129499942408232016e+01 1.567860354429085845e+01 1.996435703890533930e-01 5.473736830151888455e+01 2.091150838543741967e-27 2.261396361452971692e-28 1.931558417442539644e-28 5.610432941592993217e-01 2.798967533848603325e-28 7.654735273139354852e-04 4.097981271173671515e-04 5.148660377033925997e-04 3.723028447275648078e-01 7.928031016563745264e-04 6.468170944872642867e+05 1.962519011906577507e+05 1.863888527139431098e+05 3.732676596045975126e-01 3.357229249890029896e+05
2.361634693168501720e+00 3.660954544221032592e+01 1.435038073056943375e+01 1.135840560795975662e+01 1.959907468777515316e-01 3.155438985039413069e+01 8.973930625044987554e-28 1.930175154189067624e-28 7.273287830527365105e-29 5.927817880078093404e-01 1.117070774073091196e-28 6.870980437673378715e-04 3.305737587293790421e-04 2.464466028130939752e-04 2.709012062610476890e-01 6.212146784357083611e-04 5.761547972092451528e+05 3.485279575976899359e+05 1.282833750694008195e+05 4.082692892999220668e-01 2.483491285262216406e+05
4.104050726991497200e+00 2.625900315927091100e+01 6.877261972236588861e+00 5.557880690184010319e+00 1.430380729671125173e-01 2.436834916574637688e+01 5.228202591394666036e-28 8.875417293599385315e-29 6.213167681361652875e-29 5.570579396744426148e-01 1.097608764011142144e-28 6.747935835855675950e-04 2.684998942744262719e-04 1.915709459447150929e-04 1.854960691162205466e-01 6.074972561832099821e-04 7.952844894612724893e+05 2.886733517720702803e+05 1.284967214252958365e+05 4.339185791752971366e-01 2.967966427901630523e+05
7.132022754595307212e+00 2.277985514914499632e+01 7.801286131217462838e+00 2.713245924594300362e+00 1.058181094170908276e-01 2.117960325592586912e+01 5.268533739538390921e-28 1.248810425788993506e-27 5.538628158297366316e-29 6.338621661606576030e-01 1.107064184055206123e-28 7.038136915406172697e-04 3.543728650371145723e-04 1.296833134032263427e-04 1.501669415000557450e-01 6.292862148541459276e-04 1.279270553052743897e+06 2.749530623956702650e+06 1.395060209598382935e+05 5.349249326695637574e-01 3.418418208153104060e+05
1.239403505359512359e+01 9.595348361334528065e-01 1.011614939425083959e-01 1.485837867502144416e-01 5.582868893388921727e-02 9.711010160322058882e-01 1.237688886861078561e-29 4.254862869035417936e-30 3.528881228435353762e-30 4.418852217238318780e-01 5.592815418854716699e-30 6.434384953274191379e-04 1.347521480630157597e-04 1.533643052763997172e-04 1.368330279619798251e-01 6.411378572777150274e-04 7.425110290492522763e+05 2.571913836273779161e+05 1.886312818421128613e+05 3.939826406343081011e-01 3.557187392273560399e+05
