# R (Mpc), mean rho (Msol/kpc^3), errup (Msol/kpc^3), errlow, std, median rho (Msol/kpc^3), mean pth (Msol/kpc/s^2), errup(Msol/kpc/s^2), errlow, std, median pth (Msol/kpc/s^2), mean gas-mass-weighted metal (fraction), errup, errlow, std, median metal, mean gas-mass-weighted temp (K), errup, errlow, std, median temp  
#  nprofs 441, mean mh 4335828743959.278809, median mh 3590441609864.227051 
#  Mass range 12.30 - 13.1 
#  Nhalos 36
3.113248982952454991e-03 4.548916745544694364e+06 1.205989761526347697e+07 1.861293311892089841e+05 9.558102890657180772e-01 2.581503176885734429e+05 5.126618723435320860e-24 9.236072181958861413e-24 1.938825138134775860e-24 7.321586951379336350e-01 2.691665581293139608e-24 1.349485699111231153e-02 1.431566741664023687e-02 3.823389092152509536e-03 3.236682863121409515e-01 9.051167524448393287e-03 8.509880550016727066e+05 1.305271503683395218e+06 8.467393974401478772e+04 7.707293152421736959e-01 1.231924162296506111e+05
5.410206662677926291e-03 9.853637418823585613e+05 2.635630681969101541e+06 6.595685592238558456e+04 8.065959624978775722e-01 1.045237499003738340e+05 2.266943935558553188e-24 2.692698959317352513e-24 1.011648270247001857e-24 7.779326417724009568e-01 1.256750822141885039e-24 1.054520773727871986e-02 1.228705707319880519e-02 3.728062551881512580e-03 3.613166052871190637e-01 7.947182081710101043e-03 1.096986086446593981e+06 2.150805386332598981e+06 3.787749105311463936e+05 8.057440073561693561e-01 4.206891137286033481e+05
9.401861622107095945e-03 3.193713980946465163e+05 5.874871982297224458e+05 3.731048849855241860e+04 6.575482555364984272e-01 6.429493743638591695e+04 1.866252638503332076e-24 1.130527995127401152e-24 7.816287421786495717e-25 5.039032431120212818e-01 1.009707122103448198e-24 8.610185052746336179e-03 5.556918580717074355e-03 3.532790266294272286e-03 2.902640357889135769e-01 7.888871555759440629e-03 1.520472763832588680e+06 3.366323996136752423e+06 4.199464368370052543e+05 6.559381756265807439e-01 5.706220090652015060e+05
1.633856291868465010e-02 1.129856945026583853e+05 1.767707273645607056e+05 1.423029933872788752e+04 5.378855948002385645e-01 3.116595403517530940e+04 1.085523230960867007e-24 6.517889657080422187e-25 6.044489952649554203e-25 5.214415017834560517e-01 7.036961158697430278e-25 7.116007353218549610e-03 3.170606479463090183e-03 2.671807210057763286e-03 2.645930879229304589e-01 6.458792263541932727e-03 1.458355417485545389e+06 2.320195351533102803e+06 5.468384194522006437e+05 5.767040500529639901e-01 7.604351949166933773e+05
2.839316818066401488e-02 3.213092213414051366e+04 4.496692804995586630e+04 6.833011606499192567e+03 3.833778644390985479e-01 1.613497781485885571e+04 5.480944136970980604e-25 5.775320118983268335e-25 3.387726474711145326e-25 5.094845095030487991e-01 4.049884976523907453e-25 5.654162504354501642e-03 3.185575357151136308e-03 2.090124852522899992e-03 2.479294138544035075e-01 5.347357053848660405e-03 1.440114229482234223e+06 1.791995721149351913e+06 6.206282126775757642e+05 4.408333077805785538e-01 1.032748751130700111e+06
4.934167119517834238e-02 1.156737934284617222e+04 8.408741261676386785e+03 4.732740386132910317e+03 3.169761695356102527e-01 9.222614150972996867e+03 2.943981496104663023e-25 2.936738675370112579e-25 1.776544464152336859e-25 4.529936454132697521e-01 2.267368296256675589e-25 4.607915893850806494e-03 3.251583907450280447e-03 1.358681105768329029e-03 2.367408251152558485e-01 4.153621971395005802e-03 1.773026892514004838e+06 1.401469515425369143e+06 8.626752793023627019e+05 3.399299407049464761e-01 1.482570554786269553e+06
8.574599709486005472e-02 5.666181260328131430e+03 5.106779746624462859e+03 2.285097687386599318e+03 3.338826169442207781e-01 4.343417093222626136e+03 1.486750786310256936e-25 1.449186430333290124e-25 5.849486160087799703e-26 3.570167497525499334e-01 1.196314131330201359e-25 4.037473022118358984e-03 2.887933113085199704e-03 1.493334358754028895e-03 2.589229680987684690e-01 3.608978017388160889e-03 1.910484665170471650e+06 9.473721485346467234e+05 5.308381926689671818e+05 1.905860119207300474e-01 1.798176054674495477e+06
1.490094648133893918e-01 3.049697626491884421e+03 2.826192289881932993e+03 1.103493541820313112e+03 3.219765760193518123e-01 2.377960746746622135e+03 8.292183389249601936e-26 7.794966680185006322e-26 3.186153108366280300e-26 3.368291554085623973e-01 6.459840743691677877e-26 2.966645685033812620e-03 1.492052677007883136e-03 1.041063659662066349e-03 2.293463399694740668e-01 2.766258013649692659e-03 1.977338561881938716e+06 8.208209488969999366e+05 9.273359836618560366e+05 1.958046158664096259e-01 1.928650041639366187e+06
2.589487714442089139e-01 1.322036040865995574e+03 9.051085758955855454e+02 5.362940095389807311e+02 2.672843561919540645e-01 1.160457561208871084e+03 3.139468024075782762e-26 1.857813594262333920e-26 1.399131382012545342e-26 3.275418728347324615e-01 2.474910036037863826e-26 2.113593931754017673e-03 1.225009491622765061e-03 6.204614376892850919e-04 1.762631073202696186e-01 1.916669692510607204e-03 1.546246953931384254e+06 7.808654171132855117e+05 4.417386187067016726e+05 1.832168663451582968e-01 1.405954740089659579e+06
4.500013896193789109e-01 4.170753389240355773e+02 1.719295165958387770e+02 1.552991310244365479e+02 2.059949474744630638e-01 3.679931508184799895e+02 7.533549984133846433e-27 4.763721965470003703e-27 2.318128524724811995e-27 3.558963624390678593e-01 4.811290186535900982e-27 1.522824422050511606e-03 6.336409153488587603e-04 9.104753125832506242e-04 2.690215588698947058e-01 1.590098242333663411e-03 1.054428023652497679e+06 4.965220619393999223e+05 3.034477716267188080e+05 1.987728231888122588e-01 9.565630398823891301e+05
7.820127878189270243e-01 1.165932819130619720e+02 6.374059382416312758e+01 4.574737346170730490e+01 2.343332050554934598e-01 1.011316295054300980e+02 1.448389216717543304e-27 1.425113725598616728e-27 6.894601976024710986e-28 4.635771022364907346e-01 9.900633034977098481e-28 1.110322932471640009e-03 8.415103192624853300e-04 7.097238482802614582e-04 4.246095635416575753e-01 1.029246221928477702e-03 6.759645196167393588e+05 2.989733697851489997e+05 3.401333446553894319e+05 2.482537683391821126e-01 6.470993046972334851e+05
1.358982470764342532e+00 4.168640440970149541e+01 1.992435387892030008e+01 1.181500007352515524e+01 1.705180051612363024e-01 3.835051408466401313e+01 3.475519618978450464e-28 2.765649272745680312e-28 1.542570979712237737e-28 4.163692734675485951e-01 2.443764941402253753e-28 9.488313935649976723e-04 4.479172472206783238e-04 3.870420548823394350e-04 3.218471391132645687e-01 9.382816816369261674e-04 4.740387173679732950e+05 1.902930851375368657e+05 2.510101457579649577e+05 2.722236065164489460e-01 4.714344738918592921e+05
2.361640863950146940e+00 2.150891575959175839e+01 1.170503782890916256e+01 6.405713866728348194e+00 1.874786894299003415e-01 1.861699576877301610e+01 1.608601393582658469e-28 1.564624913172737548e-28 7.093780939716220225e-29 4.643691945158174295e-01 9.773916298065366507e-29 8.614064585597271898e-04 3.711557349504266551e-04 4.260291081276893887e-04 2.321571354168976420e-01 8.643940612165926587e-04 3.929465527845153119e+05 2.798518634974864544e+05 1.534011866432531970e+05 2.899967402528549898e-01 3.075751233177627437e+05
4.104061450580955395e+00 1.440326977224765059e+01 5.412323614772219571e+00 4.044930078835800913e+00 1.777253639217913905e-01 1.316851431372844417e+01 2.800675628357126288e-28 7.371169682917088177e-29 4.367422579056388536e-29 5.356620890718859496e-01 6.314639348619822576e-29 7.694767438408621181e-04 3.385441266553611966e-04 2.051175908040080327e-04 1.648755085486745819e-01 7.409554586101931798e-04 5.643152989408553112e+05 2.254133833736417582e+05 1.522240637110759271e+05 3.655474062699844984e-01 3.070104490492613986e+05
7.132041390057954899e+00 1.192218914609509639e+01 5.504085727656942595e+00 2.785284568096006552e+00 1.494542377618237883e-01 1.093059437491104546e+01 3.254928025979107008e-28 1.072920096183977384e-27 3.280407005330388203e-29 6.308186141559080085e-01 6.400398410082932893e-29 8.317165720369551615e-04 3.743543604762739670e-04 1.198639198393148522e-04 1.367960358766782403e-01 7.732502066161264006e-04 1.280332447916934965e+06 4.068696651337468065e+06 1.646202834386008908e+05 4.936115326430269845e-01 4.231842305190854240e+05
1.239406743831755797e+01 3.316654142450754517e+00 6.592445753651645646e-01 4.059946874460882427e-01 8.948997466057970196e-02 3.195233075171016068e+00 6.042238190506549753e-29 8.409944089506115573e-29 6.505940813905007034e-30 5.117683688235544759e-01 1.681075609729968624e-29 7.518195303128427176e-04 2.216931909863223719e-04 1.230316771089600553e-04 1.088824306972555472e-01 7.047783865189913809e-04 9.974102299061543308e+05 1.626085468311630189e+06 8.735777372540044598e+04 4.343200319876309723e-01 3.482865169226077851e+05
