# R (Mpc), mean rho (Msol/kpc^3), errup (Msol/kpc^3), errlow, std, median rho (Msol/kpc^3), mean pth (Msol/kpc/s^2), errup(Msol/kpc/s^2), errlow, std, median pth (Msol/kpc/s^2), mean gas-mass-weighted metal (fraction), errup, errlow, std, median metal, mean gas-mass-weighted temp (K), errup, errlow, std, median temp  
#  nprofs 446, mean mh 4390020325920.368652, median mh 3275600223600.944336 
#  Mass range 12.30 - 13.1 
#  Nhalos 39
3.113246145416726039e-03 3.970718779932502657e+06 9.577996475314097479e+06 5.612488914179039421e+05 9.221301714332412747e-01 6.253349407483120449e+05 5.433852328977401772e-24 6.348261630427326312e-24 1.581478376910918838e-24 4.469535840145397732e-01 3.102240582255562208e-24 1.452364300123328705e-02 1.094235150407419851e-02 4.379518107733319440e-03 2.532681267702936445e-01 1.163254015077934064e-02 1.339969721681669122e+06 3.356569225215619896e+06 2.212899266739867162e+05 8.805194244862560859e-01 2.482864170386450423e+05
5.410201731605981425e-03 8.047694875202863477e+05 1.905405598849020200e+06 1.051422842926054000e+05 7.561221045354059589e-01 1.361645304158450745e+05 2.617845003964610657e-24 2.272936435242203123e-24 7.900246365378242782e-25 4.729439999478046719e-01 1.259925083231570079e-24 1.032952240884468798e-02 6.465862954051033659e-03 4.663010258457165810e-03 2.558587292082820097e-01 9.285390875809889158e-03 2.089813968528236495e+06 4.727407017386769876e+06 3.501024731703372090e+05 9.312295310351608180e-01 3.811432398152987007e+05
9.401853052886184961e-03 3.590583988441669499e+05 4.783529349962055567e+05 1.402301934519553324e+05 6.787908778842679514e-01 1.567293466356442659e+05 1.473037456219668311e-24 1.176054860730535457e-24 4.698290056740128650e-25 3.866575529268480582e-01 8.888806761321161759e-25 8.617822202698794190e-03 4.515134080979326184e-03 3.293434527485643304e-03 2.166539530056680596e-01 7.757548285394988419e-03 1.507821995567495702e+06 2.923249414746884257e+06 3.912840907128795516e+05 7.298711756693134767e-01 4.692274747708655195e+05
1.633854802708544635e-02 1.430496013256286096e+05 1.681109563050106517e+05 5.960635333774167520e+04 4.591048500209703453e-01 8.511250474209008098e+04 9.449243787532659922e-25 8.382567177239744077e-25 3.810893661745720271e-25 4.009215168257041495e-01 6.145754900240957499e-25 6.949601394196820714e-03 2.102347231749463440e-03 2.445206130599354363e-03 2.051372093365960159e-01 6.833946527434165384e-03 1.047208135483408580e+06 1.557722684749601409e+06 3.700983914581746794e+05 5.227978848594874162e-01 5.502275322303454159e+05
2.839314230203058426e-02 5.892607293845441745e+04 4.099401726158549718e+04 2.167113932523794938e+04 3.437406492812781766e-01 4.598763866639554908e+04 6.692595514668119572e-25 7.991130589452144792e-25 2.569553020947580969e-25 3.703227987842045987e-01 4.969020102777968038e-25 5.649514173480869872e-03 2.361842555800384297e-03 2.471330303634593044e-03 1.969518012796781792e-01 5.661417376847275792e-03 1.218871457680749008e+06 1.270828535027128179e+06 4.410019867254172568e+05 4.414041823996292524e-01 7.963870608434147434e+05
4.934162622326766084e-02 2.218103795981746589e+04 1.405229437321736623e+04 9.004060049145278754e+03 3.034624522177837846e-01 1.953235853560557007e+04 4.507830245729925445e-25 3.468753822376924712e-25 2.289587312500114088e-25 3.477374750930393721e-01 3.800345738797103498e-25 4.999495223643605005e-03 2.084353951363807772e-03 2.460915176088837239e-03 2.316383890246441479e-01 5.049654940189583080e-03 1.711316417974003125e+06 1.194678437609266257e+06 7.421784412276493385e+05 3.513725649685707220e-01 1.380723589785061078e+06
8.574591894263650094e-02 8.762197200825887194e+03 6.198539773549379788e+03 3.212163972672986347e+03 2.926321256194639453e-01 7.065795828798144612e+03 2.443524981629888373e-25 1.486564937555905773e-25 1.130173647883232578e-25 3.469457644012730047e-01 1.883085472260762715e-25 3.786089000005846746e-03 1.981126535408665474e-03 1.781584494941439514e-03 2.251812957425517459e-01 3.733381258983238960e-03 1.884531447170094820e+06 1.509798242546194000e+06 5.595754245526863961e+05 2.077565103862146489e-01 1.580757932439373108e+06
1.490093290003903781e-01 3.844661454726724060e+03 2.629583015340020665e+03 1.285756651146791228e+03 2.682309955403839874e-01 3.379772248100712659e+03 1.061020994135618837e-25 9.753032565860519798e-26 2.434598318559909434e-26 3.395327471435968802e-01 6.069933432018428035e-26 2.771011133550426234e-03 1.095693498197288993e-03 1.338514977001281593e-03 1.987672382015895911e-01 2.797244980386288590e-03 1.770060984740620945e+06 1.348250356579999672e+06 5.437989340961052803e+05 2.094772080609388909e-01 1.519697227079453645e+06
2.589485354282668461e-01 1.519039137754848753e+03 3.770905625997472725e+02 6.265837785684134360e+02 2.067730284902088433e-01 1.450754852038159925e+03 3.610038844703935451e-26 3.081882582266372935e-26 8.432645097994159476e-27 3.343155163534790031e-01 2.015588532233946763e-26 1.985971692551477975e-03 9.344920628603556843e-04 7.255689539659416175e-04 1.812790260838471890e-01 1.850146588244314799e-03 1.398956732829010580e+06 9.613364325965696480e+05 3.638884145207367837e+05 2.134352395528990309e-01 1.158225331915682880e+06
4.500009794706789079e-01 4.685852360294175583e+02 2.662976937340872610e+02 1.714754829722323564e+02 2.265018939865147685e-01 4.044829464619054988e+02 8.126205801963574686e-27 1.002319152363245142e-26 2.513723576907891278e-27 4.233694347524179502e-01 4.299767172712116651e-27 1.471342970683195547e-03 7.528478305714369958e-04 7.997038971166284043e-04 2.514539980064545710e-01 1.432996707144825735e-03 9.403233667150801048e+05 6.463658564231920755e+05 2.810834163862293353e+05 2.198973921626921346e-01 8.045212918422479415e+05
7.820120750621762928e-01 1.180679053297841961e+02 5.915781685354333774e+01 6.378963207804032010e+01 2.388120074981855412e-01 1.157038280043596075e+02 1.267891758787811217e-27 1.623483199113959862e-27 7.499001824851143528e-28 5.166898506402062274e-01 9.449336373326510909e-28 1.090042237825486569e-03 4.595407720597926519e-04 9.956978570052530363e-04 4.552910782345100382e-01 1.177583749420281316e-03 5.826442743271116633e+05 3.794338629207354970e+05 3.362978934278163360e+05 2.904858556371992528e-01 5.714721922171998303e+05
1.358981232135070272e+00 4.197535920536583376e+01 2.134872882685024820e+01 9.873265229965909384e+00 1.858451898322668605e-01 3.632216288182412711e+01 2.930579969528950377e-28 3.149369716324042435e-28 1.157593483979569484e-28 4.597902670785509183e-01 1.906699252741123636e-28 8.510432065528087146e-04 5.057072476024646697e-04 5.213048156968507710e-04 3.598571621059329373e-01 8.702434312194705411e-04 3.892881406192686409e+05 2.868380766502522747e+05 1.536816058410434925e+05 2.965897054071176542e-01 3.509486500748539693e+05
2.361638711459171702e+00 2.266670833567431842e+01 1.458502128181312330e+01 5.643925626668119477e+00 2.010678815077054371e-01 1.869149138122665832e+01 1.439075187899043337e-28 1.872253387373621524e-28 3.720247076520046961e-29 5.493326353525742611e-01 5.994038430052133476e-29 7.594277139054473637e-04 5.030228140896946323e-04 4.194848277626802018e-04 3.389519563382389356e-01 7.000766418399056567e-04 3.229384801529173856e+05 2.318378212524752598e+05 1.346149477559504739e+05 3.613748423244340646e-01 2.470533438873497071e+05
4.104057709980352797e+00 1.569332956701760828e+01 6.223822206016025760e+00 3.929860441700061102e+00 1.704350526374268648e-01 1.427255961684235963e+01 2.589128013824437794e-28 9.062070372493027565e-29 3.120813240910556018e-29 5.170674213682922016e-01 5.442557426646595556e-29 7.344089910032089441e-04 2.898115536279676418e-04 2.763077250577060905e-04 1.914276301213639897e-01 7.453654039786574955e-04 5.075191174132116139e+05 2.648692322981930920e+05 9.892389352203081944e+04 3.574107027921099022e-01 2.541989749130886630e+05
7.132034889639118802e+00 1.340013839287855824e+01 6.644056075213832457e+00 2.578346366806217205e+00 1.383484887969981258e-01 1.223152125454803496e+01 3.231224891923048701e-28 1.163968144054083711e-27 3.260016761925775498e-29 6.171172048699925528e-01 6.712288188054495189e-29 8.284062075618928676e-04 3.858179210768548657e-04 1.756538527663701124e-04 1.441358796090492778e-01 7.997028597251001469e-04 1.166495396324494854e+06 3.762020159371796995e+06 1.685056241253288172e+05 4.893695624149446144e-01 3.960118826562492177e+05
1.239405614188433624e+01 3.092945263676351253e+00 5.190989381797352920e-01 3.199327741432007599e-01 8.263185040274634297e-02 2.913733433804082562e+00 5.482796639308753660e-29 7.546035927255455372e-29 6.207884152620134587e-30 5.156863328527605539e-01 1.528421286882518700e-29 7.397607056758206262e-04 1.676340176358212444e-04 1.164216272388599342e-04 1.186908021903696070e-01 6.848393320536071789e-04 9.718233322524949908e+05 1.749747402289154474e+06 1.125866401235921658e+05 4.436981907072376496e-01 3.500721309455452720e+05
