# R (Mpc), mean rho (Msol/kpc^3), errup (Msol/kpc^3), errlow, std, median rho (Msol/kpc^3), mean pth (Msol/kpc/s^2), errup(Msol/kpc/s^2), errlow, std, median pth (Msol/kpc/s^2), mean gas-mass-weighted metal (fraction), errup, errlow, std, median metal, mean gas-mass-weighted temp (K), errup, errlow, std, median temp  
#  nprofs 452, mean mh 4274156685600.379883, median mh 3489580241103.691406 
#  Mass range 12.30 - 13.1 
#  Nhalos 38
3.113241142682221171e-03 2.502822416097954847e+06 5.253769762812896632e+06 6.544302971073849767e+04 7.812111400442897091e-01 1.798573542635022604e+05 6.308419246707569831e-24 5.502298717888328581e-24 5.473551775083039092e-24 7.777593286391093486e-01 6.170668702088155949e-24 1.988635017130536628e-02 1.025466197293941131e-02 5.440160164419359512e-03 2.253137043981736920e-01 1.547766643164356914e-02 2.117496192747440655e+06 1.946629047523735557e+06 2.083050158316812711e+06 9.482768980542468640e-01 2.124616248160870280e+06
5.410193037849813334e-03 4.294094464460024028e+05 1.138606650339023909e+05 2.870628831887106207e+04 7.066711591805514558e-01 4.570817363819879392e+04 1.771885124007923427e-24 1.336141052878407896e-24 8.932619043890783906e-25 3.560710446320112799e-01 1.473938425926018227e-24 1.588307488802184059e-02 7.926066960008604570e-03 6.900369027072748504e-03 2.597435354580147071e-01 1.484582176185381304e-02 2.905225459091718774e+06 3.634111083831362426e+06 1.777899991689090850e+06 6.827685854158653811e-01 2.149621551644534804e+06
9.401837944869510452e-03 1.561438142502614646e+05 5.363348709751203569e+04 1.409503055591322482e+04 6.280761654210965661e-01 2.464617304759207036e+04 9.368786275311040106e-25 8.419299854275624743e-25 4.342159665853415724e-25 3.389187607145688896e-01 7.222514110886185922e-25 1.503446115532861352e-02 8.112032096636306519e-03 6.789621040728362547e-03 2.183049076802057453e-01 1.494814276114978836e-02 2.574923265638295095e+06 3.038322484919602983e+06 1.313366645413832041e+06 5.683069101982138882e-01 2.054379736669401638e+06
1.633852177236155140e-02 6.198187817617585097e+04 3.016352911785478136e+04 1.093911885442029961e+04 5.755369542202363187e-01 1.618912069730519215e+04 6.303181385973241284e-25 5.364665862232746771e-25 1.897521752404440361e-25 4.044328970448438643e-01 3.358692169662354231e-25 1.386502006600008781e-02 5.375884251550423765e-03 6.389786629145627686e-03 2.039792451817764585e-01 1.431842932269238033e-02 2.171114917986136861e+06 2.453459075019096956e+06 9.941338989541525953e+05 4.854804464216125881e-01 1.570027850879670121e+06
2.839309667654963537e-02 2.307877211502844148e+04 1.567623236482594439e+04 4.622637119157217967e+03 4.771070003376123858e-01 9.093639049268684175e+03 3.094900273816845896e-25 2.637128829465164315e-25 1.361060324255964547e-25 3.942843885208798249e-01 2.174584495713520704e-25 1.272229391480191561e-02 6.487701299987661679e-03 5.213138920976785259e-03 2.140630445134571180e-01 1.207386432667958281e-02 1.942091522366497898e+06 2.062614516606644960e+06 1.013834919912064099e+06 4.194356391526044003e-01 1.525749737465808867e+06
4.934154693526905666e-02 1.002617252727838240e+04 1.263907448837591983e+04 2.332680184299126722e+03 4.855543944988218175e-01 4.069618283545014037e+03 1.271302533958807732e-25 1.066040794318286641e-25 7.754142151859554551e-26 3.654261057048924788e-01 1.146567472451628712e-25 1.161908484549567522e-02 6.638571173719390664e-03 5.183857198886132438e-03 2.681066170120802727e-01 1.039032795436481242e-02 1.744399425223456696e+06 1.604955444723298773e+06 9.083679807828718331e+05 4.046686996670204040e-01 1.381334690006624442e+06
8.574578115588683824e-02 2.754553366838671081e+03 2.969685150276635341e+03 1.382564408943252602e+03 3.946451691257136241e-01 2.221419389097833573e+03 6.629339781529631900e-26 5.730725650667639521e-26 3.240552813063610507e-26 4.410362429448523303e-01 5.238674725967825838e-26 8.343733953404326720e-03 5.426836371240501868e-03 2.927013155305265187e-03 2.718712027535013509e-01 6.954838275451504133e-03 1.927200136794442078e+06 1.214148697318452876e+06 9.214747376778873149e+05 3.172629772913798107e-01 1.758340645683554932e+06
1.490090895544625982e-01 1.121937932918873003e+03 6.119862565422564558e+02 5.685695024549456775e+02 3.462376125670570404e-01 9.715754893479571592e+02 3.015396461088782709e-26 1.740998276167349608e-26 1.333491323233134061e-26 4.085336488851608605e-01 2.301075895051353049e-26 6.566793577270349166e-03 2.865834515522974399e-03 3.925437722312876548e-03 2.842195606704631672e-01 6.885928720166646297e-03 1.852532129946272122e+06 8.110979563636314124e+05 7.501008070265345741e+05 2.312978489260311410e-01 1.830548542224781588e+06
2.589481193189351327e-01 4.967883163705186007e+02 2.547045187758144493e+02 2.303806372454355653e+02 2.441519234481317191e-01 4.712047369530805554e+02 1.200946928279156538e-26 8.338709979549147778e-27 4.923048699293844487e-27 3.640090972949117099e-01 9.118015054112109954e-27 4.555421219927939178e-03 1.824352259945439744e-03 2.756139538120440900e-03 2.961203555018311340e-01 4.420441733456485431e-03 1.570632247661469504e+06 1.050138766122042201e+06 7.210675471307220869e+05 2.500194155208846913e-01 1.435667730823428836e+06
4.500002563555373647e-01 2.293583413637749118e+02 1.398316192638506550e+02 9.649838021328842785e+01 2.433246975696354564e-01 2.132458526564203680e+02 4.527604283677599301e-27 3.709860769355352285e-27 1.842603643887078319e-27 3.881166081954168789e-01 3.106196485095514980e-27 3.461387956955911446e-03 3.369746525312343824e-03 1.135129447471168321e-03 3.604495901944209657e-01 2.745952134889415031e-03 1.165066192785221618e+06 5.524635423563056393e+05 3.282640472572818398e+05 2.087924492201448656e-01 1.041983916690267506e+06
7.820108184320838651e-01 8.567344790674535204e+01 4.741852306630659086e+01 2.497891472367070520e+01 2.441527550194741714e-01 7.570571847790257891e+01 1.250730643966720478e-27 7.139965348320483024e-28 5.510046352563468354e-28 4.371332634091695812e-01 9.944605481992760186e-28 2.342976231432091026e-03 1.173105649118579442e-03 1.324382802595550817e-03 3.494939441318735684e-01 2.245033144193333500e-03 8.339491532967102248e+05 2.540743698323183926e+05 2.586446322689809604e+05 2.147745371485287047e-01 8.125363315334223444e+05
1.358979048362254582e+00 3.229357470145178155e+01 1.353897334604977942e+01 1.449405974072809045e+01 2.271201253117334506e-01 3.097707460955399483e+01 3.508214020930255214e-28 3.049466047339547866e-28 1.779922409024509495e-28 4.818062867587242226e-01 2.655042849160262973e-28 2.017487797727664407e-03 6.897451222843669488e-04 1.165865213442417690e-03 3.005176648717224341e-01 2.014448354073588871e-03 6.310375404246568214e+05 2.908945735566997901e+05 2.626603551766509772e+05 2.763152024004970064e-01 6.092475414282502607e+05
2.361634916496962333e+00 1.542502020632551840e+01 6.820867593298407527e+00 4.251669915048562842e+00 1.983792286274055627e-01 1.357368304081529864e+01 1.412490587242385110e-28 9.155605540351197991e-29 6.031459904613879791e-29 4.507732928939194306e-01 9.950676780887803883e-29 1.838592231942685765e-03 1.003808913494263436e-03 1.048273699032657019e-03 3.024548705072837573e-01 1.856995126790584281e-03 4.932154118053067941e+05 2.036126909657302895e+05 1.684121187342946650e+05 2.739667600342858833e-01 4.364216353238411830e+05
4.104051115091881030e+00 9.686229033257864884e+00 3.109913714742098989e+00 3.783973297110528655e+00 2.087280127972095112e-01 8.774632065179439167e+00 2.259280130027264467e-28 5.090050987312327712e-29 2.911349996111358436e-29 5.208699952873125927e-01 4.411988953251018467e-29 1.620726448213448629e-03 7.455381671043438338e-04 6.864179718703551734e-04 2.040846342211057596e-01 1.680177069764299085e-03 5.905895524514712160e+05 1.751076985703764949e+05 1.753025929092525330e+05 3.224314398787572755e-01 3.584023291424576892e+05
7.132023429036466133e+00 6.819924067700423365e+00 1.717813392503938275e+00 2.636534177525584610e+00 1.678047984916453961e-01 6.544219128625282877e+00 1.612480141139995448e-28 1.205888917310631183e-28 2.948135442450143863e-29 5.904691429717565665e-01 4.166742142588569842e-29 1.636071806221864669e-03 4.249685463682069311e-04 5.073305667514813131e-04 1.195859488894528144e-01 1.658280038561247552e-03 9.966650256674338598e+05 8.573865012278488139e+05 2.068312202121963783e+05 4.320297183099162108e-01 4.322595098826036556e+05
1.239403622563954954e+01 4.430552470769291595e+00 1.751914511673009489e+00 3.711322366097182801e-01 1.038095485093997739e-01 3.991583236946392166e+00 8.538913928158610705e-29 2.488151188895403449e-28 5.317494639525730000e-30 5.195389355172314039e-01 2.142420732841498765e-29 1.528915590373409062e-03 3.244804898229248797e-04 2.582002148189448468e-04 7.720900374164330060e-02 1.544730800184712996e-03 1.063146375125308987e+06 2.614732307250019163e+06 9.349950937854737276e+04 4.256571529450647873e-01 3.879311363626227248e+05
