# R (Mpc), mean rho (Msol/kpc^3), errup (Msol/kpc^3), errlow, std, median rho (Msol/kpc^3), mean pth (Msol/kpc/s^2), errup(Msol/kpc/s^2), errlow, std, median pth (Msol/kpc/s^2), mean gas-mass-weighted metal (fraction), errup, errlow, std, median metal, mean gas-mass-weighted temp (K), errup, errlow, std, median temp  
#  nprofs 448, mean mh 212328437935.793762, median mh 204755531268.971741 
#  Mass range 11.00 - 11.5 
#  Nhalos 190
3.113254364569109471e-03 1.790912958447836339e+06 5.896505659862698521e+05 4.384592079603923485e+05 1.451606264245516864e-01 1.717052493144274922e+06 1.758354928971926493e-25 6.960608248370090874e-26 4.364915065055736540e-26 1.814859292381709732e-01 1.559826395817284700e-25 6.310316792278327855e-03 3.956670708994944156e-03 2.388932100695024662e-03 2.789932546780956590e-01 5.725754577935909632e-03 1.133604871408423969e+04 1.027010188182141064e+03 9.634292512023112067e+02 3.767596760073121942e-02 1.128437553125479826e+04
5.410216014855808234e-03 5.313530003388572950e+05 1.641468342660843045e+05 1.561668053538167151e+05 1.479065639859690473e-01 5.212170471658475581e+05 5.915830580637755502e-26 2.042772597981844355e-26 1.265532701611566472e-26 2.056526175981199800e-01 4.722726974397438886e-26 5.124995459685607532e-03 2.871718562660994720e-03 2.109567972707128078e-03 2.710403798815886889e-01 4.742037264936005588e-03 1.301382233397523123e+04 8.866317994533856108e+02 6.433286063628183911e+02 1.425383205663531827e-01 1.069642188675609395e+04
9.401877874329571741e-03 1.805655951062303211e+05 8.323520219079477829e+04 5.452578363357306807e+04 1.776880162595791957e-01 1.627265836848859617e+05 6.423664004889015854e-26 1.103027607042642319e-25 1.480288782772241982e-26 4.262961468494124717e-01 2.912115962811386617e-26 3.353727364569179456e-03 1.936442646539588818e-03 1.495687718200835277e-03 2.703140917188278647e-01 3.080331075804878822e-03 3.000183576453181013e+04 4.269640741334941413e+04 1.687776102469069883e+03 3.457585011744913062e-01 1.228240241627857358e+04
1.633859116181033549e-02 7.494077535522238759e+04 4.644976944990738411e+04 2.847528022994643106e+04 2.690386591502136882e-01 6.653848123985707934e+04 3.751553784455533688e-26 3.249208944701100106e-26 1.511889691911146204e-26 3.286610024954096931e-01 2.865164088414296586e-26 1.930935082900262986e-03 1.184114802111029072e-03 7.425307505384002357e-04 2.574039783017329497e-01 1.715510226823907698e-03 6.849392989709987887e+04 3.089468080606124204e+04 1.427426719722303460e+04 3.305204176652423720e-01 3.077487364355520913e+04
2.839321726159124010e-02 2.342781361330816799e+04 1.371215758599830588e+04 1.202385789954350730e+04 2.785947730660071064e-01 2.175121442842674878e+04 1.800205703648932117e-26 1.286626071839192646e-26 6.378695603237895912e-27 2.380725074345080849e-01 1.505904010860456793e-26 1.196088832602287778e-03 6.578147979568926742e-04 4.863164060286104566e-04 2.523036958880875980e-01 1.088882979109039506e-03 9.616058832471746427e+04 5.476205276432594110e+04 2.466233736177667015e+04 3.341131269678065951e-01 5.090793649680705857e+04
4.934175648805434050e-02 4.198990723989564685e+03 1.705907542945105888e+03 1.552314474163264549e+03 2.057081077587275819e-01 3.977107695290387710e+03 8.633448755691898485e-27 5.268046223520315779e-27 2.822456190897619502e-27 2.162999679639322770e-01 7.220975010434398469e-27 6.903439260561258263e-04 4.476959551450777376e-04 3.012517296376911874e-04 2.920902194837929899e-01 5.983073253067697651e-04 1.823758465335461369e+05 8.464614408428626484e+04 6.161641221632523229e+04 2.657384945031123769e-01 1.380805057280131150e+05
8.574614531689064845e-02 1.148103517104072125e+03 4.133220399903923408e+02 3.339221291513026699e+02 1.522716518042066813e-01 1.093443198112108348e+03 3.554366111684218306e-27 1.800634352307316549e-27 1.182720782384870553e-27 2.405210021607042947e-01 2.844584176212455813e-27 3.969741295280822951e-04 2.725418391335449899e-04 1.426348034675853685e-04 2.943823490469341109e-01 3.151994119215424509e-04 2.345044526703435986e+05 6.519930045259097824e+04 4.857214319414997590e+04 2.028452308952784500e-01 1.793173319695560494e+05
1.490097223937570103e-01 4.134437291357725712e+02 1.871592436107387698e+02 1.151573518255050317e+02 1.523308703282697241e-01 3.843699592235840896e+02 1.250905745015900184e-27 7.166001649544860814e-28 3.524052363465044253e-28 3.162641753843341563e-01 8.188420830640932845e-28 3.051826075479952905e-04 2.260920995423433652e-04 1.032415216030354048e-04 3.050501611474110142e-01 2.372065265962350203e-04 2.069784436568715319e+05 6.409217911358753918e+04 3.251403475448628888e+04 2.332799649347447324e-01 1.343155867862222367e+05
2.589492190675852235e-01 1.463445117389682650e+02 8.221620771239810210e+01 4.011308166078322301e+01 1.833389980931768304e-01 1.275204377781576284e+02 5.424527477754748534e-28 2.723806091289158698e-28 9.729173337077354579e-29 4.453099008783092949e-01 1.895195148892788834e-28 2.485714811016260964e-04 1.729301154093433905e-04 8.710118131796738654e-05 3.258701337693959976e-01 1.860566704637832153e-04 1.867575476321552123e+05 6.170484480656836240e+04 3.069544345837710716e+04 3.062107598389706142e-01 9.644995294759537501e+04
4.500021674996532717e-01 6.362898103186884669e+01 4.683046384084255465e+01 1.668995166855356160e+01 2.562674940940600221e-01 4.677440579940532928e+01 4.334995243716054910e-28 1.704429808245146208e-28 3.297126481760766849e-29 6.331254735111049303e-01 5.152044792141750734e-29 2.633220361453374528e-04 2.874901686310487952e-04 8.189082524157317356e-05 4.591567373191257628e-01 1.325016473869596164e-04 2.000441828357859340e+05 9.843359932096378179e+04 3.238061579906911356e+04 4.076786356147344970e-01 7.377069810374412918e+04
7.820141396199125072e-01 3.637214166869701160e+01 3.460012435897964878e+01 7.719393106708137609e+00 3.511589283680524587e-01 1.928525858464595899e+01 6.562060695824655229e-28 1.798120232236021703e-28 1.361283505820344503e-29 8.552382128508128067e-01 1.816885915838048547e-29 3.806468741082169073e-04 7.997107764903028547e-04 4.113102383325598278e-05 7.766894547601930210e-01 5.988271714890018094e-05 2.491229775002734095e+05 1.735047252229281294e+05 3.530417460379887052e+04 5.192173267288060501e-01 6.210437254433106136e+04
1.358984819925215248e+00 2.807306428264871556e+01 2.100281622363846878e+01 6.761206475457126608e+00 3.969264647326126716e-01 1.327737267427654722e+01 1.673961813913448630e-27 1.720577812884846656e-28 1.288910888927004705e-29 1.005030137621037767e+00 1.527656565163697846e-29 5.413448815584117994e-04 1.263374460430489359e-03 1.852069217153221915e-04 9.735771906192417502e-01 2.056155353415207629e-04 3.953734001439897111e+05 2.636074841654596385e+05 5.520319090307586157e+04 6.191000376595724441e-01 7.960857617354906688e+04
2.361644946323858463e+00 1.699894405892177573e+01 1.282121590042644499e+01 5.457909782135812904e+00 3.329973209567377301e-01 1.096201679721048805e+01 6.482333790221891386e-28 1.163573762019528090e-28 2.187540869875946598e-29 9.045003546778771497e-01 2.485536367639429359e-29 6.318728935666754164e-04 8.612463516181848456e-04 3.804467667575394015e-04 7.478001284084496714e-01 4.612838282926950604e-04 4.312513499690621975e+05 3.066866553705630358e+05 1.058798854233594902e+05 5.865620128854164284e-01 1.372177850250157062e+05
4.104068544933373808e+00 1.116830294036913251e+01 6.273138343445415543e+00 3.532551369256171192e+00 2.279851062738905698e-01 9.715566914787924446e+00 1.728361847764812357e-28 9.887824540952450574e-29 3.138690562652971089e-29 6.751476778423266545e-01 3.867104910459091271e-29 7.485012408852729322e-04 3.689112174590902099e-04 3.535617399245110509e-04 3.658593307085946100e-01 7.290680347084349446e-04 4.803252361876389477e+05 3.657860781752640614e+05 1.796167248600767343e+05 4.637955382800222348e-01 2.634515640467043268e+05
7.132053718629468797e+00 9.873847635910877329e+00 4.340587134018459636e+00 2.567607110653765012e+00 1.637054775491393332e-01 8.871447066320744312e+00 2.251237695997659602e-28 9.053251507442468257e-29 2.467306311405375270e-29 6.217226515896668859e-01 4.221241541133470492e-29 8.145104120656325442e-04 2.418683483316839272e-04 2.416361905306735293e-04 1.610265539626340725e-01 7.879863884803313054e-04 9.546842810195503989e+05 3.817937278683914919e+05 1.211539735735278518e+05 4.738900283290032323e-01 3.108123325447021634e+05
1.239408886291934841e+01 3.905524726018153370e+00 1.447215038206704385e+00 4.607490889627112729e-01 8.950036405454853128e-02 3.613489484006263019e+00 7.881923675737431915e-29 2.474338088307657770e-28 6.493097596229005213e-30 5.322366574714152421e-01 1.909614799907420809e-29 8.502004822896597723e-04 3.471332662254456719e-04 1.180116753488023862e-04 9.606663418016982148e-02 7.963839202462413055e-04 1.118201024605236482e+06 3.158914808406408876e+06 1.075517739044699701e+05 4.548198978980260709e-01 3.644918217438079882e+05
