# R (Mpc), mean rho (Msol/kpc^3), errup (Msol/kpc^3), errlow, std, median rho (Msol/kpc^3), mean pth (Msol/kpc/s^2), errup(Msol/kpc/s^2), errlow, std, median pth (Msol/kpc/s^2), mean gas-mass-weighted metal (fraction), errup, errlow, std, median metal, mean gas-mass-weighted temp (K), errup, errlow, std, median temp  
#  nprofs 88, mean mh 538777129771.325989, median mh 497565498971.633545 
#  Mass range 11.50 - 12.0
6.706029110378903786e-04 4.147899893088928610e+07 3.081750137417098135e+07 2.246571086422591284e+07 3.026876662341749236e-01 3.674821595162341744e+07 2.190522892138766937e-23 1.865471387771129893e-23 1.217487249066709245e-23 4.571937761483779727e-01 1.632134582706912838e-23 1.303002322901141048e-02 4.268375675278482037e-03 3.268859628561056330e-03 1.424861133549159276e-01 1.248418190390189302e-02 3.214680407063761595e+04 1.131912538377384044e+04 1.014877883895974082e+04 1.518414443050951634e-01 3.219882279019193084e+04
1.165374294563389359e-03 1.854401820047380030e+07 1.001430566871336102e+07 6.168531683551680297e+06 2.325846438001007432e-01 1.682956859056843817e+07 7.837495144478454297e-24 6.359934425391018536e-24 2.641313840336457489e-24 4.088293832659153360e-01 4.916847841487250926e-24 1.193991235080312831e-02 4.732498426197270097e-03 3.839535216366085461e-03 1.710050352713535504e-01 1.135352713801656560e-02 2.698709159021137384e+04 6.820972620483727951e+03 5.677574264471812057e+03 1.693926250938316003e-01 2.343695245603223884e+04
2.025188414895478031e-03 6.966045556253804825e+06 2.184577972990395501e+06 2.491294528010807000e+06 2.214274987733392541e-01 6.684962812104292214e+06 2.088166198877079570e-24 1.715440682860602431e-24 7.458447697748030528e-25 4.049716742448219997e-01 1.370754229522304334e-24 1.125509301126231994e-02 4.664010040565571419e-03 3.966236843538935471e-03 1.790974462582314297e-01 1.106141394172037093e-02 2.070318236993118262e+04 5.384816885287964396e+03 3.556416027028399185e+03 1.820094090881135829e-01 1.695931296893107356e+04
3.519374105778993230e-03 2.056418208009681897e+06 8.573864867667285725e+05 5.562154922252499964e+05 1.799269737286255666e-01 1.853773995924978983e+06 4.926988990404795409e-25 3.009134421567614363e-25 1.114556345209453809e-25 3.492329038589623846e-01 2.599335555844051862e-25 9.567530815758064702e-03 3.905040110938371584e-03 3.614133116855224558e-03 1.788694357877287644e-01 9.211439414623615041e-03 1.708568529654564554e+04 4.949130585644492385e+03 1.461883838337687848e+03 1.976250226014488187e-01 1.186218561059518834e+04
6.115971237701829134e-03 5.853784918050994165e+05 3.186398165816353867e+05 1.583198896377734491e+05 1.672075958577785015e-01 5.182816506964117289e+05 2.999565355534331403e-25 2.306267085329141943e-25 4.974777485349085990e-26 4.497158882354314047e-01 1.078716892579276988e-25 6.619293308438765032e-03 3.488394854167637359e-03 2.521823379734932594e-03 1.966193890437500369e-01 6.260617723747281295e-03 3.825229070227464399e+04 2.464428010731736140e+04 2.651207629695467404e+03 3.786592560143632324e-01 1.383274440059293738e+04
1.062833988548557602e-02 1.903568576908800460e+05 1.374909232893015724e+05 7.542596964195230976e+04 2.317416129649727541e-01 1.672331489585004165e+05 2.414600617122852574e-25 2.280778516117704492e-25 8.992153547539254569e-26 4.361861060877263441e-01 1.373566831312254414e-25 3.767807382189068775e-03 2.262689870804620272e-03 1.541820462503155518e-03 2.135552176724229423e-01 3.465702214795374388e-03 9.870325088609103113e+04 1.524505563111482188e+05 2.787245073796975339e+04 4.296043394140086624e-01 5.054878457177041855e+04
1.846993786122688719e-02 5.389731908332097373e+04 3.419574541770009091e+04 2.230059832747873224e+04 2.617639581469025645e-01 4.653110049614131276e+04 1.686328983229737926e-25 1.744401609241832267e-25 8.321652222137249333e-26 3.700774049913121422e-01 1.273775818176106039e-25 2.192623245550591893e-03 1.629729182225085182e-03 8.158149956838719324e-04 2.302103545556681841e-01 1.981300747112135253e-03 2.584820951597489184e+05 3.057085623096305644e+05 1.057371297195607185e+05 3.840357429733884942e-01 1.713101369135551504e+05
3.209707332218952880e-02 1.787785351655463091e+04 9.993766551096237890e+03 6.453527978214435279e+03 2.418159895653826386e-01 1.538769119805972332e+04 8.772355106359531752e-26 6.990633481939107930e-26 3.775246997095752073e-26 2.857657528290935001e-01 7.278852292806589706e-26 1.261200342615597650e-03 7.567058023958553661e-04 5.437883028090426162e-04 2.449013236296084806e-01 1.099062373186184254e-03 4.027684580089365481e+05 3.834950829449900193e+05 1.657309025749039429e+05 3.216056257002610774e-01 3.091964807561361231e+05
5.577832061973046762e-02 6.835952044390240189e+03 3.496588303988936786e+03 1.694781219498061546e+03 1.690153776330136637e-01 6.311352140240364861e+03 4.583711802509020517e-26 3.759074738401419439e-26 1.460553097967977309e-26 2.542730214867554572e-01 3.704086113339056706e-26 6.756742780898019685e-04 4.629884818474203686e-04 2.787715365974393115e-04 2.304687108791081684e-01 5.968621996861036769e-04 4.549496125129712746e+05 2.598775511337971548e+05 1.674570964352531009e+05 2.007514773651901119e-01 4.232033685461784480e+05
9.693161179921591653e-02 2.958204176966438808e+03 1.367858095449113534e+03 1.005319586276301607e+03 1.736876061529846471e-01 2.726357929218476784e+03 1.972092393981819322e-26 1.770512476024412729e-26 6.233073475448176410e-27 2.717062093475859363e-01 1.498177433820419528e-26 4.318490887017718848e-04 2.247247474150565884e-04 1.791524651112904600e-04 2.194959996265016255e-01 3.920696396884029863e-04 4.253874852006601286e+05 1.878615878000991652e+05 1.119767475977069698e+05 1.459564468768871637e-01 4.003659391779414145e+05
1.684478353166902198e-01 1.192660666452421083e+03 4.911917344650578343e+02 4.624409235069417718e+02 1.901484824532478635e-01 1.131757498041364215e+03 6.992274546950673129e-27 5.513456797625521583e-27 3.284914416374782365e-27 3.137233600521832644e-01 5.846306634251130750e-27 2.957383151784560675e-04 1.074222976809051291e-04 1.102990880221362468e-04 1.956158216130458039e-01 2.843845514283602693e-04 3.627892702659707866e+05 1.224213805190818384e+05 1.072311573478527134e+05 1.477988846635248654e-01 3.498018075290519046e+05
2.927287878143824407e-01 4.593482357195291570e+02 2.170373663583941379e+02 1.262616977205588569e+02 1.811530242967402948e-01 4.184944682822389268e+02 2.134966187720221919e-27 1.849527690570926625e-27 8.456005734362294725e-28 3.424233820971940845e-01 1.605474226824187322e-27 2.431372457942510684e-04 1.249816086902326049e-04 9.587098884674254162e-05 2.101774805853458272e-01 2.244196959674020703e-04 2.799951795057602576e+05 1.265512161730892258e+05 8.349697648699951242e+04 1.780532287014902071e-01 2.570401762222258840e+05
5.087043300626336029e-01 1.941777239110023459e+02 1.200740543816655190e+02 5.841104106020742393e+01 1.979145193819462911e-01 1.665458424826083501e+02 9.763682579015989530e-28 1.109199514806860719e-27 2.498505474266287573e-28 4.621708458348282034e-01 4.521882736780861917e-28 2.064962568791759670e-04 1.344626530756635498e-04 7.811309196483100302e-05 2.569578320391028292e-01 1.757589123132092244e-04 2.611443413034365221e+05 1.604881409779673559e+05 6.834719871128851082e+04 2.801780462094525248e-01 1.859200135215104092e+05
8.840268063712417579e-01 1.127461919795541689e+02 9.780572454925795967e+01 2.767937212503132827e+01 2.934544849036904712e-01 7.406408501439743475e+01 1.110463049495688095e-27 1.039154741246663718e-27 1.121836108063162392e-28 7.506873897000210238e-01 1.610480021676986923e-28 2.709589691633133130e-04 3.539143530087680367e-04 1.129634724619048541e-04 5.574839977589843842e-01 1.658491624827928765e-04 3.392377291157217696e+05 3.831264031486210297e+05 7.786945071913288848e+04 4.650283035135024390e-01 1.475861775864855736e+05
1.536262516748606588e+00 5.883235211824880651e+01 4.869859748167729663e+01 1.870961584714856585e+01 2.671968300021109188e-01 4.530308582278654228e+01 4.497919679480767265e-28 7.346795504611806035e-28 7.175850203161342260e-29 7.667374935293440608e-01 9.002150626907434098e-29 2.433045272326233774e-04 3.365355361875177823e-04 1.185406155545114292e-04 7.272678216000718621e-01 1.593478649682491567e-04 3.055441975119577837e+05 5.113915814484934672e+05 1.005434436879683635e+05 5.094734433186277611e-01 1.449404432634179830e+05
