# R (Mpc), mean rho (Msol/kpc^3), errup (Msol/kpc^3), errlow, std, median rho (Msol/kpc^3), mean pth (Msol/kpc/s^2), errup(Msol/kpc/s^2), errlow, std, median pth (Msol/kpc/s^2), mean gas-mass-weighted metal (fraction), errup, errlow, std, median metal, mean gas-mass-weighted temp (K), errup, errlow, std, median temp  
#  nprofs 32, mean mh 1406673851462.239014, median mh 1367687202036.389648 
#  Mass range 12.00 - 12.3
6.706029110378903786e-04 6.296874436858201027e+07 4.504022949166402966e+07 3.442239645743844658e+07 4.406000650924243867e-01 4.949487799167677015e+07 9.228524287673192629e-23 3.933276059910357474e-23 2.354176139975239983e-23 6.269181621697553775e-01 3.029639873883589694e-23 1.856655452232422454e-02 5.580150598209664831e-03 4.993846487084365598e-03 1.209036611748451756e-01 1.858480704240327366e-02 7.091501680398306053e+04 1.125936614771528548e+04 1.029305992989940933e+04 2.760695244052981945e-01 4.240634738727923832e+04
1.165374294563389359e-03 2.707733969518978149e+07 1.703529298581904173e+07 1.298972239458060823e+07 2.992506868611015114e-01 2.605526239550285786e+07 5.921820214981663758e-23 8.610178698857614205e-23 1.088243711594479475e-23 6.908932961705404052e-01 1.727933622696840731e-23 1.819023535738354194e-02 6.746555302403662441e-03 4.281252880286422896e-03 1.508653641204698026e-01 1.791712837594637911e-02 1.586356993371220015e+05 2.125265228238374693e+05 1.197681362380665450e+04 5.351898295679563544e-01 3.698212222761225712e+04
2.025188414895478031e-03 1.275090373449311405e+07 5.284553344858476892e+06 5.800431560103632510e+06 2.993355440441016757e-01 1.280249951129993238e+07 1.466670166942712894e-23 5.931339357820476056e-24 3.425877767972103475e-24 6.176975497701037154e-01 5.151074280886129775e-24 1.735632994331832990e-02 4.997790747554270441e-03 5.993563478212249676e-03 1.620209261323082850e-01 1.738183294163203260e-02 5.953806800896720961e+04 3.401855869175971748e+04 8.726546145446456649e+03 3.649977478660673125e-01 2.717343344791873096e+04
3.519374105778993230e-03 3.920259685862055514e+06 2.013880324789170176e+06 1.560265828075216152e+06 2.002285437395259771e-01 3.766835594480594620e+06 1.621090596581593261e-24 9.476627745942882270e-25 5.481454754368096372e-25 3.869184663357601028e-01 1.078320584650082294e-24 1.499669349721755723e-02 6.522830093040259819e-03 3.522071445182501856e-03 1.806232336500259161e-01 1.404246437466036279e-02 2.753306169590504578e+04 6.913170387613536150e+03 4.033628102300068349e+03 2.392085832851089111e-01 1.912936663619310275e+04
6.115971237701829134e-03 1.040310818342034589e+06 4.382067520187944174e+05 3.548655856612538919e+05 1.619228633926461935e-01 9.892248608154202811e+05 7.285361885665794813e-25 6.636559808321611081e-25 1.277310705761446640e-25 4.123236775212039684e-01 3.059436319635962485e-25 1.024383195635730770e-02 9.470828056368084391e-03 2.512072023743515577e-03 2.088525272779286623e-01 8.368643178636475666e-03 4.453279572955307231e+04 2.401050193137196766e+04 8.051191115911646193e+03 3.331347965416855406e-01 2.464969021794820583e+04
1.062833988548557602e-02 3.661360966545398114e+05 1.885634426588545321e+05 1.141756023912859382e+05 2.337359560344478837e-01 3.096746962917052442e+05 6.932662371193085328e-25 6.692548968189644924e-25 1.915655976069366970e-25 3.529574047883266563e-01 4.503930416904582905e-25 5.966203223841727923e-03 4.470497872722177871e-03 2.576863766788495096e-03 2.275610726892586533e-01 5.551516161832952684e-03 1.482427315962666471e+05 1.045398200720907917e+05 5.848470223513914971e+04 3.481900597986272716e-01 1.130699301419421827e+05
1.846993786122688719e-02 1.054067049872895441e+05 7.458794824797997717e+04 2.597837356945095235e+04 2.638238029690446740e-01 7.237735548459400889e+04 5.340650922364671060e-25 2.890655143084019101e-25 2.046606327454398235e-25 2.353164149482551426e-01 4.813560415996489124e-25 3.568711029175864868e-03 1.689423883795710454e-03 1.418137522359258365e-03 1.913789770350690922e-01 3.297445517118911904e-03 4.629269826758001000e+05 4.352050439186829608e+05 1.522734259222877154e+05 3.359891903710279237e-01 3.765670109498111997e+05
3.209707332218952880e-02 3.026895105217247328e+04 1.502270593355811434e+04 1.122907773336378705e+04 2.279642780314630190e-01 2.647717051745556091e+04 3.748234239584689352e-25 1.393035694533766824e-25 2.004822287627178541e-25 2.169980141005957708e-01 3.829244843694199044e-25 2.066128735156918389e-03 1.015328193622461401e-03 5.807907769794292286e-04 1.760433824241124934e-01 1.852326449683530272e-03 9.633607743367624935e+05 3.077877407526754541e+05 3.547986243572366657e+05 2.312034481867297209e-01 9.508231576854187297e+05
5.577832061973046762e-02 1.289320775612993020e+04 5.106337711775808202e+03 2.916594305704644285e+03 1.558652188916573034e-01 1.166534916306064588e+04 2.111003998109566682e-25 9.121673193771451812e-26 8.703048611966421025e-26 2.014071087146284689e-01 1.997384150402825404e-25 1.220274588182466632e-03 4.728210666164512927e-04 3.616333306844705681e-04 1.527193494434500032e-01 1.193396844431630520e-03 1.117307631627936382e+06 3.974322527376071084e+05 2.917048672347876709e+05 1.382219565801582617e-01 1.116323596867105691e+06
9.693161179921591653e-02 6.352921807456192255e+03 1.285565056916963840e+03 1.602404671001408133e+03 1.087095787579185485e-01 6.393811349003284704e+03 8.508170841456066022e-26 3.265973788649439710e-26 3.913953443005982733e-26 1.847360175260711057e-01 8.707997405556179471e-26 9.537320348116019473e-04 3.784853674611472502e-04 2.189836658280759022e-04 1.468690349015717711e-01 8.976625121009395875e-04 8.841810610762296710e+05 2.400614620289510349e+05 1.889916816697126487e+05 1.114652086190695696e-01 8.799520869645265630e+05
1.684478353166902198e-01 2.346791486562086902e+03 7.912514817449527982e+02 1.960421141317610818e+02 1.110912727155196900e-01 2.160166636884067884e+03 2.324659894395340146e-26 1.331608707320432961e-26 4.343825139916231864e-27 1.831671579137817973e-01 1.985851366132479951e-26 6.736976603715345933e-04 4.021596561171334122e-04 1.990213025424856022e-04 1.718515581350868737e-01 6.242428973172053528e-04 6.515376565590084065e+05 1.390482178509351797e+05 1.303789576011435129e+05 9.467014313736714370e-02 6.496539914647971746e+05
2.927287878143824407e-01 7.070287712224853749e+02 1.778884541695961161e+02 1.599668386650624825e+02 9.712930364395637450e-02 6.949282103470134189e+02 4.758186884874976182e-27 4.122062955754061883e-27 1.307665566440403145e-27 2.022486729519893112e-01 3.924340343967884934e-27 4.815117103412307198e-04 1.784744928601971793e-04 1.318471447993758722e-04 1.548588378037070445e-01 4.532236040260584397e-04 4.352317038247841410e+05 1.511849922203008318e+05 7.931299370206502499e+04 1.193930186617281064e-01 4.086906343242130242e+05
5.087043300626336029e-01 1.968975916365664887e+02 8.130493556323185089e+01 2.846181372723518166e+01 1.537088611666811711e-01 1.666756170740164862e+02 9.881272947189099035e-28 8.456066721912558723e-28 2.896865440663362094e-28 3.251604941905718027e-01 6.547863787972075459e-28 3.231677308458512496e-04 1.392358132792532186e-04 1.597212911475245304e-04 2.238997693755267193e-01 3.075355299174125246e-04 2.890578973853884963e+05 1.262361673870013910e+05 6.455242725463426905e+04 1.857764710350272019e-01 2.452229450223577442e+05
8.840268063712417579e-01 7.926096084349215687e+01 3.379111686295073014e+01 2.526943860027429878e+01 2.185822413820663057e-01 6.641044193911953641e+01 5.231135913940504107e-28 2.789248519558669153e-28 1.076741980442759363e-28 5.787293540370765932e-01 1.573235737953805965e-28 2.609302940210146042e-04 2.985542933541346865e-04 8.704181500138427380e-05 4.764583201322546424e-01 1.260802094990928638e-04 2.709406992504749796e+05 2.225002165382935782e+05 9.714450409803903312e+04 3.691039543793124267e-01 1.709594571181984502e+05
1.536262516748606588e+00 4.753967501922788585e+01 2.061116706010587052e+01 1.968304812313949270e+01 1.970472918433497089e-01 4.498434849504117494e+01 3.054795684714268924e-28 3.559963028164458706e-28 1.266268297137593202e-28 6.422457961035827889e-01 1.639405737932837996e-28 2.942471708408353785e-04 2.867316630237079066e-04 1.701968341275683486e-04 7.526512517081169751e-01 2.387265923332330042e-04 3.213227906671589008e+05 3.555617148630862939e+05 1.206151528629856475e+05 4.597527553156854907e-01 2.056273914045176352e+05
