# R (Mpc), mean rho (Msol/kpc^3), errup (Msol/kpc^3), errlow, std, median rho (Msol/kpc^3), mean pth (Msol/kpc/s^2), errup(Msol/kpc/s^2), errlow, std, median pth (Msol/kpc/s^2), mean gas-mass-weighted metal (fraction), errup, errlow, std, median metal, mean gas-mass-weighted temp (K), errup, errlow, std, median temp  
#  nprofs 272, mean mh 573057664923.728149, median mh 532199266752.317749 
#  Mass range 11.50 - 12.0
6.706029110378903786e-04 6.422163283146394789e+07 5.983578607403898984e+07 2.462006399448448420e+07 4.353662775936028573e-01 3.711190772483956069e+07 1.026329414950756295e-22 6.233749737576201334e-23 1.821661436281255068e-23 7.606815128758365185e-01 2.143348015382023563e-23 2.241394914001150832e-02 1.037058611194961039e-02 7.785770300802795016e-03 1.832958898385534663e-01 2.113205968194017265e-02 1.635827357559408701e+05 2.416045089994066802e+04 1.668492048263128527e+04 4.178920511102299784e-01 3.549174082083110989e+04
1.165374294563389359e-03 2.417722838960448280e+07 1.880948835231043398e+07 1.462695950413995609e+07 4.314420788177919519e-01 1.974184373587863147e+07 2.139763962758403014e-23 1.576703175983801052e-23 7.224328375904742375e-24 7.863243705211935275e-01 7.977046490933900059e-24 2.105326347133489040e-02 1.055889683394101858e-02 7.518848288640227889e-03 1.790288972988965388e-01 1.990024677569553202e-02 4.796379969481744774e+04 1.452288848319133103e+04 1.229337754610934644e+04 3.471667979615662425e-01 2.750308057730719884e+04
2.025188414895478031e-03 9.396267504202358425e+06 6.369813703013298102e+06 5.122044147059068084e+06 3.756239577167419519e-01 8.367775235707684420e+06 4.213446467077243682e-24 3.316321081458108408e-24 1.821139633829027784e-24 5.967925826347380003e-01 2.213276638429455197e-24 2.049532882958488358e-02 9.636491503667066888e-03 6.247398086433143122e-03 1.740809227052148578e-01 1.901577367780742100e-02 2.619225480872267144e+04 7.504869320064295607e+03 6.410333248552833538e+03 2.074917758061896600e-01 2.100246877293169018e+04
3.519374105778993230e-03 3.563630547848644666e+06 2.423360993244328070e+06 1.340349905071672285e+06 3.448872511908848693e-01 2.995068174896291923e+06 2.063770699093126261e-24 1.051449032910129057e-24 3.545703066364360392e-25 5.062660474754880902e-01 5.331314155992249854e-25 1.993645756476681782e-02 9.861286343963330397e-03 5.817692538724935497e-03 1.697643135422263749e-01 1.839266791800553760e-02 3.035006653439056390e+04 7.059464566459952039e+03 3.590546883703018466e+03 2.513113984237440590e-01 1.558767327831801231e+04
6.115971237701829134e-03 1.233147991627934156e+06 7.821280164027279243e+05 6.019943976092897356e+05 4.805578954350439025e-01 1.122312415211500134e+06 4.059214315999727797e-25 2.682512713570113014e-25 1.017951676437506660e-25 4.200121968542017692e-01 1.816705438822134814e-25 1.750282174865369286e-02 6.426113595212886581e-03 5.939441909339203060e-03 1.655325412836144983e-01 1.692794911928998530e-02 9.679100048384025285e+04 1.401224365842782390e+04 2.699231556637689209e+03 4.840776091582607576e-01 1.347606476082791596e+04
1.062833988548557602e-02 4.863929377515461529e+05 2.702405078577000531e+05 2.114154242881553364e+05 4.853673494717846704e-01 4.567860010262316209e+05 1.779091441163242360e-25 1.920705015105227252e-25 5.078954287236649235e-26 4.227616728601505947e-01 9.018003089679582127e-26 1.285835509670682497e-02 4.436635104038294877e-03 4.193139529022813644e-03 1.590891996233465833e-01 1.241548300233557243e-02 1.082182520947802259e+05 3.091522729498931585e+04 5.654816679426870905e+03 5.115620547931599704e-01 1.600285598758849846e+04
1.846993786122688719e-02 1.735876366011164791e+05 6.505344291728746612e+04 6.247889851325321069e+04 4.250963748803613940e-01 1.721950659555470920e+05 1.261909412733345180e-25 1.270163199861332573e-25 3.926277697601398288e-26 3.559147539950830441e-01 7.958166670247729818e-26 9.107338664897825578e-03 3.855943667872036018e-03 3.380987299464026721e-03 1.766374289768389561e-01 8.884513023701468004e-03 1.710682094074959750e+05 5.920723765474236279e+04 1.380988978597578534e+04 4.749639927911306625e-01 3.354138658200656937e+04
3.209707332218952880e-02 3.613473987153271446e+04 2.391159742013709183e+04 1.831415392200833594e+04 3.761424730888010548e-01 3.339139579015848722e+04 6.716111972049592689e-26 6.673349608281009080e-26 2.594118521017125048e-26 3.040835228977250559e-01 5.132569556744059967e-26 6.438821284118918450e-03 3.482410109037827398e-03 2.448693541835957228e-03 2.117961868895338051e-01 5.874037130873225807e-03 2.317957284081289836e+05 2.723124559371852083e+05 5.872925728737004101e+04 4.303080207938686508e-01 1.077862837500122550e+05
5.577832061973046762e-02 4.947135518983492148e+03 2.839392518334099805e+03 1.804548889055387917e+03 2.693842729614236986e-01 4.252074872945016978e+03 3.292268029288600098e-26 2.664262388482265386e-26 1.376807455624505149e-26 2.772539344777952275e-01 2.755128942907836439e-26 3.168914473871291704e-03 3.041934549394336926e-03 1.218243371690509898e-03 3.354255731327049350e-01 2.323977697905521209e-03 5.299823249071759637e+05 2.749272719328043750e+05 2.486028787874645786e+05 2.719640037059042337e-01 4.795379476265223930e+05
9.693161179921591653e-02 1.477587298201925478e+03 7.600042529563793323e+02 5.082372901211551834e+02 2.299616257154307730e-01 1.360702809860578327e+03 1.277735328468232870e-26 9.714341139017732738e-27 5.016590045995884179e-27 3.099858913424577422e-01 9.757855988534920159e-27 1.469471295628769917e-03 1.440728974029431174e-03 4.297140364310543395e-04 3.679322069848767751e-01 8.521973668302871337e-04 6.039270044126288267e+05 2.972450894880802371e+05 1.627449028098055278e+05 2.252693612232188614e-01 4.810260340303122066e+05
1.684478353166902198e-01 4.959617465087199548e+02 2.486016977201807094e+02 1.800790705481784926e+02 2.107256857151628693e-01 4.562454802289352074e+02 4.566154587001375447e-27 4.159376122385218007e-27 1.720873034884281581e-27 4.226296957824869915e-01 2.739967231539660497e-27 1.007138994327258421e-03 9.955206922778177085e-04 2.736612258641516219e-04 3.658823616731609052e-01 5.725063404547995217e-04 5.750139190936995437e+05 4.951748071680217981e+05 1.737936584991309792e+05 3.126427140807301330e-01 3.848580305679289158e+05
2.927287878143824407e-01 1.750525249099268592e+02 1.185485246588253290e+02 6.405081372262363004e+01 2.526427411904781928e-01 1.442786694971248949e+02 2.198360296214986562e-27 2.715156142402945512e-27 5.311244763288397203e-28 6.066678907117293296e-01 7.276808113876466041e-28 1.088766233099066434e-03 1.633561199780825300e-03 2.955192666125490419e-04 5.423121531899944836e-01 4.330174991789491573e-04 5.937027128590168431e+05 7.018788495079277782e+05 1.948187117024508771e+05 4.068689057581988400e-01 3.370983175559996162e+05
5.087043300626336029e-01 9.594273355675741755e+01 9.078841353704832784e+01 3.334623360963680483e+01 3.305975081864895304e-01 6.546638945532369291e+01 1.724311798738838909e-27 2.221002860131348176e-27 3.483035358425231976e-28 8.039831815387740166e-01 3.961397579789803882e-28 1.535946329526900181e-03 2.301925851364714642e-03 7.751928199612854618e-04 7.229133390513493573e-01 8.752158739685868879e-04 6.753172759083327837e+05 8.470411748410022119e+05 2.701899284503370291e+05 5.153331915063733559e-01 3.635011557766775368e+05
8.840268063712417579e-01 6.787957178403566161e+01 6.751001503630918421e+01 2.510561155767583941e+01 3.618468577116283336e-01 4.562640632102316829e+01 1.896029999472429047e-27 1.938520194833624874e-27 3.217662251243721598e-28 9.090779797563848241e-01 3.524316799192048952e-28 1.998128331241747196e-03 1.721037764298009127e-03 1.500830425590818536e-03 7.790253225122505398e-01 1.860169549647087668e-03 8.413159569674949162e+05 9.822206467099324800e+05 3.716124802881556097e+05 5.714599563286615336e-01 4.707647919172740076e+05
1.536262516748606588e+00 4.604780088177110997e+01 3.939583908922866584e+01 1.771518767813194373e+01 3.609176539590145394e-01 3.114229196510371622e+01 1.705980868729992073e-27 1.464953123335221830e-27 2.598146399711269119e-28 8.999934693186378842e-01 2.949442286060886084e-28 2.151641298151717868e-03 1.291024157354935496e-03 1.425726997537153998e-03 4.827099599337121294e-01 2.129084690323189942e-03 1.116425363194485893e+06 1.098411702199764783e+06 4.622306493177153170e+05 5.583301202685585496e-01 6.330280821215182077e+05
