# R (Mpc), mean rho (Msol/kpc^3), errup (Msol/kpc^3), errlow, std, median rho (Msol/kpc^3), mean pth (Msol/kpc/s^2), errup(Msol/kpc/s^2), errlow, std, median pth (Msol/kpc/s^2), mean gas-mass-weighted metal (fraction), errup, errlow, std, median metal, mean gas-mass-weighted temp (K), errup, errlow, std, median temp  
#  nprofs 205, mean mh 576901321907.187256, median mh 544955396133.534241 
#  Mass range 11.50 - 12.0
6.706029110378903786e-04 4.775846385723544657e+07 4.103813287260486931e+07 2.116132963829359412e+07 3.291358907183187799e-01 3.901052214869213849e+07 3.033497772654771133e-23 3.119849250247265018e-23 1.249126094702085249e-23 5.149729473228230603e-01 1.701706536555645663e-23 1.573546466868292609e-02 5.092966125329362326e-03 5.520804627805903433e-03 1.713955528377276716e-01 1.538261735901791383e-02 3.643422115205499722e+04 1.017457357746454363e+04 1.387392114734723509e+04 1.880542898548037412e-01 3.426642053223687981e+04
1.165374294563389359e-03 1.985234386408061534e+07 1.100111562068594247e+07 8.639971390237838030e+06 2.960745804084358723e-01 1.832525115396786481e+07 1.095889630189188052e-23 7.789942616284023711e-24 4.301800561745350332e-24 4.970682628420795002e-01 6.163257477253724717e-24 1.519861468534595798e-02 5.301007046850152171e-03 5.449025580396045162e-03 1.766962659647288991e-01 1.508072179282255940e-02 3.160236597612624973e+04 7.453195497899512702e+03 7.139641706717295165e+03 2.014581099876339987e-01 2.553838044016676577e+04
2.025188414895478031e-03 7.473984308007735759e+06 3.117498145646117628e+06 2.697187752290030941e+06 2.050589266406935285e-01 7.071669397816913202e+06 2.065819036429814338e-24 1.347064437349130213e-24 8.818231694257637503e-25 3.691560554409139550e-01 1.506838737247901493e-24 1.497725367129676410e-02 5.209417601575002527e-03 5.405056721505381578e-03 1.801024020980948048e-01 1.477983753378588061e-02 1.961817204183847934e+04 5.448720213548938773e+03 3.417657785284191050e+03 1.409775730680414008e-01 1.731868479980259872e+04
3.519374105778993230e-03 2.205705952053838409e+06 1.348323123880004510e+06 5.241609221888391767e+05 1.909199460113117086e-01 1.854688804094253108e+06 4.386386929654064665e-25 4.048361608682750418e-25 1.293697267626055209e-25 3.473595744598468871e-01 2.618049039010111394e-25 1.387425100143594922e-02 4.597684386344527002e-03 5.335825630691681809e-03 1.831158581646100403e-01 1.381578272639689270e-02 1.601407864352566867e+04 4.681539945909720700e+03 1.605453372301766649e+03 1.678414971813341761e-01 1.222845033874225555e+04
6.115971237701829134e-03 6.401601745639160508e+05 3.344925249381564790e+05 1.534684573344823439e+05 2.045541494406540872e-01 5.224257416697707959e+05 1.992736511707345024e-25 1.745261317853533104e-25 4.082867463090645660e-26 4.133565942165043361e-01 8.468811053416827765e-26 1.108686889561696920e-02 4.297222073752757221e-03 4.500481517586197612e-03 2.007711157058608142e-01 1.088369090244018650e-02 2.610134426772932056e+04 1.187761294229163104e+04 1.461900207542943463e+03 3.161900939284026379e-01 1.208274767418287593e+04
1.062833988548557602e-02 2.216516060725333518e+05 1.639393163401323545e+05 6.715046261383718229e+04 2.407585450972242747e-01 1.741825760766620806e+05 2.074965299910940694e-25 2.514887513587365434e-25 8.573176640074827785e-26 4.861866312711999316e-01 1.189766669219057391e-25 6.754382160898069788e-03 3.331486195344827810e-03 2.453028489195967481e-03 2.176101973293011749e-01 6.338507620552598192e-03 8.048451610124066065e+04 9.680072043870597554e+04 2.048965829997156106e+04 4.510751805808128623e-01 3.466219171294978878e+04
1.846993786122688719e-02 7.334888861872488633e+04 5.981178464802659437e+04 2.804428226992463897e+04 2.847597758811876156e-01 5.919784522999333421e+04 1.466923952016164616e-25 1.300648736205360619e-25 6.491258975173916472e-26 3.483770718647152265e-01 1.176522173491364501e-25 3.937836472969133590e-03 1.890007940343502689e-03 1.299443707746709715e-03 2.263422116336547274e-01 3.527955559370086862e-03 1.850850289168791496e+05 1.893376384897610405e+05 7.374778695532673737e+04 3.781010994413024351e-01 1.284804179205688561e+05
3.209707332218952880e-02 1.706463541324507241e+04 1.334642907972482317e+04 6.044373713359844260e+03 2.559911521457944872e-01 1.381872685474328136e+04 8.720696568546593794e-26 6.787724167971676499e-26 3.798127747976643050e-26 3.066211477921244599e-01 6.912653092618421724e-26 2.373665152706116912e-03 1.475126889482022540e-03 8.170983372824862714e-04 2.459139064766182603e-01 2.053514051049524624e-03 4.207517855103853508e+05 3.802725154658053652e+05 1.841334676851581025e+05 3.214606161733951639e-01 3.405645578690766706e+05
5.577832061973046762e-02 4.757101906464528838e+03 2.353467648314874168e+03 1.598220771964440246e+03 1.903321612914961602e-01 4.373862278678547227e+03 4.424162766925340198e-26 3.845889127474853840e-26 1.722515533887085229e-26 2.936581856399089197e-01 3.400703933887760650e-26 1.279986498966970056e-03 7.988165071059248959e-04 4.663378181100329969e-04 2.539741174444197780e-01 1.115023317514152916e-03 6.192429796824923251e+05 3.388202496399424272e+05 2.190774155878637102e+05 2.054454735476677063e-01 5.609136803471160820e+05
9.693161179921591653e-02 2.022273935313549600e+03 9.333314946399977998e+02 6.770400355577596656e+02 1.762253930795315560e-01 1.897294865963353459e+03 1.698811682583686763e-26 1.498645190664958594e-26 6.912121032305696345e-27 3.029428845178179786e-01 1.349789173058248124e-26 7.960334751665134765e-04 4.759003799601687094e-04 2.965152387965767130e-04 2.374639697207377997e-01 7.128456294972690182e-04 5.335272673165168380e+05 2.474434990075660753e+05 1.525134515996666742e+05 1.739425058300856641e-01 4.874312341565583483e+05
1.684478353166902198e-01 7.763338875527214213e+02 3.476927295802561275e+02 3.011982433156405250e+02 1.838844254425300306e-01 7.477609427486581808e+02 5.344624931100859006e-27 4.824861663896760727e-27 2.344418676573442333e-27 3.656858484419929223e-01 3.935499207237956311e-27 6.405360132797084226e-04 2.964465675252204091e-04 2.575258534809311503e-04 2.204941966838555312e-01 6.244371259827112813e-04 4.188407610195988673e+05 2.097259670759319561e+05 1.330501360042689485e+05 2.146697130271501830e-01 3.590436546529055340e+05
2.927287878143824407e-01 2.733972103627431238e+02 1.600542789402730648e+02 8.684458906505474829e+01 2.036753028728582604e-01 2.399800059832555519e+02 2.169062510754918910e-27 2.432790075656700003e-27 5.314239364413356929e-28 5.061934935431937621e-01 8.549446148132536769e-28 5.300593079929311145e-04 3.054635249281307608e-04 1.845526995718451595e-04 2.555475089037849701e-01 4.596872950775684639e-04 3.917374232485822286e+05 3.852793014307335252e+05 1.092104985110209964e+05 3.255383743166818666e-01 2.450760102579482773e+05
5.087043300626336029e-01 1.333241989583010536e+02 1.343436248456013118e+02 3.145684202572796551e+01 3.105405565052040129e-01 8.273227484568910484e+01 1.948832487826664078e-27 2.285591158816775090e-27 1.711529240947468494e-28 7.421054915234698290e-01 2.395637525072129174e-28 5.463703396570515234e-04 8.188575384081524635e-04 1.691760880472399035e-04 4.620934564103335029e-01 2.843541881205369519e-04 4.608374885479359655e+05 6.249596999180602143e+05 1.052710492593616218e+05 4.484262276340211240e-01 1.919892386014879157e+05
8.840268063712417579e-01 7.625148227406435808e+01 7.152515290168207684e+01 2.338058061823588929e+01 3.735722321644464605e-01 4.435388154028353114e+01 2.375511759506144306e-27 1.555353620736516223e-27 1.152132248483193130e-28 9.472996085845043490e-01 1.333151189430906170e-28 5.491635831627112363e-04 7.678635048691906471e-04 2.959920139979072386e-04 7.116722625286637793e-01 3.538773682307584396e-04 6.271946964805957396e+05 6.768663219025153667e+05 1.652726894881631015e+05 5.853109153878294224e-01 2.215626901719430753e+05
1.536262516748606588e+00 4.566437144697960093e+01 2.969974131509190585e+01 1.513802058530379568e+01 3.197155954969012059e-01 3.172203584687673583e+01 1.650371536320923381e-27 9.778083039939141089e-28 1.083843231241688245e-28 8.942603745930357562e-01 1.273846121056330889e-28 6.405813820438912990e-04 6.379087545155993780e-04 3.516897231614427022e-04 4.891243173505656072e-01 5.039019039244538008e-04 8.567482884680466959e+05 8.537469604959099088e+05 2.276238326033595367e+05 5.879349691884468987e-01 3.098422743182959966e+05
