# R (Mpc), mean rho (Msol/kpc^3), errup (Msol/kpc^3), errlow, std, median rho (Msol/kpc^3), mean pth (Msol/kpc/s^2), errup(Msol/kpc/s^2), errlow, std, median pth (Msol/kpc/s^2), mean gas-mass-weighted metal (fraction), errup, errlow, std, median metal, mean gas-mass-weighted temp (K), errup, errlow, std, median temp  
#  nprofs 86, mean mh 533842159821.329834, median mh 485993056907.648071 
#  Mass range 11.50 - 12.0
6.706029110378903786e-04 3.987600507095812261e+07 3.440522349945354462e+07 2.042320732061915100e+07 3.260225401819723534e-01 3.349607155604332313e+07 2.207744515182443096e-23 2.810423149032134164e-23 9.600834971938942005e-24 4.984319978825560993e-01 1.314422745065249537e-23 1.317100593143847101e-02 6.279712773102338885e-03 4.623798907863746130e-03 2.531202132406195071e-01 1.240712726992654683e-02 3.237047801049573536e+04 1.031291681143785536e+04 1.001331961232622052e+04 1.667820820523039649e-01 3.266285127945365821e+04
1.165374294563389359e-03 1.908247626820530370e+07 1.282779582700079679e+07 1.008077633779007010e+07 3.273132709561346054e-01 1.741490218452319503e+07 7.620661035476461144e-24 8.133530469601276508e-24 4.056804197256427111e-24 4.731189243981903103e-01 5.602976349830002856e-24 1.140407201793624745e-02 6.444214919250138007e-03 5.256588142104610603e-03 2.678228071581443825e-01 1.069787566946928115e-02 2.551327895929566148e+04 8.696152589651184826e+03 6.761048989995240845e+03 1.230776778993138698e-01 2.438604338026750702e+04
2.025188414895478031e-03 8.170094103823400103e+06 4.076878816094762646e+06 2.718737930081288330e+06 1.954763875695383346e-01 7.499780577374403365e+06 2.357968326680158170e-24 1.775922042556154917e-24 9.350356958220887150e-25 3.432409665142971966e-01 1.794932868295106665e-24 1.035871825034303390e-02 6.758710441931107399e-03 4.983846751350443777e-03 2.960942581436325494e-01 9.474325112231639368e-03 2.012358534769774633e+04 4.608715393232239876e+03 4.141580099574157430e+03 1.185333225693203513e-01 1.914375365678383969e+04
3.519374105778993230e-03 3.194038699125000741e+06 1.249321219786155969e+06 9.559537487770533189e+05 1.977211433088152392e-01 2.871359059631289914e+06 6.279265664787651425e-25 6.006544955886568128e-25 2.281965978196844880e-25 3.409716363043452381e-01 4.337045505118051839e-25 7.865500558017126526e-03 4.028606628749811444e-03 3.568363041677808083e-03 2.622865336240873813e-01 7.117630396222920583e-03 1.503556426545338581e+04 4.019402018276432500e+03 2.864537937663084449e+03 1.205973804189062054e-01 1.398629637333241044e+04
6.115971237701829134e-03 1.263390656901075738e+06 5.259287477861642838e+05 3.407234873836310580e+05 1.631755259274438874e-01 1.142044596004864667e+06 3.030497796654908840e-25 2.538283869758072302e-25 9.624925952527010634e-26 3.408558631202902034e-01 1.889481609770813718e-25 4.668378323028749520e-03 2.656850640568165882e-03 1.933658643999735041e-03 2.639462868876253920e-01 4.002776250567530690e-03 1.992627005521260799e+04 1.075725237885213210e+04 2.470654481900795872e+03 2.428792271615875520e-01 1.270211230562250785e+04
1.062833988548557602e-02 5.259760870070218807e+05 2.528753842094062129e+05 1.875213284756159410e+05 1.848789716417503504e-01 4.993970983200242044e+05 3.834328952141059666e-25 3.368715725450931803e-25 2.122033965618469873e-25 4.072359010166782811e-01 2.954885162873825567e-25 2.815676854693543400e-03 1.874845403281696649e-03 1.292435474898566850e-03 2.647388421840712880e-01 2.511017664921560890e-03 6.274067577894670831e+04 7.850458277171691589e+04 2.493844197531633472e+04 3.990553741375871821e-01 3.989124467408057535e+04
1.846993786122688719e-02 1.763806086084837443e+05 8.288628389460069593e+04 8.570615762335849286e+04 2.153377048091941193e-01 1.733846772453446756e+05 3.287244534788606010e-25 2.451442760539482219e-25 1.221788555659899795e-25 3.065000770415039488e-01 2.573268787985525112e-25 1.934669810486466975e-03 1.203077426332563966e-03 8.981222005234361849e-04 2.696567009229117184e-01 1.767548371209907510e-03 1.517926564874197065e+05 1.452589002671311900e+05 6.250605175424838671e+04 3.314099613550273715e-01 1.205031428035181889e+05
3.209707332218952880e-02 4.873361601241608878e+04 2.249063231690638349e+04 1.186706595241874311e+04 1.631072387848841454e-01 4.358192042648865026e+04 1.577379160088698451e-25 1.390907761299968211e-25 4.217970152609540552e-26 2.884026203623023532e-01 1.167345202547551429e-25 1.417582318105031812e-03 8.680342839102559317e-04 6.396467488328994510e-04 2.932778519924865712e-01 1.232004030142231027e-03 2.211685949596452410e+05 1.290430808001907717e+05 9.014373217790586932e+04 2.446614892457171508e-01 2.042137645194749057e+05
5.577832061973046762e-02 1.341356127212907995e+04 6.520938872309172439e+03 4.129847721087429818e+03 1.599081547494252686e-01 1.246880631494814588e+04 6.063650995201262981e-26 4.038901244796185520e-26 1.942328690735006435e-26 2.887996666538481527e-01 4.617887527484018797e-26 1.080169224194030058e-03 6.352055812240101247e-04 4.740332100240655282e-04 3.048961471890081487e-01 9.146327374283361351e-04 2.899348633448218461e+05 1.382698257625355036e+05 8.869517933243108564e+04 2.001247462773019792e-01 2.690737915067599970e+05
9.693161179921591653e-02 4.505421270620782707e+03 2.596271599943946057e+03 9.092289577390620252e+02 1.534567944658032923e-01 3.958185060838135541e+03 2.340421426052499137e-26 1.922001402711407455e-26 6.637360092892263677e-27 2.890005568773355571e-01 1.633664306820213619e-26 7.788616326895955342e-04 6.553458999704875592e-04 3.284631883630806425e-04 3.329137889519696580e-01 6.240446091910743526e-04 3.181634691902030609e+05 1.443178574119163095e+05 8.790223528597177938e+04 1.661941646088796187e-01 2.870399683694019914e+05
1.684478353166902198e-01 1.521643011523131463e+03 6.008232712308958980e+02 4.551316440316772969e+02 1.482738933637710033e-01 1.439088749407150317e+03 6.634125136597225368e-27 4.490862476352029411e-27 3.514335231401275813e-27 2.874561837492118355e-01 5.900941136788488052e-27 5.014506022147021151e-04 3.981581300929905439e-04 2.281189515038916553e-04 3.434086635898271345e-01 4.071226524213160782e-04 2.716617275445106789e+05 1.230600472719745885e+05 8.733182641436174163e+04 1.586604773970355375e-01 2.525810548672434816e+05
2.927287878143824407e-01 4.549362756800194916e+02 2.042398948089586384e+02 1.290722190220527068e+02 1.583787894234172933e-01 4.207014439659891423e+02 1.809252769092267022e-27 1.855476570808273184e-27 5.816898893339889674e-28 3.658766971110346544e-01 1.102492567240203662e-27 2.898616588411812457e-04 2.543371834789066974e-04 1.015269554170937640e-04 3.532606559870818952e-01 2.079872067926917209e-04 2.287333207482316066e+05 1.402946177224829444e+05 4.910860996627698478e+04 2.307705399075775377e-01 1.709655413259376655e+05
5.087043300626336029e-01 1.781427312215347172e+02 1.037065866191771875e+02 4.349707151334388300e+01 2.634398303048299805e-01 1.259609861791132630e+02 1.079351480820616079e-27 4.436381631401340638e-28 1.496329296302096292e-28 5.768502739837838567e-01 2.328298337941518102e-28 2.686781701665107700e-04 3.206911211694594044e-04 3.430469641730092496e-05 5.368986197234237867e-01 7.229596468393646377e-05 2.066837182901404158e+05 1.331308926000247593e+05 6.193621697812122875e+04 3.295422551907759567e-01 1.316846063024071045e+05
8.840268063712417579e-01 9.867729606159856814e+01 7.242635639144333481e+01 2.504867478535318526e+01 3.107976356150898845e-01 6.308046913959344693e+01 8.029210753828419889e-28 5.550807905164183871e-28 8.612486682523859724e-29 7.415346931592990964e-01 1.132955220256347675e-28 3.916319730236135369e-04 6.919813636067581337e-04 8.770785063263288669e-05 8.803010813502610832e-01 9.856772837437305671e-05 2.266886978538150142e+05 2.121796863388040510e+05 5.925702703023042704e+04 4.439180803881195292e-01 1.053491009762469039e+05
1.536262516748606588e+00 5.655218166796890245e+01 4.249083844616938421e+01 1.940482539378448479e+01 2.518009421040113271e-01 4.663971177549318980e+01 3.466042148083678483e-28 6.172117973433561642e-28 6.836687293386741628e-29 6.802108677681881765e-01 9.012912317402666427e-29 5.310178993383447366e-04 9.558367946320000131e-04 2.260582022153086353e-04 6.836475596035486157e-01 2.638812909432832355e-04 2.452911225540792220e+05 3.844072674713930464e+05 8.536567450210617972e+04 4.404521713415331940e-01 1.361095081430262653e+05
