# R (Mpc), mean rho (Msol/kpc^3), errup (Msol/kpc^3), errlow, std, median rho (Msol/kpc^3), mean pth (Msol/kpc/s^2), errup(Msol/kpc/s^2), errlow, std, median pth (Msol/kpc/s^2), mean gas-mass-weighted metal (fraction), errup, errlow, std, median metal, mean gas-mass-weighted temp (K), errup, errlow, std, median temp  
#  nprofs 309, mean mh 210430728428.646301, median mh 199753075345.158295 
#  Mass range 11.00 - 11.5
6.706029110378903786e-04 4.387846543831517547e+07 3.286963335977838933e+07 2.774785376624347642e+07 3.399375123350792394e-01 4.032358778202562034e+07 2.364855406581550263e-23 2.368286588647653837e-23 1.312117768400408614e-23 4.829744584484147452e-01 1.756237171193512385e-23 1.615884952086497212e-02 4.932446341549160534e-03 4.312720856698742250e-03 1.587272284141038325e-01 1.597976904236633744e-02 3.303508702927100967e+04 8.594714928145214799e+03 1.139156108973220398e+04 1.498964967802918768e-01 3.344697512396349339e+04
1.165374294563389359e-03 1.896446815723625943e+07 7.874405339566968381e+06 8.374021118454268202e+06 2.267601369870320682e-01 1.852001824115613103e+07 7.176207386942266928e-24 4.662614156342519768e-24 3.598225238276414911e-24 3.586775014940403183e-01 6.161808210652314744e-24 1.541489145663322256e-02 5.109306081284048159e-03 4.702339256579405116e-03 1.764093211289133045e-01 1.530479795715375228e-02 2.556600680948005902e+04 5.349219505895096518e+03 5.908584573609517975e+03 1.130094167878327310e-01 2.554935974332300975e+04
2.025188414895478031e-03 6.844794540482112207e+06 2.393519063390349038e+06 1.788465851493763737e+06 1.619524218469952925e-01 6.571858398558485322e+06 1.527714740391298250e-24 9.554944464715745074e-25 5.925242845514916120e-25 2.705749176010454060e-01 1.306375240253993520e-24 1.510064230977336934e-02 5.020005860963312055e-03 4.907851142455378624e-03 1.793146703065219560e-01 1.498961732234845370e-02 1.748396584147834801e+04 3.533606676463397889e+03 2.809723222421103856e+03 8.500897692596899591e-02 1.696289444340448608e+04
3.519374105778993230e-03 1.939749303015881451e+06 6.544019448420999106e+05 4.066028131099168677e+05 1.426075462604119437e-01 1.830994124901249772e+06 2.542990759283721497e-25 1.601629799168589175e-25 7.417260639770976009e-26 2.281147008663986786e-01 2.088033026354567009e-25 1.385127380051178435e-02 4.900040088583405840e-03 5.260143419087275410e-03 1.843811797401400387e-01 1.385925650183316912e-02 1.169081035061236616e+04 2.498377608809805679e+03 8.149462850468444231e+02 7.926541199424810835e-02 1.081569157751419880e+04
6.115971237701829134e-03 5.453222062190242577e+05 2.140581500203703763e+05 1.201779984545895131e+05 1.402507206508795123e-01 5.075118499485384673e+05 8.779513948808315815e-26 3.743341252502712233e-26 2.301427102533565332e-26 2.513212975049257669e-01 6.575983002580816880e-26 1.070022986163281752e-02 4.924883399149562052e-03 4.307627158892823882e-03 2.039570717229247931e-01 1.031227880030686009e-02 1.317884302294249756e+04 1.999320241906782030e+03 6.095883953059656051e+02 1.584561906591509806e-01 1.061762252987208922e+04
1.062833988548557602e-02 2.078359714729704428e+05 8.676412132641969947e+04 6.763913741915750143e+04 1.723202990555429970e-01 1.959533325857180753e+05 6.090422723243737909e-26 5.390302034181539919e-26 1.615006296796682690e-26 3.031478100955886656e-01 3.978935164240470101e-26 6.253468628874995355e-03 2.999152991964837249e-03 2.181341483419639224e-03 1.985791721087519779e-01 5.820902352430997774e-03 2.627636278149762802e+04 1.975636726799445023e+04 3.408538995847087790e+03 2.855980452091282928e-01 1.449575811758456985e+04
1.846993786122688719e-02 7.269307542104221648e+04 4.407823044764467340e+04 3.332915526418468653e+04 2.421133492672593035e-01 6.856791353334645100e+04 4.078739667758259598e-26 2.426344883068931590e-26 1.307842004695356242e-26 2.281328505317889999e-01 3.416094893987588880e-26 3.668317039791406213e-03 1.637472536831000719e-03 1.055968026038242753e-03 1.899251194892296324e-01 3.314043598591948601e-03 5.836866006289707002e+04 5.257169122279731528e+04 1.324316490200044791e+04 3.266675950462718525e-01 3.269161798574505519e+04
3.209707332218952880e-02 1.238914672752129263e+04 9.185966211943157759e+03 4.943359804685653216e+03 2.449762888863032673e-01 1.065734650734455317e+04 2.199893772743791369e-26 1.146534941363751625e-26 6.072685631526019128e-27 1.925109769306879715e-01 1.886062354729856704e-26 2.183517770374715245e-03 1.175175272271005746e-03 7.622563556486455175e-04 2.376201912882178746e-01 1.913515700784126222e-03 1.686430690597019857e+05 1.078436471626349085e+05 6.996174126649583923e+04 2.947111001899488936e-01 1.327399059032879013e+05
5.577832061973046762e-02 2.349599929463063745e+03 9.510227732336356894e+02 5.519848584708970520e+02 1.528759059059743020e-01 2.143728092278410259e+03 1.002951044930289821e-26 4.833697811768439545e-27 3.110505860890723299e-27 2.151472611678804936e-01 8.422650208336720125e-27 8.939989645335760706e-04 6.428689719739771056e-04 2.950915163762004635e-04 3.090545534863343713e-01 6.484532814140536337e-04 3.089940550093399943e+05 1.158213745647014002e+05 5.729888848940114258e+04 1.935571926224680661e-01 2.511781709190251422e+05
9.693161179921591653e-02 8.847887176348399407e+02 3.253237934517940175e+02 2.465926161115846753e+02 1.458922214229022574e-01 8.413685699292457230e+02 3.974634207642920718e-27 2.316490266090712574e-27 1.160300434489405251e-27 2.983871727405205676e-01 2.656484406265014351e-27 5.112120642421903813e-04 2.910046973205795149e-04 1.568836248827238213e-04 2.849002982256874095e-01 3.674693612449350492e-04 3.035574646013030433e+05 9.470854616900163819e+04 5.185826873216094100e+04 2.462110447003162672e-01 2.031759073947346478e+05
1.684478353166902198e-01 3.246065337993381945e+02 1.612345884724709322e+02 8.418940533162640349e+01 1.700067787602896341e-01 2.877873485205932411e+02 1.950326666433422901e-27 1.261048369426890510e-27 3.407766723565084882e-28 4.612679673197382924e-01 6.501940625853748649e-28 4.242920582658129603e-04 3.322827723591361619e-04 1.139698083355208393e-04 3.374011415853703788e-01 2.558020827407505725e-04 3.024912916936437250e+05 2.059459224958867417e+05 4.428449239512675558e+04 3.522473229800004990e-01 1.394975513387914398e+05
2.927287878143824407e-01 1.444420150600661543e+02 1.071602861632040486e+02 3.758057441828091783e+01 2.549524310314144060e-01 1.042499074080875943e+02 1.680150745207612462e-27 1.168793840140258928e-27 9.383908770980076863e-29 6.793269220248927542e-01 1.541039860910301926e-28 5.248474026236896487e-04 8.893823298494309484e-04 1.055044056997919829e-04 5.592204671936163995e-01 1.724707475315164309e-04 3.321407046931037912e+05 3.567594078782451106e+05 4.352681957834765490e+04 4.664226420078311786e-01 1.020586976289486920e+05
5.087043300626336029e-01 8.726014687677584902e+01 7.295646522084261676e+01 1.937021749629742118e+01 3.372446936749214919e-01 4.860924260724824819e+01 2.049335970408510961e-27 8.199737804994903263e-28 5.998991941270073788e-29 8.847525098044828340e-01 7.622470400515184650e-29 7.646881581544412790e-04 1.644865673934283075e-03 1.848429411470716018e-04 9.781559441723373105e-01 1.967264555182533120e-04 3.761034015053639305e+05 4.344203508627309348e+05 5.543352172872679512e+04 5.759671007849586077e-01 9.090725887708953815e+04
8.840268063712417579e-01 5.645599524305534089e+01 4.493766080042728817e+01 1.552863826929550584e+01 3.492334491989116940e-01 3.260746207902025873e+01 1.852829841753587378e-27 7.772530055309772150e-28 5.269096981788836777e-29 9.774136976807362709e-01 6.065438084207123911e-29 1.009306425788513784e-03 1.457341047500711499e-03 6.321537521196899777e-04 1.069656455078697554e+00 6.950136029372411175e-04 4.837633074532332830e+05 6.538108052562652156e+05 8.554479153857505298e+04 6.528900593912809747e-01 1.181047946494448843e+05
1.536262516748606588e+00 3.674815607420294583e+01 3.570442341781735962e+01 9.589922478892066948e+00 3.135316357436667145e-01 2.347359538237483889e+01 8.758036016567811171e-28 6.513531521888666415e-28 5.060488967089714804e-29 9.399758867256372552e-01 5.954680252304764657e-29 1.090959812001495192e-03 1.184442095760295487e-03 7.029608703295849633e-04 6.312338923377893707e-01 9.078028424077148537e-04 5.667687002801108174e+05 7.373694698477911297e+05 1.369416934454725124e+05 6.458243416308678819e-01 1.764606981840233784e+05
