# R (Mpc), mean rho (Msol/kpc^3), errup (Msol/kpc^3), errlow, std, median rho (Msol/kpc^3), mean pth (Msol/kpc/s^2), errup(Msol/kpc/s^2), errlow, std, median pth (Msol/kpc/s^2), mean gas-mass-weighted metal (fraction), errup, errlow, std, median metal, mean gas-mass-weighted temp (K), errup, errlow, std, median temp  
#  nprofs 209, mean mh 525171784745.754028, median mh 485070901733.453003 
#  Mass range 11.50 - 12.0
6.706029110378903786e-04 3.411707644625590742e+07 3.114466970171929151e+07 1.654923379183167219e+07 3.111911419169510751e-01 2.846099622342596203e+07 1.621684999925420784e-23 1.965397637891915678e-23 7.122690760168592209e-24 4.891752800349896679e-01 1.061601180995336648e-23 1.004496784689685139e-02 3.557720061243167115e-03 4.324629596753132993e-03 2.243383977600121038e-01 1.009463328037574215e-02 2.939288870031132683e+04 1.104479035453910910e+04 9.593566222781417309e+03 1.698247011802790363e-01 2.905371923487900494e+04
1.165374294563389359e-03 1.585455627844262309e+07 8.052852070085508749e+06 1.021203948389950581e+07 3.270516342820773970e-01 1.599588483500868641e+07 5.460339418596020946e-24 4.756067709827944217e-24 3.491350110546929263e-24 5.158872675159098531e-01 4.439123324221086986e-24 9.060348215466378433e-03 4.312182436352668749e-03 3.485713784087607868e-03 2.622870454484143021e-01 8.414937997107784298e-03 2.264583753839812562e+04 7.006865134735588072e+03 6.336950226220114928e+03 1.452040869817336488e-01 2.236010725436280700e+04
2.025188414895478031e-03 6.221784083342926577e+06 2.792054303928715177e+06 2.109316289613233879e+06 1.905075330733904948e-01 5.969385550754253753e+06 1.348314296174852707e-24 9.678088207156305279e-25 6.055537654197459081e-25 3.119835646416667663e-01 1.147733977909166241e-24 8.672906720040337442e-03 4.252772125097658076e-03 3.881512159650422379e-03 2.858548672691801351e-01 8.646177512560618630e-03 1.706643874516345750e+04 3.469167608491690771e+03 3.191647347730162437e+03 9.179827216505098697e-02 1.664883423743108870e+04
3.519374105778993230e-03 2.084212195845934097e+06 8.453984077040983830e+05 4.779972100167195313e+05 1.522970814162569742e-01 1.929322887568862876e+06 3.125594990894427811e-25 2.731842159143364865e-25 8.826131417393973922e-26 2.648480259122478753e-01 2.287102479629748083e-25 7.322657598743714108e-03 4.224148476799193495e-03 2.882496316068585383e-03 2.751197932463854690e-01 6.925760010960750092e-03 1.272491238422661991e+04 2.772623263148318074e+03 1.004528677803828032e+03 9.206668775063141241e-02 1.164631856221666021e+04
6.115971237701829134e-03 6.766997623404716142e+05 2.969194967572201276e+05 1.678803073258793447e+05 1.632793293189423733e-01 6.016065628256720956e+05 1.832923010536212012e-25 1.095947529606570640e-25 4.490030831026101146e-26 3.725087994670214786e-01 9.476952141292472530e-26 4.650335591149117737e-03 2.490609318640767816e-03 1.839261440238318477e-03 2.552477909964400715e-01 4.304927341699006822e-03 2.221497377066354602e+04 1.202896639965782197e+04 1.530039034985202306e+03 2.904479459059794433e-01 1.195245657344219762e+04
1.062833988548557602e-02 2.563711660561361932e+05 1.594819914417490945e+05 9.688700726371971541e+04 2.470992241652320009e-01 2.187041958807577030e+05 2.375450921923626537e-25 2.062894547418255045e-25 1.076467323055273106e-25 3.853574383785730029e-01 1.725732639486135741e-25 2.605338264042998415e-03 1.112771346821589055e-03 1.099478036853818478e-03 2.341492680391036307e-01 2.505427401792612377e-03 8.298563666061824188e+04 7.709945127106932341e+04 3.302979757894245267e+04 3.977517521710372539e-01 5.270998060729467397e+04
1.846993786122688719e-02 7.790224255487622577e+04 6.231613722225495439e+04 3.325161625422864017e+04 2.979144711224272490e-01 6.271247264009588980e+04 1.729632855933035203e-25 1.346138350938193369e-25 5.291122663074985835e-26 2.823322068497796655e-01 1.312484038861471585e-25 1.684951102881506336e-03 9.184572999115740016e-04 7.236750538187732354e-04 2.494955324885987924e-01 1.574711965779619378e-03 2.119654898046713497e+05 2.104107043877585675e+05 8.090038595005025854e+04 3.502463520249275986e-01 1.511128369750119164e+05
3.209707332218952880e-02 1.812277737692935989e+04 1.299118517589265139e+04 6.818599898366113848e+03 2.302305035132006239e-01 1.586398346658553601e+04 9.870665446891241903e-26 7.668018764633411287e-26 3.208913334147807285e-26 2.591572019677232941e-01 7.695395642727144144e-26 1.106935998549506833e-03 4.822821825765149974e-04 5.265227016902811544e-04 2.616025406956157817e-01 1.060108440882142353e-03 4.097212160788289621e+05 2.619995801506022690e+05 1.889224506803939585e+05 2.448119273997469703e-01 3.750336955931264674e+05
5.577832061973046762e-02 6.115270194536623421e+03 2.574048073018817377e+03 1.858885419787769933e+03 1.610240986044993439e-01 5.698748034777014254e+03 4.814686907082916490e-26 3.997161185988613517e-26 1.486765905682550779e-26 2.550068184203790334e-01 3.729028933190744353e-26 6.658509174729152977e-04 3.797592927167422507e-04 2.657266697332379265e-04 2.650175498270773145e-01 5.973933192815995222e-04 5.179400695100030280e+05 2.507043902111173957e+05 1.527745285565386293e+05 1.746457510934179558e-01 4.799853848589135450e+05
9.693161179921591653e-02 2.597126909770869133e+03 1.083017649959347182e+03 7.440056253480609030e+02 1.478027571018109276e-01 2.406034465528586225e+03 1.738754031532806650e-26 1.608857143463208389e-26 6.074677156984948379e-27 2.548615819259154036e-01 1.369861598384846571e-26 4.602863467505801981e-04 2.956549102424471838e-04 1.737231513082656978e-04 2.653422339672341645e-01 3.881627774276134434e-04 4.295029378253722098e+05 1.605370715030970168e+05 1.103494539910388412e+05 1.446900520111024935e-01 4.009116478516776697e+05
1.684478353166902198e-01 8.915458079492029810e+02 3.843186049366130419e+02 2.358769856579228872e+02 1.432198356950416251e-01 8.381359494320651038e+02 4.586796786001525593e-27 3.611616085764767049e-27 1.852071857988463970e-27 2.814929141902096088e-01 3.652560339672054889e-27 3.056032280939364196e-04 1.802561906176439058e-04 1.159176228264350065e-04 2.721045620743593463e-01 2.561900248600684294e-04 3.216244864591940423e+05 1.221462432221594499e+05 9.034409582120543928e+04 1.595225820084013590e-01 2.948736438573889318e+05
2.927287878143824407e-01 2.682868862628796478e+02 1.309989741801660728e+02 7.103189838982223137e+01 1.719581358943723104e-01 2.395608122509613906e+02 1.363930421272630468e-27 1.139103574408000340e-27 4.346019318617739295e-28 3.986309194477699602e-01 7.612602425151137184e-28 1.766462778432137436e-04 1.387689065462563269e-04 6.549524951883511394e-05 3.367362548410948175e-01 1.293380954404159064e-04 2.737461785526234889e+05 1.451585343662052182e+05 7.197275845484111051e+04 2.517686167480919224e-01 2.029467013462067698e+05
5.087043300626336029e-01 1.199921873930026806e+02 8.436736104083082921e+01 2.952211800069618164e+01 2.696179461307858238e-01 8.295648970652466403e+01 1.094325093457981304e-27 7.274368324254574617e-28 1.131414936699747367e-28 6.322784712931140971e-01 1.803771626065536379e-28 2.052820098947472842e-04 3.345210338541493604e-04 5.113504856286724630e-05 6.685804577852542119e-01 6.888409868148720298e-05 2.883800130907648709e+05 2.216302026056204049e+05 6.469620609908088227e+04 3.787075692663796067e-01 1.470884426558258419e+05
8.840268063712417579e-01 7.581655189260918348e+01 5.532904030936550299e+01 2.274718650027365285e+01 3.201660043670124245e-01 4.951136973227107063e+01 1.361646976348740156e-27 7.668754851745741255e-28 8.487300121726607925e-29 8.265096110773453297e-01 1.044701213108367105e-28 2.895811257057674822e-04 6.054144418496673966e-04 8.878593642893984087e-05 1.014777961652996385e+00 1.028321599745007898e-04 3.752073878800881794e+05 4.296618350611054339e+05 8.175403785459860228e+04 5.187026465000033060e-01 1.351337455072343873e+05
1.536262516748606588e+00 4.591062996441975486e+01 3.321630727968621954e+01 1.092986522127342752e+01 2.686682533595757261e-01 3.168497899950207852e+01 6.363353072677145504e-28 6.611091570213400087e-28 4.301419634330320785e-29 7.852533529281899849e-01 6.162682452733660352e-29 3.249482692380521883e-04 5.373429992588117697e-04 1.582967078772423003e-04 6.462532189739935706e-01 1.965203767529843557e-04 4.129988799526246730e+05 6.305617042239933508e+05 7.617542241684345936e+04 5.282551977708759283e-01 1.352873702454494778e+05
