# R (Mpc), mean rho (Msol/kpc^3), errup (Msol/kpc^3), errlow, std, median rho (Msol/kpc^3), mean pth (Msol/kpc/s^2), errup(Msol/kpc/s^2), errlow, std, median pth (Msol/kpc/s^2), mean gas-mass-weighted metal (fraction), errup, errlow, std, median metal, mean gas-mass-weighted temp (K), errup, errlow, std, median temp  
#  nprofs 113, mean mh 514294575520.812805, median mh 469536739389.723328 
#  Mass range 11.50 - 12.0
6.706029110378903786e-04 1.942231660559527203e+07 1.226845259017979354e+07 6.463534103624511510e+06 2.502952762016642518e-01 1.513768440742986649e+07 7.180720295768101848e-24 7.431553986394302579e-24 2.787910641743762098e-24 4.500573523155185218e-01 4.338815834159206365e-24 7.894419461324041210e-03 4.409698538891772442e-03 3.495683233257141330e-03 2.519127219137767271e-01 7.347400464475608607e-03 2.312885877086257460e+04 8.660810149161261506e+03 6.381264924939365301e+03 1.583530065138917808e-01 2.204949265492155610e+04
1.165374294563389359e-03 1.153159437973553874e+07 7.302847496070720255e+06 6.766265773832596838e+06 3.358303543548611381e-01 1.063493193575653061e+07 3.109065120767961628e-24 2.866913361431895251e-24 1.856034500905382469e-24 4.869778509723987625e-01 2.398719507791302039e-24 6.889466179089290612e-03 4.453777028425009651e-03 2.832030973021467356e-03 2.795619396864339468e-01 6.022050632866182349e-03 1.930850276184018367e+04 5.046151083102031407e+03 6.497096631241274736e+03 1.198306838159322180e-01 1.973650377834797109e+04
2.025188414895478031e-03 4.683597392310397699e+06 2.166040161589135416e+06 2.185901039178806357e+06 2.592363689561468232e-01 4.556171039821092971e+06 8.557462474824001848e-25 7.170249327393876515e-25 3.895767743557721697e-25 3.754210806013004165e-01 6.485753719374456941e-25 6.623589130277151085e-03 4.412965973234526419e-03 2.353140561598965341e-03 2.721850593050327838e-01 5.608258017623947954e-03 1.537235161331446579e+04 2.981945781864955279e+03 1.969360107601247364e+03 9.783250284495921545e-02 1.456216162688898294e+04
3.519374105778993230e-03 1.524010350062254583e+06 4.509449422051899601e+05 4.024995082837271038e+05 1.604988684841142932e-01 1.464310320435991744e+06 2.020661432860376064e-25 1.372569722815316307e-25 4.145354222575459100e-26 2.495175989559209329e-01 1.447178749164291945e-25 5.908633723232918807e-03 3.561658892694363407e-03 2.373644650683603627e-03 2.592661580980540892e-01 5.232713587555646445e-03 1.291727363052651708e+04 1.773362086318407819e+03 8.638978605245501967e+02 1.130903564945839601e-01 1.149609628031699140e+04
6.115971237701829134e-03 4.556825701198701863e+05 1.667581532919282326e+05 1.266913206368512474e+05 1.649680340842809567e-01 4.402254926835012157e+05 2.074311021112743069e-25 1.531359975817956000e-25 3.346459119569843396e-26 4.589710137146219560e-01 7.045666263484386439e-26 4.280795047196599493e-03 2.635176197558212335e-03 1.470095194400759635e-03 2.619169720724279782e-01 3.514919990997223548e-03 3.811273094341321121e+04 1.688395314756767038e+04 2.104403939809444637e+03 3.868384529828819418e-01 1.284747046070864053e+04
1.062833988548557602e-02 1.544045185096827045e+05 9.846526633539373870e+04 4.373847533877633396e+04 2.050546797361511853e-01 1.325677405210999714e+05 2.004141145967553618e-25 3.012334657387270655e-25 6.388966416617236890e-26 4.624258586981669361e-01 1.016279460419075671e-25 2.535799933353382468e-03 1.759142092179047379e-03 8.710253170456302985e-04 2.688848575310189837e-01 2.005244851340095853e-03 1.072723067904262280e+05 1.228135767574096681e+05 3.333235827982501360e+04 4.557006047239287039e-01 5.352192736090515973e+04
1.846993786122688719e-02 4.803152531943548820e+04 3.936749169096894911e+04 1.333115223467280157e+04 2.511408169576220817e-01 3.864513136947326711e+04 1.497944507827024351e-25 1.224542537806027048e-25 6.018660229096077097e-26 3.321074724608341633e-01 1.108464164476441373e-25 1.480639701222592102e-03 1.219397292886720188e-03 4.716904019369742417e-04 2.852734026280138169e-01 1.076964382468721323e-03 2.516082280501151108e+05 2.138113681558032113e+05 1.099070912972848164e+05 3.426076206673948632e-01 2.025326796951014840e+05
3.209707332218952880e-02 1.639656356445051279e+04 1.238304163300074833e+04 5.293418754489703133e+03 2.673268090170511924e-01 1.286050935464424583e+04 7.605693400968040740e-26 6.047465102060972513e-26 2.106837918879912644e-26 2.830957644913004168e-01 5.422821043982184907e-26 8.181621190476466229e-04 5.435337665825211093e-04 3.584848265975873667e-04 2.822464823205499962e-01 6.895972973785919301e-04 3.802414370235598763e+05 3.464643030082586920e+05 1.485105689476685948e+05 3.082585512413242301e-01 3.001783656806208892e+05
5.577832061973046762e-02 5.441501179040660645e+03 3.368550770912468579e+03 1.847020457906654428e+03 1.983889367529059755e-01 4.824726586880984541e+03 3.813585384981155541e-26 3.026966225789833809e-26 1.172909946664707094e-26 2.704818363102848289e-01 2.941955668257482982e-26 4.781617052834119183e-04 2.885768236796248010e-04 1.992575315108292388e-04 2.803382160389198408e-01 4.066677377799464443e-04 4.723103521544418181e+05 2.878440265197218396e+05 1.172281080357128521e+05 2.072877004906050480e-01 4.045391639518965967e+05
9.693161179921591653e-02 2.260555357471636853e+03 9.867832920796690814e+02 8.115357118796939631e+02 1.653564447095411116e-01 2.175186158449831055e+03 1.613870441590851156e-26 1.187538750216816017e-26 5.297601408626967538e-27 2.817890036462394332e-01 1.196466666064858551e-26 3.188095177552864286e-04 1.681184572775799835e-04 1.239336182160544197e-04 2.541671632893355293e-01 2.758624893676159110e-04 4.469170379420349491e+05 1.839272314444973599e+05 1.090790250509668258e+05 1.715228437225504166e-01 3.929234680780310882e+05
1.684478353166902198e-01 9.412092725618663280e+02 4.172832301492734359e+02 3.578938722383898039e+02 1.894300538896938335e-01 8.778280503496606570e+02 6.266938288296921580e-27 4.984148629818386906e-27 1.784246843579980952e-27 3.553945775247856487e-01 3.753519742563441470e-27 2.324965048229945825e-04 1.817354556070911243e-04 7.506803976329657138e-05 2.470253326911926728e-01 1.854423772743573620e-04 3.703127404930138146e+05 1.705703753486555652e+05 8.989682984851844958e+04 1.895004431124737154e-01 3.138069761456573033e+05
2.927287878143824407e-01 3.758946660125011476e+02 1.893231854256556517e+02 1.497178286986769535e+02 2.010276984829711955e-01 3.500647291167827007e+02 2.582576746083806137e-27 1.420930538920362466e-27 7.433565850844992823e-28 4.249513771781970872e-01 1.154264036297555692e-27 1.943987778140828947e-04 1.389172668837897651e-04 7.205533843058047603e-05 2.661069896193400952e-01 1.619061356127224588e-04 2.939006341325485264e+05 1.053675656764709274e+05 8.471697003081583534e+04 2.377060381613175510e-01 2.306244891918022186e+05
5.087043300626336029e-01 1.594445819053401294e+02 8.420685330239633970e+01 4.718661790311503523e+01 2.216842620998682178e-01 1.278775865112070136e+02 2.007548429675629548e-27 6.210641504627514102e-28 1.987020652567520352e-28 5.299304074102177964e-01 3.049838130018380353e-28 1.467612463138493622e-04 1.202963914510875700e-04 5.862705247572016636e-05 2.996602983234961659e-01 1.195041211057456165e-04 2.891096838738647639e+05 1.651043600841106090e+05 6.364288212871547148e+04 3.262294376260381767e-01 1.555207178483527678e+05
8.840268063712417579e-01 8.996627950713414634e+01 6.043447452361543526e+01 1.972385260751441649e+01 3.125803320939924412e-01 5.388260798377609717e+01 1.961483672412971685e-27 8.548266615329130129e-28 6.170734079508449962e-29 7.945853498684986027e-01 9.195182969447940873e-29 1.586129728782845574e-04 1.842165511596530322e-04 5.565838611067818072e-05 5.453505944330311328e-01 8.207315914160515211e-05 3.865658368913253071e+05 3.063947155269647483e+05 5.662210030356181960e+04 4.948527230187719228e-01 1.183874512882434210e+05
1.536262516748606588e+00 5.276772607869696685e+01 5.937838315560014024e+01 1.517064203483640483e+01 3.141158503795603019e-01 3.491373444153754946e+01 1.008359871431960608e-27 8.345137093583738687e-28 6.958704910593380528e-29 8.886604519154552850e-01 8.530892840619607255e-29 1.843969210663240423e-04 2.980763013225429638e-04 9.147265778668397574e-05 6.635040444973641094e-01 1.185678445653459814e-04 4.863187583756850800e+05 5.916748857741481625e+05 9.644798602032072085e+04 5.835849235732372131e-01 1.505366250149914122e+05
