# R (Mpc), mean rho (Msol/kpc^3), errup (Msol/kpc^3), errlow, std, median rho (Msol/kpc^3), mean pth (Msol/kpc/s^2), errup(Msol/kpc/s^2), errlow, std, median pth (Msol/kpc/s^2), mean gas-mass-weighted metal (fraction), errup, errlow, std, median metal, mean gas-mass-weighted temp (K), errup, errlow, std, median temp  
#  nprofs 88, mean mh 218319465111.517670, median mh 210800406794.632568 
#  Mass range 11.00 - 11.5
6.706029110378903786e-04 6.790914591125172377e+07 6.101834193056859076e+07 3.813132095445530117e+07 3.895660548379797361e-01 5.467197913835501671e+07 1.602892843886815831e-22 1.024593059927132050e-22 3.481498588810200171e-23 6.837101432923153865e-01 4.449381792736834234e-23 3.265288273284002590e-02 8.989705794534542938e-03 8.199588050291986563e-03 1.267522634441867746e-01 3.160206207752214169e-02 4.467815069558634423e+05 2.123899739826078439e+04 1.927963288981034930e+04 5.929195815305814410e-01 4.863828438920874760e+04
1.165374294563389359e-03 3.035691942641980946e+07 1.479185889550210536e+07 1.460193651204771362e+07 2.726225758158937196e-01 2.871451225116758049e+07 5.805774522645468299e-23 4.423078709731708193e-23 1.258731271280663592e-23 5.654376697902387949e-01 1.860789676320941693e-23 3.213905019840667537e-02 6.905922977824142939e-03 9.213122288833013734e-03 1.242242879265458150e-01 3.255638278317778134e-02 2.737387783088871511e+05 3.255701930657391495e+04 1.247297125644011976e+04 5.210324035100361018e-01 3.888531167157262098e+04
2.025188414895478031e-03 1.431987149533203430e+07 8.273552996438281611e+06 5.242025768741386943e+06 2.430347783695701036e-01 1.306512954783499800e+07 1.366202332556913993e-23 8.079909803798329298e-24 2.845812178338135233e-24 4.681038649001016960e-01 4.995559272617030262e-24 3.105494318078615840e-02 9.039218918134021841e-03 7.126903257545343096e-03 1.353865673501503941e-01 3.009094087322602973e-02 5.197553688481020799e+04 1.224200976329694822e+04 7.976068083516445768e+03 2.951626424529905091e-01 2.786936245869947743e+04
3.519374105778993230e-03 4.395950989537401125e+06 2.892088966866321862e+06 1.528064921520544682e+06 2.315059469427295791e-01 3.669034731867652386e+06 1.413364040912010753e-24 1.251882704088035790e-24 5.595057491703909403e-25 3.570022185034505968e-01 9.771312023382510274e-25 2.710352873375300106e-02 7.604490303115267469e-03 8.817808541402086253e-03 1.690779490151288755e-01 2.719097916815654131e-02 2.239272474437575875e+04 9.072375105813494883e+03 4.886702672223244008e+03 1.853390482549616969e-01 1.856454323666738128e+04
6.115971237701829134e-03 1.316402100332895527e+06 7.173501359018427320e+05 5.899666285538009834e+05 3.708211215949901995e-01 1.226294554659047164e+06 3.727538993018174514e-25 2.383595931014366888e-25 1.425391311552937912e-25 3.204637268293538122e-01 2.710374242547686899e-25 1.834130034681717009e-02 6.436858961421917935e-03 6.751229799501472922e-03 2.062458589229922701e-01 1.737276833238003693e-02 3.204003041677395595e+04 1.478212222016901433e+04 5.687359501341583382e+03 3.068425920531960838e-01 1.739769488646670288e+04
1.062833988548557602e-02 5.129397634976170375e+05 2.090028863391585182e+05 2.411104465440477361e+05 3.396105493686328303e-01 5.134492162669048412e+05 2.165441864574706474e-25 1.563768219724436087e-25 1.016787523025027833e-25 3.406947268398438644e-01 1.781457123575963495e-25 1.125878716093343251e-02 4.418170681468191682e-03 3.255244849722329845e-03 1.959034657147244451e-01 1.016102260816903989e-02 3.852456339990637935e+04 2.044434833283659100e+04 1.339936541939006383e+04 3.074900940829671248e-01 2.704853565479248209e+04
1.846993786122688719e-02 1.471965497634354688e+05 6.710916926013043849e+04 6.290816975398195791e+04 3.038298128233400952e-01 1.459626874872419867e+05 1.162713207695447718e-25 7.724648162408013094e-26 5.011499065519785695e-26 3.013870790546024914e-01 9.715676266504478508e-26 7.984320580997218697e-03 3.905788467567943012e-03 2.612708723762308810e-03 1.987259462143069200e-01 7.279211226185541492e-03 6.762686203946649039e+04 5.369746346328766231e+04 3.015723445152793283e+04 3.129957621111851274e-01 5.353686209225185303e+04
3.209707332218952880e-02 3.285690542438384728e+04 1.866018009905338113e+04 1.376717829242621156e+04 2.506539751137991656e-01 3.171068421413424949e+04 5.221699942528533991e-26 2.963755625560003705e-26 2.219419755084468300e-26 2.744373720461810717e-01 4.559030071789849340e-26 5.809791509183756704e-03 3.946313419831263408e-03 1.796080411899509972e-03 2.154305547974283974e-01 4.949325733282095713e-03 1.328965110468981147e+05 1.022882974805235281e+05 6.521485016771918163e+04 3.187791614736315005e-01 1.087939632497790444e+05
5.577832061973046762e-02 7.694089156175085009e+03 2.675876223163735631e+03 2.370757353699121268e+03 1.941797198299620164e-01 7.332481317406633025e+03 1.947636217600429693e-26 1.060631731610687473e-26 7.825926116579755673e-27 2.516645942811818193e-01 1.761735856654783119e-26 3.609270085586706051e-03 2.209396141164453146e-03 1.036944157927187533e-03 2.171997771606540562e-01 3.025892592524076323e-03 1.771117029312670929e+05 1.078570272083110758e+05 5.356304524017000222e+04 2.143612524150627641e-01 1.561914101057433290e+05
9.693161179921591653e-02 2.466236810692431391e+03 7.436725469096277266e+02 7.356270082021665075e+02 1.805062428015711262e-01 2.392190221240084611e+03 6.844122966475846910e-27 4.377303851278199842e-27 2.506920041343533681e-27 2.461547417518531455e-01 5.804477289055749249e-27 2.231417124157535244e-03 1.024218637878430115e-03 1.054145680543489005e-03 2.795505709900023006e-01 2.055362830412992524e-03 1.880490441981087206e+05 6.833790514981158776e+04 4.806224999321866198e+04 1.683700610003782128e-01 1.683941738717199478e+05
1.684478353166902198e-01 9.154996043458435224e+02 3.713957548519392731e+02 2.995718441937389116e+02 1.837286083658624947e-01 8.634826653771237943e+02 2.377309739169698236e-27 2.019848269920362585e-27 9.708970593806970034e-28 3.167638995574532657e-01 1.788506977830971082e-27 1.429020040216535427e-03 1.000405791459937303e-03 5.057951218016552061e-04 3.086038752076280534e-01 1.168820329713090266e-03 1.669766836469302070e+05 6.884643079896300333e+04 4.675530636901073740e+04 1.989503172248746898e-01 1.411409517391755362e+05
2.927287878143824407e-01 3.374673395861266272e+02 1.833296741486872179e+02 8.803766074086891535e+01 1.812878927817356545e-01 2.978873078196689903e+02 9.174884076060579462e-28 9.652763271356418483e-28 2.522920329498921890e-28 4.140541645969308959e-01 4.861470075934511445e-28 1.084557659675883462e-03 8.565858957329536153e-04 4.056619693424072092e-04 3.674740850289838767e-01 7.931131002237033810e-04 1.572813371018256294e+05 1.301007129016561958e+05 3.455327321991913777e+04 2.724719285602733021e-01 1.084631650050526077e+05
5.087043300626336029e-01 1.531656111578583648e+02 1.479212941121937774e+02 3.837381524005520816e+01 2.332306459823068057e-01 1.173376327394533263e+02 5.402858495006840186e-28 1.085147987467928172e-27 1.008534134467412067e-28 5.901252816442471572e-01 1.559758188942993599e-28 1.053584237177878019e-03 1.878709652655375598e-03 4.089315111323557519e-04 5.320014427011283686e-01 5.589252600539197429e-04 1.698913829985764169e+05 2.431411269588873256e+05 3.797141868758583587e+04 3.881668429166977297e-01 8.341269653934321832e+04
8.840268063712417579e-01 8.532057936808466536e+01 8.679842790985271961e+01 2.401061979438210159e+01 2.721922400294881639e-01 6.236223057367364220e+01 4.052466484339912573e-28 7.145944721805325403e-28 7.287259826468777866e-29 7.375979096925278089e-01 8.914469582309104420e-29 1.062254795448207409e-03 1.481947026760721195e-03 6.524376491029483267e-04 7.911576776505739872e-01 7.172981211937333283e-04 1.924693107655311760e+05 3.126735433516977937e+05 6.933343301006202819e+04 4.914224979655610337e-01 9.737391279787203530e+04
1.536262516748606588e+00 5.229387052725275709e+01 4.545856077273322171e+01 1.838121152627075716e+01 2.491570967215142596e-01 4.354017493272895933e+01 2.263649396867611583e-28 5.486357739886827060e-28 7.000224627149341542e-29 7.282747426168079130e-01 8.170200421151235943e-29 1.114161471866188932e-03 1.062172364164147304e-03 8.653430379636435936e-04 6.123956285250232723e-01 1.029098828434122943e-03 2.013071196139708918e+05 3.091059133236759226e+05 1.008164499283831537e+05 5.032236679819293013e-01 1.299033055950137787e+05
