# R (Mpc), mean rho (Msol/kpc^3), errup (Msol/kpc^3), errlow, std, median rho (Msol/kpc^3), mean pth (Msol/kpc/s^2), errup(Msol/kpc/s^2), errlow, std, median pth (Msol/kpc/s^2), mean gas-mass-weighted metal (fraction), errup, errlow, std, median metal, mean gas-mass-weighted temp (K), errup, errlow, std, median temp  
#  nprofs 170, mean mh 215799569032.450653, median mh 208327980194.978516 
#  Mass range 11.00 - 11.5
6.706029110378903786e-04 1.182995814974389598e+07 4.059581424376964569e+06 3.478814182433870621e+06 1.799191717809972280e-01 1.066885432759657316e+07 1.575673963886791200e-24 1.192968223027411418e-24 3.882858248271474464e-25 2.503845506189757986e-01 1.161544824980468592e-24 1.651110063033860587e-03 1.017772607680557471e-03 9.161655997699472836e-04 4.405642962046836253e-01 1.405571966122458934e-03 1.350150786377072836e+04 3.089318999495713797e+03 3.133057151420520313e+03 9.629803552517354759e-02 1.328329493889364312e+04
1.165374294563389359e-03 4.589521265871263109e+06 2.295118282714595087e+06 2.069557747586471960e+06 2.473925656617913804e-01 4.286612652293800376e+06 6.094873585558065945e-25 5.368760559479462821e-25 2.386497465659476764e-25 3.432549802000645078e-01 4.454446906121128749e-25 1.601789219633687270e-03 1.028663253575554624e-03 8.217946796687445026e-04 3.715311316650020679e-01 1.409761134936425141e-03 1.322929455910536308e+04 3.671525279962066634e+03 1.814490246882769497e+03 1.117043301126257604e-01 1.254156670003945146e+04
2.025188414895478031e-03 2.774374057320517488e+06 1.078169523548516911e+06 9.693246474951314740e+05 2.233896545811648870e-01 2.713294709734887816e+06 3.018419340015636271e-25 1.364426808764861353e-25 1.178631785169557166e-25 3.128616552786857574e-01 2.719702565108729580e-25 1.540735575688791451e-03 1.105392399160032898e-03 8.298786946144448866e-04 3.836557909186577020e-01 1.408489295515322464e-03 1.225069716581811372e+04 1.817596987551467464e+03 1.623384200556794895e+03 1.402656495255105995e-01 1.194793662092254453e+04
3.519374105778993230e-03 1.252869693505902076e+06 4.137236241585435346e+05 2.666349138977655675e+05 1.353988508931484314e-01 1.190794235883361194e+06 1.478668531457673788e-25 4.149945554935273551e-26 2.764789532833936373e-26 2.254877730763656385e-01 1.077779767498578392e-25 1.385537250202422419e-03 1.078232296371104022e-03 7.078133845391725932e-04 3.792502645047496901e-01 1.241011073699740518e-03 1.230030012927954158e+04 8.722197545727613033e+02 7.595750870216979820e+02 1.268071739453651980e-01 1.096345710419991156e+04
6.115971237701829134e-03 4.686007796691507101e+05 1.952573385067791096e+05 1.274508484358727001e+05 1.570320503707021975e-01 4.392762047664631973e+05 1.243619966696431543e-25 2.461867825473808519e-25 1.241952972452790580e-26 4.023866133651801125e-01 4.760027324092189368e-26 9.895428656015252920e-04 6.458412380038200742e-04 4.942933183957984745e-04 3.514415181598006810e-01 9.133318358114108325e-04 2.332831912212804673e+04 2.805458168914788257e+04 1.293982791913816982e+03 3.255917964210373605e-01 1.113768029681694316e+04
1.062833988548557602e-02 1.952956197593334073e+05 1.106919596793802339e+05 5.886120518561582139e+04 2.086004433162095550e-01 1.721941895537057426e+05 1.290150396271999392e-25 9.230005883807823904e-26 7.024590355379987540e-26 3.548514614338851292e-01 1.074920777523231439e-25 5.974807876169114206e-04 3.304104707091471728e-04 2.896761942707051503e-04 3.262552978606361176e-01 5.627217141833515315e-04 5.614928062272757961e+04 3.956855367277851474e+04 2.454242342907492275e+04 3.383024451039149949e-01 4.272717945086380496e+04
1.846993786122688719e-02 6.894176526124843804e+04 3.925413885264172859e+04 3.410555381802801276e+04 2.635695527709991937e-01 6.340326926805994299e+04 7.012790934559674208e-26 4.691638930979378540e-26 2.775206635570830001e-26 2.624841512534147325e-01 6.124163207019296758e-26 4.148188025019446828e-04 2.350335526890464906e-04 2.301450735292725818e-04 3.356516217988835815e-01 4.073265418491242270e-04 9.325436482622358017e+04 8.789989889367081923e+04 3.250770381852796709e+04 3.087462840336719916e-01 6.760613667020722642e+04
3.209707332218952880e-02 1.455307744780783833e+04 7.689769965265964856e+03 6.546532347639617910e+03 2.362421928768628498e-01 1.331866393168789000e+04 3.132643372875926033e-26 2.063245875853902969e-26 1.085568823735123009e-26 2.298140388265406120e-01 2.684716990568090766e-26 2.878497163970189249e-04 2.051600436474118778e-04 1.455146023077633056e-04 3.522817646433447636e-01 2.506136188074754834e-04 1.758590199747990118e+05 1.135343716608870309e+05 5.753105921573420346e+04 2.555646413500645697e-01 1.449175283454665914e+05
5.577832061973046762e-02 3.764523493024976688e+03 1.490207698666630677e+03 1.071725599247405171e+03 1.628100689057584149e-01 3.514247227440424467e+03 1.432239822097413357e-26 7.398666942436909328e-27 4.798033937912719080e-27 2.295222466868150069e-01 1.204319547366735748e-26 1.888306633704677623e-04 1.278380525003084268e-04 9.100875653138469114e-05 3.541802385537064501e-01 1.591179302816505018e-04 2.628915336997836130e+05 1.008403374196297373e+05 6.815633208600492799e+04 1.749583839538884078e-01 2.330348881080984138e+05
9.693161179921591653e-02 1.383810831451765580e+03 5.270567040036492017e+02 3.553545229136958596e+02 1.478955361431007198e-01 1.302691548060287232e+03 5.510438907331573091e-27 4.044126894683497593e-27 1.808571183292182391e-27 2.788583186049632956e-01 4.040631273065068072e-27 1.344952907787320040e-04 9.153120402679419969e-05 6.305179886402761252e-05 3.187906599762964088e-01 1.158647864827277264e-04 2.652194293113591266e+05 1.275385333276229212e+05 4.570750783980000415e+04 2.031920596902135612e-01 2.008629589727948187e+05
1.684478353166902198e-01 5.155749665298308173e+02 2.431410305493626538e+02 1.424871122876078289e+02 1.686402224489738366e-01 4.641600970177166801e+02 2.342015621778696775e-27 2.938309525276623492e-27 5.372103895826831166e-28 4.253212454334042159e-01 1.081497399366485172e-27 1.013157535662704206e-04 6.312727514638089270e-05 4.554453931572212980e-05 3.375800302508909501e-01 8.498875155936365952e-05 2.633788203047136776e+05 2.565841481408297259e+05 3.896503039671454462e+04 3.045716725787342427e-01 1.482941050017213856e+05
2.927287878143824407e-01 2.228869859840146432e+02 1.516359228292635635e+02 5.492877556399268713e+01 2.455461174295233695e-01 1.661118526469519452e+02 1.418056896936496453e-27 2.375712457642548057e-27 1.748714953292359543e-28 6.165619511242044215e-01 2.863576346510892955e-28 1.144546741143942281e-04 7.231098392890413602e-05 3.373649464135655766e-05 4.638985019652836495e-01 6.121163353607606515e-05 2.819573865536813973e+05 4.421071188428516616e+05 5.002242891712482378e+04 4.109760200283637532e-01 1.165854946976120700e+05
5.087043300626336029e-01 1.211034589918634623e+02 1.154509538030596900e+02 3.543761077033227025e+01 3.347403534571891104e-01 7.490709142794966624e+01 1.177198585471735194e-27 1.566892869916878658e-27 1.046541792843018954e-28 8.088775637415772657e-01 1.340116605106816176e-28 2.795150484932021123e-04 4.344562183342728641e-04 3.036265838353705888e-05 8.742589833792554499e-01 3.871715771530959149e-05 3.311970879305748385e+05 4.486628466721949517e+05 7.815792349425784778e+04 5.048768823071555500e-01 1.265745791778773564e+05
8.840268063712417579e-01 7.403790218277664792e+01 8.882711397315250679e+01 2.042803977929395032e+01 3.906769705571813134e-01 4.051346726092319983e+01 1.330257285826083573e-27 1.675681889516248102e-27 7.754868285810722549e-29 1.001416630549028852e+00 8.870297761130407663e-29 4.459130232715205456e-04 8.847735284377122563e-04 5.100341409891151880e-05 1.297105583049528388e+00 5.389658013289291025e-05 4.882746346857781173e+05 7.418295173974308418e+05 9.847016566433754633e+04 6.334502186849886307e-01 1.365370805588784860e+05
1.536262516748606588e+00 5.736725916421817573e+01 4.653196685230378193e+01 2.452595579648744106e+01 3.882773978365717249e-01 3.849216443117452968e+01 2.190264536140415793e-27 1.459732026298467213e-27 1.330612732813889850e-28 1.070811155212080479e+00 1.423160127725187343e-28 7.377450809847375165e-04 1.517419944603794809e-03 2.973306725083602530e-04 1.059996701133572472e+00 3.114591325676789894e-04 8.398830211354995845e+05 9.259769568803537404e+05 2.220401481778853631e+05 6.961418908732622812e-01 2.647680902011747239e+05
