# R (Mpc), mean rho (Msol/kpc^3), errup (Msol/kpc^3), errlow, std, median rho (Msol/kpc^3), mean pth (Msol/kpc/s^2), errup(Msol/kpc/s^2), errlow, std, median pth (Msol/kpc/s^2), mean gas-mass-weighted metal (fraction), errup, errlow, std, median metal, mean gas-mass-weighted temp (K), errup, errlow, std, median temp  
#  nprofs 227, mean mh 533161226795.807739, median mh 472293030112.568787 
#  Mass range 11.50 - 12.0
6.706029110378903786e-04 4.558007404838535190e+07 4.357472244270054996e+07 2.455686184074548632e+07 3.657635775402363065e-01 3.647253089308506250e+07 3.039895140332055997e-23 3.742366387551351542e-23 1.260200303793354571e-23 5.624537336742498894e-01 1.560256824084710513e-23 1.827157299422176723e-02 1.269339145325069571e-02 8.545624289148342351e-03 2.831667065320216392e-01 1.646071619656033422e-02 3.842010708246246213e+04 1.424677489958018123e+04 1.353114276091039574e+04 2.052304578704541582e-01 3.302643720803110773e+04
1.165374294563389359e-03 1.871731796653905883e+07 1.202635850040959567e+07 9.998239348217561841e+06 3.315165314059691504e-01 1.718148274391958490e+07 1.149765614715775843e-23 8.204843077135041501e-24 4.194409445340327334e-24 5.609385732123088886e-01 5.683984769409590270e-24 1.522343443231130924e-02 1.213925235874971365e-02 7.383020787903430554e-03 3.179651061578983029e-01 1.321906016392745270e-02 3.519757270040847652e+04 1.110188824994998140e+04 7.204950068484722578e+03 2.293958064573820288e-01 2.416374495111361466e+04
2.025188414895478031e-03 7.757182408247128129e+06 4.163149201719188131e+06 3.257013653336309828e+06 2.321184276846601224e-01 7.272165441269646399e+06 2.962885677845447379e-24 2.025216397786676147e-24 9.635975527151872393e-25 4.188332035998877378e-01 1.617389182614619468e-24 1.380336332880927226e-02 1.157810378821271489e-02 6.352749902458900561e-03 3.127344481668403731e-01 1.173951269163316276e-02 2.192996568314207616e+04 6.129545133241183066e+03 3.838106672722311487e+03 1.587155479719740692e-01 1.840468949775689543e+04
3.519374105778993230e-03 2.924335300558974501e+06 1.622990243679169100e+06 7.378855349847378675e+05 1.876502331428450687e-01 2.491572021666175220e+06 5.854161815817361037e-25 5.830805283844386249e-25 1.915501242751129873e-25 3.580087687253193929e-01 3.707059794016873877e-25 1.060352011180840971e-02 7.611769603965951037e-03 4.174482079399645038e-03 2.967034994446003382e-01 8.752407890448621330e-03 1.556722760561936047e+04 4.636967395242674684e+03 2.812556934529389764e+03 1.312167044115027104e-01 1.407272842559228229e+04
6.115971237701829134e-03 1.346171859771296848e+06 8.517653463600908872e+05 5.397673188433689065e+05 2.306950504204909880e-01 1.175191825744040543e+06 3.614528852769452950e-25 4.607083436126488029e-25 1.833080835989133888e-25 4.344041006558689300e-01 2.497113634264287571e-25 7.018140029583863106e-03 6.426364328760880880e-03 2.395413598977297765e-03 3.094540027029462070e-01 5.132561395663281546e-03 2.075484452720301124e+04 1.528111943736899593e+04 5.759736690895042557e+03 2.319355351441264312e-01 1.599657980581117408e+04
1.062833988548557602e-02 4.975645493527189828e+05 2.995042164603075944e+05 1.759280899761214387e+05 2.331281731092580412e-01 4.511360296948067844e+05 3.638838352093817302e-25 3.209323057254460454e-25 1.979521558522185526e-25 3.683854114069465280e-01 3.065354492975730135e-25 4.847354609922964463e-03 4.828074728400601895e-03 1.678623874315002523e-03 3.341733158475803100e-01 3.400525342969484138e-03 5.837831789428975753e+04 4.961743111730954115e+04 2.161074167971487623e+04 3.040723959046995883e-01 4.532079099420982675e+04
1.846993786122688719e-02 1.132034139706296410e+05 5.106651810561699676e+04 4.526053175958264910e+04 2.133045478823402952e-01 1.058988694561528682e+05 2.609806960448870591e-25 2.388946446799583658e-25 1.103577732000457573e-25 3.081867848230692708e-01 2.099744989358287305e-25 3.429559172766974764e-03 3.237940640480067335e-03 1.293798645702708182e-03 3.416901714140632151e-01 2.467114270340166338e-03 1.736802240733622748e+05 1.430110719352590677e+05 8.183796947889808507e+04 2.976105512052971691e-01 1.492427055014475191e+05
3.209707332218952880e-02 2.410426295510844284e+04 1.203044746945340012e+04 9.387213343400859230e+03 1.890966566422298545e-01 2.280650149782372318e+04 1.222024958851685763e-25 1.055909613568447183e-25 4.410337557338064198e-26 2.727247173789325574e-01 9.632307254406502101e-26 2.325449438461406337e-03 2.664710148221808780e-03 8.950214262584843148e-04 3.707408090248085486e-01 1.644187971519567347e-03 3.426488025628278265e+05 1.777978692344825249e+05 9.887983608187720529e+04 2.064104224105093033e-01 3.076873371205937583e+05
5.577832061973046762e-02 6.561750370704600755e+03 2.997642086056876906e+03 1.769614676829173732e+03 1.596190802232891059e-01 6.014264231553296668e+03 5.171211635883705389e-26 4.599143039173578646e-26 1.399995016914143312e-26 2.613293947191675515e-01 3.769868776565432062e-26 1.029764563587756178e-03 1.024528864991189380e-03 3.352504550635062902e-04 3.551981773434716438e-01 6.959230093062181068e-04 5.036066311435272801e+05 2.010175699389689835e+05 1.269439631017565844e+05 1.568798192449593620e-01 4.682336460751506966e+05
9.693161179921591653e-02 2.254400561784243109e+03 1.026558946288822426e+03 5.614586786778377245e+02 1.481412942532753518e-01 2.069708306418798657e+03 1.601488170323346040e-26 1.521725006589219678e-26 5.306896412479865954e-27 2.656657530250034482e-01 1.225620389685134891e-26 3.402399305726029632e-04 1.956340385961323437e-04 1.012511248557923548e-04 2.472417285271352461e-01 2.719095270972739513e-04 4.604466160585532198e+05 1.767434689132546773e+05 1.126995996679027448e+05 1.720052670266377925e-01 4.016151004541768925e+05
1.684478353166902198e-01 6.591290807985815263e+02 2.933021859978516659e+02 1.660211310643522893e+02 1.589965331220889178e-01 5.929844281833130708e+02 4.508822111167833390e-27 3.824604285887002244e-27 1.535364759149246611e-27 3.717234433740332356e-01 2.792760574821588014e-27 1.639065348941584383e-04 9.340572851319959950e-05 4.075512613953990613e-05 2.604120777706981915e-01 1.251327902631306716e-04 4.019814789836680284e+05 2.190809509309793357e+05 1.069379261608509987e+05 2.529011734707158898e-01 3.003651837556801038e+05
2.927287878143824407e-01 2.206894229527412392e+02 1.933050043974241703e+02 5.123462304881019236e+01 2.532598457961777183e-01 1.607419244116633763e+02 2.106207525626552632e-27 2.713450462297053702e-27 2.701257448324054444e-28 5.922658815604353588e-01 4.537915647404413564e-28 2.225316327222563847e-04 2.000454172474419058e-04 3.216986202873265978e-05 5.343914304482334510e-01 5.869232419678436071e-05 3.912438209009449929e+05 4.480229260151144117e+05 7.551263200675127155e+04 3.657876151361281192e-01 1.925213060082081938e+05
5.087043300626336029e-01 1.213773954295142232e+02 1.187715866625752028e+02 3.590525207903177574e+01 3.420221770629849334e-01 7.296115700731292009e+01 1.964977265288501127e-27 1.829519590639408308e-27 1.276390542816315785e-28 8.095103945540167434e-01 1.706648528391666475e-28 4.317196029797220930e-04 7.121224438780208565e-04 7.953363973619922175e-05 1.032472859138428678e+00 8.502047852381829009e-05 4.167788129195329384e+05 5.425356072866811883e+05 9.156153895949615980e+04 4.874621352770157068e-01 1.562364189954002504e+05
8.840268063712417579e-01 7.814091086204244618e+01 6.939724411375229352e+01 2.128826135137341069e+01 3.528768043444180935e-01 4.377293151942578220e+01 2.399281348993347921e-27 1.180197789723849736e-27 1.042676117965429207e-28 9.131116152632955396e-01 1.224987004102046444e-28 7.185692929122894325e-04 1.406631612428844384e-03 2.412577960982244089e-04 1.244856249045148910e+00 2.566030782651737975e-04 5.448821551456243033e+05 6.135160795688104117e+05 1.171044469626908831e+05 5.770957260881225404e-01 1.715914810552298732e+05
1.536262516748606588e+00 5.086296957146012687e+01 3.809624301878333341e+01 1.618114730497644871e+01 3.407492576096943782e-01 3.225761426382120334e+01 1.649328550236275566e-27 1.014650716065603058e-27 1.165146076305554295e-28 9.621205278725571963e-01 1.302306048313727578e-28 8.065351395378943028e-04 1.057620700033737142e-03 5.928897124135497918e-04 8.315677277719214500e-01 6.399517258348966751e-04 7.702710233394713141e+05 8.110615277118992526e+05 2.135959651501720073e+05 6.332810965081594468e-01 2.689927879112717346e+05
