# R (Mpc), mean rho (Msol/kpc^3), errup (Msol/kpc^3), errlow, std, median rho (Msol/kpc^3), mean pth (Msol/kpc/s^2), errup(Msol/kpc/s^2), errlow, std, median pth (Msol/kpc/s^2), mean gas-mass-weighted metal (fraction), errup, errlow, std, median metal, mean gas-mass-weighted temp (K), errup, errlow, std, median temp  
#  nprofs 303, mean mh 217243341391.199310, median mh 209113720578.526337 
#  Mass range 11.00 - 11.5
6.706029110378903786e-04 2.935526269747622684e+07 2.571492759731231630e+07 1.223605558580203354e+07 3.197938678050440964e-01 2.207883950183308870e+07 1.261928868362682411e-23 1.377934642973629104e-23 4.833822894335119825e-24 5.122782709845058458e-01 6.682437302878581895e-24 1.382026628902431782e-02 4.280074418220642177e-03 3.808892387526125259e-03 1.787958562613314040e-01 1.349259827523485548e-02 2.557470142810143079e+04 1.262940102547547212e+04 6.733815566853802011e+03 1.809472001740217162e-01 2.314888033638144771e+04
1.165374294563389359e-03 1.255521286546158046e+07 8.323207833042778075e+06 6.457524336742443964e+06 3.099476340201911539e-01 1.106136874763322622e+07 3.720016771478736340e-24 4.048176472847596308e-24 1.770498309677216368e-24 5.307488970252040028e-01 2.408670470869191963e-24 1.354340726066103479e-02 4.468101231014941915e-03 4.219568896510390160e-03 1.777419728279279465e-01 1.323896934496339786e-02 1.951572357188236492e+04 6.706754905864159809e+03 5.006493207048595650e+03 1.931357653280207087e-01 1.851833284683478996e+04
2.025188414895478031e-03 4.475713800708921626e+06 1.914773592303104233e+06 1.625087056557867210e+06 2.233544792770824350e-01 4.151032083618538920e+06 7.508924625923341794e-25 5.779379710157719956e-25 2.779109128968273448e-25 3.418928735550304521e-01 5.339377778187133588e-25 1.341572949071294374e-02 4.666718403640097296e-03 4.089509645527580894e-03 1.788998615488596178e-01 1.298821036268893100e-02 1.440326055088188514e+04 3.157773741901251924e+03 2.073281602643974111e+03 9.415565394147831779e-02 1.386681803157378454e+04
3.519374105778993230e-03 1.269275313936307561e+06 4.523128001033701003e+05 4.132764764178259065e+05 1.732251459606941324e-01 1.214633267870816635e+06 1.658629106209630191e-25 6.938518680774574133e-26 3.479414191336442098e-26 2.385100311825336106e-01 1.095347593535477069e-25 1.290184547543540144e-02 4.477499742749834963e-03 4.162751486717564814e-03 1.823345771367394785e-01 1.259376036132232000e-02 2.543470283127484799e+04 1.448503629216691479e+03 1.222987837042463070e+03 1.593068224353066387e-01 1.099254327350892527e+04
6.115971237701829134e-03 3.299863627953417599e+05 1.191926627127855318e+05 9.559975907477916917e+04 1.990633438123189103e-01 3.129935621370024746e+05 4.976246737454743754e-26 2.188514397133093634e-26 8.083655680981413688e-27 2.182854984646515339e-01 3.551714670668653824e-26 1.168147396804611500e-02 4.297864164862762529e-03 3.996378179236472102e-03 2.017776773209559449e-01 1.127758804779467258e-02 5.237970887276533904e+04 2.029581411667215434e+03 9.971846924846340698e+02 2.366219095844884213e-01 1.109891423856545589e+04
1.062833988548557602e-02 9.801439816589893599e+04 4.422053292327362578e+04 2.677292258881311136e+04 2.021465200031334897e-01 8.732311219831864582e+04 4.148843970748856703e-26 4.589746642111606149e-26 4.055213454936683856e-27 3.674226008468643445e-01 1.727594086241280815e-26 9.438878335857601651e-03 5.198570359633924651e-03 3.320061135341939064e-03 2.301423371949083974e-01 8.520851255522149739e-03 3.577509218549531943e+04 2.308212734958749206e+04 4.149628828211201835e+03 3.192956530978567353e-01 1.616400496910292168e+04
1.846993786122688719e-02 3.605358867313418887e+04 2.239334218574959596e+04 1.406308751835486328e+04 2.870284851423882677e-01 3.130806389079249857e+04 2.908742679026931207e-26 3.042624537727604210e-26 7.702282060319741558e-27 3.748718279645877338e-01 1.560841413440387537e-26 6.329878288889494511e-03 4.443789351368607025e-03 2.179638809396664510e-03 2.614739809943845139e-01 5.282574241884698853e-03 1.727790080206648563e+05 6.248802448981444468e+04 1.302848986748595053e+04 4.161209793252648170e-01 3.367007204788672971e+04
3.209707332218952880e-02 1.012373733488553262e+04 6.456768505323470890e+03 3.825295584246849103e+03 2.558307478839296212e-01 9.023436244006154084e+03 1.869921204689510579e-26 1.306169978099822706e-26 6.135635487570255042e-27 3.037562732845880409e-01 1.319027728637170099e-26 3.800178656804522204e-03 2.563367995464569272e-03 1.398776523595797808e-03 2.772296595982571277e-01 3.108407961492931377e-03 2.644193887663647183e+05 1.303545979423483077e+05 4.364633973085686011e+04 4.078034288403278862e-01 9.243141030125311227e+04
5.577832061973046762e-02 1.854273911242443319e+03 9.177772941824896407e+02 5.354293854748493686e+02 1.894813762961403969e-01 1.680130320305369423e+03 1.127626787054043230e-26 7.247731142697951476e-27 2.911081078798839923e-27 3.366680403088411211e-01 6.760225122973586298e-27 1.926315665166585065e-03 1.457887278258318889e-03 6.737922080142970740e-04 3.319944916927132228e-01 1.383749135683900837e-03 5.151950310513226432e+05 2.323107102567957190e+05 1.014891960237442399e+05 3.426579606415902091e-01 2.570262465834566683e+05
9.693161179921591653e-02 6.553309786447426859e+02 3.580801876827994192e+02 2.184538509247821594e+02 2.013184351042349718e-01 5.927846043683172184e+02 6.982510500757735187e-27 5.476517175890975141e-27 1.289305213319279001e-27 4.640050529494504361e-01 2.486927707002743658e-27 1.020087083305121732e-03 9.316340666959430170e-04 2.729240217918734454e-04 3.510103548944125684e-01 6.141939058520388527e-04 6.746499516816078685e+05 5.461691188690415584e+05 8.348519981854915386e+04 3.901765976024253457e-01 2.565576025669824448e+05
1.684478353166902198e-01 3.144907185332412496e+02 2.328153303484739070e+02 1.026465537835598525e+02 2.505294044006020626e-01 2.551296650926992982e+02 5.033327176065116177e-27 4.299037832875163773e-27 5.881360252739246339e-28 6.499393534425473851e-01 8.730731093385027072e-28 8.177157170724773513e-04 7.383149946117691445e-04 2.444094918678670850e-04 3.342453828882370193e-01 5.488983221437454107e-04 7.099897193503222661e+05 7.352387904626153177e+05 9.702652408926544013e+04 4.778373300195820628e-01 2.165846443144398509e+05
2.927287878143824407e-01 1.875177351802409476e+02 1.960753312376969575e+02 4.966883946089497215e+01 3.346668894498232572e-01 1.133690212391506407e+02 5.018624842344832638e-27 3.483151542832072099e-27 3.986449379193013535e-28 8.490178388162499257e-01 4.809310098921902797e-28 9.392012814446218079e-04 1.177112094297871718e-03 2.964016464041960763e-04 4.205095227715489603e-01 5.384825604152791365e-04 7.950747725698110880e+05 1.182044840761934174e+06 1.459411874678046734e+05 5.682323152652318798e-01 2.263999149657478556e+05
5.087043300626336029e-01 1.314193848210114481e+02 1.305073853602361851e+02 3.539868624498139837e+01 4.227478573602913015e-01 6.382092184876822927e+01 7.342027731611375823e-27 3.322101803989874003e-27 2.596158265416490875e-28 1.035839155159822278e+00 2.843530372896708300e-28 1.043736114586208113e-03 1.599754127339263806e-03 4.733215920283885157e-04 5.588158049287283990e-01 6.155147406690647657e-04 1.006066398182758247e+06 1.265458543132901192e+06 2.578438948240164900e+05 6.470322736989203571e-01 3.175377432849365287e+05
8.840268063712417579e-01 1.031949740745856587e+02 8.750105259160196169e+01 2.988323359464223117e+01 4.855878704880409735e-01 4.496587004267573917e+01 1.117046090112964659e-26 2.897914692128485141e-27 2.195075990760343016e-28 1.182680129340917707e+00 2.307812566071020191e-28 1.204592652458507350e-03 1.160568891002865298e-03 8.523013291998823848e-04 6.176145767743833614e-01 1.034274720184649504e-03 1.366981331754288170e+06 1.585283192629535682e+06 2.973505047915751347e+05 7.193434360697102958e-01 3.514532282504652394e+05
1.536262516748606588e+00 6.628960293896052747e+01 8.199110736432399449e+01 1.961206871914662386e+01 4.566384284998843968e-01 3.207693791270809669e+01 6.287278934169016655e-27 5.061755994030031746e-27 1.964497192659526315e-28 1.160673322088658699e+00 2.133879069709180953e-28 1.353727738905553162e-03 1.086141318508720586e-03 6.727970297993204982e-04 5.405085937012357178e-01 1.190146268175448644e-03 1.762095356458819006e+06 2.603084270494390279e+06 3.360026300028996775e+05 7.182599674375331755e-01 4.214689996484965668e+05
