# R (Mpc), mean rho (Msol/kpc^3), errup (Msol/kpc^3), errlow, std, median rho (Msol/kpc^3), mean pth (Msol/kpc/s^2), errup(Msol/kpc/s^2), errlow, std, median pth (Msol/kpc/s^2), mean gas-mass-weighted metal (fraction), errup, errlow, std, median metal, mean gas-mass-weighted temp (K), errup, errlow, std, median temp  
#  nprofs 204, mean mh 546172615902.635803, median mh 492493702356.017029 
#  Mass range 11.50 - 12.0
6.706029110378903786e-04 5.466333249414802343e+07 3.613538447231513262e+07 3.644680184768283367e+07 3.580201224068118582e-01 5.143986770793423057e+07 4.359188223510375779e-23 3.573342976478550199e-23 2.254647401106001734e-23 5.612568328635270110e-01 2.725811914393771918e-23 2.092313125996284745e-02 6.473657820542391694e-03 7.336019856033573067e-03 1.864676609852479183e-01 2.087446708654223243e-02 4.792607009088811174e+04 1.326399701043617097e+04 1.432147140850792493e+04 2.258716780019305592e-01 3.752801874714920996e+04
1.165374294563389359e-03 2.323018721244927123e+07 1.357058897509240359e+07 1.032989380062207952e+07 2.941919351871908894e-01 2.136123516545283049e+07 1.567780611164770533e-23 1.250617689371073571e-23 5.009167277098563152e-24 5.284431809669191127e-01 7.595506120216139159e-24 2.052858917412855172e-02 6.534599636377633192e-03 6.880460515247622047e-03 1.892782479436582455e-01 2.042336203786867393e-02 3.967695328173283633e+04 1.167166570341066836e+04 7.950441409402399586e+03 2.486653218990871050e-01 2.696552617726627068e+04
2.025188414895478031e-03 7.873365273904023692e+06 5.319179107668437064e+06 2.255639227733625099e+06 2.290505166689443539e-01 6.527868329899000004e+06 2.596014173796155354e-24 2.635307154178121674e-24 6.778364994987929434e-25 4.255148976870071209e-01 1.249120407435422054e-24 2.040958519388101286e-02 6.534246158844222996e-03 6.825939594609788108e-03 1.896812794685608650e-01 2.032336658405545921e-02 2.099434676168883379e+04 8.224313802003816818e+03 3.287854189525947731e+03 1.658419496083977096e-01 1.715906489366563619e+04
3.519374105778993230e-03 2.109281219868577551e+06 1.478097200901058735e+06 4.882729058995265514e+05 1.976419460700185038e-01 1.730494414244833170e+06 4.440147850884707057e-25 4.144624474736044373e-25 1.123161374419217688e-25 3.671483520665827505e-01 2.321273988265810456e-25 1.934734737018069944e-02 6.642640622503644121e-03 7.213255452320693067e-03 1.990592987106283296e-01 1.925542606985574182e-02 1.538638895583290105e+04 5.016684844225434063e+03 1.509229536053493575e+03 1.561214759615874859e-01 1.217999257236097037e+04
6.115971237701829134e-03 5.490022196632173145e+05 3.116547806503654574e+05 1.138591184777804883e+05 2.179933024879358583e-01 4.433357944953971892e+05 1.753147856899000646e-25 1.506853345749649603e-25 4.260669080742731366e-26 4.012427776504144394e-01 7.933362848481254688e-26 1.697007584591415930e-02 6.785687429338192050e-03 6.930198473166511441e-03 2.191291908106820230e-01 1.703472622859183647e-02 2.520813491254170367e+04 1.292964144851028868e+04 1.385589678724163605e+03 2.752772266252491162e-01 1.219796951063752022e+04
1.062833988548557602e-02 1.621831592745977687e+05 1.036867473801325832e+05 4.580473587450390914e+04 2.376292988117294225e-01 1.353312373670960951e+05 1.430619556095860297e-25 1.615276473630917551e-25 3.165141095772242709e-26 4.972753110787468955e-01 5.087716370919125120e-26 1.270971748094800249e-02 6.449671253625647097e-03 5.630244710992509186e-03 2.474346281589701324e-01 1.232803436641516197e-02 6.745496377831490827e+04 5.976194087543716159e+04 9.294231217385098716e+03 4.225083260936902119e-01 2.313741406957482832e+04
1.846993786122688719e-02 5.254987720199656178e+04 3.234016567341719929e+04 1.832413941541844542e+04 2.666423998898569403e-01 4.511417186959199898e+04 1.028118775551762488e-25 1.271355206767060225e-25 4.230938077440103809e-26 4.517074613411204975e-01 6.236249020607739476e-26 8.107439058405854077e-03 5.467582297923048555e-03 2.861992379889820824e-03 2.635256357289859630e-01 7.333430842537438411e-03 1.652401351065873750e+05 1.798831434209903819e+05 6.076979059297453932e+04 4.370256490012820461e-01 9.215610431243304629e+04
3.209707332218952880e-02 1.422076636758872155e+04 1.041829750834764127e+04 5.446481558077019145e+03 2.824951361601373279e-01 1.194451876207982059e+04 6.083644001623514577e-26 5.626826327207949069e-26 2.506668931128821422e-26 3.394232821452261573e-01 4.466625753773188087e-26 4.660640349336992241e-03 2.658340031639548108e-03 2.064898579625912278e-03 2.512403400492898009e-01 4.350041059984612567e-03 3.739924068825442228e+05 3.640942418098124908e+05 1.773145344498265185e+05 3.766047617675233883e-01 2.807646416244314751e+05
5.577832061973046762e-02 3.739940580888539444e+03 2.264293393852538429e+03 1.330690945229454428e+03 2.342400147460759752e-01 3.260866090584738231e+03 3.015122241195225299e-26 2.580551271494890311e-26 1.230141594816845743e-26 3.000382504237332770e-01 2.368421787483002324e-26 2.209219854515719148e-03 1.500538374242669452e-03 8.089267328202469354e-04 2.660030241326025724e-01 1.865410447541914624e-03 5.660581842658100650e+05 3.507999050418367842e+05 1.907764690798389493e+05 2.221347853740005540e-01 4.836970512168739224e+05
9.693161179921591653e-02 1.473558271953810390e+03 8.393161254653857668e+02 4.752959937659497882e+02 2.050978734609160414e-01 1.330216257001359963e+03 1.238144516118100596e-26 1.163183614940632633e-26 4.322510763231640407e-27 3.131762230554616111e-01 8.936880184985295869e-27 1.072286592399909495e-03 6.826225500643316735e-04 3.726278800008670389e-04 2.615364868282792354e-01 8.853267036987792337e-04 5.345605929087928962e+05 2.624624365318054333e+05 1.925240082161801402e+05 1.832930631678243161e-01 4.955452816023156047e+05
1.684478353166902198e-01 6.124311812102677095e+02 3.764455701665219749e+02 2.123654066643582610e+02 2.135055168871386189e-01 5.331479807978901135e+02 4.267395197793941153e-27 4.537960153246298049e-27 1.513572158621904523e-27 3.799877128811998683e-01 2.750756029669092549e-27 7.478590139693970604e-04 4.265365822301420660e-04 2.573375387831877215e-04 2.286272279782399219e-01 6.504709482961119893e-04 4.087574033934292966e+05 2.013716225865071174e+05 1.304508272234388278e+05 2.020490553673217338e-01 3.623661118233255111e+05
2.927287878143824407e-01 2.381758141107595463e+02 1.419415114584882929e+02 7.092495275127177479e+01 2.097218567628927888e-01 1.989753010787632377e+02 1.637145381758716814e-27 1.570050645520895871e-27 4.946081697396559555e-28 4.624291291892844158e-01 7.927318964295365297e-28 6.045986374431535195e-04 2.828158876151449673e-04 2.469305208198740130e-04 2.275587077183299223e-01 5.547472935152477714e-04 3.561847062776251114e+05 2.748704586547178915e+05 1.067965935971855070e+05 2.824729840248147994e-01 2.553640815207069973e+05
5.087043300626336029e-01 1.154973808594717894e+02 7.599437583618490066e+01 2.911697473435367556e+01 2.479481708938729434e-01 8.609371193310002468e+01 1.145614145456074128e-27 1.160682529434375675e-27 1.988580383036807846e-28 6.108300066389243943e-01 2.914462804420203151e-28 7.000738630905033134e-04 6.884720669901934261e-04 2.586944741367745064e-04 3.348580096946705553e-01 5.182470231455428827e-04 3.963152363313769456e+05 4.519370037112901337e+05 1.116159949154781934e+05 3.906267729300333946e-01 2.140295852675908827e+05
8.840268063712417579e-01 6.538822327474400709e+01 4.999846506251350320e+01 2.253656600074111793e+01 2.960475509083459467e-01 4.832715407892764858e+01 1.011303798278048861e-27 1.115896076128929354e-27 1.281230644716266507e-28 7.655051489681082844e-01 1.592313515972025394e-28 7.022499112159018373e-04 7.024610284113676955e-04 3.538605525342882916e-04 3.903391068382158768e-01 5.576437637856858755e-04 4.737805921749090776e+05 5.886763155308587011e+05 1.456775267234040948e+05 4.852832386981655310e-01 2.218526693440437666e+05
1.536262516748606588e+00 4.200265545494323050e+01 3.319454203322465702e+01 1.263173173692655382e+01 2.895101070279914590e-01 3.004835102328510033e+01 6.568553214253815163e-28 9.211139354116973410e-28 1.163835449631008648e-28 7.983493166448080158e-01 1.421737895280010139e-28 8.009235921660960407e-04 5.803807095504814363e-04 4.167085073727885402e-04 3.847800961280383181e-01 7.199492846511690650e-04 5.856283546387649840e+05 8.313678705862254137e+05 2.561037801876282028e+05 5.267000251973157354e-01 3.471298765812079655e+05
