# R (Mpc), mean rho (Msol/kpc^3), errup (Msol/kpc^3), errlow, std, median rho (Msol/kpc^3), mean pth (Msol/kpc/s^2), errup(Msol/kpc/s^2), errlow, std, median pth (Msol/kpc/s^2), mean gas-mass-weighted metal (fraction), errup, errlow, std, median metal, mean gas-mass-weighted temp (K), errup, errlow, std, median temp  
#  nprofs 180, mean mh 562706071179.138794, median mh 518864083265.231506 
#  Mass range 11.50 - 12.0
6.706029110378903786e-04 5.636942251308106631e+07 6.441109647338876128e+07 1.608472196704735979e+07 4.333568612052741686e-01 2.816005742476254329e+07 9.071733255619483716e-23 7.265754456355123777e-23 9.269946269811593545e-24 7.657265720848450696e-01 1.183932572528381491e-23 2.541066023641275554e-02 1.413774742616134839e-02 7.716254977886267269e-03 1.921839754320594784e-01 2.315698897663714950e-02 8.970830907781647693e+04 2.879585203835490029e+04 1.355982682217295587e+04 3.540054089503184565e-01 3.177305018910162107e+04
1.165374294563389359e-03 2.297659804875115678e+07 2.171606502282805741e+07 1.100463952596214041e+07 4.082933593076626400e-01 1.813638851135660708e+07 2.158578084833212354e-23 1.933093521520509301e-23 4.834573753351588093e-24 6.914687325205643997e-01 6.258035143337817661e-24 2.400431294328932846e-02 1.288294682537518415e-02 6.002248614316186420e-03 1.803350480937192801e-01 2.142143035976972615e-02 5.864681963442704000e+04 1.537846663613603232e+04 9.777141867938400537e+03 3.318787179794385200e-01 2.717266623624064596e+04
2.025188414895478031e-03 9.842608052178043872e+06 6.122581136939102784e+06 4.486540718480086885e+06 3.545570470729320633e-01 8.414726339832896367e+06 4.383079533072692252e-24 4.004007758337773364e-24 1.547463304585035666e-24 5.760779027939701979e-01 2.094990119270329802e-24 2.303708868747609412e-02 1.178552118611532126e-02 7.098772214508431572e-03 1.897692849751901334e-01 2.117084276993142986e-02 2.533891241706380606e+04 9.739712127996950585e+03 5.071897458357620053e+03 1.986005141029950349e-01 2.046550293168133794e+04
3.519374105778993230e-03 3.723572597309969831e+06 2.258355935490204953e+06 1.460591680968893692e+06 3.847384061563249857e-01 3.335700767440027557e+06 9.365960536795478389e-25 9.447067502569242142e-25 3.703021739627076830e-25 4.048239099671036567e-01 6.467673817844065602e-25 2.178555787350888728e-02 1.070046366563474557e-02 7.397182022058721579e-03 1.846275909897211187e-01 2.039545740210930297e-02 4.614038477569840325e+04 7.475592966987387626e+03 3.502269510893442202e+03 3.219282629933029050e-01 1.564903615763246853e+04
6.115971237701829134e-03 1.540784263531040400e+06 1.002730909947945271e+06 6.684956036739278352e+05 4.117744283148919715e-01 1.395931068373016547e+06 3.725035187357876964e-25 3.681643107272878335e-25 1.228107930128270566e-25 4.079682757698420703e-01 2.118805151961922581e-25 1.795632477459991119e-02 8.497386564334005743e-03 6.328723215114682651e-03 2.110846605552443023e-01 1.692099138420633322e-02 3.544502635156301403e+04 1.340848178808847297e+04 3.060119127317413586e+03 3.379560341569751714e-01 1.355067621509777746e+04
1.062833988548557602e-02 6.164298581980854506e+05 3.326755206270928029e+05 3.005176017336255172e+05 4.920379607246209153e-01 6.061515942261682358e+05 2.285258673688084460e-25 2.420970982029141362e-25 9.067312307635401227e-26 3.993804322856483457e-01 1.457366977228144180e-25 1.229714841453712591e-02 6.159697836472145457e-03 4.561825048546262751e-03 2.192254819213280692e-01 1.158892078846515510e-02 8.518525816419908369e+04 3.557373898533018655e+04 9.357551744458480243e+03 4.868842448025937353e-01 1.993674299661950135e+04
1.846993786122688719e-02 1.973088287242604711e+05 8.614285915959835984e+04 9.422341296093109122e+04 4.239021620165177029e-01 2.004052996582438936e+05 1.837141199016801858e-25 1.618877820479055080e-25 8.146441372454011251e-26 3.775388745660925860e-01 1.329663230792189415e-25 8.847270016927000560e-03 4.348207633104273634e-03 3.664897382979586705e-03 2.205596008362013249e-01 8.464323624376660776e-03 1.229098036334634671e+05 1.214706153890238056e+05 2.192985309798043090e+04 4.618544931347764448e-01 4.505163304695276020e+04
3.209707332218952880e-02 3.877144249900693103e+04 2.737682919987470086e+04 1.722734600726288409e+04 3.432959717701571933e-01 3.466959083421759715e+04 9.378438056684554230e-26 7.607899799369705507e-26 3.530205056033246244e-26 3.351110055481659189e-01 7.032675267815715750e-26 6.861082407057970782e-03 3.569310815418331832e-03 3.126541600350585259e-03 2.332630282695383750e-01 6.519184171011312666e-03 2.289427295029980305e+05 2.346207864979497099e+05 8.902390168834016367e+04 3.727633699966733105e-01 1.516078348415044311e+05
5.577832061973046762e-02 6.315418666276639669e+03 2.852403205335502207e+03 2.297973822276499050e+03 2.523396933440242296e-01 5.820931436046294039e+03 4.050523009574529374e-26 3.665337860982521473e-26 1.174142821824359156e-26 3.105936817443814557e-01 2.889011829585401475e-26 3.945613097904261679e-03 3.143381177036698448e-03 1.976044892412146502e-03 3.036099457852077799e-01 3.417044703554607959e-03 4.428482062591763097e+05 2.333244951979093021e+05 1.507353443408518797e+05 2.099872471687645181e-01 3.950387251424497226e+05
9.693161179921591653e-02 2.056939572644311738e+03 1.121687758355292544e+03 7.642473570819545330e+02 2.388866932500141316e-01 1.895043131375080293e+03 1.542109479912418675e-26 1.440793082710223155e-26 6.245183867527901653e-27 3.159035096209456550e-01 1.197236256632368216e-26 2.154019337942768893e-03 2.151051600554302647e-03 9.036929894376019394e-04 3.581897619707934410e-01 1.553253727322755941e-03 5.242517839306517853e+05 2.272168782274437835e+05 1.476189019947112538e+05 2.248839906010196843e-01 4.279319460988218198e+05
1.684478353166902198e-01 7.085023569711962637e+02 4.235464654954928392e+02 1.897649651630499648e+02 2.283011972379739019e-01 6.079138216707615356e+02 5.933894701793061496e-27 6.784491818992676858e-27 2.124682890156054869e-27 4.101649308381936088e-01 3.456442409965207463e-27 1.332884021458410678e-03 9.710120380838601142e-04 4.979939535674116242e-04 3.776630217297575753e-01 8.577415106126354792e-04 5.399160642309224932e+05 4.866130323003563099e+05 1.674874578913685400e+05 3.052186366468847556e-01 3.643433831990973558e+05
2.927287878143824407e-01 2.570711982837252663e+02 2.189351626872064571e+02 7.784485810807058215e+01 2.574490583100210173e-01 1.982630090580931892e+02 3.081412960487386623e-27 4.783352241820328188e-27 7.299034988079009714e-28 6.053385267603879072e-01 9.777370085031185475e-28 9.521955915143221968e-04 1.122722530276149423e-03 3.949448178671349026e-04 4.585809532568247415e-01 5.648943317837109949e-04 5.995148685068514897e+05 8.079587771649603965e+05 2.173243740906748862e+05 4.183755803400926454e-01 3.443010092504414497e+05
5.087043300626336029e-01 1.288881061475579770e+02 1.361988778460009257e+02 4.316969432979664845e+01 3.383436822727764470e-01 8.405685677776209275e+01 2.173724273589567229e-27 2.866118387006606041e-27 4.637110400661806706e-28 8.323749574189636125e-01 5.147406274784374455e-28 1.032591959589050385e-03 1.704582584239161666e-03 4.777668696289891735e-04 6.899736163643932496e-01 5.457925400084862998e-04 6.482696727227071533e+05 7.844637772013631184e+05 3.285018750053634285e+05 5.360590718390614295e-01 3.975545924033296760e+05
8.840268063712417579e-01 8.093681196964386970e+01 8.230421551757743259e+01 2.733059450079819186e+01 3.576606608268266818e-01 5.198374195173914813e+01 1.785694733173818179e-27 2.289062006908669166e-27 3.258713054156930485e-28 9.022386313861892049e-01 3.542273567618561680e-28 1.366843043574195431e-03 1.435199348274030775e-03 9.634807728336443680e-04 7.303156094341349824e-01 1.154981310903217253e-03 7.496059315447298577e+05 9.644474966206206009e+05 3.700471979846474715e+05 5.775102251993959879e-01 4.442040861351850326e+05
1.536262516748606588e+00 5.574200543846523459e+01 4.658727028141761650e+01 1.985243033029136228e+01 3.484190748752379330e-01 3.585103451519300677e+01 2.332096093305416898e-27 1.479461112724749751e-27 2.449643533869795056e-28 8.764735300962398501e-01 2.721350873300654545e-28 1.512215482362275470e-03 9.340868644340406118e-04 9.862087881301545914e-04 4.556823010200821700e-01 1.508548761272198238e-03 9.727281911188608501e+05 9.496251904627552722e+05 3.905222899967352860e+05 5.495358337386970771e-01 5.219430917371653486e+05
