# R (Mpc), mean rho (Msol/kpc^3), errup (Msol/kpc^3), errlow, std, median rho (Msol/kpc^3), mean pth (Msol/kpc/s^2), errup(Msol/kpc/s^2), errlow, std, median pth (Msol/kpc/s^2), mean gas-mass-weighted metal (fraction), errup, errlow, std, median metal, mean gas-mass-weighted temp (K), errup, errlow, std, median temp  
#  nprofs 317, mean mh 213095658841.462769, median mh 208356778004.577667 
#  Mass range 11.00 - 11.5
6.706029110378903786e-04 2.119811395925194398e+07 1.708605058028886840e+07 8.358218357704298571e+06 2.840219342072290987e-01 1.664109505280146375e+07 7.014197253736639291e-24 9.195538376566198605e-24 3.222968187186669056e-24 4.889354090274459774e-01 4.350992016956600382e-24 8.598966526112793510e-03 4.944108420162136863e-03 3.724155280962358240e-03 2.686392437454419024e-01 7.748080932660810632e-03 2.177572746953958631e+04 1.006990368446748471e+04 7.603975664281915670e+03 1.812668038905000112e-01 2.048711592671722610e+04
1.165374294563389359e-03 1.022608248709947616e+07 7.280496805586019531e+06 5.168992627315595746e+06 3.061751039674772135e-01 9.394769982667416334e+06 2.539657490064052741e-24 2.908614466372707035e-24 1.463290049153873244e-24 4.754748938162466354e-01 1.947236547718738798e-24 7.675198434021640939e-03 4.666309366952575526e-03 3.739226026095495564e-03 3.155452677511647597e-01 6.986216661237281030e-03 1.798243701972263443e+04 5.309761913398597244e+03 5.006449993575082772e+03 1.191838050470426930e-01 1.775134090874023968e+04
2.025188414895478031e-03 4.217059283481430262e+06 1.773513332214384805e+06 1.525027864834018052e+06 2.057768289039259846e-01 4.094989658485454973e+06 6.647683131699186694e-25 4.615340676289818745e-25 2.963146736131891229e-25 3.126116864848587640e-01 5.663838232654382231e-25 7.413752781905432777e-03 4.392234394909851417e-03 3.646683256797446978e-03 3.140479553999530604e-01 6.782562557872821515e-03 1.429330749961568836e+04 2.504064782389777974e+03 2.053720478632141749e+03 7.782988753883564315e-02 1.406512256307127609e+04
3.519374105778993230e-03 1.420115781772063812e+06 4.949644686260593589e+05 4.520800814302007202e+05 1.615304610608553904e-01 1.392498698868588544e+06 1.635695755321594877e-25 6.548852690112171919e-26 4.515316408999408856e-26 2.195080605932391293e-01 1.342051968552791455e-25 6.691045152438479873e-03 3.725168091404012019e-03 3.113882957835358012e-03 3.015407776652804239e-01 6.116961925862210436e-03 1.225244817159793638e+04 1.140317392446017038e+03 1.243535034148513660e+03 1.017418629707060040e-01 1.139194711918024041e+04
6.115971237701829134e-03 4.427891178673561662e+05 1.922266702927622246e+05 1.416367155466058757e+05 1.779593075898387999e-01 4.051082593485567486e+05 8.650145741152537449e-26 3.890438099847354900e-26 1.248067165734408526e-26 3.217123740872764870e-01 4.480501119807434411e-26 4.965939002493191361e-03 2.377979997370332707e-03 2.077810379027246902e-03 2.832414321101275889e-01 4.515057740210283097e-03 1.687509022131977690e+04 4.033945404358002634e+03 1.249451328611481586e+03 2.340466924434788099e-01 1.108130596384201272e+04
1.062833988548557602e-02 1.835022718026096118e+05 1.494377292879591114e+05 6.436063879098273173e+04 2.781727979447248811e-01 1.481242690505037317e+05 6.392434088276053570e-26 6.148255477748762527e-26 2.322794404748879708e-26 3.150315137513016173e-01 4.586370295731329192e-26 3.132149226153946569e-03 1.525869013424758711e-03 1.073331904267142353e-03 2.825410794249554325e-01 2.642693719187292831e-03 7.837009768989127770e+04 2.901168658409904310e+04 1.106877781402673645e+04 3.450971717716065923e-01 2.273868358698028169e+04
1.846993786122688719e-02 6.160967562720945716e+04 4.776340912688908429e+04 2.528764082054170285e+04 2.683103144031542819e-01 5.283871254536978813e+04 4.204955155481703840e-26 3.142449775619459092e-26 1.386876307499541995e-26 2.540446677527098962e-01 3.394029355438065029e-26 2.136974022581970400e-03 1.054504688077853320e-03 8.636857076111546707e-04 2.991507585975095029e-01 1.841727543749953518e-03 6.493067187665670644e+04 5.646235182643453300e+04 2.193342321264257771e+04 3.108219078795820267e-01 4.496761059734060836e+04
3.209707332218952880e-02 1.018565372587149977e+04 6.714350039194541750e+03 3.527942357443833316e+03 2.392315465236655725e-01 8.704248836360595305e+03 2.348336338026285896e-26 1.486533782166294243e-26 6.651265071459015413e-27 2.309767077543450342e-01 1.867659125566666602e-26 1.347544439238766234e-03 9.281804301984016622e-04 4.859675275755227829e-04 3.395597249646363225e-01 1.018041449410119056e-03 2.315204677414065518e+05 1.360215300496155687e+05 9.095332372381130699e+04 3.080510356899021085e-01 1.628480879074687546e+05
5.577832061973046762e-02 2.137528155250047348e+03 9.003610810730117464e+02 6.313461327111392620e+02 1.614817754837003239e-01 2.014889857546446137e+03 1.115752325693812880e-26 6.929345977263063506e-27 3.805089811648190793e-27 2.645741954559446274e-01 8.697800973215266881e-27 6.289999181780199294e-04 4.268933030923644867e-04 2.118589299865407827e-04 3.346193826636529867e-01 4.351653991338599132e-04 4.025840197818546440e+05 1.212074404131071060e+05 7.379751682446000632e+04 2.405323334756122311e-01 2.758732901244376553e+05
9.693161179921591653e-02 7.976709041794795212e+02 2.908013563129968588e+02 2.487833435701596727e+02 1.503513245664062914e-01 7.738656222294273448e+02 4.761195195517240654e-27 2.973521052864247381e-27 1.157035015056519299e-27 3.621753821389696593e-01 2.470410021155458218e-27 4.642864868944984670e-04 2.574563447485502194e-04 1.391110543995436840e-04 3.247755206792910521e-01 3.157062943110962349e-04 4.149681236471571610e+05 1.702226504790640902e+05 4.967011217828455847e+04 3.111719174922098485e-01 2.050277437790833646e+05
1.684478353166902198e-01 2.918343706543582812e+02 1.352501578124504249e+02 7.534144092830280215e+01 1.744553862055596982e-01 2.619425555117767317e+02 2.729847201621961508e-27 1.694607670597480899e-27 3.367515199911329820e-28 5.333234258737382660e-01 6.161670853635380604e-28 4.166650984725745323e-04 2.878260693683152693e-04 1.056949901785704114e-04 3.608122503486297927e-01 2.354597343841161375e-04 4.161504848545020213e+05 3.016028864253789070e+05 5.358308050022681709e+04 4.073407562014947914e-01 1.481836421097411658e+05
2.927287878143824407e-01 1.396997820539569091e+02 9.852196183350596925e+01 3.603707902743425961e+01 2.893982664691833184e-01 9.295610985064243437e+01 2.541136295554699888e-27 1.225303161359268125e-27 1.457626297130178966e-28 7.619162167474503589e-01 1.981365084304585346e-28 5.226974689902631017e-04 7.693466842257595632e-04 7.693267609033256442e-05 5.542359157713890871e-01 1.440282903694886641e-04 4.603815245905778138e+05 4.625828647115998319e+05 7.720410651280812453e+04 5.125021973329438874e-01 1.363736009303550818e+05
5.087043300626336029e-01 9.284246921200455915e+01 8.770113534965403801e+01 2.015101303798312671e+01 3.967751232180540266e-01 4.282636215378142452e+01 3.285717170205127888e-27 1.128167940241521968e-27 1.080055476421744127e-28 9.627457962149224002e-01 1.230606706682838563e-28 7.976510581841805879e-04 1.559793677355854856e-03 1.760940928769175672e-04 8.301453972482769617e-01 2.030349754855525449e-04 5.615981535393524682e+05 6.359177044775624527e+05 1.332883904615370557e+05 5.989789330992598693e-01 1.764946090439102845e+05
8.840268063712417579e-01 6.637151806665929143e+01 6.127891591030093110e+01 1.567964322275309286e+01 4.227300106764573240e-01 2.938349836513425117e+01 4.751767005433570196e-27 1.187339074466014372e-27 8.406435079741472997e-29 1.036235778013356645e+00 9.504120342809449457e-29 1.141161185604309177e-03 1.733834288512609272e-03 5.811137918252004238e-04 1.027236194869547203e+00 6.405661142341471720e-04 7.369663007617922267e+05 9.109459987591599347e+05 2.026376033894231077e+05 6.360343414957305708e-01 2.526097742535943689e+05
1.536262516748606588e+00 4.047850620451632864e+01 3.544285721658710031e+01 1.375544442442112469e+01 3.794731953533224678e-01 2.481242738814142967e+01 2.034090653454954040e-27 9.678285603433528710e-28 1.278330870884435727e-28 9.764658284382291553e-01 1.405197080631040709e-28 1.362055155631089216e-03 1.208355560959984776e-03 1.041933098615033118e-03 5.679017860811755858e-01 1.266511790763536578e-03 9.677060743499770761e+05 9.058158806800094899e+05 3.151310970000158995e+05 6.166766094428873801e-01 3.892428874541430851e+05
