# R (Mpc), mean rho (Msol/kpc^3), errup (Msol/kpc^3), errlow, std, median rho (Msol/kpc^3), mean pth (Msol/kpc/s^2), errup(Msol/kpc/s^2), errlow, std, median pth (Msol/kpc/s^2), mean gas-mass-weighted metal (fraction), errup, errlow, std, median metal, mean gas-mass-weighted temp (K), errup, errlow, std, median temp  
#  nprofs 18, mean mh 1402521225791.843506, median mh 1369700448165.936768 
#  Mass range 12.00 - 12.3
6.706029110378903786e-04 4.380368755375894904e+07 6.082919637861946970e+07 1.145467862175626680e+07 3.457385425393332823e-01 2.828232279071196169e+07 1.843433302057694777e-22 2.242299993154165884e-22 1.958664834464913227e-23 8.071215687441486430e-01 2.634623458829373838e-23 2.061449863968702056e-02 9.428311872424603030e-03 7.373612152140551768e-03 1.636591185615683119e-01 2.011691441233858998e-02 3.520275455062341643e+05 6.209945989767831052e+05 1.870757742454733307e+04 6.586713339167853398e-01 4.407747011405661033e+04
1.165374294563389359e-03 2.541928358795232326e+07 9.083355950468979776e+06 1.146039744499002397e+07 2.673010220605294696e-01 2.544168556455462426e+07 3.862454056020855034e-23 5.514215701241018951e-23 7.169324636112056672e-24 5.070475187597075495e-01 1.638751715760555494e-23 2.123067742809508357e-02 8.148790155064380980e-03 5.678149998522466491e-03 1.492248393277060270e-01 1.996197402486228623e-02 1.672590538647304056e+05 1.560120273340544081e+05 1.041518634855528580e+04 4.825057042816056629e-01 3.817149944150350348e+04
2.025188414895478031e-03 1.328905324825393595e+07 8.625836200500968844e+06 2.075619026304421946e+06 1.681430856304077792e-01 1.074517353237837926e+07 5.743338737857053538e-24 5.366968507281831258e-24 1.804221291331494434e-24 2.764281419126470296e-01 4.081432589442992889e-24 2.080400166510857837e-02 7.862792704639492980e-03 7.452195868297262216e-03 1.474713563501429958e-01 2.025326598755965157e-02 3.070372602675188318e+04 1.291122626185774061e+04 5.503490369116385409e+03 1.543137314555907968e-01 2.659114590338259950e+04
3.519374105778993230e-03 3.682655473186803516e+06 2.309499561678677797e+06 7.274235920279845595e+05 1.541183228524938276e-01 3.098636263634451665e+06 1.453413991440914549e-24 3.217436488604698910e-25 4.968968942908403243e-25 3.120762693305855207e-01 1.065076993162907553e-24 1.872954230508919529e-02 7.995244260313061346e-03 5.374883971312246350e-03 1.597452966234598482e-01 1.733414936390111072e-02 3.082860525642433640e+04 1.169518483580714746e+04 3.092734097708942500e+03 2.666324540150836753e-01 1.809620725283324646e+04
6.115971237701829134e-03 8.736122644251389429e+05 4.217295054297619499e+05 3.651473197168910992e+05 1.683661352751727458e-01 8.609943317366063129e+05 4.720167293999785196e-25 3.169281041188680051e-25 2.060460343728132742e-25 2.745626791362237307e-01 4.028970103667577799e-25 1.367558115993256287e-02 8.165355475138739993e-03 3.835125864657991032e-03 2.035803268207656003e-01 1.244128807383862792e-02 4.441326151961564756e+04 2.509271243186278298e+04 1.882630467713241887e+04 3.082666660393749147e-01 3.289980435519054299e+04
1.062833988548557602e-02 2.967416021114817704e+05 1.697993015745704761e+05 1.217405419996807177e+05 2.142031322508751445e-01 2.735452229852412129e+05 4.604718330797456092e-25 2.596565069372537416e-25 1.754499887648983515e-25 2.616435232456656435e-01 3.896951886618914760e-25 7.507020556567067272e-03 6.954073162346336746e-03 1.899051779033427735e-03 2.542923388995143585e-01 5.807082718635877237e-03 1.231781026894639363e+05 9.281654394935714663e+04 6.552336348384347366e+04 2.984768037838262389e-01 1.090720865830337279e+05
1.846993786122688719e-02 1.002213971622042300e+05 5.237405793399139657e+04 2.568613143058394780e+04 1.931604717226218793e-01 8.724164405161683680e+04 5.160312557912252884e-25 3.466524490708319791e-25 1.352931995243860156e-25 2.087014904434859042e-01 4.177599910773720110e-25 3.873104024970840976e-03 4.003868473549020146e-03 9.918803104901068209e-04 2.642937417042171000e-01 2.849297900417746641e-03 4.053589313176212600e+05 2.131277561256352346e+05 1.160618069226145453e+05 2.554048557383489237e-01 3.377852311812300468e+05
3.209707332218952880e-02 3.384291162767171045e+04 1.521162818336320197e+04 1.338217318678823358e+04 2.244027719485287564e-01 3.213794394259156979e+04 2.990522636212425043e-25 1.488982885509562966e-25 1.300704519462819235e-25 2.184414216565541689e-01 2.905145296759740165e-25 1.795346350651039202e-03 9.164436542332802561e-04 6.372000904682612304e-04 2.355099673560085427e-01 1.561996418040535739e-03 7.639603548352813814e+05 8.336825687231378397e+05 2.857185249055933091e+05 2.967558374323611692e-01 5.819375377510500839e+05
5.577832061973046762e-02 1.252585159863761692e+04 3.822050024185264192e+03 3.430884711519440316e+03 1.536711123378015909e-01 1.275567378311477660e+04 1.753350238462360037e-25 7.204809711958320526e-26 9.074603222541355254e-26 2.023151240788914340e-01 1.824557806938052053e-25 9.892201394698799458e-04 5.145735106519622789e-04 3.714940086995219964e-04 2.090924186872625823e-01 9.128825026949291457e-04 9.807270171521798475e+05 3.883739269134494243e+05 3.618555088764355751e+05 1.899098647764675130e-01 9.586253065174327930e+05
9.693161179921591653e-02 6.017213771566714968e+03 1.595621951755551891e+03 1.772447169901372490e+03 1.315720559136837053e-01 5.845830424878685335e+03 8.152964797956364122e-26 5.208333274536824554e-26 1.874849886770688624e-26 1.966194725303407331e-01 6.565615806018198205e-26 7.322811950135265854e-04 5.147563842920577053e-04 1.693811149380054261e-04 2.103205268396126926e-01 5.916113191584237811e-04 8.895053286408889107e+05 2.204168974337670952e+05 1.681563522289933171e+05 1.021260976257155756e-01 8.564118839068799280e+05
1.684478353166902198e-01 2.565893121177801277e+03 1.141890661074889067e+03 5.066061105176265755e+02 1.372747741420722589e-01 2.342586476333988685e+03 2.769069387277978929e-26 1.946058116010208088e-26 8.612736899009567281e-27 2.248395359482079636e-01 2.347678114943076749e-26 5.052652760521044286e-04 2.201239771227023233e-04 6.223281517424636552e-05 1.229554860719057896e-01 4.440624720547444197e-04 6.918850800103893271e+05 1.696985169755442766e+05 1.476722706355210394e+05 1.004924325498041532e-01 6.749302531404072652e+05
2.927287878143824407e-01 8.829788225498648444e+02 2.080970810476048882e+02 2.813319057717183114e+02 1.544583839337722864e-01 8.896135586218458684e+02 7.344486851465058801e-27 3.247434410504275748e-27 4.380998523361146597e-27 2.768471054939977694e-01 7.545248603110824731e-27 4.094470222933078367e-04 9.935074843096683515e-05 6.493640156709969830e-05 1.296563304495744751e-01 3.974479055129930298e-04 5.215405204084828147e+05 1.978379826051451964e+05 1.696798331700869603e+05 1.328699337324027452e-01 5.239159880838101963e+05
5.087043300626336029e-01 2.931506460273641324e+02 1.169078495336083279e+02 1.134144420542492071e+02 1.850918314327619218e-01 2.749410775229290493e+02 1.906240069523630495e-27 2.241972202370257568e-27 7.112751908136566354e-28 3.715761094861951830e-01 1.213487794639261422e-27 3.364286364067594834e-04 9.363428579437220890e-05 1.197395124247931358e-04 1.520872217860096132e-01 3.532353482118736438e-04 3.805998382907029591e+05 2.875969750070117880e+05 9.046969130059680901e+04 1.983094355563468081e-01 3.012687514045621501e+05
8.840268063712417579e-01 1.342019749348757216e+02 7.912607806542069966e+01 4.529051185131646662e+01 2.237647902060772853e-01 1.102107231247246375e+02 1.033231401608109056e-27 1.117798852582194597e-27 2.363170660929927054e-28 5.311504974603211693e-01 3.827033694030762916e-28 3.530871602061781602e-04 1.460498483917036070e-04 1.261676096631996987e-04 2.712695695743010393e-01 2.864880761192186201e-04 3.642584692964876303e+05 3.334781926895942306e+05 7.115941620516069815e+04 3.118369855418169911e-01 2.173834930163031968e+05
1.536262516748606588e+00 8.331373135002293395e+01 8.539447232990659131e+01 2.320678527393862822e+01 2.822415122126170073e-01 5.899948431871058574e+01 9.658001180616721428e-28 2.152552586300142067e-27 8.869282405262757467e-29 7.635134056627825849e-01 1.387693642880500914e-28 3.358129012821141021e-04 4.421928017956191538e-04 1.585695753493034435e-04 4.343135467535730321e-01 2.354468364679600776e-04 4.792988635885127587e+05 9.648064373666254105e+05 7.028114165086808498e+04 4.881680828078974743e-01 1.745146311050193326e+05
