# R (Mpc), mean rho (Msol/kpc^3), errup (Msol/kpc^3), errlow, std, median rho (Msol/kpc^3), mean pth (Msol/kpc/s^2), errup(Msol/kpc/s^2), errlow, std, median pth (Msol/kpc/s^2), mean gas-mass-weighted metal (fraction), errup, errlow, std, median metal, mean gas-mass-weighted temp (K), errup, errlow, std, median temp  
#  nprofs 137, mean mh 533107532244.031372, median mh 486497590552.852783 
#  Mass range 11.50 - 12.0
6.706029110378903786e-04 6.695646360640623420e+07 7.743676182249516249e+07 3.264569395677278191e+07 4.283138070550381316e-01 4.564857237822275609e+07 1.482350086743712334e-22 1.103610144323771892e-22 2.957068701686925774e-23 7.468689393245200314e-01 3.549992440776522097e-23 2.708000942278729686e-02 9.991676742317951582e-03 6.642168525771641879e-03 1.442110065392091522e-01 2.577250600353282392e-02 4.519515744175765431e+05 2.743973963651102531e+04 1.636144080603056500e+04 6.026996501512024151e-01 4.136069046496639930e+04
1.165374294563389359e-03 3.002325802109365165e+07 2.485281567056187987e+07 1.797606831844881177e+07 4.304498021475267056e-01 2.508513748615068942e+07 7.892594618523152150e-23 9.494371853598118492e-23 1.113118564258888454e-23 8.560193248438816571e-01 1.342483084564415221e-23 2.638693104990809737e-02 9.978673559202410476e-03 7.999084364723508395e-03 1.484014414150887640e-01 2.553914023053335466e-02 1.601514101300124603e+05 1.624498681786669767e+05 1.554069420860434184e+04 5.262089168678752982e-01 3.586802021167195198e+04
2.025188414895478031e-03 1.421913809205133282e+07 1.065693828914175741e+07 5.442809079525601119e+06 3.440801383966287097e-01 1.174972083890730701e+07 9.495097352892237835e-24 1.265213966535416336e-23 2.540071838278885848e-24 6.065900470804641564e-01 3.875058652047722300e-24 2.636105479885430397e-02 8.098392606459090676e-03 7.665364692704363520e-03 1.422716816302571630e-01 2.628549315641988751e-02 4.165962271960824728e+04 1.413971397852392329e+04 7.848460058603352081e+03 2.867642027319594056e-01 2.561163443644227300e+04
3.519374105778993230e-03 4.650794430332325399e+06 3.047180330462084152e+06 2.209156673406202812e+06 5.044355191554755757e-01 4.137330115986461751e+06 1.741902657628786641e-24 1.116142277982229347e-24 1.027710706059061532e-24 4.775383595427027950e-01 1.373301982649974271e-24 2.436880581345056071e-02 7.310259234938231571e-03 9.300797355075343664e-03 1.834972119350080366e-01 2.466227561080435934e-02 6.309892512170624104e+04 1.489930083617592754e+04 6.893069198833276459e+03 3.875201573617764739e-01 2.087743739533625921e+04
6.115971237701829134e-03 1.348423130028981017e+06 1.073389794661089079e+06 8.479336350887194276e+05 7.013235605165613062e-01 1.159655592510262737e+06 5.604809763258205345e-25 3.471355400949971125e-25 2.105323026052717799e-25 4.349458024821755697e-01 3.194591525851750668e-25 1.872975087782372330e-02 6.062102552386695181e-03 8.909068840538101816e-03 2.180407788172908368e-01 1.930460913500860881e-02 1.664534580450896756e+05 8.172876519912507501e+04 9.181408899022197147e+03 6.287455194876083731e-01 2.017093233854995196e+04
1.062833988548557602e-02 4.213190915581362788e+05 2.763319853434532415e+05 4.312463576111108996e+05 7.940401115615298711e-01 4.439942312624541810e+05 2.032559745489733971e-25 1.745598317226592109e-25 9.390131894246082400e-26 4.108241772862241126e-01 1.417614382814803366e-25 1.138569958877935079e-02 3.995401266899897136e-03 4.019035222369449038e-03 2.204383794534867103e-01 1.103001897937941518e-02 2.752469522877159761e+05 3.120204308925669757e+05 1.936728029196930947e+04 7.226012461178457080e-01 3.060678772889437096e+04
1.846993786122688719e-02 1.375537635902168404e+05 7.484900561225408455e+04 1.444233357410069148e+05 7.160856045348861221e-01 1.518953911861263914e+05 1.283214690805964086e-25 1.325316237011616400e-25 4.918101169115017952e-26 3.731621914547816332e-01 9.171575916610098814e-26 8.251086050818579737e-03 3.545718754927229890e-03 3.322431587048324704e-03 2.161936489577696296e-01 7.749171496340186843e-03 2.863481199177223025e+05 4.994566008755754447e+05 4.726897599763844482e+04 6.069379273504275085e-01 7.248400267933032592e+04
3.209707332218952880e-02 2.870526544104349159e+04 2.490419452931395062e+04 2.127995635736114855e+04 5.186269864710943978e-01 2.511170085439481045e+04 8.037893546840006852e-26 6.377398399739125131e-26 3.324983745308140240e-26 3.738390198168121126e-01 5.549723980430772941e-26 6.058337737757689585e-03 3.000893576191202526e-03 2.286504368420609959e-03 2.259637255456299898e-01 5.548486022146270104e-03 3.488096028928865562e+05 3.577255021451005596e+05 1.243564259162688977e+05 4.446690901538175034e-01 1.949752071427810588e+05
5.577832061973046762e-02 5.784577786119685697e+03 3.180634087391924368e+03 3.498172859370064089e+03 3.598634553895646015e-01 5.548491778605643958e+03 3.376393115528381191e-26 2.798384370973192108e-26 1.364096989559844545e-26 3.364769961854354174e-01 2.724247268708962725e-26 4.025395701057637478e-03 2.817334235448745467e-03 1.475358811133649578e-03 2.853270233954163793e-01 3.228427321420647336e-03 4.887075581324200612e+05 2.930947967409715056e+05 1.427376001286778774e+05 2.716786631612267966e-01 3.759244104587222682e+05
9.693161179921591653e-02 1.900546431485890707e+03 8.396921092719931039e+02 1.201026159524377135e+03 3.067084535307726401e-01 1.946924427116133756e+03 1.343225362923635048e-26 9.782717522180338383e-27 4.329377895679808211e-27 3.305084184151257376e-01 1.008539474924401709e-26 2.552974556759754574e-03 2.518873616418582442e-03 1.015362258153976400e-03 3.762408381214462638e-01 1.702299936660306391e-03 5.483620208893790841e+05 2.425554418565197848e+05 1.275577845704400097e+05 2.471782721875638855e-01 4.034502476749231573e+05
1.684478353166902198e-01 6.800531465681324335e+02 3.208577727655746230e+02 3.271778415276842793e+02 2.553054726151647302e-01 6.712341052023828070e+02 4.630000884978266652e-27 3.795292898838103919e-27 1.954321047780007016e-27 3.630327961718167740e-01 3.262086823821956357e-27 1.685993691161885967e-03 2.194469302388738722e-03 4.901806713223229263e-04 3.950048777187252780e-01 9.784048695972457667e-04 4.816700041927283164e+05 3.508059139595584129e+05 1.389976646408746601e+05 2.800090306762360592e-01 3.473010272642553900e+05
2.927287878143824407e-01 2.521803581498192273e+02 1.398425579334258373e+02 6.795128868853578297e+01 2.267915686400618080e-01 2.088283868499264031e+02 1.926020881813116923e-27 2.249351256069005294e-27 7.243770790155438804e-28 4.876069585144267582e-01 1.054054549766646693e-27 1.323376145160056090e-03 1.911104402821066275e-03 5.218634614675524445e-04 4.867419086395240457e-01 7.630568470935409492e-04 4.450870552568605635e+05 5.628021660638407338e+05 1.534846259213306475e+05 3.559806277444433342e-01 2.892150331409238861e+05
5.087043300626336029e-01 1.128863627883271761e+02 8.235579928411812034e+01 3.671095300193088207e+01 2.587160574262352686e-01 8.739600926918643609e+01 1.033089095266941358e-27 1.562705863331577450e-27 3.882397769177102003e-28 6.527491562128487912e-01 4.517611668360442683e-28 1.177907569565347099e-03 1.722295902758040620e-03 6.864758630435556508e-04 6.804947968543768599e-01 8.011407125327068722e-04 4.447076489414292155e+05 5.428671662726248614e+05 2.211738042442638543e+05 4.447899517607015185e-01 3.083484300821756478e+05
8.840268063712417579e-01 6.523292812688956133e+01 4.314750280637066737e+01 2.890063026369842447e+01 2.683479938386128527e-01 5.538924940251418150e+01 6.845458968373367137e-28 7.332366234226766972e-28 2.793015098119427944e-28 7.615933320819242569e-01 3.058764277705507233e-28 1.300141478892128744e-03 1.037752235458406971e-03 9.660264497672723999e-04 8.235814118933709738e-01 1.182153934848822509e-03 4.723692013213107130e+05 4.305995866361994995e+05 2.929695434318160987e+05 5.235909944915341230e-01 3.569681625251503428e+05
1.536262516748606588e+00 4.580171857085401399e+01 3.195756166053988778e+01 1.743112611366618836e+01 2.759211167534270093e-01 3.585943487460331625e+01 8.167684319288837322e-28 6.750942039500974075e-28 1.631112454745811539e-28 7.885451972440434831e-01 1.804452238842126915e-28 1.330793897707530310e-03 8.398377655187360367e-04 8.563430465529022362e-04 4.081620375656575539e-01 1.310133588616745840e-03 5.897825686130690156e+05 5.309528624520603335e+05 2.898213619207560550e+05 5.343201123504253136e-01 3.644257274640925461e+05
