# R (Mpc), mean rho (Msol/kpc^3), errup (Msol/kpc^3), errlow, std, median rho (Msol/kpc^3), mean pth (Msol/kpc/s^2), errup(Msol/kpc/s^2), errlow, std, median pth (Msol/kpc/s^2), mean gas-mass-weighted metal (fraction), errup, errlow, std, median metal, mean gas-mass-weighted temp (K), errup, errlow, std, median temp  
#  nprofs 133, mean mh 533307578194.019287, median mh 462799231424.503601 
#  Mass range 11.50 - 12.0
6.706029110378903786e-04 7.142750336175890267e+07 7.059690987537023425e+07 2.865731092874730751e+07 3.783350345590340558e-01 4.972545407344023138e+07 1.139857802888435266e-22 1.108710530974127020e-22 2.164275811002272625e-23 6.358490833867398440e-01 3.003388034123766609e-23 2.310919270606359363e-02 1.086847815910789092e-02 6.387580623652865802e-03 1.598289438616051494e-01 2.135380191012193826e-02 1.485613612728518783e+05 2.221707324264593626e+04 1.558158002352190306e+04 4.144638390795356009e-01 4.316840363217861886e+04
1.165374294563389359e-03 3.114383898252547160e+07 2.005801853060096502e+07 1.550886664947901480e+07 2.908248568412896140e-01 2.949426129585409909e+07 4.382884163321345289e-23 2.773154041824559248e-23 1.017906598855655838e-23 6.093571857236782519e-01 1.438713780002401717e-23 2.251076788432963480e-02 1.084916862368080770e-02 6.684706383472080807e-03 1.581174392029703613e-01 2.120206088253003690e-02 8.957643378173002566e+04 1.861924000757162139e+04 8.162874495162206586e+03 4.009340503121147092e-01 3.307475016605392739e+04
2.025188414895478031e-03 1.324686739853473008e+07 1.018610393218785152e+07 3.268630325038984418e+06 2.236708794801525180e-01 1.068222001691304520e+07 9.807626866716471823e-24 6.378140370862308972e-24 1.749200403768315070e-24 4.696916727667101998e-01 3.519759194056027358e-24 2.149200309337678805e-02 8.374010953449230465e-03 6.604249927761514719e-03 1.584333653937624875e-01 2.048549153138731413e-02 3.734849585184593161e+04 1.061033741920692773e+04 5.099991337807732634e+03 2.449622968550079771e-01 2.391695240137150176e+04
3.519374105778993230e-03 4.058205602807389572e+06 2.514829730769203044e+06 1.298554300262482837e+06 3.006318841653397023e-01 3.401859759819546714e+06 1.251779422404314898e-24 1.175315179934122473e-24 3.433214059579560117e-25 3.756668595875589101e-01 7.067049104093260138e-25 1.832279340021703007e-02 8.675425293195232479e-03 4.911584531408446849e-03 1.732614733733671419e-01 1.654606634473282031e-02 3.269519454918180782e+04 8.987767392020570696e+03 4.707223719879864802e+03 2.725442818753264218e-01 1.690487182112586743e+04
6.115971237701829134e-03 1.391379037957538152e+06 8.533253424205714837e+05 3.980065092363643926e+05 3.881128002214692119e-01 1.216075183458962943e+06 3.679684163248173509e-25 2.732812318411076924e-25 1.798133282925789041e-25 3.333805486827894349e-01 2.996207721139408922e-25 1.206762016750716551e-02 6.959488240243288590e-03 3.120035281332922406e-03 1.876042168077250716e-01 1.047467467908559831e-02 6.554291988366669102e+04 1.533699896762226308e+04 4.848641140081799676e+03 3.920174022553521431e-01 1.556418746476531487e+04
1.062833988548557602e-02 5.711347364850440063e+05 2.370191202436750755e+05 2.293128961134842248e+05 4.065574762263409192e-01 5.621941953555935761e+05 3.048669377762521883e-25 2.291551941549793554e-25 1.766440013004968218e-25 3.904443521987575050e-01 2.661256154034534963e-25 7.693601055756059057e-03 4.052737908450632261e-03 2.221290157886270794e-03 1.889027252574582705e-01 6.876804215545171371e-03 7.448463828622555593e+04 3.291256055071009177e+04 2.067255047037079930e+04 4.173859904961230161e-01 3.481786827432888822e+04
1.846993786122688719e-02 1.602331438354717102e+05 8.801857940729000256e+04 7.360992797939205775e+04 3.274559196847061648e-01 1.497871283131475502e+05 2.375000328501938253e-25 2.134513509054404971e-25 1.169667074959547184e-25 3.425186159253389984e-01 2.004265563735162773e-25 5.804979884208292563e-03 3.584405270257198274e-03 2.079385360088758725e-03 2.064803348815559825e-01 5.340035509737810042e-03 1.506624655106790015e+05 1.654080398363323475e+05 5.072777166668755672e+04 4.071595774359056397e-01 8.870426060925520142e+04
3.209707332218952880e-02 3.320559356403714628e+04 2.264173598009532725e+04 9.648469132161837479e+03 2.531108738532895086e-01 2.780801249975707469e+04 1.204119440040088646e-25 1.101119628227758503e-25 4.797041366565092433e-26 3.094242139630378752e-01 9.407961569393523631e-26 4.187769400530995563e-03 1.822771046794915972e-03 1.998707675067126072e-03 2.333424466352125859e-01 4.159660709956760835e-03 2.979681033986788825e+05 2.511960734133989608e+05 1.218285281821189419e+05 3.353069527122665705e-01 2.296793927362459654e+05
5.577832061973046762e-02 8.422237744455524080e+03 3.026753622094667662e+03 2.781754333641503763e+03 1.772965242000274499e-01 8.221316688148357571e+03 5.270112248188423846e-26 4.203862177668491769e-26 1.838162276535363110e-26 2.791527243345459652e-01 4.107771494493752163e-26 2.445621168230072487e-03 1.201706344771266526e-03 1.306085956968799575e-03 2.735763791821465007e-01 2.413672628905603329e-03 4.192375266855399241e+05 2.004978245094527956e+05 1.457667372580808005e+05 2.057245116260032203e-01 3.777398606875441037e+05
9.693161179921591653e-02 3.106937665541959632e+03 1.448754568892548832e+03 9.308092405377767591e+02 1.944665158586407760e-01 2.855213519500982784e+03 1.836403624118376142e-26 1.545372595892482316e-26 6.040756896534557257e-27 2.840753731163047635e-01 1.318316957955612301e-26 1.364985848790015903e-03 1.053573060463691919e-03 5.772301707890051996e-04 2.941996872478812031e-01 1.142457412046685118e-03 3.903593993335752748e+05 2.021151540705019142e+05 8.318219513272482436e+04 1.777091787265619727e-01 3.333892314915716415e+05
1.684478353166902198e-01 9.771317738041495886e+02 5.194915679810839038e+02 2.954126968873181340e+02 1.913168445230343517e-01 8.553862576369737099e+02 5.033780119539595296e-27 4.511406529312486488e-27 1.614314491162447628e-27 3.361246576721966806e-01 3.407688833906185840e-27 8.334123212020006074e-04 7.102646224397880272e-04 3.832899580944987934e-04 3.387998504274219447e-01 6.485561980775734429e-04 3.145880956598973135e+05 1.673831179742402164e+05 7.320562844006251544e+04 1.946271232638406568e-01 2.583587758719471167e+05
2.927287878143824407e-01 2.937389990433670732e+02 1.772288901198338351e+02 7.070297335082281620e+01 2.063040311179469011e-01 2.413680678390460628e+02 1.401521419702318250e-27 1.345718761564576237e-27 3.802145008739010833e-28 4.293724168715225553e-01 6.870337351363199052e-28 5.458535922964326097e-04 6.670681172948769808e-04 1.810447305635177182e-04 4.394652599273308202e-01 2.914648044125868476e-04 2.515327229589236085e+05 2.111734103114677127e+05 6.395073901370672684e+04 2.599879588986914181e-01 1.809802724373165402e+05
5.087043300626336029e-01 1.202115603623237376e+02 7.416453519676910844e+01 3.877446712147040842e+01 2.531874322641573527e-01 9.368192608528501353e+01 7.360947689636891874e-28 6.390567932187609257e-28 1.494326816438032718e-28 5.855040454429094599e-01 2.087070688833378688e-28 5.247839858075120309e-04 9.473925171779241016e-04 1.318185211903228780e-04 7.076618901906811532e-01 1.637511010074819311e-04 2.264994725267454050e+05 2.353007132717582281e+05 6.164628882008657092e+04 3.661767471533844409e-01 1.292688313390761759e+05
8.840268063712417579e-01 7.176736755629410425e+01 5.286577302892057162e+01 2.159508594351909494e+01 2.750037830477370937e-01 5.223784121764127519e+01 5.432992403982343752e-28 5.550996382838845476e-28 1.034468648944755411e-28 7.121948500811944305e-01 1.248584070928403798e-28 7.693281126867016623e-04 1.195540834917315333e-03 3.451079753566544794e-04 7.998537185205176758e-01 4.035525897766319928e-04 2.619592123023589666e+05 3.358342637215046561e+05 9.325661454773691366e+04 4.593774468332191829e-01 1.422548544357533683e+05
1.536262516748606588e+00 4.462450500025817490e+01 3.566064192328537530e+01 1.223675971450639111e+01 2.508749924340189508e-01 3.370908011314674724e+01 3.213271902724106609e-28 5.152422732093064349e-28 6.359189532235314986e-29 7.191606127998667608e-01 8.298757351765070255e-29 8.262689936966924331e-04 9.899060454801168838e-04 5.559007403140318795e-04 6.364092834444684543e-01 6.550319718622240901e-04 2.901504701538570807e+05 3.829088244001804269e+05 1.168397307894736296e+05 4.827864193138779458e-01 1.699559685200689710e+05
