# R (Mpc), mean rho (Msol/kpc^3), errup (Msol/kpc^3), errlow, std, median rho (Msol/kpc^3), mean pth (Msol/kpc/s^2), errup(Msol/kpc/s^2), errlow, std, median pth (Msol/kpc/s^2), mean gas-mass-weighted metal (fraction), errup, errlow, std, median metal, mean gas-mass-weighted temp (K), errup, errlow, std, median temp  
#  nprofs 351, mean mh 214895326278.344604, median mh 202767672401.624878 
#  Mass range 11.00 - 11.5
6.706029110378903786e-04 3.921619883389205486e+07 4.058051146364709735e+07 2.023342816653378308e+07 3.584791914309248262e-01 3.084433257330327109e+07 2.019114557151034803e-23 2.979485220037717322e-23 9.364886137085796419e-24 5.547706490557332559e-01 1.180748176351139920e-23 1.533372849750600821e-02 4.840495065838086933e-03 4.642621617600045311e-03 1.682175243396867581e-01 1.504112260284719109e-02 2.996480316149308783e+04 1.357655771545887546e+04 1.098221686479928030e+04 1.869380230878519844e-01 2.876831709178433812e+04
1.165374294563389359e-03 1.682524701393770427e+07 1.012907852122800611e+07 7.366407315173944458e+06 2.585075045658506987e-01 1.568357973458134569e+07 5.798734278546906287e-24 5.324726799861021251e-24 2.490081856963855543e-24 4.112272073445372156e-01 4.144212439775647567e-24 1.460089361568437695e-02 5.395159012693466136e-03 4.451423883034077641e-03 1.930625817179883741e-01 1.418576416127231669e-02 2.316790922318779849e+04 7.788054757212878030e+03 5.143648962359151483e+03 1.238478943438353214e-01 2.210464786813348837e+04
2.025188414895478031e-03 5.679019688858309761e+06 2.546962855157402344e+06 1.924943215480997693e+06 1.964271494566413867e-01 5.352272720684424974e+06 1.129993110973644328e-24 9.048731607620494922e-25 4.857566736885129108e-25 3.325505477813653354e-01 8.607723247107296338e-25 1.435213481659037248e-02 5.570782056830895709e-03 4.570236648667824406e-03 2.025074847259508426e-01 1.381008039752000364e-02 1.584303196542282967e+04 3.752950766822730657e+03 2.467912768317726659e+03 9.600099351996946306e-02 1.500260985640307263e+04
3.519374105778993230e-03 1.542165856170064071e+06 4.880491746428161860e+05 3.910152426061928272e+05 1.494365643890151751e-01 1.451834009237085236e+06 1.869992450944926685e-25 1.154271510044390789e-25 4.931994170976278430e-26 2.418875099551599239e-01 1.380641063210957013e-25 1.340710667077260436e-02 5.157546114242590046e-03 4.690722798919048572e-03 2.071777687313565985e-01 1.309348450375027312e-02 1.130898102722706244e+04 1.427482021291802084e+03 8.784587392848716263e+02 6.363431188420516638e-02 1.092417507277961340e+04
6.115971237701829134e-03 4.054358735625691479e+05 1.561956926695808652e+05 8.916383878285437822e+04 1.402543745231860373e-01 3.711607981388396001e+05 6.832578252042811214e-26 3.794396937547563740e-26 1.114447756879824507e-26 2.702139732085223622e-01 4.082842002225648529e-26 1.132688723184340461e-02 5.421681106556495641e-03 4.133078466023642518e-03 2.258678941330275192e-01 1.071005244461132634e-02 1.337759795276553996e+04 1.843967237291302808e+03 7.097616324936698220e+02 1.521649513558761269e-01 1.081293799406416292e+04
1.062833988548557602e-02 1.220642825512945419e+05 5.072547861395640939e+04 3.615194976176398632e+04 1.674724261674050141e-01 1.127562094771310076e+05 5.390404920544811581e-26 6.855045290593308501e-26 9.853447927708481973e-27 3.921546293743052303e-01 2.425449729103882273e-26 8.062264851629946660e-03 4.609196890577244195e-03 3.295222994064182960e-03 2.500682826013854165e-01 7.459300379539748026e-03 3.100301988275795884e+04 3.595254959759630583e+04 3.128676957620522444e+03 3.263400404291648682e-01 1.509933666643665310e+04
1.846993786122688719e-02 4.267102127970769652e+04 2.447972412328821520e+04 1.693440094484168731e+04 2.089556458392202720e-01 3.960578524593452312e+04 3.473880474356182052e-26 3.222645257724373317e-26 1.250128434303470334e-26 3.305694326893082735e-01 2.424186189712230060e-26 4.635797662879087219e-03 2.534280623548160020e-03 1.900904460337264536e-03 2.476664176121385896e-01 4.284919820384047902e-03 6.558469352474297921e+04 7.040228309909821837e+04 2.145187442320688569e+04 3.377066749477583563e-01 4.216122919296364125e+04
3.209707332218952880e-02 1.036509066399742915e+04 7.069015915953048534e+03 4.349902700096834451e+03 2.447356854362433831e-01 9.294669120318661953e+03 1.834942140845711466e-26 1.004679262240087352e-26 6.964660731264582822e-27 2.351872044473685142e-01 1.618108274379196461e-26 2.569974159556604083e-03 1.581957402935465530e-03 1.020882468661672921e-03 2.542880884435070876e-01 2.238174980088063985e-03 1.542642230647112010e+05 1.204362725242083834e+05 5.411235220742032834e+04 2.953236859647437318e-01 1.153669587304592133e+05
5.577832061973046762e-02 2.101193464961446352e+03 1.115902241854915246e+03 6.434268561532146578e+02 1.864457921549919350e-01 1.879013312809691342e+03 9.095336508990412616e-27 5.452108605105263757e-27 3.377782390424366773e-27 2.557748610877781936e-01 7.545557242147341480e-27 1.097230904163034627e-03 9.204943327477194603e-04 3.257133478432195500e-04 2.813312365428266015e-01 8.197444473630768847e-04 3.067612192346047959e+05 1.269552428315767320e+05 9.225053068037630874e+04 2.110366052740955678e-01 2.676124714441387914e+05
9.693161179921591653e-02 7.947478871683904345e+02 3.784003880042412220e+02 2.232536777517839823e+02 1.758710950653196436e-01 7.235464163544063467e+02 3.868474294626469012e-27 3.099931541459056161e-27 1.301007245049040511e-27 3.300975472587895920e-01 2.636599896681816304e-27 5.977401748850710850e-04 4.392859952723421682e-04 2.034509506765509756e-04 2.646727121222065549e-01 4.681458181689451348e-04 3.105161209049402387e+05 1.446274235481914075e+05 6.206319041642686352e+04 2.286912736643284816e-01 2.279837291605305218e+05
1.684478353166902198e-01 3.342410246945686367e+02 2.002710458146502219e+02 1.027562168604218016e+02 1.959958792694631025e-01 2.874985499464489180e+02 1.812537022663695200e-27 1.535012459180306126e-27 4.500795805258174296e-28 4.551018089246204879e-01 7.771983474958232008e-28 5.218405558383410435e-04 3.243061950451735427e-04 1.824631327592599159e-04 2.822557918797598542e-01 4.105084349760649534e-04 2.898267637727530673e+05 1.856471083340408222e+05 5.405129771123459795e+04 3.105146907951338298e-01 1.671792430673155177e+05
2.927287878143824407e-01 1.567396978122916664e+02 1.089778438156100435e+02 4.039621757794799350e+01 2.295057188715784458e-01 1.203152564843055643e+02 1.236829338630779406e-27 1.335813748892626503e-27 1.565916349172692052e-28 5.996721924914333313e-01 2.532022959529797055e-28 5.678025889922090185e-04 6.392191048814090115e-04 1.851568355141460561e-04 4.055111780625418327e-01 3.448052377676541469e-04 3.119246486526906956e+05 3.453367021773947636e+05 6.169041923580138246e+04 4.089043298854871944e-01 1.354702612199590658e+05
5.087043300626336029e-01 8.453821950854558054e+01 6.545662648140375950e+01 2.356191609154617339e+01 3.047119259812674508e-01 5.574607382501051234e+01 1.168718381117787927e-27 8.139888776596228013e-28 1.009507113799777592e-28 7.838038240391854705e-01 1.264454572749213568e-28 6.746731230504517552e-04 9.587708094854554023e-04 3.287358932455097067e-04 5.851841027945727802e-01 4.228785133548129899e-04 3.662823144440747565e+05 4.646800371841529268e+05 9.353351798137310834e+04 5.121418557098464941e-01 1.433059380373012391e+05
8.840268063712417579e-01 5.358874711180715167e+01 4.922097284104749093e+01 1.531818973793896532e+01 3.465398684980673383e-01 3.260074912358216892e+01 9.935375127105204103e-28 9.498454645868691843e-28 6.307452580155115169e-29 9.408478246374779586e-01 7.335518887912543465e-29 7.493439570982170575e-04 8.617059746128219152e-04 4.588518858717457799e-04 8.668138475046880398e-01 5.669139525781625609e-04 4.494186629033618374e+05 6.452335369678097777e+05 1.182304768756224948e+05 6.160707511656925428e-01 1.572579616460492834e+05
1.536262516748606588e+00 3.781490804367675196e+01 4.057107375236051894e+01 1.160408331524663517e+01 3.250268722995696691e-01 2.489524823101568884e+01 8.714323546180689305e-28 9.527424425580864310e-28 8.515781268228731295e-29 9.342566109597514323e-01 9.434676050001247028e-29 8.624710873871351425e-04 7.621440293266642249e-04 5.569280117219637229e-04 5.191865082302919987e-01 7.677954417369684459e-04 6.137790066711491672e+05 7.889826880012769252e+05 2.175797010656107450e+05 6.277817414875679347e-01 2.624129601095051621e+05
