# R (Mpc), mean rho (Msol/kpc^3), errup (Msol/kpc^3), errlow, std, median rho (Msol/kpc^3), mean pth (Msol/kpc/s^2), errup(Msol/kpc/s^2), errlow, std, median pth (Msol/kpc/s^2), mean gas-mass-weighted metal (fraction), errup, errlow, std, median metal, mean gas-mass-weighted temp (K), errup, errlow, std, median temp  
#  nprofs 157, mean mh 563900035637.674316, median mh 524737557468.178406 
#  Mass range 11.50 - 12.0
6.706029110378903786e-04 5.677118111860299110e+07 4.893148714761907607e+07 2.690040590296590701e+07 3.749465937127781645e-01 4.433470252338390797e+07 7.969937185313201609e-23 5.252544985846466965e-23 2.180022877828606554e-23 6.420595984957244706e-01 2.668406787307455578e-23 2.652870139664624191e-02 1.056685698230352966e-02 1.080344505343627803e-02 2.093764682914905639e-01 2.568781930983412426e-02 2.458510841175009846e+05 1.799782086135176360e+04 1.647256537645376375e+04 4.090243168245932259e-01 3.870149498442485492e+04
1.165374294563389359e-03 2.689458675358851999e+07 1.802703454031977057e+07 1.401476061398464441e+07 3.373630206873778903e-01 2.536683949079701304e+07 3.603458976645781953e-23 1.837477179176914181e-23 9.112339108511138432e-24 6.063052575304892500e-01 1.274929660967472340e-23 2.598253080472513049e-02 1.122054797774449039e-02 9.736233355234182735e-03 2.011853091197161048e-01 2.555161764867315208e-02 2.363922334474204690e+05 1.477155276694137865e+04 1.121718464877056977e+04 4.604363470520951296e-01 3.351038912788962625e+04
2.025188414895478031e-03 1.247977013277487829e+07 8.726112993700820953e+06 3.385136552335883491e+06 2.951626956728494178e-01 9.970391048750985414e+06 5.919873026202903448e-24 5.475632806339227513e-24 1.745743766366250061e-24 4.492194383284069392e-01 3.162174427451306547e-24 2.474244104627559837e-02 1.016080233573640051e-02 8.640679248034743853e-03 1.961526309141562729e-01 2.403085192318023255e-02 3.215426966700955018e+04 1.198950576793610162e+04 4.446758950066854595e+03 2.142526399516182511e-01 2.212291853057128537e+04
3.519374105778993230e-03 4.564458231132371351e+06 3.131566406734210439e+06 1.603905673038132023e+06 3.358658675601399191e-01 3.918993932257077657e+06 1.480520427463354926e-24 1.633952246614971054e-24 4.959065053505156507e-25 4.187887570984779595e-01 8.161041542299729592e-25 2.132055885155088523e-02 8.580657930225207841e-03 1.009122417694587742e-02 2.126197971685238053e-01 2.193892396142616691e-02 5.121508162626597186e+04 9.303983089143126563e+03 5.361697614265001903e+03 3.168750132213954407e-01 1.742055818511542748e+04
6.115971237701829134e-03 1.828667736892343266e+06 1.107173743307537632e+06 6.914136307040932588e+05 4.161188506615127181e-01 1.665892957516083261e+06 5.590341456431778201e-25 4.899872782727762077e-25 2.252047299991696146e-25 4.067343400130671305e-01 3.606123413916439896e-25 1.549075040874866790e-02 8.657130575732941216e-03 7.919895048651159203e-03 2.513866076844983311e-01 1.492159199910656452e-02 5.767579915876097948e+04 1.716988949042285822e+04 4.341620052302358090e+03 3.829273678390132107e-01 1.552517448905609308e+04
1.062833988548557602e-02 7.451542438498985721e+05 2.487754416170378681e+05 3.258512487930689240e+05 4.279205497784893120e-01 7.795144225490981480e+05 4.176227920320632192e-25 3.714372878655578951e-25 2.173587802841232470e-25 3.860202193979330176e-01 3.224290370516555835e-25 1.082761877981659390e-02 5.945038554650089457e-03 5.672203981042643617e-03 2.553763874604130235e-01 1.035262818193474418e-02 1.028524555384195119e+05 4.011326194893309003e+04 1.800777966838026623e+04 4.543623101100374151e-01 3.338929068950979126e+04
1.846993786122688719e-02 2.073315569490306079e+05 1.044423271955816599e+05 1.019958283569035120e+05 3.567939500603450886e-01 2.054525344022738573e+05 3.056131609442254646e-25 2.619982944616136350e-25 1.353769789582649416e-25 3.527484635936868340e-01 2.354181564325715540e-25 8.182262311877267977e-03 4.453453681769560524e-03 4.018154630632117183e-03 2.629981536814942622e-01 7.863201637739620012e-03 1.735976447749721992e+05 1.938919866919332708e+05 4.767282213904992386e+04 4.502303005077515352e-01 8.462951911493649823e+04
3.209707332218952880e-02 4.165508640400339209e+04 2.473432372819502052e+04 1.003373282157924041e+04 2.603512249248683408e-01 3.653194731440430041e+04 1.398120411357744555e-25 1.296071834459568451e-25 4.612434074411203761e-26 3.053706249193186562e-01 1.010207815963081513e-25 6.259784840637247320e-03 3.634060046835813594e-03 3.242360666065376151e-03 2.657403051317652198e-01 6.046644282344255071e-03 2.823423283691462129e+05 2.883324410778968595e+05 1.006511113117645436e+05 3.479774242229528025e-01 2.012902821702839574e+05
5.577832061973046762e-02 9.052351768453632758e+03 3.812166239170706831e+03 3.152202266819494071e+03 2.101302898370220051e-01 8.732989042945268011e+03 4.988454564800701122e-26 3.702632460670386102e-26 1.724140229188340942e-26 2.766820107458440869e-01 3.924034991138660739e-26 4.248502604884953245e-03 2.759253414589477905e-03 2.239803004362991585e-03 2.998312473856695193e-01 4.025823908372997903e-03 3.825608661749191815e+05 1.844387467684602016e+05 1.363226075854148658e+05 2.141731259858028757e-01 3.404685343565793592e+05
9.693161179921591653e-02 2.884891659383128172e+03 1.583505216648619808e+03 8.366895822160727221e+02 2.075906141501425162e-01 2.626802383976594228e+03 1.693422110131385280e-26 1.215360630725526588e-26 6.399495567314451478e-27 2.686407747014911140e-01 1.364921034296737715e-26 2.309056917961032143e-03 2.126084353629167055e-03 1.185425858907478928e-03 3.353275057670329073e-01 1.954632254060339157e-03 4.041575688949609757e+05 1.663708474318311200e+05 9.196820257014225353e+04 1.858973257109859112e-01 3.479049420721246279e+05
1.684478353166902198e-01 8.741397935324059745e+02 3.851240333470649375e+02 2.303208207027978460e+02 1.697167765638592507e-01 8.108761582403886905e+02 4.657486308662178455e-27 3.528587791922327387e-27 1.682815032190424626e-27 2.868520573743258972e-01 3.602771870364396146e-27 1.196915330645765326e-03 1.258631513223044864e-03 5.295090728329480620e-04 3.740419042189452314e-01 8.459164038610070789e-04 3.525371775719465804e+05 1.468763091276898049e+05 6.506651352892717114e+04 2.029934102043405852e-01 2.729469484652800020e+05
2.927287878143824407e-01 2.533586687823028853e+02 1.098360674036209730e+02 7.385999993615860149e+01 1.659196727530534987e-01 2.330794097947309638e+02 1.453756966855881069e-27 1.134416088687437617e-27 4.772237170381998484e-28 3.933911862516515923e-01 8.008320598696866012e-28 7.328299085356433651e-04 8.254235434973911231e-04 1.963513103747750797e-04 4.409742902386651897e-01 3.500312576880847343e-04 3.084697227794069913e+05 2.401042992461690737e+05 7.848681533392127312e+04 2.733341981259653775e-01 2.085629732665753399e+05
5.087043300626336029e-01 1.053668627254651966e+02 7.456099615659670121e+01 2.461980762493284658e+01 2.413796880745355811e-01 7.739393629616517956e+01 1.140608949511179223e-27 8.047007942810248657e-28 1.034707523277825949e-28 5.825854981524625220e-01 1.677297373224013023e-28 8.424989074115518325e-04 1.395204961526088066e-03 1.966001546981315917e-04 6.516078315025901624e-01 2.584191465617351538e-04 3.026066890285373665e+05 3.396225426712899935e+05 7.395482004220339877e+04 3.784570984010055539e-01 1.542643853263724304e+05
8.840268063712417579e-01 6.822640679607339109e+01 5.706784798111610257e+01 2.167337430999523562e+01 2.831182968194740912e-01 4.816564858022404394e+01 2.041481468893153294e-27 8.528625657126139676e-28 8.643657708145703158e-29 7.198517067542761216e-01 1.165705784554508345e-28 1.289060120323069943e-03 1.695064940445569759e-03 9.076009756096359900e-04 7.320386412745706339e-01 1.007665329448641364e-03 3.828253249875802430e+05 4.273855499134839047e+05 1.339572937619283330e+05 4.695833735902198436e-01 1.940700708746046294e+05
1.536262516748606588e+00 4.401392759454305548e+01 2.618951836864081884e+01 1.820791869144664687e+01 2.701726128224826162e-01 3.730312201533508443e+01 6.022883681211007509e-28 4.677060884810289883e-28 1.124466255133397053e-28 7.547514820135841074e-01 1.312041658453601302e-28 1.404984456931137422e-03 1.104435327266228839e-03 1.163667087778759695e-03 6.003701619273551504e-01 1.370753030295822003e-03 4.365525835449621663e+05 4.431079407412756700e+05 1.969964344315631315e+05 5.065889618598183874e-01 2.547204354097974719e+05
