# R (Mpc), mean rho (Msol/kpc^3), errup (Msol/kpc^3), errlow, std, median rho (Msol/kpc^3), mean pth (Msol/kpc/s^2), errup(Msol/kpc/s^2), errlow, std, median pth (Msol/kpc/s^2), mean gas-mass-weighted metal (fraction), errup, errlow, std, median metal, mean gas-mass-weighted temp (K), errup, errlow, std, median temp  
#  nprofs 72, mean mh 208781550038.296844, median mh 202255472130.079834 
#  Mass range 11.00 - 11.5
6.706029110378903786e-04 9.497328717064740136e+06 2.749627994972843677e+06 1.313714786714331247e+06 1.159610066537854062e-01 9.143211326760943979e+06 1.115416801188571075e-24 6.054206328315036832e-25 3.369371060219308332e-25 1.988417628986547669e-01 9.985773269161109891e-25 2.236330528139892845e-03 1.941346818325174594e-03 6.298070755950214766e-04 3.229443799295664830e-01 1.443457820832209047e-03 1.288498834552890548e+04 4.779414379138961522e+03 1.220888213973463280e+03 1.017439728907671981e-01 1.119514885569673061e+04
1.165374294563389359e-03 4.560162822714218870e+06 3.158211799579989165e+06 2.181198371554649435e+06 2.735698932272860873e-01 4.022845941308705136e+06 5.719576441061456769e-25 4.639536624884168864e-25 2.223488503980766009e-25 3.678358726853125371e-01 3.830070097046248548e-25 1.921533481083726467e-03 1.277368711757240465e-03 8.051386024227568088e-04 3.321405478460553451e-01 1.560265971832862798e-03 1.230003932220138995e+04 3.780998775415209820e+03 1.176988896072583884e+03 8.241937652985455165e-02 1.125445244814254511e+04
2.025188414895478031e-03 2.383169108070227783e+06 1.228702294375959318e+06 9.588145590131140780e+05 2.853406874662130499e-01 2.248472368982691783e+06 2.483089444314363318e-25 1.823768584073850597e-25 1.266611121907753753e-25 3.273090532910635786e-01 2.328557257471916337e-25 1.739426624327671022e-03 1.432072362146115342e-03 6.034501025676061595e-04 3.446592663444698612e-01 1.346266144981425128e-03 1.146696434572814906e+04 1.930615651112582782e+03 1.393505898731458728e+03 5.885557076972436352e-02 1.129576986072247928e+04
3.519374105778993230e-03 1.172767853499423247e+06 5.511160826213681139e+05 3.568271628593895584e+05 2.334154893050471025e-01 1.107180687239687424e+06 2.215718855350059671e-25 5.616548042903347217e-26 3.886120191561371531e-26 3.532561474025375237e-01 1.024485089103699216e-25 1.553124882489609728e-03 1.289445246593572125e-03 5.788408629372104658e-04 3.215359568265627743e-01 1.264249015907166485e-03 1.716907246456203939e+04 9.818770198771999276e+02 7.068359034266904928e+02 2.255755029181514826e-01 1.059799209634719045e+04
6.115971237701829134e-03 4.800593569609662518e+05 1.762801096372851171e+05 1.268676730158263817e+05 1.664895880180103926e-01 4.437254998647880275e+05 1.472880087224291805e-25 1.207999820679398194e-25 1.553665891989564793e-26 4.315870530655145365e-01 5.009554927588304739e-26 1.140349577902248111e-03 9.542548469641000657e-04 3.546510858903866980e-04 2.804589751477187254e-01 9.126266236090445436e-04 2.354379758066961949e+04 1.146411937260461491e+04 9.055110183333381428e+02 3.268027808632603670e-01 1.086677187339468583e+04
1.062833988548557602e-02 1.727666743081382301e+05 9.607064216889053932e+04 4.616140031491791888e+04 1.954825722754308381e-01 1.500028685656335729e+05 1.319008995401242122e-25 1.885320335408485947e-25 4.550354880416866740e-26 4.828641639857243484e-01 6.619635495557325789e-26 7.344059759098939526e-04 3.759957515494764682e-04 3.150979890176945869e-04 2.721161820558968270e-01 6.464125987203009479e-04 5.784142352552860393e+04 7.045169645205856068e+04 2.021722586093462087e+04 4.192828021343018574e-01 3.357081038744555553e+04
1.846993786122688719e-02 6.054548684327701631e+04 2.822897285934074171e+04 3.073685701977935605e+04 2.369669344899248131e-01 5.967948559055108490e+04 8.753998287241627249e-26 9.492075999331363259e-26 3.343172597794598956e-26 3.763829758759851818e-01 6.058674669173290494e-26 4.462060303907750642e-04 2.568341988010539078e-04 1.715806885412249653e-04 2.718243755086732771e-01 3.815426650264312899e-04 1.094585108285862807e+05 8.222981731445381592e+04 5.026328125558626198e+04 3.452300297779788418e-01 8.663023566638595366e+04
3.209707332218952880e-02 1.922039263652237423e+04 9.985344666203131055e+03 6.200024170153086743e+03 2.092769863549719667e-01 1.727059208690539526e+04 3.510305570082978724e-26 3.205090655958204286e-26 1.386885828816916788e-26 3.017966156522213228e-01 2.692813764446225727e-26 2.446734826529279802e-04 1.180213006746126496e-04 1.000330858284813486e-04 2.464047071985047410e-01 2.184675108672135707e-04 1.389654468537646171e+05 1.371137305666032480e+05 4.885288262642118207e+04 2.978462594186520596e-01 1.060028840178086684e+05
5.577832061973046762e-02 5.929207846009326204e+03 3.326211277444132975e+03 1.609716311521049192e+03 1.651672739642849053e-01 5.351432770530339440e+03 1.473079695993208353e-26 9.635389969469623779e-27 4.060218803070973590e-27 2.282887180467057242e-01 1.154039641869427930e-26 1.605745477506456199e-04 6.924041782158080844e-05 6.033417697341730704e-05 2.705601938888016478e-01 1.432726060737163397e-04 1.749456059355738980e+05 8.256000907448999351e+04 5.325877779500660836e+04 2.002125395876612479e-01 1.539231258510584594e+05
9.693161179921591653e-02 2.072666744800244942e+03 8.206411615808397073e+02 4.225975525196181479e+02 1.486108020269110153e-01 1.823657432413654533e+03 6.161303911971665475e-27 4.091406452523858170e-27 2.004181482397624717e-27 2.386041127042394516e-01 4.939390694687987125e-27 1.202802410258649638e-04 6.693735479368199568e-05 5.490311110779948743e-05 2.904279687057959580e-01 1.038096857852716776e-04 1.958138344063581899e+05 9.463169747538754018e+04 4.675017894005388371e+04 1.567489500143798287e-01 1.781530449084062711e+05
1.684478353166902198e-01 7.899884879739757935e+02 3.255594920201158402e+02 1.881915143602486751e+02 1.585417747247734599e-01 7.002002289901008680e+02 2.255166249841386695e-27 2.311116733749536112e-27 6.018315029032861773e-28 2.798179326834174807e-01 1.634566761435046331e-27 8.746143164696997961e-05 5.865238274859745798e-05 3.715192168477136865e-05 3.145366732718906100e-01 6.930328655070763831e-05 1.767640322711649933e+05 8.216752112646287424e+04 3.628444495257324888e+04 1.497079648726975798e-01 1.587961337608208996e+05
2.927287878143824407e-01 3.176541911389865049e+02 1.523060361928907014e+02 8.977157802993073688e+01 1.846031402491700446e-01 2.815931435130656837e+02 7.573571191181083502e-28 5.282358475322729363e-28 2.722237999357983944e-28 3.570160990523540412e-01 5.037483040417140007e-28 7.057931734011894812e-05 3.558109092425859772e-05 3.931218554843340810e-05 3.010498362728995514e-01 6.681856629052896485e-05 1.328107384504164220e+05 4.406712040617337334e+04 4.467707896894385340e+04 1.867804694093781193e-01 1.226235859417274187e+05
5.087043300626336029e-01 1.516409973169764100e+02 5.712955935734137825e+01 5.029885775648335766e+01 2.178866306169044698e-01 1.298795937560763321e+02 3.980690205738831278e-28 2.884395878436312279e-28 1.319703324834595730e-28 4.761490286999800481e-01 1.961063336603414987e-28 7.046443457466947135e-05 8.706471613793908897e-05 3.252937409131052051e-05 4.775971768493149638e-01 4.782391104071389025e-05 1.260630852319022088e+05 8.166853764589346247e+04 5.306942483638647536e+04 2.691275715409906510e-01 1.064279655445068784e+05
8.840268063712417579e-01 7.559675686307437559e+01 5.512975297340200598e+01 2.103948171205995266e+01 2.416992492999206210e-01 5.906701684834099808e+01 3.101708332491005208e-28 2.803587928699671759e-28 4.110972468076127578e-29 6.165746920781114415e-01 6.412480387365447783e-29 7.837746070499772288e-05 8.932058835402617570e-05 3.575988087193403698e-05 7.701505056027886376e-01 4.583773437617605590e-05 1.442568402973021148e+05 1.431718356276549457e+05 3.880356438251843792e+04 3.863849150453032011e-01 7.864621095734505798e+04
1.536262516748606588e+00 5.006255831446566162e+01 2.190154590582120875e+01 2.287106864404717399e+01 2.597970311039001778e-01 4.441143671720951147e+01 2.858774601908224450e-28 1.383424935052496702e-28 5.300266905563610472e-29 7.219422503160041193e-01 6.104469320288739318e-29 1.060126943545245618e-04 1.163122959337299075e-04 5.420785853036857364e-05 1.510490142746589992e+00 6.298746701620897427e-05 1.632116778606447042e+05 1.133310685260605242e+05 5.891777722805825033e+04 4.705326162335776163e-01 8.568111230900147348e+04
