# R (Mpc), mean rho (Msol/kpc^3), errup (Msol/kpc^3), errlow, std, median rho (Msol/kpc^3), mean pth (Msol/kpc/s^2), errup(Msol/kpc/s^2), errlow, std, median pth (Msol/kpc/s^2), mean gas-mass-weighted metal (fraction), errup, errlow, std, median metal, mean gas-mass-weighted temp (K), errup, errlow, std, median temp  
#  nprofs 232, mean mh 557633024612.056763, median mh 533186563381.831116 
#  Mass range 11.50 - 12.0
6.706029110378903786e-04 2.004989991591989249e+07 1.974140639743951336e+07 5.936317350227870978e+06 2.724042408384713121e-01 1.427998513410453871e+07 6.484449489552218820e-24 7.997239528722524271e-24 2.765642967956237011e-24 5.109512572732237690e-01 3.940308861612948705e-24 6.077115690195932646e-03 3.843716365580982647e-03 2.433232818312296847e-03 2.741850314443017855e-01 5.511136463496655799e-03 2.155060777766636238e+04 9.120692106296624843e+03 7.461289565133518408e+03 2.453117246495772619e-01 2.082186279684757028e+04
1.165374294563389359e-03 1.044048964385616779e+07 7.604438307043606415e+06 5.452713217126565985e+06 3.187367456747299266e-01 9.444985700584156439e+06 2.744120689993007405e-24 3.043447567254521128e-24 1.536258597020871978e-24 4.991733886382045404e-01 2.003581035117440262e-24 5.392750539383799752e-03 3.463669854356191645e-03 2.625676539886278443e-03 3.091555684673054083e-01 4.925915746222561502e-03 1.856933938294489417e+04 6.461686288839577173e+03 4.606132916671751445e+03 1.271803531432316725e-01 1.790290765519907291e+04
2.025188414895478031e-03 4.495153589534085244e+06 2.053497411257632077e+06 1.721880324677786324e+06 2.418595328174953929e-01 4.320518991821714677e+06 7.820652926898096404e-25 6.312418924103828827e-25 3.289691167247016728e-25 3.506067605048161506e-01 6.239739588025337901e-25 5.317482253325137020e-03 3.616085130053978657e-03 2.369777993688086237e-03 3.357195391718810762e-01 4.747743265862890312e-03 1.515353466221338931e+04 2.782645566710662024e+03 2.085596738255559103e+03 7.935192957199893593e-02 1.461173068710005282e+04
3.519374105778993230e-03 1.645382830831206637e+06 6.528361670488901436e+05 5.560606174974096939e+05 1.664696824168477585e-01 1.619101436777056195e+06 1.981782087980339087e-25 1.307218877492117401e-25 5.416415376623614829e-26 2.314584074421889848e-01 1.585770209223785586e-25 4.756838794919779519e-03 3.413159916279395918e-03 2.048959908024902167e-03 3.281920430326527582e-01 4.155005695250795113e-03 1.297888618249148203e+04 1.411913421582710725e+03 1.165785920145721320e+03 1.027940337553963773e-01 1.208225309310332887e+04
6.115971237701829134e-03 5.136589844422969618e+05 2.335716897010801476e+05 1.304548267522139940e+05 1.613068135034241291e-01 4.605772347266555880e+05 1.579711431630345442e-25 9.954907605323279424e-26 2.634939972408683017e-26 3.746520785008156662e-01 6.723576034487105186e-26 3.497561172032201144e-03 2.379964712370579664e-03 1.612517234337416385e-03 3.172163000149607615e-01 3.070669470530992904e-03 2.479165800582584779e+04 1.263180456217500250e+04 1.803000322655387208e+03 2.913105858394003378e-01 1.260071748989632033e+04
1.062833988548557602e-02 1.911634574924535700e+05 9.469147234770294745e+04 6.763137161337296129e+04 2.015329838698559084e-01 1.739248468495490961e+05 2.307938398202144610e-25 2.316860257013454709e-25 1.052634534803316963e-25 3.882576192839588547e-01 1.617116147664172274e-25 2.034075755010612829e-03 1.260396979273239321e-03 7.800055091955416988e-04 3.096748762219680984e-01 1.657664727223106052e-03 9.665337680141133023e+04 1.092716754774369183e+05 4.409860164503063424e+04 3.901923768818192362e-01 6.850011577045940794e+04
1.846993786122688719e-02 6.990308837644042796e+04 4.330313270364463096e+04 3.303229423411631433e+04 2.551750947929501967e-01 6.598961786811365164e+04 1.913163241612845147e-25 1.572994931090438220e-25 7.521588717632142714e-26 3.023946589824307307e-01 1.532553546684731888e-25 1.304767285954406067e-03 7.481473043656153982e-04 5.788616867247113433e-04 3.071603234663173310e-01 1.109491017046818377e-03 2.436427365311673784e+05 2.253016127842272399e+05 9.686686258906857984e+04 3.538579244712845018e-01 1.686409407877408084e+05
3.209707332218952880e-02 1.730180778118401940e+04 1.051184855873844208e+04 5.667843226001386938e+03 2.353768325859172394e-01 1.480374674684999627e+04 1.110152909612611024e-25 9.531664464785943422e-26 4.404969626594675645e-26 2.773820410215151466e-01 8.788224573086642191e-26 8.874366768853313332e-04 5.809096487882402585e-04 3.796147964207612774e-04 3.182491506666768055e-01 7.287803511897904089e-04 5.212265704136038548e+05 4.070769562465835479e+05 2.322546910734941775e+05 3.111034046723319957e-01 4.268944858937244280e+05
5.577832061973046762e-02 5.146475078364015644e+03 2.256541909724648576e+03 1.886695968828326841e+03 1.826398864349432494e-01 4.927004129364012442e+03 5.413512513314871093e-26 4.806482655005792649e-26 2.184771017986411072e-26 2.734867031653909764e-01 4.329504026494257502e-26 5.448224510125631616e-04 3.693946766967520128e-04 2.179045799277655785e-04 3.091011470948747397e-01 4.392507852296698850e-04 7.065701391091557452e+05 2.854148069583353354e+05 2.087357954648347804e+05 1.840122468210346474e-01 6.452194339683118742e+05
9.693161179921591653e-02 2.165012320225268013e+03 1.168915552980408393e+03 6.961636514384697421e+02 1.808869455887263389e-01 1.995441743121576565e+03 1.883035482657807613e-26 1.575075787306410295e-26 8.206513486590616578e-27 2.983708360539504834e-01 1.530512225384281923e-26 4.006460390046829461e-04 3.176462361958059025e-04 1.613705599527669968e-04 3.113179967950934213e-01 3.144078333546688011e-04 5.962965211561733158e+05 2.089191379595234757e+05 1.509561251792003168e+05 2.092176717971283018e-01 4.819967120118457824e+05
1.684478353166902198e-01 7.315993780404053268e+02 3.093896148785194100e+02 2.445348980161382428e+02 1.676618187486813294e-01 6.891381574957308658e+02 6.410051240991250685e-27 5.173521566122295719e-27 2.100971812796950631e-27 3.998002067993609021e-01 3.707539738030593036e-27 3.017946511371133347e-04 2.513016857346759094e-04 1.121388407118798083e-04 3.376706231901507871e-01 2.216107609099555553e-04 5.357506451443586266e+05 2.620474124899039743e+05 1.206963775629193697e+05 2.956945235838795427e-01 3.374905428348527057e+05
2.927287878143824407e-01 2.437333392838094710e+02 1.957634299497292432e+02 7.287304612848708985e+01 2.409275815989462832e-01 1.911171325700113925e+02 3.608074623064704643e-27 2.918309350384312011e-27 6.101235255360098634e-28 6.166384064915192420e-01 8.564943725762319822e-28 2.140544188427661958e-04 2.399345736163962953e-04 6.867144959383931070e-05 4.625676260787602856e-01 1.217397425758733715e-04 5.918760392593868310e+05 5.017300306349489838e+05 1.328781723878807970e+05 4.082505696725370892e-01 2.732560785380287562e+05
5.087043300626336029e-01 1.457286247708290148e+02 1.570213383382721588e+02 3.973120799118442648e+01 4.084579134263964795e-01 7.344831203407707676e+01 5.006346532369686809e-27 3.783544386999949964e-27 2.575601394340411956e-28 9.377682224230725616e-01 3.034404931663035385e-28 2.762005682431171029e-04 4.880340306483517323e-04 5.926437729765335945e-05 7.312904494900622776e-01 7.415600645373382775e-05 8.028409372070103418e+05 1.120047692199269077e+06 2.004010182167069870e+05 5.521401707372013412e-01 2.925191434730212204e+05
8.840268063712417579e-01 1.172516178331048877e+02 1.151289323497790917e+02 2.953623507572725160e+01 4.865685107941160603e-01 4.823433787060218947e+01 8.604991387990269994e-27 3.164641779776438475e-27 2.272626539101417330e-28 1.133396740610981723e+00 2.472829961551839044e-28 3.849833061101363540e-04 7.858767552496787913e-04 1.276832403933097679e-04 1.064977137937219931e+00 1.424244594268756837e-04 1.100954737855402287e+06 1.325539770176529419e+06 2.831122003407280426e+05 6.635692971048990918e-01 3.544563905503629940e+05
1.536262516748606588e+00 6.642816209623414636e+01 7.896576091348778448e+01 2.169060484800801447e+01 4.380551426225782752e-01 3.533122947854444362e+01 3.777350921137363967e-27 4.731959645757991262e-27 2.508382051575924850e-28 1.114627603356676877e+00 2.682715562377137073e-28 5.023588144907517030e-04 6.156186749452375716e-04 3.743869616337840937e-04 8.173997282342666537e-01 4.132599666758565173e-04 1.407186689700375078e+06 2.657304953756204341e+06 4.328994620043133036e+05 6.890714876869831196e-01 5.181698672519163229e+05
