# R (Mpc), mean rho (Msol/kpc^3), errup (Msol/kpc^3), errlow, std, median rho (Msol/kpc^3), mean pth (Msol/kpc/s^2), errup(Msol/kpc/s^2), errlow, std, median pth (Msol/kpc/s^2), mean gas-mass-weighted metal (fraction), errup, errlow, std, median metal, mean gas-mass-weighted temp (K), errup, errlow, std, median temp  
#  nprofs 46, mean mh 224927859824.621277, median mh 225244501347.229858 
#  Mass range 11.00 - 11.5
6.706029110378903786e-04 5.924975020372907072e+07 4.458693944496776164e+07 3.581210247484061122e+07 3.360162475755463229e-01 5.549000126247617602e+07 8.406187931854828476e-23 5.118966433142721591e-23 2.178001564996671280e-23 6.053813006386206119e-01 3.047075860293755684e-23 2.479343751739720644e-02 5.881497407648664244e-03 7.686278606077720510e-03 1.459792179897103082e-01 2.561042104033299516e-02 1.025290977105055645e+05 2.137547412158726365e+04 1.123423489691688883e+04 3.940264304014143293e-01 3.609460663311155076e+04
1.165374294563389359e-03 2.333319627834149450e+07 1.066631946869203076e+07 9.390373793209295720e+06 2.566233312995208071e-01 2.227705227934468910e+07 1.557811656781599510e-23 1.023758194827511576e-23 4.648524930222047102e-24 4.659027552089288204e-01 8.477909508386544027e-24 2.392615812231461622e-02 8.652311068047913861e-03 6.006336162974645204e-03 1.539861801579488210e-01 2.314001563170925077e-02 3.953404128931094601e+04 1.030893164822511608e+04 5.736294281147227593e+03 2.386564519610184232e-01 2.843104897452252044e+04
2.025188414895478031e-03 8.178417771451824345e+06 2.826309169406528585e+06 2.301333455546461046e+06 1.866619977764099325e-01 7.823740141450478695e+06 3.272588149292607109e-24 2.176150145180055786e-24 1.108341071878508726e-24 3.778003833962075841e-01 2.160709683384126917e-24 2.308655406322369583e-02 7.604197268871449450e-03 6.016306570808659798e-03 1.542145863992407662e-01 2.250321808305877011e-02 2.557253660283941645e+04 9.284228074300412118e+03 4.156844268399403518e+03 1.975996095825821863e-01 2.000951402801226141e+04
3.519374105778993230e-03 2.516945871740948875e+06 1.110741110797853675e+06 5.656070538829539437e+05 1.623304518665625584e-01 2.242313272513885982e+06 5.941360564737924792e-25 4.172558954787756045e-25 2.520874662429960628e-25 2.826005476057959487e-01 5.018227001394981333e-25 1.946748569334062415e-02 8.812513474948515529e-03 5.557689812105463811e-03 1.679416084682099075e-01 1.807425364692296504e-02 1.684309980698848449e+04 6.310868527838018053e+03 4.075252840151000782e+03 1.424991964109145748e-01 1.511166032113247275e+04
6.115971237701829134e-03 8.215107147590195527e+05 3.776667691814198624e+05 2.600873579936142196e+05 1.747521633417724318e-01 7.640966766571507324e+05 2.105107788203955022e-25 1.822396244454592206e-25 1.050123199144354312e-25 3.129075082322850254e-01 1.793687204567958789e-25 1.262730073078379214e-02 5.088092993593595209e-03 5.377864258827709694e-03 2.049406105666456701e-01 1.185194811140901847e-02 1.854308252331504991e+04 1.197101251092797975e+04 5.166053676947136410e+03 1.891023154413289387e-01 1.593800316097546238e+04
1.062833988548557602e-02 3.413738285787939676e+05 2.240128917626096518e+05 1.661938819516652147e+05 2.588909483271693013e-01 3.215403360959450365e+05 1.695035396770270699e-25 1.139971536439881471e-25 9.565482015482116190e-26 3.861703037562110863e-01 1.397133636241461678e-25 7.309357409348578305e-03 2.948899408100027347e-03 3.060033301134897597e-03 1.956328968467602181e-01 6.911910670381526609e-03 4.074060252607248549e+04 3.261785331084801146e+04 1.858558959434470671e+04 3.400508892987206822e-01 3.106918018121334171e+04
1.846993786122688719e-02 1.073995669495534094e+05 6.638269908365131414e+04 6.103727074165683007e+04 2.849112577691765846e-01 1.045375877434322174e+05 1.301729731689362346e-25 1.146645056231031474e-25 6.736858856243270745e-26 3.726721700631192569e-01 1.090785927701061624e-25 4.747278973049580755e-03 2.501871517260875755e-03 1.959124018996197866e-03 2.178238240561214956e-01 4.378505283093064165e-03 1.166091743885517062e+05 1.086322590017837356e+05 5.598338930660683400e+04 4.165378554402727751e-01 8.158195800675498322e+04
3.209707332218952880e-02 2.821835270426876741e+04 2.492924956166101401e+04 1.086176428120706078e+04 2.656872018101139044e-01 2.291147724502654819e+04 5.371129377216417486e-26 4.644404568942894258e-26 2.343403420932489608e-26 3.167348951284005287e-01 4.421824769993188236e-26 2.771514084462446247e-03 1.274380927084324544e-03 9.693687345852226942e-04 2.057112551385763544e-01 2.613112962391336662e-03 1.599399398305912327e+05 1.398549176656230411e+05 7.678758355360414134e+04 3.458917540403967372e-01 1.340541921119657054e+05
5.577832061973046762e-02 8.330924774627363149e+03 4.228080442613947525e+03 2.509932640082830403e+03 1.650542675161086881e-01 7.591579022096204426e+03 2.045569388841787490e-26 1.094330627257897664e-26 6.949600229384816690e-27 2.368876767651063586e-01 1.788743311504988256e-26 1.946028748465959170e-03 8.727650148877990656e-04 5.579881003155795580e-04 1.846576395810224092e-01 1.745588497430131981e-03 1.792915449097211240e+05 7.934641669717719196e+04 7.433113595123274717e+04 2.461680778582508444e-01 1.671021654894879030e+05
9.693161179921591653e-02 2.884698633046507439e+03 9.325896965557285512e+02 6.240635644120288816e+02 1.235928356936210754e-01 2.709008336187037457e+03 7.711910102569633155e-27 4.290015012113774242e-27 2.612842162833509699e-27 1.954667865521548809e-01 6.860959847990554487e-27 1.213327031424338981e-03 4.496940960915483954e-04 3.640663103450584833e-04 1.721474174265609780e-01 1.168205407541542031e-03 1.848843776946670841e+05 8.296744388500830973e+04 6.703108199490071274e+04 1.714452829856493721e-01 1.743972923447872454e+05
1.684478353166902198e-01 1.094516249148819497e+03 3.055952925144245000e+02 2.289016254671007573e+02 1.242057303538485619e-01 1.054735980498720892e+03 3.074835567737742335e-27 2.211158286028725211e-27 1.203248073085761855e-27 2.365241265262517101e-01 2.671673846136593127e-27 7.847535745872364190e-04 2.629542414016191026e-04 2.553080757679187292e-04 1.691297704802305901e-01 7.749679260088421923e-04 1.837401928122435929e+05 7.419881212571513606e+04 4.633279087134337169e+04 1.543085291266719783e-01 1.729010349148142559e+05
2.927287878143824407e-01 4.308290827242071259e+02 1.501653802761304632e+02 1.044456721574309199e+02 1.467367055937211784e-01 3.950859353940089704e+02 1.174461188804891511e-27 1.122917788735827241e-27 3.233429293164260994e-28 3.168314820855749891e-01 7.553067149258417700e-28 5.619517518792466757e-04 1.936833296409862151e-04 1.678221813190515499e-04 1.678898120537135608e-01 5.520313367751051182e-04 1.636391973879003781e+05 7.767091673820870346e+04 3.030776767645761720e+04 1.981199477116361851e-01 1.303089015635662363e+05
5.087043300626336029e-01 1.974109938892509604e+02 1.079683047074809963e+02 6.426132855998534410e+01 1.761935752177063719e-01 1.807199851227727265e+02 5.478290977797708481e-28 5.905244948197550379e-28 1.515017783402027842e-28 4.226874827554337188e-01 2.594343671020800173e-28 5.177412381056895182e-04 3.039801565806223558e-04 2.182048566942727862e-04 3.236521758612462274e-01 4.441051884194155181e-04 1.484165632775461709e+05 1.073206627190036816e+05 4.087341770702862414e+04 2.643270894640029067e-01 1.034191179497993144e+05
8.840268063712417579e-01 1.008897095459489037e+02 6.884775743698143913e+01 3.259901090506161836e+01 2.293357594072049366e-01 8.454535997373999123e+01 3.193992093344093186e-28 2.685767171418270100e-28 8.316609170563677310e-29 5.804182246644092880e-01 1.150561705218366144e-28 4.784391894841032037e-04 5.676933411381847316e-04 2.089353099956237796e-04 4.068875053187994695e-01 3.302703400655542963e-04 1.441486383544718556e+05 1.256936716142868827e+05 4.427619163611322438e+04 3.639157982068157993e-01 8.567187684712542978e+04
1.536262516748606588e+00 5.553502918857733306e+01 2.581867539972858339e+01 1.786991745443751967e+01 2.331666177733005829e-01 4.669467943243225960e+01 2.852649797823465002e-28 2.120754494981750098e-28 3.897314527625364343e-29 6.947482245336608075e-01 5.294582446437580791e-29 4.770525297355827097e-04 5.080679836363745676e-04 2.895965084765839007e-04 5.509828300527849221e-01 3.703142352367203537e-04 1.844326146238128713e+05 1.856512616189087857e+05 6.017864360424068582e+04 4.723619055479169604e-01 8.986627225170233578e+04
