# R (Mpc), mean rho (Msol/kpc^3), errup (Msol/kpc^3), errlow, std, median rho (Msol/kpc^3), mean pth (Msol/kpc/s^2), errup(Msol/kpc/s^2), errlow, std, median pth (Msol/kpc/s^2), mean gas-mass-weighted metal (fraction), errup, errlow, std, median metal, mean gas-mass-weighted temp (K), errup, errlow, std, median temp  
#  nprofs 193, mean mh 527542898077.001953, median mh 484830969723.943176 
#  Mass range 11.50 - 12.0
6.706029110378903786e-04 1.829056510788138956e+07 1.774957227437640727e+07 4.456254958388444036e+06 2.739717426048968174e-01 1.292702167200096510e+07 5.363793235797079914e-24 8.456518956913257814e-24 1.196165098562798034e-24 4.847435536240996545e-01 2.078939637330994621e-24 4.161335416621691520e-03 3.935812907430062853e-03 2.273849444255594647e-03 4.688720847054551055e-01 3.627386569409258264e-03 1.913055860442630001e+04 1.019446718289006094e+04 5.460374186020817433e+03 1.709970339846588194e-01 1.704603989851594815e+04
1.165374294563389359e-03 8.448250416236059740e+06 7.500090149066725746e+06 4.102642531459101476e+06 3.408119561705620915e-01 6.965410785702524707e+06 2.001063208967012481e-24 2.946917755752739961e-24 7.452383032305599465e-25 5.079855789776133168e-01 1.060683852523765712e-24 3.921765631672386940e-03 3.329939648772354058e-03 1.816164378567464372e-03 3.751993564939439807e-01 3.320232607873325678e-03 1.708650916389127815e+04 6.907013410797397228e+03 4.198430075941105315e+03 1.249353857589533962e-01 1.598721054977871245e+04
2.025188414895478031e-03 4.057650876719938591e+06 2.195103049482818227e+06 1.670936060099288356e+06 2.469053855323191660e-01 3.822593969532883260e+06 6.458738857917438955e-25 6.182594499052214101e-25 2.620768864271630076e-25 3.707432712667931285e-01 4.718198991658936553e-25 3.640344451710372017e-03 2.706852055808603875e-03 1.775172271709051734e-03 3.798869225050404697e-01 3.153016788943385686e-03 1.419631220939034938e+04 2.974193859811466609e+03 2.507133866148715242e+03 8.530911470563154464e-02 1.381897511030263013e+04
3.519374105778993230e-03 1.502482289329345338e+06 5.993263944489157293e+05 4.177873495961618610e+05 1.875424103102854567e-01 1.397439646647364600e+06 1.837285829785132396e-25 1.127520131275509584e-25 4.295781003314736065e-26 2.484542947994464734e-01 1.378777889896417402e-25 3.179433322100730375e-03 2.167283170417230558e-03 1.553074700956456498e-03 3.683588262898456200e-01 2.817909437379815044e-03 1.478256994922769627e+04 1.280268260539458424e+03 8.750368635213635571e+02 1.454049848298578917e-01 1.164171432521700808e+04
6.115971237701829134e-03 5.033286178584294976e+05 2.152949233541165013e+05 1.585039992622257560e+05 1.726387932706659745e-01 4.692931710319363046e+05 1.984641240591788956e-25 1.393905163085840091e-25 2.561573490633274085e-26 4.483348025840862006e-01 6.414678513917409763e-26 2.208753318703280278e-03 1.534831063063089428e-03 9.941247385953746237e-04 3.343789894641043814e-01 1.959649548010329329e-03 3.203278857797290038e+04 2.042298019419791672e+04 1.629262442828488929e+03 3.617617838170892330e-01 1.236969901197611944e+04
1.062833988548557602e-02 1.735474747434886813e+05 9.968572500088854576e+04 5.220925609623180935e+04 2.085584100445312394e-01 1.470182322093488765e+05 2.265287118643163081e-25 2.635674627969165527e-25 1.106340508747823739e-25 4.092387708022428017e-01 1.606801530279096110e-25 1.254512773603413045e-03 7.662769997060388510e-04 4.909979371900422213e-04 3.109266535561549527e-01 1.139795364472694734e-03 1.018321918899662414e+05 1.109821953202091099e+05 5.028820473643893638e+04 3.938847411948114829e-01 7.291387869049681467e+04
1.846993786122688719e-02 5.896640470598786487e+04 4.596469435386625264e+04 2.401982015366176347e+04 2.890739913837044872e-01 4.734865258661882399e+04 1.669276221261733593e-25 1.363149854044607552e-25 6.344499223326951403e-26 2.927049683759807563e-01 1.368032364408615923e-25 7.843478041343834471e-04 4.502010649561056068e-04 3.469358021775044735e-04 3.115949529953909169e-01 7.054330698310239860e-04 2.523754121590325376e+05 2.384351374729125819e+05 1.110246015747173951e+05 3.229153153334485271e-01 2.025058505710935860e+05
3.209707332218952880e-02 1.790394092627162536e+04 1.350003275496042988e+04 6.546933328852004706e+03 2.677755805317204030e-01 1.436842313267961799e+04 8.889484771155774149e-26 7.004674860238658928e-26 3.475106005057127380e-26 2.508792881499449234e-01 7.604938878338184735e-26 4.905966877060628220e-04 3.409969263910516920e-04 1.942161145217954335e-04 3.077870954459496766e-01 4.120781033314422736e-04 4.146055585465920740e+05 2.370895195673237904e+05 1.983886987244799384e+05 2.712545001697221903e-01 3.747689190443039988e+05
5.577832061973046762e-02 5.802045700276436946e+03 2.470320883783520912e+03 1.789665558273360602e+03 1.670459682879211760e-01 5.467070879531309402e+03 4.442908958284851020e-26 3.480785677314997865e-26 1.334551338670613628e-26 2.369418531044587550e-01 3.537087167088132733e-26 2.999034622329164036e-04 2.148618393446529730e-04 1.274554122799407424e-04 3.066606028197106926e-01 2.574807865543118977e-04 5.196352738444637507e+05 2.255981671035248437e+05 1.599761260011562263e+05 1.721950887877136960e-01 4.924708171048373333e+05
9.693161179921591653e-02 2.447090681836572458e+03 1.036884910211158513e+03 6.433377998049138569e+02 1.492240320680520982e-01 2.280948506191877641e+03 1.692918785728113717e-26 1.316541607770210503e-26 6.136424758300361754e-27 2.533132203060700638e-01 1.410988794786298024e-26 2.077203143621319441e-04 1.461616666786936538e-04 9.790321473474467582e-05 2.930506060436187110e-01 1.866026983112859796e-04 4.401507739625555114e+05 1.700458022223244188e+05 1.061444903296676930e+05 1.337974151651949162e-01 4.188796857795988908e+05
1.684478353166902198e-01 8.851248016149185105e+02 3.550441288634715420e+02 2.467546920850711558e+02 1.512953715792096920e-01 8.300887274000363050e+02 4.438150644440069198e-27 3.531886806881659575e-27 1.578758086180262649e-27 2.763369984857463324e-01 3.446522539404351764e-27 1.629518327207473295e-04 1.076950569285099659e-04 6.651895526283479261e-05 2.808855495114628287e-01 1.413228136190319969e-04 3.103466833450049744e+05 1.175162616559853777e+05 7.540264956598670688e+04 1.383193475384533189e-01 2.883528551579029881e+05
2.927287878143824407e-01 2.801766152901731743e+02 1.152680013025041603e+02 9.002895459403794121e+01 1.581809815984946688e-01 2.609999733495483838e+02 1.072299872524679607e-27 9.079677037342746166e-28 4.202237119970101716e-28 3.345737657251887653e-01 7.454057614326898805e-28 1.110225326024845036e-04 8.854473869615879164e-05 4.812827931142299351e-05 3.495839179821015330e-01 8.898383200430887109e-05 2.242775824312893092e+05 1.050128373111652036e+05 6.580439791521456209e+04 1.925072185318429385e-01 1.923445493675997423e+05
5.087043300626336029e-01 1.072012313227612310e+02 6.680945168946034585e+01 2.761224515673791302e+01 2.191368803993990755e-01 8.665610092330261693e+01 5.730973546243204461e-28 4.662191999661943002e-28 9.856269788089436793e-29 5.098509995636236747e-01 1.746351144325511282e-28 7.399620396283432104e-05 8.151520244981610183e-05 2.540657558379003867e-05 5.526612743634562452e-01 3.778924340721680680e-05 2.181890626973506587e+05 1.637129217453936290e+05 5.965286747882245982e+04 3.066122722404278078e-01 1.438855488696527609e+05
8.840268063712417579e-01 6.219284450942706144e+01 3.419759190223631862e+01 2.158566365515483909e+01 2.708201836033684029e-01 4.793606285613272888e+01 6.735005045057562496e-28 3.094220490480934959e-28 6.953521028472877798e-29 7.046457658691985815e-01 9.085284735753957323e-29 9.855623681503764162e-05 1.389298304392142859e-04 2.990744655297139563e-05 8.969660903306374555e-01 3.876823637984691523e-05 2.819748426407807274e+05 2.074048049984413665e+05 7.941312078119406942e+04 4.471811232364100164e-01 1.330098976348389406e+05
1.536262516748606588e+00 4.198790799146837571e+01 2.368932678449951368e+01 1.311145075094573187e+01 2.468307306928403388e-01 3.374507127340735479e+01 5.897957722522461832e-28 4.180513412327808205e-28 6.060378360949906944e-29 7.347140192883985232e-01 7.844547517303538206e-29 1.597168958723084529e-04 2.255841556834069488e-04 6.808960490260469560e-05 6.724795197780841782e-01 9.020453612240026417e-05 4.140680985745773651e+05 4.370282040884607122e+05 1.009464725226972223e+05 4.989631314302672149e-01 1.652449250720823766e+05
