# R (Mpc), mean rho (Msol/kpc^3), errup (Msol/kpc^3), errlow, std, median rho (Msol/kpc^3), mean pth (Msol/kpc/s^2), errup(Msol/kpc/s^2), errlow, std, median pth (Msol/kpc/s^2), mean gas-mass-weighted metal (fraction), errup, errlow, std, median metal, mean gas-mass-weighted temp (K), errup, errlow, std, median temp  
#  nprofs 370, mean mh 213655674291.487488, median mh 202188007239.346130 
#  Mass range 11.00 - 11.5
6.706029110378903786e-04 3.136815659630277753e+07 2.806738646232501417e+07 1.347429689459803142e+07 3.075658463632841566e-01 2.499728973445408046e+07 1.383848416447202162e-23 1.436665669116578689e-23 6.417335747817230197e-24 4.710791862414668296e-01 8.921075698436692584e-24 1.271845907378010669e-02 4.247362007594646452e-03 4.293416807937208007e-03 1.704826211937121028e-01 1.262565379816400594e-02 2.697140197150265158e+04 9.001902768238680437e+03 9.353695343283259717e+03 1.508484732164563635e-01 2.669356691987147497e+04
1.165374294563389359e-03 1.471965156627927721e+07 7.504106706613698974e+06 7.060618111660781316e+06 2.706252069587693487e-01 1.456917663741021417e+07 4.685449720364855415e-24 4.038595958820586204e-24 2.634042594266604196e-24 4.167183297783439988e-01 4.057085299142708437e-24 1.239903000344188926e-02 4.425401186566578840e-03 3.723538783703173732e-03 1.691557251754267077e-01 1.202516698532237437e-02 2.221645785796267228e+04 5.208390002682026534e+03 5.475373831408029218e+03 1.134719382643333274e-01 2.206686462447667873e+04
2.025188414895478031e-03 5.565489063326889649e+06 1.886021606680391356e+06 1.783016685845874716e+06 1.754500188947136496e-01 5.345023926903009415e+06 1.047202299729510699e-24 6.818300641576904939e-25 4.462976021798652637e-25 2.914777083432217863e-01 8.926475633912415243e-25 1.218635253359946768e-02 4.448336039221918031e-03 3.589974908155319291e-03 1.731958939312813750e-01 1.174204919546871506e-02 1.592912607314609340e+04 2.827173893353327003e+03 2.466881525396620418e+03 7.706015531976469213e-02 1.564801003463269080e+04
3.519374105778993230e-03 1.735303916505128378e+06 6.371473807266089134e+05 4.633646959628353361e+05 1.383846267963589893e-01 1.653886525581339374e+06 1.907076730921166111e-25 1.143054111549073694e-25 5.091691315918270811e-26 2.126266629013617016e-01 1.539762079840225345e-25 1.133926375982348932e-02 4.155340591201744233e-03 3.613252581483795967e-03 1.753958854336388762e-01 1.113374253512288206e-02 1.150632497141450403e+04 1.487878965702484493e+03 8.056596320995595306e+02 6.263836654825258310e-02 1.109105440190253648e+04
6.115971237701829134e-03 5.397274922843815293e+05 2.773301227545448928e+05 1.356195528079224750e+05 1.775388907102225244e-01 4.714604639471747796e+05 7.622033108789465810e-26 4.487009099963433336e-26 1.243334686234900922e-26 2.827532777887177828e-01 4.612391465533038083e-26 8.940137984141848654e-03 4.529371980552593033e-03 2.850255597321679421e-03 1.970755462661107626e-01 8.237712372578484890e-03 1.361892819966041498e+04 1.230512417775218637e+03 7.490356134196426865e+02 1.805007869829576561e-01 1.053631805201597672e+04
1.062833988548557602e-02 2.103352666933583969e+05 1.340420197962267557e+05 7.654601950535525975e+04 2.247108798275751218e-01 1.838777974512907094e+05 5.007449693354219082e-26 4.872247241443060627e-26 1.430956962548743127e-26 3.203947093755484810e-01 3.184005682730722535e-26 5.700213013588136673e-03 3.698550557397945610e-03 1.430142332066487720e-03 2.161465947414959454e-01 4.725414273653614355e-03 2.050486943412582332e+04 1.742760715987986623e+04 3.486716451290561963e+03 2.589377163084264355e-01 1.327713381306118208e+04
1.846993786122688719e-02 7.700383983409499342e+04 4.708634059778397204e+04 3.665433654330539139e+04 2.396383540966104397e-01 7.197063237062649569e+04 3.290328412383660203e-26 2.285897063100697435e-26 1.148443671414527715e-26 2.552838782313079369e-01 2.666791865130848697e-26 3.539868368525631286e-03 1.961608708070803481e-03 9.907498103390068034e-04 2.153437352481275824e-01 2.990918669221074785e-03 4.079238654621224123e+04 3.783705067087388306e+04 9.278157682860573914e+03 3.102678735100126151e-01 2.458754260975686702e+04
3.209707332218952880e-02 1.391101437207423442e+04 1.016503406079054912e+04 5.682524390965827479e+03 2.554446196413636128e-01 1.200925201959262267e+04 1.906649945123154867e-26 1.181963232216379093e-26 5.811283593037142706e-27 2.226430984631641297e-01 1.557649524587392522e-26 2.237507755407296735e-03 1.274380828999125944e-03 8.006549138073809288e-04 2.366925479535032795e-01 1.921671465650738901e-03 1.311543046988354472e+05 1.111718579022423946e+05 5.325348756188501284e+04 3.333086730203160819e-01 9.464887474903764087e+04
5.577832061973046762e-02 2.051651040061797175e+03 9.857185579314527786e+02 5.648063768894166969e+02 1.706068304364904420e-01 1.870984355071122991e+03 9.226394782787292820e-27 6.283106919411679387e-27 2.528392954813025445e-27 2.479621055499861004e-01 6.996209318425527236e-27 9.620017375633743966e-04 6.884149557575384732e-04 2.313977537731430720e-04 3.099133455131974912e-01 6.196673998481636546e-04 3.336707973014439922e+05 1.554949584105090471e+05 7.661284258469956694e+04 2.329515902270294925e-01 2.530648710620045313e+05
9.693161179921591653e-02 7.103731019027691218e+02 2.672630298999856677e+02 2.167845164707763388e+02 1.695263973893925968e-01 6.712096261563551707e+02 4.358847093872987395e-27 3.442267171194766519e-27 1.272397445707985730e-27 3.489947851922005073e-01 2.588862953001996692e-27 5.301360598205737953e-04 2.795616822255813684e-04 1.489125196590450567e-04 2.856599809922108490e-01 3.722634647324882338e-04 4.348415854346913984e+05 3.047425310992647428e+05 7.442758685622998746e+04 3.167771079782332744e-01 2.390702619001328712e+05
1.684478353166902198e-01 2.757898896712098917e+02 1.512548542268331175e+02 7.653113124807185841e+01 1.903588152601008443e-01 2.407754046835315194e+02 2.483163973513233077e-27 2.730325452784207993e-27 5.500360012634299849e-28 5.241396998629302972e-01 8.701863045631615763e-28 5.100676245689318451e-04 4.058458711645134128e-04 1.136100821880720133e-04 3.451778623456259187e-01 2.861225135861804022e-04 4.833850508185402723e+05 4.841889179197428748e+05 1.329926043641804135e+05 4.158501317555102772e-01 2.410739349740194157e+05
2.927287878143824407e-01 1.495690928631042027e+02 1.278898667809178136e+02 4.131308726256030184e+01 2.973153555458201702e-01 1.000594971610522776e+02 1.972934149745061962e-27 2.124260915462652604e-27 4.113498538639304285e-28 7.213899382437568564e-01 4.827913622770486815e-28 9.305931216335704701e-04 1.529159715442623317e-03 2.277824933250087143e-04 5.967972831034720205e-01 3.159335655769607656e-04 5.621047169745422434e+05 6.755097613085693447e+05 2.355219117218341562e+05 5.075504668573220801e-01 3.070333785131986951e+05
5.087043300626336029e-01 8.851920102221210129e+01 9.211380902711881902e+01 2.754848897626138537e+01 3.611279980699175218e-01 5.373123226495961546e+01 1.861855416276094274e-27 1.596519511239130109e-27 3.229447921408575443e-28 8.780906177921050659e-01 3.490758924127631411e-28 1.341671195440908041e-03 2.372336033530773707e-03 6.680364954754408396e-04 7.840341046529716307e-01 7.223848864911548576e-04 7.007437759261931060e+05 8.386876806239639409e+05 3.481365782722060685e+05 5.814041519750744458e-01 4.104853123734241235e+05
8.840268063712417579e-01 5.713324693708806024e+01 6.049236043104191651e+01 1.862808849685062995e+01 3.708629091702067559e-01 3.479442776802336823e+01 1.467335044800417529e-27 1.186468507243942026e-27 2.643281897638445609e-28 9.212700231262624939e-01 2.871278626783995109e-28 1.596519020953904430e-03 1.921700926910822546e-03 1.011015913917402351e-03 7.830258607938656024e-01 1.200450576689948440e-03 8.260305651705064811e+05 9.370889042887340765e+05 4.741782593345447094e+05 6.010619456535981620e-01 5.589076341521802824e+05
1.536262516748606588e+00 3.922155265281948289e+01 3.501653445541700194e+01 1.860047216925503477e+01 3.376065761158025258e-01 3.074498140533920321e+01 8.738060807346770831e-28 1.252762275388689697e-27 2.890185086471299223e-28 8.590493912871139948e-01 3.161005124216996470e-28 1.772442987948737734e-03 1.141999271961523926e-03 1.330409332436111904e-03 5.178735644576391017e-01 1.785010433219589611e-03 9.196029547526375391e+05 1.015987492250416428e+06 5.503717903539913241e+05 5.503446089236905259e-01 7.027991394370961934e+05
