# R (Mpc), mean rho (Msol/kpc^3), errup (Msol/kpc^3), errlow, std, median rho (Msol/kpc^3), mean pth (Msol/kpc/s^2), errup(Msol/kpc/s^2), errlow, std, median pth (Msol/kpc/s^2), mean gas-mass-weighted metal (fraction), errup, errlow, std, median metal, mean gas-mass-weighted temp (K), errup, errlow, std, median temp  
#  nprofs 348, mean mh 213244997945.446045, median mh 204416075223.178925 
#  Mass range 11.00 - 11.5
6.706029110378903786e-04 2.880835696822800115e+07 2.585070062619578093e+07 1.384495461825725809e+07 3.136121665090226274e-01 2.374487691711973399e+07 1.153154114335035133e-23 1.532618068791292202e-23 4.962355123460280329e-24 4.952861352051244892e-01 6.697923929541470062e-24 1.211233143409060249e-02 4.319471534130658180e-03 3.379868334487686962e-03 1.691913508973130198e-01 1.167879487775165884e-02 2.499321551705373713e+04 9.733221482124783506e+03 7.667769695324979693e+03 1.577428205716194520e-01 2.424873919932121498e+04
1.165374294563389359e-03 1.190885039718966559e+07 7.667976068437812850e+06 5.731577882444825023e+06 2.823172510313420314e-01 1.093677317058659159e+07 3.197188787931665096e-24 3.117401414617703864e-24 1.674768685421859989e-24 4.611182039338741490e-01 2.367818965094198609e-24 1.145149725549952577e-02 4.535727543119441596e-03 3.552381012213398984e-03 1.945488404467265453e-01 1.097166648272723116e-02 1.918123365324493352e+04 5.818497826042239467e+03 4.556805897392574479e+03 1.387241100781972658e-01 1.855166627407201668e+04
2.025188414895478031e-03 4.408829122234754264e+06 1.748293389117454179e+06 1.650908997996991500e+06 2.106212758431427745e-01 4.229163970988486893e+06 7.058001173962146502e-25 5.440231990537507525e-25 2.882666196931425153e-25 3.308129430828473105e-01 5.627907241906827724e-25 1.131927647618641113e-02 4.356649766916799796e-03 3.715967302157757723e-03 1.969603777008524237e-01 1.092097650338630897e-02 1.426707069041323302e+04 2.434484004517389621e+03 1.723948817957170832e+03 1.019533185413774856e-01 1.386644820380705823e+04
3.519374105778993230e-03 1.297888011527864728e+06 4.335523109126668423e+05 3.694225138811828801e+05 1.546621380402393164e-01 1.238319995774176437e+06 1.362993769340416789e-25 5.648465542613964871e-26 3.450286901360633874e-26 2.105633755155877085e-01 1.154399533661651577e-25 1.070486718293396991e-02 3.858195094325283722e-03 3.567914075109631343e-03 1.974477261128792793e-01 1.053545587167503163e-02 1.132207878187474307e+04 9.511047204802980559e+02 1.057438034086631887e+03 6.856879990463196628e-02 1.122397011650765489e+04
6.115971237701829134e-03 3.467728707452037488e+05 1.158477885702563799e+05 9.634819643690754310e+04 1.473746677120378878e-01 3.303697513951841393e+05 6.182865464348551412e-26 2.238371708457003221e-26 7.122993899946476515e-27 2.561146611363178116e-01 3.607658875382327837e-26 9.327435941221729268e-03 3.204115271101792492e-03 3.355653625612652069e-03 2.060274446400827686e-01 9.219851260321180672e-03 1.530677851194374671e+04 1.811069537147415758e+03 8.210087062446273194e+02 1.845895072791348401e-01 1.120079834949930409e+04
1.062833988548557602e-02 1.040721623603364133e+05 5.182264201722861617e+04 3.086801369544852059e+04 1.856157461808640163e-01 9.253939984853420174e+04 5.270655290680600634e-26 5.925262092920528153e-26 5.735990940819029328e-27 4.085471135764917605e-01 1.957830475696147714e-26 6.947631323242776415e-03 3.056572141386991980e-03 2.524425010102565765e-03 2.259554177278249587e-01 6.443219081910529604e-03 3.611780838251576643e+04 3.827107425080781832e+04 4.341087275720146863e+03 3.514149537635543608e-01 1.640492468635558180e+04
1.846993786122688719e-02 3.949467481561372551e+04 2.273443020606624486e+04 1.483698226731426257e+04 2.447537817917299630e-01 3.526672332162299426e+04 3.195224948955243379e-26 3.274095025039459267e-26 1.084450438759235471e-26 3.356275594928110340e-01 2.151085971726785773e-26 4.298830660832090450e-03 2.367065433023250731e-03 1.564384949831442925e-03 2.395950904528869607e-01 3.856878175294463189e-03 9.655997328151234251e+04 6.874237437901408703e+04 1.940922211135801626e+04 3.671743436125808335e-01 4.101103706236764265e+04
3.209707332218952880e-02 1.109644268351750725e+04 6.227119621472163999e+03 5.083959392251586905e+03 2.493762470135295062e-01 1.025652263063522696e+04 1.847133650754851844e-26 1.201484401035740231e-26 6.810784511703515681e-27 2.662801884807426411e-01 1.461836894769137262e-26 2.498658364452309866e-03 1.258465616867053376e-03 1.113144297450117861e-03 2.307527153350862337e-01 2.284862834003399679e-03 1.760304553743014112e+05 1.390205486318285111e+05 4.893378161561126763e+04 3.607050137139961588e-01 9.532526811721817649e+04
5.577832061973046762e-02 1.974641195239782974e+03 8.001113058797277517e+02 5.743494541975137508e+02 1.710379598824048053e-01 1.849525976349579196e+03 9.465643457332085452e-27 5.244171309251453712e-27 2.922426199230983251e-27 2.747551826124944863e-01 6.996328342061429721e-27 1.258091480835364607e-03 9.158305699664176687e-04 4.856567703396383242e-04 2.809254142491887096e-01 1.025059537537812045e-03 3.679960488670113846e+05 1.799313427395622421e+05 9.660363163553093909e+04 2.772290921664153363e-01 2.554994285998382547e+05
9.693161179921591653e-02 6.940345332757295864e+02 3.277978515197946763e+02 2.095251601916955906e+02 1.638636149656754748e-01 6.449090899558989349e+02 4.776842596561630504e-27 3.596518376151610255e-27 1.443991767214766262e-27 3.765234886852584784e-01 2.737763365163097695e-27 7.362815552388012053e-04 4.413180307785154839e-04 2.655365673753521858e-04 2.688617990966840066e-01 5.898292125404237850e-04 4.500124877081867890e+05 2.737854218831147300e+05 8.039695774794946192e+04 3.129157338073112471e-01 2.486810138419950381e+05
1.684478353166902198e-01 3.064542585062045532e+02 1.425608788882848899e+02 1.096186858034412808e+02 1.922832334067052784e-01 2.866332427209613911e+02 2.948894150038861518e-27 2.847770058961184823e-27 6.441026426478697904e-28 5.386770458291658681e-01 9.588819960945939607e-28 6.382577353835740611e-04 3.719321139384263505e-04 2.414413657987919811e-04 2.900580809409745719e-01 5.106423492650473926e-04 4.829021979500825983e+05 4.944987417432083748e+05 7.884825243173827766e+04 4.091289032465822983e-01 1.931332156222765334e+05
2.927287878143824407e-01 1.637094942552931514e+02 1.233166991062123543e+02 5.134769868913798518e+01 2.716462836635833433e-01 1.219486123149599166e+02 2.657226866401007786e-27 2.519693530955877625e-27 2.530765892398753959e-28 7.279351076996132264e-01 3.466696911850709106e-28 7.406093538877352341e-04 8.687382320976819779e-04 2.652006261148052882e-04 4.107256827752507888e-01 4.545649631378376795e-04 5.480149622109436896e+05 7.399371137978686020e+05 9.574507264306509751e+04 5.017043966280390066e-01 1.774545968057236169e+05
5.087043300626336029e-01 1.070239847690565256e+02 1.115389418967122594e+02 2.816980206549266796e+01 3.738992088456222773e-01 5.794784854068427649e+01 3.253957551782642758e-27 2.385814132259830495e-27 1.507978141545682661e-28 9.232009378148822165e-01 1.805537614680486336e-28 9.171578224085634922e-04 1.347493517823828259e-03 3.772366515711278131e-04 5.511910306754976840e-01 5.154553467062899293e-04 6.682309799671525834e+05 9.367208938338747248e+05 1.559215109802508377e+05 5.838496607013137218e-01 2.168717934443243430e+05
8.840268063712417579e-01 7.333957326360668105e+01 7.895374296748956056e+01 2.162348431368760515e+01 4.163469673508366498e-01 3.943678865191326111e+01 3.287251166268528945e-27 2.258810164049677918e-27 1.404188262592354615e-28 1.031041392909744170e+00 1.566687185452965666e-28 1.137359585508713675e-03 1.031061922430600436e-03 7.965646292627662824e-04 6.719904392795504888e-01 9.787188123178722048e-04 8.251355830270779552e+05 1.004048369609344983e+06 2.325457804553578899e+05 6.374920855981125456e-01 2.897138862719915342e+05
1.536262516748606588e+00 5.096900045265879697e+01 5.311504280498997588e+01 1.527736987270289148e+01 3.905841424222876723e-01 2.874436880265981387e+01 2.739705929216779917e-27 1.766190304149656809e-27 1.648406625925332107e-28 9.964188357612995262e-01 1.878877527710519923e-28 1.243777048705072691e-03 8.549883067704160296e-04 7.734666435595861532e-04 4.991278613582698087e-01 1.218164668591253854e-03 1.129065893881551921e+06 9.545766789715904742e+05 3.627164947963759187e+05 6.216171642180021717e-01 4.661393791899028583e+05
