# R (Mpc), mean rho (Msol/kpc^3), errup (Msol/kpc^3), errlow, std, median rho (Msol/kpc^3), mean pth (Msol/kpc/s^2), errup(Msol/kpc/s^2), errlow, std, median pth (Msol/kpc/s^2), mean gas-mass-weighted metal (fraction), errup, errlow, std, median metal, mean gas-mass-weighted temp (K), errup, errlow, std, median temp  
#  nprofs 341, mean mh 211200047020.925598, median mh 198673026037.010132 
#  Mass range 11.00 - 11.5
6.706029110378903786e-04 1.356822738589852862e+07 8.418808998346526176e+06 3.169479607468672097e+06 1.933632872919629209e-01 1.127950801061403751e+07 2.458844042968917232e-24 1.701512834781276572e-24 8.982503562247163937e-25 3.466015868386600474e-01 1.788398621054990760e-24 4.219452413959542264e-03 2.897037591400572053e-03 2.186250647674949955e-03 3.265587084937398021e-01 3.851306617046654310e-03 1.580770570660040903e+04 4.182079025735367395e+03 4.956405275730679932e+03 1.729888907928721353e-01 1.586883953706593275e+04
1.165374294563389359e-03 6.346759437983167358e+06 5.614406124256517738e+06 3.110339086735555902e+06 3.045967514647699992e-01 5.295195470824932680e+06 1.072929763740597858e-24 1.411478963877325689e-24 4.706724507698090250e-25 4.571780026884414982e-01 6.796320327331960762e-25 3.728556221546178596e-03 2.929580593924951092e-03 1.956633007015947008e-03 3.601296407066286176e-01 3.246297289927911091e-03 1.432064614345183873e+04 3.818814836300713068e+03 2.878155204640052034e+03 1.397150366479590067e-01 1.387591695619171878e+04
2.025188414895478031e-03 2.823334798295904882e+06 1.415656997375251260e+06 1.024363336240159115e+06 2.285767391341253507e-01 2.636413615713275038e+06 3.328387566785127722e-25 2.383661047316830165e-25 1.309745064376587708e-25 2.943973682758848631e-01 2.791354368058943759e-25 3.518059038221024899e-03 3.005221382885335610e-03 1.715936085940643861e-03 3.649851503749871884e-01 2.928645556492100784e-03 1.240040478060724854e+04 1.751982750660423335e+03 1.691959958794132035e+03 6.587033353178385620e-02 1.236574676419229036e+04
3.519374105778993230e-03 1.009089606605004985e+06 3.456295370748942951e+05 2.430565563342000823e+05 1.311076279394701172e-01 9.679862304641572991e+05 1.106843897297533146e-25 3.728011861576181228e-26 2.293625161736426195e-26 1.661957456212326545e-01 9.594039196909726011e-26 3.329472072547073370e-03 2.738561707060951055e-03 1.687887677341409201e-03 3.621419131881962739e-01 2.859140132987299590e-03 1.214809102002236432e+04 1.212466553624388325e+03 1.079565347630839824e+03 8.925774412899335764e-02 1.150548173077754836e+04
6.115971237701829134e-03 2.919207394906817935e+05 1.038507685960660456e+05 7.071172594973264495e+04 1.396857442814437023e-01 2.767464175226297812e+05 7.476416718784610162e-26 2.641341020290654636e-26 9.212329444256434610e-27 3.148196460029242250e-01 3.855769210577072790e-26 2.734128500565286869e-03 2.051864276044284684e-03 1.382621640753989257e-03 3.359971007669527721e-01 2.402396200190863671e-03 2.062176142039389742e+04 7.385137188348659038e+03 1.403980227690934043e+03 2.545480209834676266e-01 1.240808904504799102e+04
1.062833988548557602e-02 9.118120849197944335e+04 4.515310986353323096e+04 2.385958850120285933e+04 2.061463428028849632e-01 8.089897103112563491e+04 7.004787655459545418e-26 8.230824506433090669e-26 2.146709279739339945e-26 3.553569084024293945e-01 4.227544727926967839e-26 1.872740475334856020e-03 1.350632523438920077e-03 9.252961921946253800e-04 3.190558732772557637e-01 1.640195522407822187e-03 7.132148170401014795e+04 6.840430872794546303e+04 1.907798056175056990e+04 3.541096530084632543e-01 3.728240736005910730e+04
1.846993786122688719e-02 3.189863848351912384e+04 2.279578785295212947e+04 1.100414669920223423e+04 2.765846740248805169e-01 2.644945836988868905e+04 4.294249638374780868e-26 3.512571287302829457e-26 1.583240258334111158e-26 2.819682935778862198e-01 3.394130335186691885e-26 1.172754041282568754e-03 8.202774389498405667e-04 5.919912161560891666e-04 3.067296886355250773e-01 1.041368745955635567e-03 1.415157056040806929e+05 8.966137565865229408e+04 4.422263288094807649e+04 3.325028864942978224e-01 8.823030011168755300e+04
3.209707332218952880e-02 8.175116432420286401e+03 7.004101635962936598e+03 2.599145626239602734e+03 2.691757348835717156e-01 6.388833034532551210e+03 2.171589870575543812e-26 1.328007148096978023e-26 7.265714299787327665e-27 2.306893348221910889e-01 1.847607465894041086e-26 7.063661348978941172e-04 5.427912512447158290e-04 3.369512838060644173e-04 3.239456493475955656e-01 5.916454420135276856e-04 2.496803613243761065e+05 1.443059380204357731e+05 9.384224432337736653e+04 2.932851910505201443e-01 1.951023563875105174e+05
5.577832061973046762e-02 2.136315116149604819e+03 9.433694248380118097e+02 6.533084931720175064e+02 1.700954299142712622e-01 1.999915823361004868e+03 1.035813165614002455e-26 5.973294828098212126e-27 3.160077958330379086e-27 2.416754118016262443e-01 8.385091166468839746e-27 3.951294708225962737e-04 3.158054890245652569e-04 1.651441734546426200e-04 3.394238835292316403e-01 3.071696032885204170e-04 3.522363467771741562e+05 1.382556647984725423e+05 7.447007265462042415e+04 2.043127185204026974e-01 2.794898712596324040e+05
9.693161179921591653e-02 8.757691691636911173e+02 4.286652685067307402e+02 2.314422326791607247e+02 1.654070119878635892e-01 7.895185988483414121e+02 4.351504968479343583e-27 3.064418327891670336e-27 1.272121544357604425e-27 3.166286054324430888e-01 2.924744119741897025e-27 2.787155759992799740e-04 2.477902591165320073e-04 1.109880713470173802e-04 3.326806860355825401e-01 2.122525986940409170e-04 3.289620944754703669e+05 1.412822952518812381e+05 5.669081147881131619e+04 2.349176893711413250e-01 2.288813481309718336e+05
1.684478353166902198e-01 3.674005071696005871e+02 1.967561623863505815e+02 1.089216788656435142e+02 1.890618231886376510e-01 3.268738145224303366e+02 2.269689931479591178e-27 2.136219132680375136e-27 4.533780275182817291e-28 4.688638143029288941e-01 8.235238652051406296e-28 2.497794865342496781e-04 1.906361176691501354e-04 1.160039540760727237e-04 4.039193454280082252e-01 1.972178672792999909e-04 3.127452366407274385e+05 2.497787344924127974e+05 5.493998418963956647e+04 3.273181491835326362e-01 1.647958712445626443e+05
2.927287878143824407e-01 1.765868456452118949e+02 1.402411865572855163e+02 4.364806326927237023e+01 2.725035241938331687e-01 1.208868569504570729e+02 2.030187608000084172e-27 1.726184809183927720e-27 1.587843266844621639e-28 6.798716157787045855e-01 2.458715021727086454e-28 2.645281164513316359e-04 2.013562140583792591e-04 8.311109054711299086e-05 5.686080923275804722e-01 1.359121068712917599e-04 3.565010930283150519e+05 3.696255872236033902e+05 6.549922437909564178e+04 4.385816853815079908e-01 1.376546404290178325e+05
5.087043300626336029e-01 1.114632173217502782e+02 1.005315187974722733e+02 2.359257599889624402e+01 3.839396986159153702e-01 5.396730861795270329e+01 2.919610084157546426e-27 1.735098047596763938e-27 9.901094069870845101e-29 9.178791521694594779e-01 1.237504268493905537e-28 3.667535671299329038e-04 7.941581363951033231e-04 9.593012959214017180e-05 8.380064334241147384e-01 1.159702075903950718e-04 4.803043209072837490e+05 6.272645528704853496e+05 8.182829218336874328e+04 5.583505143635671963e-01 1.344058311498231487e+05
8.840268063712417579e-01 7.273238171481649772e+01 8.455501974448836222e+01 1.863066966131793833e+01 4.092688600534029608e-01 3.539831967820573055e+01 2.521413600069215750e-27 1.795191464006030291e-27 8.637208916102205630e-29 1.009002383477122455e+00 9.916148457531057485e-29 5.242074422197873229e-04 9.132065644606393194e-04 2.546325285987032991e-04 1.026832715907579852e+00 2.807010191682273977e-04 6.043990644382263999e+05 9.589738312396080000e+05 1.398687359984236537e+05 6.162320008043412622e-01 1.903231516910198843e+05
1.536262516748606588e+00 4.809572943782675480e+01 4.662052052671440094e+01 1.595301558373954975e+01 3.708468944152566449e-01 2.945299220144050878e+01 1.650917851449239126e-27 1.316871779810994339e-27 1.202015869270758912e-28 9.804255530754814041e-01 1.373566634522653397e-28 6.750411063872829116e-04 6.664689342539734758e-04 5.003762968943617105e-04 7.589629750534152564e-01 5.977526799098984616e-04 8.668016848469150718e+05 1.032517502240777249e+06 2.550945319302452262e+05 6.254271871023331375e-01 3.336107177040929091e+05
