# R (Mpc), mean rho (Msol/kpc^3), errup (Msol/kpc^3), errlow, std, median rho (Msol/kpc^3), mean pth (Msol/kpc/s^2), errup(Msol/kpc/s^2), errlow, std, median pth (Msol/kpc/s^2), mean gas-mass-weighted metal (fraction), errup, errlow, std, median metal, mean gas-mass-weighted temp (K), errup, errlow, std, median temp  
#  nprofs 10, mean mh 1325398585672.368408, median mh 1225684172633.578613 
#  Mass range 12.00 - 12.3
6.706029110378903786e-04 6.713900610374699533e+07 0.000000000000000000e+00 0.000000000000000000e+00 0.000000000000000000e+00 6.713900610374699533e+07 5.668416934488058714e-23 0.000000000000000000e+00 0.000000000000000000e+00 0.000000000000000000e+00 5.668416934488058714e-23 3.206752397985043052e-02 0.000000000000000000e+00 0.000000000000000000e+00 0.000000000000000000e+00 3.206752397985043052e-02 5.894119899692662148e+04 0.000000000000000000e+00 0.000000000000000000e+00 0.000000000000000000e+00 5.894119899692662148e+04
1.165374294563389359e-03 1.668667601783403009e+07 2.512588067106524855e+07 3.141483894563915208e+06 6.228866782613249331e-01 5.910010931313769892e+06 2.399601906627756042e-22 2.959417120935633508e-22 9.492603849089075621e-23 1.063954134616958758e+00 1.414230957595047152e-22 4.231105489156913174e-02 4.789400213805951323e-03 7.239080720869234264e-03 7.750984918076397889e-02 4.351187866954132899e-02 2.736398809483759571e+06 4.338993826872707345e+06 5.981888328129600268e+05 1.033788319425838154e+00 9.026708712191776140e+05
2.025188414895478031e-03 1.319445772173726559e+07 1.326040166523652710e+07 1.216024688785242476e+07 8.642355435648531037e-01 1.266553715568721853e+07 1.181610814233905357e-22 1.750507443947569250e-22 4.238614731848635558e-23 8.129458426253555192e-01 5.438002513672201047e-23 3.524115389113153390e-02 5.701240014131123135e-03 1.407971743571737044e-02 1.933136496635579071e-01 3.926926803612491856e-02 2.556418994193925988e+06 4.392010096453620121e+06 4.230879131163179991e+05 7.698272502556073871e-01 6.482833291279156692e+05
3.519374105778993230e-03 5.068374142442351207e+06 1.649436273650034331e+07 3.688063766439270694e+04 1.013791279124908185e+00 1.351543101905864314e+05 1.376471300944208302e-23 1.357706012856161082e-23 1.235028843068503835e-24 7.428119828065958830e-01 3.396200646990770584e-24 2.721286670220417550e-02 1.533371875096441531e-02 1.351407524597172082e-02 3.122014739400071903e-01 2.762168160858253715e-02 2.024326536666660337e+06 2.928131112408607267e+06 7.553565158764617518e+05 7.284182492952708809e-01 8.737286862735981122e+05
6.115971237701829134e-03 1.321339774795632577e+06 3.087551895561930258e+06 3.953475370054473751e+04 9.507854845248293607e-01 5.877123051360026147e+04 2.352188104937711130e-24 3.427988684848163327e-24 5.827287369894068132e-25 4.652174103651898207e-01 1.093504448764721085e-24 2.401085779036413875e-02 1.085969039593523422e-02 9.329474852938689222e-03 2.031796522089436285e-01 2.306872126277433044e-02 1.765484988617984578e+06 2.010693888010738418e+06 1.169033361984628020e+06 6.361687113256007109e-01 1.441946667143779807e+06
1.062833988548557602e-02 3.216200775116708828e+05 7.556245991083252011e+05 2.138303783370479505e+04 7.175487022411959348e-01 4.083464927985896065e+04 1.134310356092740017e-24 9.345341100435245744e-25 4.577726685148777061e-25 3.917841679592323767e-01 8.276303010526748387e-25 2.107114175486176494e-02 1.171283371186855604e-02 6.273116210522988387e-03 2.015967773969337407e-01 1.882200310379229108e-02 1.724255319516669493e+06 2.382339328261546791e+06 5.703808441548934206e+05 5.990229635102015671e-01 8.597460455415253527e+05
1.846993786122688719e-02 1.255673974438630539e+05 1.757353503789381357e+05 1.382872075588255393e+04 6.546556348475196518e-01 2.421251753798488062e+04 7.595632576867961123e-25 1.108025437421105796e-24 2.417651584316507867e-25 6.028748104890030435e-01 3.368552506336990309e-25 1.784759238027066805e-02 1.071828608469774929e-02 5.632489137221023678e-03 2.141084024857198009e-01 1.618727405076074086e-02 1.590350381905285642e+06 1.361260737776526716e+06 5.792730278707379475e+05 5.681693155278880747e-01 7.708856730552334338e+05
3.209707332218952880e-02 4.324392952513332420e+04 6.015500396548362914e+04 7.246084495814820912e+03 6.151812510279729418e-01 1.055634910513009527e+04 4.346349801704366689e-25 9.604897561632931554e-25 9.402963012013232861e-26 6.282207906916028595e-01 1.309542198066626292e-25 1.451312431656335243e-02 6.842000164824391106e-03 5.666280808627867024e-03 2.548748984371213000e-01 1.393973666024813166e-02 1.466932533313681837e+06 2.627994287638620473e+06 5.362090652618650347e+05 5.631768623456204770e-01 7.711759248966479208e+05
5.577832061973046762e-02 1.337340835336885357e+04 2.063426233759966999e+04 4.597637227701846314e+03 5.284526303248524570e-01 6.728991862933151424e+03 1.539782222664157374e-25 1.939813193070126915e-25 5.691559324278352705e-26 5.314093764768370587e-01 8.229135488207718209e-26 1.201878959314783141e-02 8.468594523341506711e-03 4.851370539004982822e-03 2.807479949787170526e-01 1.075524165437460010e-02 1.683703388227013173e+06 8.317356067078635097e+05 5.796207687565227970e+05 4.894819141766772463e-01 8.595948845522417687e+05
9.693161179921591653e-02 3.622074276029961766e+03 5.019437141692362275e+03 7.944552623370527726e+02 3.707047132668669920e-01 1.941695154892205665e+03 4.167907556448202767e-26 2.079514478301534930e-26 2.027754672186158146e-26 3.160368930125812548e-01 3.423710799327068865e-26 8.891780032320040911e-03 7.194449716043519946e-03 5.144524168322657173e-03 3.429887345257003894e-01 7.803679530190983996e-03 1.099682901214329991e+06 1.200759514640423469e+06 3.953433810747650568e+05 3.038710890162488742e-01 7.949398176663747290e+05
1.684478353166902198e-01 1.242629863909611913e+03 6.928245373258275777e+02 3.668236141014474470e+02 2.544428288133721017e-01 9.277005402359397976e+02 1.900603424854335517e-26 1.470827263721480569e-26 4.899529189149562536e-27 2.651172150909425484e-01 1.333158496281336905e-26 6.345969921363071690e-03 5.358488752207178282e-03 3.385353765152421257e-03 4.052218184408245549e-01 5.857166574366972842e-03 1.253712322161547374e+06 1.095154340005132603e+06 4.292667419046647847e+05 2.646465619706508399e-01 9.962772199036462698e+05
2.927287878143824407e-01 6.101754410377377553e+02 6.093741887771107031e+02 1.080170991889214065e+02 2.627995714822307094e-01 4.120238055001416342e+02 1.018177447771945342e-26 5.021618936822377875e-27 1.668498115939707545e-27 3.644325907175546275e-01 5.859408596245493689e-27 5.051172041081912652e-03 3.818820919951122772e-03 2.641990461004055987e-03 5.024152514057466101e-01 4.622863868363387765e-03 1.045184059300780878e+06 5.615834477188511519e+05 4.346099495003412012e+05 2.616226159970139187e-01 1.000829544571266859e+06
5.087043300626336029e-01 3.202388388947985050e+02 1.497142291814703867e+02 1.379804092058402034e+02 2.035904589674503995e-01 3.255894405734140946e+02 5.346717698462325073e-27 7.012378358536479511e-27 1.280683012902789544e-27 4.849062394671234122e-01 2.789612878558245516e-27 3.191875048891519573e-03 1.446376862811011958e-03 2.203838601615881743e-03 6.323006926140691819e-01 3.431498681853308898e-03 9.658862501594712958e+05 6.914058740645362996e+05 5.482798353583265562e+05 3.208105281450859825e-01 9.281013191150217317e+05
8.840268063712417579e-01 1.667560647370542029e+02 8.807186448736413809e+01 7.340072902995514426e+01 2.203490113725140587e-01 1.594948003949988333e+02 2.918191986970062856e-27 4.620671943861389010e-27 9.716277421115894961e-28 5.755979421691219677e-01 1.469013884533037712e-27 2.618925243919821219e-03 1.016432873350651619e-03 7.756552011154282250e-04 1.491999323109898801e-01 2.522787544709160015e-03 9.508982965187620139e+05 7.890276048014792614e+05 5.177165765648204833e+05 4.015811278504279880e-01 8.683490122220735066e+05
1.536262516748606588e+00 8.464168072134572185e+01 4.924566957634834807e+01 4.103853457924959969e+01 2.531047627405039746e-01 8.251744498224783797e+01 1.223311930926183141e-27 1.341049417478281711e-27 9.212770620485510590e-28 8.066952984774199420e-01 9.773935890513990322e-28 1.858071698711507473e-03 1.085219913823415924e-03 1.048458165602581069e-03 5.845037937437033149e-01 1.902811400961976641e-03 7.396799953064128058e+05 4.783422699894204270e+05 6.551628531618578127e+05 5.662272951160557399e-01 7.466891638729085680e+05
