# R (Mpc), mean rho (Msol/kpc^3), errup (Msol/kpc^3), errlow, std, median rho (Msol/kpc^3), mean pth (Msol/kpc/s^2), errup(Msol/kpc/s^2), errlow, std, median pth (Msol/kpc/s^2), mean gas-mass-weighted metal (fraction), errup, errlow, std, median metal, mean gas-mass-weighted temp (K), errup, errlow, std, median temp  
#  nprofs 303, mean mh 213337654970.087036, median mh 206900829530.618439 
#  Mass range 11.00 - 11.5
6.706029110378903786e-04 3.170460896791789308e+07 2.892670475350738317e+07 1.499116671264201589e+07 3.206951005757237017e-01 2.566265195536430180e+07 1.389253714337536724e-23 1.779232776352631511e-23 5.898656836236597070e-24 4.834254828345088129e-01 8.414409378386546355e-24 1.352811052276874614e-02 5.260440630037516857e-03 4.646964442277697060e-03 1.964026886377998049e-01 1.290706129940090430e-02 2.692862294006755474e+04 1.122877703517920236e+04 7.629747724097203900e+03 1.514922809823480432e-01 2.544842338309088882e+04
1.165374294563389359e-03 1.418316265939266235e+07 7.340114255097080022e+06 6.402542979674213566e+06 2.794649201653625625e-01 1.339582278893416375e+07 4.446288177109998107e-24 3.845518805638724517e-24 2.457007289951048644e-24 4.354149605666993716e-01 3.584113532744335598e-24 1.291649982676454367e-02 5.624714297068959118e-03 4.551226369188057959e-03 2.050138911564707289e-01 1.222257126318503084e-02 2.163847420107111247e+04 6.265710644380233134e+03 5.276829538214336935e+03 1.187413509766130776e-01 2.129923961491387308e+04
2.025188414895478031e-03 5.070565853503047489e+06 2.142458127542152070e+06 1.905983296278057154e+06 2.143926568381035458e-01 4.864525908275200985e+06 8.864223889797007645e-25 6.457991348130077275e-25 3.481391519886499806e-25 3.227062971085840615e-01 7.081666847616785525e-25 1.276524974056954601e-02 5.658243182760747808e-03 4.521379481757592869e-03 2.153103227488247784e-01 1.208012780919878390e-02 1.492395981272024437e+04 2.734458382815093501e+03 2.182317810931612257e+03 7.941496150758395323e-02 1.460121726534633854e+04
3.519374105778993230e-03 1.507547780096570496e+06 4.988973633799429517e+05 4.451720960756642744e+05 1.575047038122227849e-01 1.438040734951480757e+06 1.691565591319502725e-25 9.040290293889663048e-26 4.480361400232724427e-26 2.220525333059366890e-01 1.341795480617350263e-25 1.216129134727154081e-02 5.876257264328683255e-03 4.020514105242052258e-03 2.184855287869566787e-01 1.128136904760298695e-02 1.119573714919757731e+04 1.309171688704434928e+03 8.286954352331486007e+02 6.657497594596811785e-02 1.080033583629901477e+04
6.115971237701829134e-03 4.097683554730282049e+05 1.483949257714911364e+05 1.121701775793654379e+05 1.600305627526810714e-01 3.806614089387933491e+05 7.424052366801079039e-26 2.950401172975252289e-26 1.179088156981470846e-26 2.801485044644201339e-01 4.354354583995243597e-26 1.041049345118892459e-02 4.874388666090776617e-03 4.030837880667438936e-03 2.362441302531753939e-01 9.874681509253153272e-03 1.562598185477860352e+04 1.684467718431793401e+03 7.454430270573429880e+02 2.050796037588638598e-01 1.087177759271085597e+04
1.062833988548557602e-02 1.369668820131998509e+05 7.847119099778046075e+04 4.433116351246800332e+04 1.980597213526902045e-01 1.216826539366751822e+05 6.311654027417094921e-26 8.441898666899113207e-26 1.330213314921667634e-26 3.958030788883151740e-01 2.903523319609467776e-26 7.232232539476855446e-03 3.602571371279391504e-03 2.919674021378418707e-03 2.491812316405483674e-01 6.492096481528614876e-03 3.741282525887506927e+04 3.766294337779408670e+04 4.618507556509433925e+03 3.529608483422584930e-01 1.632463634567490590e+04
1.846993786122688719e-02 5.584283388212433783e+04 3.412332743912907608e+04 2.619999387447683694e+04 2.750352084978150979e-01 5.212731855172295764e+04 3.660566994814917254e-26 3.485702205528372413e-26 1.042335576006351132e-26 3.155987331844006261e-01 2.415667303962153697e-26 4.439162750661251010e-03 2.192022627081762452e-03 1.680398272180280966e-03 2.524869185187235687e-01 3.836248290027675055e-03 8.957298848536690639e+04 6.428237694811663823e+04 1.396375228325782155e+04 3.839996852152562923e-01 3.275103323173916942e+04
3.209707332218952880e-02 1.342366568288675444e+04 8.447668787300935946e+03 6.292425477113278248e+03 2.754848476737861152e-01 1.197001881233934910e+04 2.336609801782971538e-26 1.813412008463620599e-26 5.978787817248998677e-27 2.881328684361317838e-01 1.567510362647780481e-26 2.817166539378355202e-03 1.549156681318749999e-03 9.570638993021949627e-04 2.798567524875077983e-01 2.257843126789505807e-03 2.025463404190360743e+05 1.573443259276990429e+05 5.169764386897939403e+04 3.962007024831821211e-01 9.688135617496451596e+04
5.577832061973046762e-02 2.186339140794960713e+03 1.128869705383532846e+03 6.895548145329760246e+02 1.981287142615830443e-01 1.922488483258682436e+03 1.318940751498005879e-26 8.544764349624682811e-27 3.605809430731724469e-27 3.343137675585103330e-01 7.842655823791745622e-27 1.539697062120077989e-03 1.003828723362573845e-03 5.473191097384217958e-04 3.341248510539970851e-01 1.073685380258172610e-03 4.863642749714442180e+05 1.908084431185578578e+05 1.022367179705424060e+05 3.427676625853739445e-01 2.640281489632449811e+05
9.693161179921591653e-02 7.499503025733243931e+02 3.506951812238503408e+02 2.456359622461285426e+02 1.773145257047319678e-01 6.978583117860434868e+02 7.939014049703110886e-27 5.650961887631729214e-27 1.591997117250494200e-27 4.564394588640907080e-01 2.873893741586482274e-27 9.125877446318251358e-04 6.286839651224809550e-04 3.081991113852159325e-04 3.226358010378179153e-01 6.347572730771423952e-04 6.706831553131829714e+05 5.064078374008660903e+05 8.198071028275194112e+04 4.033253662919922267e-01 2.474185282400064461e+05
1.684478353166902198e-01 3.378096085675492191e+02 1.875928343418951840e+02 1.108392296289320882e+02 2.172563615871530018e-01 2.854193054738531714e+02 5.701004750353757167e-27 4.418644983181504028e-27 6.096901517425709433e-28 6.351472433335275669e-01 9.372542911648127241e-28 8.204381478875531633e-04 7.471528983052960933e-04 2.797450987954499830e-04 3.543668037225329859e-01 5.615353242389776230e-04 7.321640272502014413e+05 9.246525485362575855e+05 8.223335790729006112e+04 4.980491028378154494e-01 1.935077858064712491e+05
2.927287878143824407e-01 1.861428745838641134e+02 1.781051946512471318e+02 5.176342673405945050e+01 3.110141514258574769e-01 1.216735517560173179e+02 5.179824777450229182e-27 3.970285981742694694e-27 3.163052127938916391e-28 8.263478235100787384e-01 4.114567453108609581e-28 8.699700281461139866e-04 1.169202700085984455e-03 2.773722008291202201e-04 4.595684696953363235e-01 4.676029738477406887e-04 7.956297091724843485e+05 1.115120557788812090e+06 1.477783183596628369e+05 5.693033795061475111e-01 2.316531094571910799e+05
5.087043300626336029e-01 1.275791769988102686e+02 1.388208065567656604e+02 3.134462411040958330e+01 4.240139686085311888e-01 6.033503985037379636e+01 6.345456143108005306e-27 3.750017138273611251e-27 2.755628491320893023e-28 1.021002627435237953e+00 3.046765208214535194e-28 1.127858854352557262e-03 1.691930098521879366e-03 5.961669472808042236e-04 6.668268044202131373e-01 6.979292740521093668e-04 9.601213039130932884e+05 1.190810556958143134e+06 2.458837468856747728e+05 6.407543311813641562e-01 3.087783419921289897e+05
8.840268063712417579e-01 9.404441692266084374e+01 9.573853286764099835e+01 2.157919633827550143e+01 4.670766311187560804e-01 3.887721681221989201e+01 7.110268467579206813e-27 3.475071210583349171e-27 2.143902807793169224e-28 1.130139561632335088e+00 2.363087535947412024e-28 1.362250995808647310e-03 1.351942477670672839e-03 1.013385641418327199e-03 7.982587093674170520e-01 1.239183887776645855e-03 1.257661609206310241e+06 1.694735417753703659e+06 3.181727426774707856e+05 6.981233552223577998e-01 3.890992771656924742e+05
1.536262516748606588e+00 5.728401197922006105e+01 6.840011347809985409e+01 1.403698628473314258e+01 4.222176342878267707e-01 2.753013540032347350e+01 3.972162639534365150e-27 3.679150954128057536e-27 1.932576559394260658e-28 1.047860863555091671e+00 2.215520342464126908e-28 1.548139631926231637e-03 1.189818958548224991e-03 8.999522047772470041e-04 4.497524131045392837e-01 1.450196062423921668e-03 1.519754877993434668e+06 2.317189133188809268e+06 4.538297156499306438e+05 6.494501032509045757e-01 5.831307967015062459e+05
