# R (Mpc), mean rho (Msol/kpc^3), errup (Msol/kpc^3), errlow, std, median rho (Msol/kpc^3), mean pth (Msol/kpc/s^2), errup(Msol/kpc/s^2), errlow, std, median pth (Msol/kpc/s^2), mean gas-mass-weighted metal (fraction), errup, errlow, std, median metal, mean gas-mass-weighted temp (K), errup, errlow, std, median temp  
#  nprofs 289, mean mh 213537867076.906555, median mh 203655693680.603088 
#  Mass range 11.00 - 11.5
6.706029110378903786e-04 2.594137346607139707e+07 2.626529497013858333e+07 8.638859138757942244e+06 3.243262844662724853e-01 1.756603420500823483e+07 1.069676668826193927e-23 1.378160745294319368e-23 3.581922597509478957e-24 5.340139039252663755e-01 4.999794623193382204e-24 1.008226249002687133e-02 4.991570988819844443e-03 4.907467067725427255e-03 3.332523325148344928e-01 9.510305442396336725e-03 2.403647673943172776e+04 9.904163683661688992e+03 7.704684496309160750e+03 1.935145480776193916e-01 2.303446360071843810e+04
1.165374294563389359e-03 1.228303332442086190e+07 7.558459610879153013e+06 6.214205567915221676e+06 2.990897637392388453e-01 1.124485524698896706e+07 3.495257890862039465e-24 3.536301590323517814e-24 1.977263998322827524e-24 4.685315477838973286e-01 2.707235473491801799e-24 9.082014566354379426e-03 5.107183640794427451e-03 4.192121344438401453e-03 2.977215490492489125e-01 8.464750680112457723e-03 1.977208228252872141e+04 6.430778790651991585e+03 5.061434338725739508e+03 1.313562369698969834e-01 1.925833316512422607e+04
2.025188414895478031e-03 4.869293816463372670e+06 2.129859655118776485e+06 1.933339168520423584e+06 2.105019045398570932e-01 4.774607095040742308e+06 8.798995542705527503e-25 6.772466500360257376e-25 3.932855600960160501e-25 3.209540105603391202e-01 7.249167005532087730e-25 8.488484787600697468e-03 4.748662931428466322e-03 3.882217265868807311e-03 3.113515228486595787e-01 7.865949174996823140e-03 1.533715385790053188e+04 2.939223359403629729e+03 2.324699949372583433e+03 9.211259153570448832e-02 1.476107304530536567e+04
3.519374105778993230e-03 1.657130787130679237e+06 6.172188651211536489e+05 3.861479122934257612e+05 1.590762749965374256e-01 1.526505717886399478e+06 2.161531876853037264e-25 1.182890865767839693e-25 4.807377304037497552e-26 2.608810511454487391e-01 1.516168715386979733e-25 7.320882010073046474e-03 4.116464696316502088e-03 3.133827112538885816e-03 2.956508273934041475e-01 6.755285234513119623e-03 1.277857793360301002e+04 1.577739505031293447e+03 9.489296838018817652e+02 1.318501735311209955e-01 1.103943243472795075e+04
6.115971237701829134e-03 5.550107155484142713e+05 2.773191853882978321e+05 1.561072515741587849e+05 1.989221424378423142e-01 4.711522921260091825e+05 9.525312955240477866e-26 8.644116154320619646e-26 1.892132957465276325e-26 3.242315000934998803e-01 5.442103911571766452e-26 5.101556907036372372e-03 2.807033685961246583e-03 1.990552232695331353e-03 2.813372522956416599e-01 4.559818304441941479e-03 1.659907788807799807e+04 4.241893711920243732e+03 8.832057443617268291e+02 2.365649087780348492e-01 1.066429979736406858e+04
1.062833988548557602e-02 2.268108145949927566e+05 1.866697943949875189e+05 7.916827587769337697e+04 2.612620820794183119e-01 1.825543949538356974e+05 8.645277662356229698e-26 8.014163087140522433e-26 3.435145331682391163e-26 3.530639946541921370e-01 6.024810980194724947e-26 3.137807154455388853e-03 1.771242489175415148e-03 1.178220283114619861e-03 2.741234042156057704e-01 2.673782266276106181e-03 3.704040895000159071e+04 3.666945846828843059e+04 1.179046534221483125e+04 3.392393788825504020e-01 2.337134149389870799e+04
1.846993786122688719e-02 6.695568769351461378e+04 5.206426357302008546e+04 3.300869618612900376e+04 3.098219959375200228e-01 5.857250194888070109e+04 5.055690696202110758e-26 4.036557505459525406e-26 1.678849103895933505e-26 2.669308749523133240e-01 3.928009290525647957e-26 2.194105253064362448e-03 1.455332239971246803e-03 8.391851512403866384e-04 2.904131424861272626e-01 1.835049493576956922e-03 9.772860242197505431e+04 8.547118384373372828e+04 2.909415801686497434e+04 3.727952242132541172e-01 5.135048871380132914e+04
3.209707332218952880e-02 1.095510456830124531e+04 5.820846950906276106e+03 3.888433492569007285e+03 2.378216317323521289e-01 9.545344620746036526e+03 2.682472090866930456e-26 1.497527778166545029e-26 8.608699912544871211e-27 2.374140529337481209e-01 2.164827811676457623e-26 1.442987789503082227e-03 9.716939133598678086e-04 6.207896778775363932e-04 3.151642198790711724e-01 1.176709194562330831e-03 2.196090838204221509e+05 1.390973826161179750e+05 8.316755046349838085e+04 3.059927734638787644e-01 1.667059882907252468e+05
5.577832061973046762e-02 2.627207986523605541e+03 1.138054113523768137e+03 9.051012332922093719e+02 1.819918845416844955e-01 2.478027391779517529e+03 1.345891798142862987e-26 8.403976646777692111e-27 3.955779034088098642e-27 2.733309907770771763e-01 9.541598494208601963e-27 6.574362716558059894e-04 5.260478614563346249e-04 2.696912083651302342e-04 3.133888587583592567e-01 5.309681164208191004e-04 3.755982988134270418e+05 1.252613279287217301e+05 7.766172839189876686e+04 2.463186034900380073e-01 2.644567243253104389e+05
9.693161179921591653e-02 9.741460114202235445e+02 4.141258427524518311e+02 2.928502326532438929e+02 1.660750216590896888e-01 9.204934059684704835e+02 6.062374972413993479e-27 3.808202890749680831e-27 1.458698010094211251e-27 3.582534711624990598e-01 3.197881542730647994e-27 4.206208517642964317e-04 2.379663899407808824e-04 1.528570457631575358e-04 3.029661440063490252e-01 3.340655506759437898e-04 4.117223609585800441e+05 2.447345755255307013e+05 5.620806815613285289e+04 3.098075964695674034e-01 2.172255305192246160e+05
1.684478353166902198e-01 3.783150353291587180e+02 2.346651531572159115e+02 9.126196853889300087e+01 1.890981428150918520e-01 3.155359346482301248e+02 3.472254054513586468e-27 3.059233206314217629e-27 4.582178048810561110e-28 5.317747557340580800e-01 8.430160352994218441e-28 3.565468883339155534e-04 2.160932429631939357e-04 1.147183412340948492e-04 3.734073202212735421e-01 2.254221450958761482e-04 4.462502243881249451e+05 4.571608399172546342e+05 6.188512768001676886e+04 4.149416882457263589e-01 1.659368267457582697e+05
2.927287878143824407e-01 1.868804601487123875e+02 1.763225396634118738e+02 5.196465066580597636e+01 2.879860150510906158e-01 1.268747722919561056e+02 3.089404107770127202e-27 2.657063048192756310e-27 1.769818063921055414e-28 7.663683634934965738e-01 2.596690242001436192e-28 4.741202253085793775e-04 7.364922367720599071e-04 8.132826265266093714e-05 5.796631701094653311e-01 1.311800998186026033e-04 5.066918659203606076e+05 6.801085880831603426e+05 6.938110729351539339e+04 5.258207874381189972e-01 1.347248313423971995e+05
5.087043300626336029e-01 1.277818947479979954e+02 1.324143350099819827e+02 3.277740619871162409e+01 4.016864503986208867e-01 6.263486296658387431e+01 4.094948308712987684e-27 2.775396760464883468e-27 1.104286345000159582e-28 1.005164257875837075e+00 1.285016579806735276e-28 7.670525546340397054e-04 1.724803979258391837e-03 1.223624142694216556e-04 9.179703753583923209e-01 1.406104615133328369e-04 5.965396925600913819e+05 8.727176746517397696e+05 1.209561835585413501e+05 6.264928368750244392e-01 1.615903567534261383e+05
8.840268063712417579e-01 9.321766468993139654e+01 1.075883844870508881e+02 2.654537504531733560e+01 4.403848682297163974e-01 4.407641536361781931e+01 5.068933141498084694e-27 2.800623640843848194e-27 1.159517902724133352e-28 1.111605366052331512e+00 1.256411605111750128e-28 1.138456168102878986e-03 1.970790327613504943e-03 5.977227179023538502e-04 1.319399869051274488e+00 6.269024413199349513e-04 7.586273887079710839e+05 1.080538186270117061e+06 1.835861778715257533e+05 6.912299489049416046e-01 2.189874060825590859e+05
1.536262516748606588e+00 5.174725900149029911e+01 5.994966257526824904e+01 1.519593192032684748e+01 3.811406775311627082e-01 2.895034109430377711e+01 1.997623152070456786e-27 1.795061947278156359e-27 1.425017608352370794e-28 1.049841187781035190e+00 1.533158502679922894e-28 1.286633744295130654e-03 1.317944899113316498e-03 1.061708184886995220e-03 7.845254155446234057e-01 1.192403763295614514e-03 9.163185405882206978e+05 1.078449604137552436e+06 2.694390201663256157e+05 6.849082918830817768e-01 3.225552437083549448e+05
