# R (Mpc), mean rho (Msol/kpc^3), errup (Msol/kpc^3), errlow, std, median rho (Msol/kpc^3), mean pth (Msol/kpc/s^2), errup(Msol/kpc/s^2), errlow, std, median pth (Msol/kpc/s^2), mean gas-mass-weighted metal (fraction), errup, errlow, std, median metal, mean gas-mass-weighted temp (K), errup, errlow, std, median temp  
#  nprofs 80, mean mh 540658080121.334351, median mh 474384718832.289673 
#  Mass range 11.50 - 12.0
6.706029110378903786e-04 4.224366196301501989e+07 3.160347341996484250e+07 2.380602346291818470e+07 3.071422927333912201e-01 3.812739066619683057e+07 2.321547983792347520e-23 2.689411686211018452e-23 9.764634062261154345e-24 4.572853484251531708e-01 1.478764405790334373e-23 1.514134077195166198e-02 5.765585449848915217e-03 3.518657655805449563e-03 1.501715642571893050e-01 1.417820317030499960e-02 3.323193590692277940e+04 1.150027687383950251e+04 8.734087824820497190e+03 1.454461024669042590e-01 3.137481615303212311e+04
1.165374294563389359e-03 2.025837515636918694e+07 7.962370399447955191e+06 6.318084598834021017e+06 2.070822875205866609e-01 1.911757218971721455e+07 1.533693697249373137e-23 5.352292554618671949e-24 3.696967212928233829e-24 4.438631445563965272e-01 6.971417814118913791e-24 1.490021461284825495e-02 5.969669072587526631e-03 5.054831396354302758e-03 1.734776937948653286e-01 1.453038382651319904e-02 4.847582957723493018e+04 5.517903138457619207e+03 5.789195220766130660e+03 2.783190614273912122e-01 2.623074260176258758e+04
2.025188414895478031e-03 7.841279972949685529e+06 2.527247202956736088e+06 2.338194428013952449e+06 2.440407565625557773e-01 7.484287087283147499e+06 2.057110433082105784e-24 8.609217937466825157e-25 9.260118421844068667e-25 3.768998796140350382e-01 1.811388200467917235e-24 1.451217927485976521e-02 6.240476908131356581e-03 4.406222429719289235e-03 1.731385627743926847e-01 1.346828625000415919e-02 1.915836402314806764e+04 4.387316454164243623e+03 3.024552108941054030e+03 1.003864556410929282e-01 1.842862098707667974e+04
3.519374105778993230e-03 2.687263110780585557e+06 1.066019060886216350e+06 6.107239927087784745e+05 1.803063171623795202e-01 2.347815819853003137e+06 5.236106350802806000e-25 3.142234948682797486e-25 1.302068002598708285e-25 3.042723712522186763e-01 3.246964067226142901e-25 1.289291981226934822e-02 4.953619848796487340e-03 3.718245411319561974e-03 1.713037386538277529e-01 1.222395390483946645e-02 1.461904275213029177e+04 3.385477611516798788e+03 1.877709733874062294e+03 1.273941475550121050e-01 1.290696919850329505e+04
6.115971237701829134e-03 8.852348550205124775e+05 4.230978770342344651e+05 1.873053796704848064e+05 2.161452489111444497e-01 7.003370670781055233e+05 2.350910304150606027e-25 1.938322417892943410e-25 5.910085753530910601e-26 3.559265591425252451e-01 1.381015119851160044e-25 8.761532608583481180e-03 3.279274996616246551e-03 3.035849436830712414e-03 1.901981619889962227e-01 8.425827838191995295e-03 2.320897919976429694e+04 1.119538311440511097e+04 2.316145304885718360e+03 2.774941840555377182e-01 1.312571369942506863e+04
1.062833988548557602e-02 3.397813522071026382e+05 1.754005466176030459e+05 1.171402630360207404e+05 2.272911467939501828e-01 2.999911060064982157e+05 2.387480002307979456e-25 3.328372726606228356e-25 8.089876386648226282e-26 3.965602776671488527e-01 1.404769385748304853e-25 4.685320243518992060e-03 2.331119897703411159e-03 1.493723021760056183e-03 2.177009954430536576e-01 4.011327017005282894e-03 5.933577678046649089e+04 6.807221049664152088e+04 1.416628742224957750e+04 3.767425371179531357e-01 3.053355155933982314e+04
1.846993786122688719e-02 1.230038394433038338e+05 8.458266387740260689e+04 5.145398939723084914e+04 2.836920580379261314e-01 1.060518026279151672e+05 2.148566633100462742e-25 1.599637806520174770e-25 8.790850106872310102e-26 3.302742914987852885e-01 1.636094863717288626e-25 2.864351089121809114e-03 1.547393533104964893e-03 7.497492821287206344e-04 2.299441656155151725e-01 2.359126981452603668e-03 1.713142044676617370e+05 2.614869501847456268e+05 4.701315938110631396e+04 4.071462494959110501e-01 9.307701670794372330e+04
3.209707332218952880e-02 3.433834649968094891e+04 2.504065940443356885e+04 1.372529145472027085e+04 2.728988032869035796e-01 3.077420497198338489e+04 1.080422805071289551e-25 7.526560813290495597e-26 3.873516939132603414e-26 2.959003424378219282e-01 8.486503229398687657e-26 1.827808159582905694e-03 8.665535682748672086e-04 5.898595426284632993e-04 2.331787566087999419e-01 1.572143377017097034e-03 2.744616801516668638e+05 3.135123898769600783e+05 1.100898290254611638e+05 3.544114900744616548e-01 2.003095247562798031e+05
5.577832061973046762e-02 9.366228675092095727e+03 4.720450301406632207e+03 2.825575871699866184e+03 1.932839430919025270e-01 8.352465006654594617e+03 5.001120227112535662e-26 4.515593474100777070e-26 2.107626925255877128e-26 2.697254595893311402e-01 4.186664186130518162e-26 1.131398539478561689e-03 6.061821168000009093e-04 3.343740178584750280e-04 2.350631710275966624e-01 1.004161083324849567e-03 3.858457348257262493e+05 2.886120185262334999e+05 1.744067833618396835e+05 2.535762110106461464e-01 3.458398159317364916e+05
9.693161179921591653e-02 3.177528867482110400e+03 1.630440184081971438e+03 1.017476005145078034e+03 1.653062712496780329e-01 2.996871918978056328e+03 2.080464097146109584e-26 1.907939928986883666e-26 9.639267287563776850e-27 2.879964151734538125e-01 1.768663678862705121e-26 7.862192503160822087e-04 5.088830174872051651e-04 2.180878861149410271e-04 2.163414293522204490e-01 6.748356737013463773e-04 4.229045462822910631e+05 1.955423623056301149e+05 1.348672213539007935e+05 1.842203382760422836e-01 3.880653332592376973e+05
1.684478353166902198e-01 1.246311340001162989e+03 6.230710693864625682e+02 4.134147569809640572e+02 1.794591498505218041e-01 1.141572917572742881e+03 7.667601521227509305e-27 7.830351618809433931e-27 3.489122737749114689e-27 3.479043957350853589e-01 5.868719100645155483e-27 6.528168126280692925e-04 4.228569594556545654e-04 2.016944497181551686e-04 2.180216006171989407e-01 5.600064767469924067e-04 3.787631773948080954e+05 2.199519653288532863e+05 1.233418994407887221e+05 2.097486614702379071e-01 3.268036798168668174e+05
2.927287878143824407e-01 4.705580834497295655e+02 2.479187030849142275e+02 1.335977010849076123e+02 2.031195578871257679e-01 4.116910944069197740e+02 2.836751541141695707e-27 3.899558373558323640e-27 8.397021411999824515e-28 4.513622186947320869e-01 1.420081116545391242e-27 5.416970909791392081e-04 3.878940655975834733e-04 1.716611356870145571e-04 2.332273850929334758e-01 4.807078924575719048e-04 3.306302219219947001e+05 3.201074727166714147e+05 9.911367667380679632e+04 2.781054458144262553e-01 2.335271753230082104e+05
5.087043300626336029e-01 2.087570095964130701e+02 1.661011767521920319e+02 6.676300856239340931e+01 2.647154357767717014e-01 1.574701263367657589e+02 1.704796417945316213e-27 1.994956111799120253e-27 3.362245801715874776e-28 5.994164142536477780e-01 4.961804876133495362e-28 4.418185589314268212e-04 4.670073642123453647e-04 1.593498189513021808e-04 3.245340081536779997e-01 3.235441151328885111e-04 3.299748367926334031e+05 3.583122168941857526e+05 9.457188736143888673e+04 3.536259804888270408e-01 1.974467630574140931e+05
8.840268063712417579e-01 1.076976922090968003e+02 1.320140039002491221e+02 3.478345035137091656e+01 3.315813900017315352e-01 6.872507691849875755e+01 1.333719001646090994e-27 1.608871706339922437e-27 1.890406489125618078e-28 7.924534298197472015e-01 2.253640667354971055e-28 3.886835366748461295e-04 4.790412963782556335e-04 9.617876596536840245e-05 4.183715501202109888e-01 2.005563595206189865e-04 4.082322046498425188e+05 5.275933403093649540e+05 1.394608520360078546e+05 4.797526821717659762e-01 2.077959396655357559e+05
1.536262516748606588e+00 7.085700003883997056e+01 8.182167385079637256e+01 2.230029163126622649e+01 3.533752483897297791e-01 4.477677767272615483e+01 1.661314625429432971e-27 1.780152586852027663e-27 1.431734289558389387e-28 9.249906835019542362e-01 1.635404284973431301e-28 5.001621594102976381e-04 6.521924302401985087e-04 2.157760836421967273e-04 5.912595899784484077e-01 2.987129246746620032e-04 6.177782710800658679e+05 7.609306700447908370e+05 1.753175659659375378e+05 5.866857837931106490e-01 2.357642061263370560e+05
