# R (Mpc), mean rho (Msol/kpc^3), errup (Msol/kpc^3), errlow, std, median rho (Msol/kpc^3), mean pth (Msol/kpc/s^2), errup(Msol/kpc/s^2), errlow, std, median pth (Msol/kpc/s^2), mean gas-mass-weighted metal (fraction), errup, errlow, std, median metal, mean gas-mass-weighted temp (K), errup, errlow, std, median temp  
#  nprofs 49, mean mh 216843745978.895020, median mh 210312911675.808014 
#  Mass range 11.00 - 11.5
6.706029110378903786e-04 4.805884954091080278e+07 2.229004992974745482e+07 3.445861734994032234e+07 3.256934321945701427e-01 5.002118542677611858e+07 2.655878715510504992e-23 1.752874897283016380e-23 1.620014187358251246e-23 4.467535894001601338e-01 2.361839062272865068e-23 1.908911864779239478e-02 8.085251990080581652e-03 5.797094107690199671e-03 2.182786337894677131e-01 1.691872823377744625e-02 3.547120812906988431e+04 6.901361488967719197e+03 1.080993066540746076e+04 1.421574394288310228e-01 3.643502186608596094e+04
1.165374294563389359e-03 1.986197174623110518e+07 7.540925831866502762e+06 8.338880456169188023e+06 2.760123856205187187e-01 1.931466019040329754e+07 1.865500455058043699e-23 4.983840262964842575e-24 3.796424747792112819e-24 5.061259158502628974e-01 6.654546110324529806e-24 1.704078317774440632e-02 9.200592899348505882e-03 6.619252254418298009e-03 2.402957239325680394e-01 1.544390437825070295e-02 4.674511069923186733e+04 7.080841880838848738e+03 5.051705356497994217e+03 2.572245321844625066e-01 2.562175781568407183e+04
2.025188414895478031e-03 8.289584578367928043e+06 2.713469498157046735e+06 2.305523129293476231e+06 1.626183566978810224e-01 7.922342235283212736e+06 2.178183824827132638e-24 1.635031482941757092e-24 9.697087468738733559e-25 2.756383407744016356e-01 1.843458844483358327e-24 1.535825319778320354e-02 6.433443956846763775e-03 4.776513024538638075e-03 2.088484067169398828e-01 1.398727866469281524e-02 1.946443745435545134e+04 4.705136250029034272e+03 4.032132823143685528e+03 8.835290189988058429e-02 1.901773879748155741e+04
3.519374105778993230e-03 2.946043335098993033e+06 1.602410135462134145e+06 8.850851665557608940e+05 1.804166518193228430e-01 2.696277071841032244e+06 5.454713368087849914e-25 6.403977127999562997e-25 1.718455065027717328e-25 3.193211961471201787e-01 3.632318680788156230e-25 1.091560911605758341e-02 3.656230881262829968e-03 2.989155725545473812e-03 1.845522627157315243e-01 9.867851854466579489e-03 1.440216640045209169e+04 5.043088599863272975e+03 3.193965929427766241e+03 1.184185635332659081e-01 1.360171004780662042e+04
6.115971237701829134e-03 1.389811335818638327e+06 9.886104639817960560e+05 5.390508882409497164e+05 2.488495314597535812e-01 1.179398956832464319e+06 3.203610695554618366e-25 3.680971047923477021e-25 1.289323628914910653e-25 4.091688938617540905e-01 2.028883960343191327e-25 6.615820577182515011e-03 3.686009313367667392e-03 1.754230786430584568e-03 2.185893356345731953e-01 5.385036680339331042e-03 1.732638119567373724e+04 1.111095309580043067e+04 3.118724706345938102e+03 2.022251745466009942e-01 1.318838203371378586e+04
1.062833988548557602e-02 5.806216520259331446e+05 2.920910929263659054e+05 2.001839967182836845e+05 2.543928781289929164e-01 5.389470643086285563e+05 2.304726673794583462e-25 2.093810885734670060e-25 1.065826825281024765e-25 3.733939283564056133e-01 1.742052004343865791e-25 4.509505547904186021e-03 2.482785034607220241e-03 1.375226089799192180e-03 2.236760385013675245e-01 3.755147645362578827e-03 3.666918974351398356e+04 1.646517267030356015e+04 1.103258082904450202e+04 2.966612287526343428e-01 2.401419049979723059e+04
1.846993786122688719e-02 1.694715708062414196e+05 7.284594355765674845e+04 5.421171189073160349e+04 2.095685274339365856e-01 1.542937956296218035e+05 1.148987607895087623e-25 6.065239308970764864e-26 3.962034821720017530e-26 2.467366088928467927e-01 1.053746116862448715e-25 3.098347226002559976e-03 1.222743302897090750e-03 1.009560199595464780e-03 2.277699022157555764e-01 2.755254716784086028e-03 5.741717034106472420e+04 3.317736033750922070e+04 1.631151983625988578e+04 2.523017639734424500e-01 4.533558800815063296e+04
3.209707332218952880e-02 4.444261436487247556e+04 1.843106090045658493e+04 1.439437902416304132e+04 1.716870341194899618e-01 4.279990332452498114e+04 4.589177685886183763e-26 2.384311498586803572e-26 1.959922444864981206e-26 2.175064320564600306e-01 4.276544817159331159e-26 2.305944488161399200e-03 1.219789407131600554e-03 6.220668226032521203e-04 2.261590989335387492e-01 1.914748151384068663e-03 7.447744224517965631e+04 3.097935844129297766e+04 2.060161083829123527e+04 1.750695362511118514e-01 6.560636666819450329e+04
5.577832061973046762e-02 9.761596409363948624e+03 2.195474917630090204e+03 2.436100728598910791e+03 1.261459103146946592e-01 9.527047066184732103e+03 1.596425843073719312e-26 4.640863793480966630e-27 7.070305782619783652e-27 1.864422224259742189e-01 1.607876694723225482e-26 1.602100714140892437e-03 6.610752078676314283e-04 3.267574765961859130e-04 2.179537961002541158e-01 1.320294174549080770e-03 1.122034648036910075e+05 3.560014878746191971e+04 3.897080379982174782e+04 1.449348587210566031e-01 1.108437093415402924e+05
9.693161179921591653e-02 2.332631574266787993e+03 7.896214667723756975e+02 5.983473216359207072e+02 1.235555326379412927e-01 2.241376734716629926e+03 5.314374654154795291e-27 3.038824603231571049e-27 1.456351655243002795e-27 1.810644269263246564e-01 4.679981110741135948e-27 8.602073259731436456e-04 2.369176602921771718e-04 2.744050468001864741e-04 2.269043894943257589e-01 7.373182821713453617e-04 1.548915042730671994e+05 7.344559958043534425e+04 2.478467739046717179e+04 1.333789886641838507e-01 1.360639257403478259e+05
1.684478353166902198e-01 6.918572960987735314e+02 3.668403353283680417e+02 1.547645607158148096e+02 1.555518175466628350e-01 6.146741771603473126e+02 1.693170593896677573e-27 1.452509316556189323e-27 3.875816672820500874e-28 3.062043079837347692e-01 1.067114873210095145e-27 4.724043872590256272e-04 1.467781228018202769e-04 1.299786090441430210e-04 2.498316425994756285e-01 3.894195203683359385e-04 1.582074163251390564e+05 7.131334262948855758e+04 2.690386484398337780e+04 2.299231598412359301e-01 1.152058898720753205e+05
2.927287878143824407e-01 2.464356091827960995e+02 1.333854982523307342e+02 4.717422102442358778e+01 1.766674761534050564e-01 2.059446475921079411e+02 7.953869839404644302e-28 7.893379963330423140e-28 1.409971581177270238e-28 4.731818662714192270e-01 2.906052837240669284e-28 3.375299290629081897e-04 1.145435709402882560e-04 1.123234042354563894e-04 3.044811030641971783e-01 2.536966205407909306e-04 1.702452658520617406e+05 1.515381565940665314e+05 3.091154446816712152e+04 3.563115651956068053e-01 8.686256103027499921e+04
5.087043300626336029e-01 1.240522920903484874e+02 5.246477261728139752e+01 2.972703344248184010e+01 2.215880350193545900e-01 9.660209064898745623e+01 5.624966733804578690e-28 6.383455848635482473e-28 7.261493541011555325e-29 6.281341958954372862e-01 1.114767387310380032e-28 5.018102251372000017e-04 7.218779086736652837e-04 7.081096937644442552e-05 5.735134557335155314e-01 1.280434483150998267e-04 1.875064720590843935e+05 3.017343544912768994e+05 3.033693325184802961e+04 4.450744286217883094e-01 7.035344527216994902e+04
8.840268063712417579e-01 7.246954935663329422e+01 7.238147889408274693e+01 1.170327393288672368e+01 2.990114379783611054e-01 4.208726736323737327e+01 3.983719832902290894e-28 6.727073330141895253e-28 6.685834598526983782e-29 8.061124899634392049e-01 7.755807223171461717e-29 5.933280469590566063e-04 9.073151031731290124e-04 2.264439987130979803e-04 9.232240929956193609e-01 2.408435050004215506e-04 2.019678279311316437e+05 3.371191872486825450e+05 6.954812749980881927e+04 5.381052322591461934e-01 9.309583163502084790e+04
1.536262516748606588e+00 5.215824338315147912e+01 4.111571842169381341e+01 1.725435033885823088e+01 2.904026950398543305e-01 3.664456774579311116e+01 3.631728682107957006e-28 3.799052306991664994e-28 7.551050322424989574e-29 8.075363564694917340e-01 8.789218553096075433e-29 9.288264659665743540e-04 9.001056801321719383e-04 9.086342940481228342e-04 7.199336269635242536e-01 9.905313262543531845e-04 2.722353686424886691e+05 3.691790630522429128e+05 1.164960529919006221e+05 5.399387743483995417e-01 1.540510677593302098e+05
