# R (Mpc), mean rho (Msol/kpc^3), errup (Msol/kpc^3), errlow, std, median rho (Msol/kpc^3), mean pth (Msol/kpc/s^2), errup(Msol/kpc/s^2), errlow, std, median pth (Msol/kpc/s^2), mean gas-mass-weighted metal (fraction), errup, errlow, std, median metal, mean gas-mass-weighted temp (K), errup, errlow, std, median temp  
#  nprofs 67, mean mh 535572312552.503235, median mh 504186451479.497253 
#  Mass range 11.50 - 12.0
6.706029110378903786e-04 4.855152396564394981e+07 4.496999805688971281e+07 2.470254986922970414e+07 3.485387253027609766e-01 3.752108911005505919e+07 1.268734437298172474e-22 1.057683967605597265e-22 1.773418616121688729e-23 7.199036080853365993e-01 2.278740829873006471e-23 2.486455898259391784e-02 9.975504844253156589e-03 8.278630645420202022e-03 1.770726969540504792e-01 2.361442054802263130e-02 3.503806298699789913e+05 2.686332320166035061e+04 8.814998571047093719e+03 5.941875295127477807e-01 3.652110434365837864e+04
1.165374294563389359e-03 2.543034744369031116e+07 1.121760293620495498e+07 1.027991541191437840e+07 2.801910399454343170e-01 2.313114505999381840e+07 4.302981105098379364e-23 2.742817396138633765e-23 6.331673059078432356e-24 6.370871704541908320e-01 9.767668480336196434e-24 2.396431081973124377e-02 8.733421345116378076e-03 8.887392832907507756e-03 1.799930122269238486e-01 2.383121018467125596e-02 7.225419524509641633e+04 2.530961444328350990e+04 8.760284784498267982e+03 3.922611494627687434e-01 2.978747500503137780e+04
2.025188414895478031e-03 1.049328037656340748e+07 6.335231596440309659e+06 3.273759614538258873e+06 3.761013889534853272e-01 8.462928452404180542e+06 7.422241630537381997e-24 2.422665846377424647e-24 2.048590897857782605e-24 5.595621370632801739e-01 3.037852228075622017e-24 2.236892239731472914e-02 7.394987543726670026e-03 1.044565976132296597e-02 2.312807811054841678e-01 2.330969452927895633e-02 4.684161971247120528e+04 1.898518752233366831e+04 6.610470893280587916e+03 3.297844258414887042e-01 2.249145701569793164e+04
3.519374105778993230e-03 3.058364292513368186e+06 2.165629326895931736e+06 8.698358848994933069e+05 5.074136685892881582e-01 2.282345720650416799e+06 9.829474239201307812e-25 7.388167345464136223e-25 4.178242815577318901e-25 4.592349928214250476e-01 6.333766843301350709e-25 1.897662389011122233e-02 7.052502091971599163e-03 9.256516865301487804e-03 2.845997709596518876e-01 2.012080379059093607e-02 1.081741754813906737e+05 9.328272833183895273e+03 5.738328728432155913e+03 4.934290395365539816e-01 1.758149132033167189e+04
6.115971237701829134e-03 9.654946187454441097e+05 6.806564529739082791e+05 3.204828646330902120e+05 4.405659414059220347e-01 7.920474391116218176e+05 4.301090423417259761e-25 3.191997634730665331e-25 1.536159174204194379e-25 4.637522231955801266e-01 2.416039253493479011e-25 1.340661891255888818e-02 8.764539840827735573e-03 5.721942529294493478e-03 2.693936662194976184e-01 1.265147968108791543e-02 9.122178460273415840e+04 2.939300775404876549e+04 6.050630224294061918e+03 4.859983223821380260e-01 1.732956859935180910e+04
1.062833988548557602e-02 3.771337378603433608e+05 2.458519847911112010e+05 1.221985707296348410e+05 4.228664962714752673e-01 3.286028597847369965e+05 3.281097539342188389e-25 3.379771337340216309e-25 1.121557246338583169e-25 4.320614773075705517e-01 1.889477742504691877e-25 7.137369375833800024e-03 3.051204173940488817e-03 3.013673860982761347e-03 2.447806532056277240e-01 6.881660975996685761e-03 1.075472732606032951e+05 1.117380075972899067e+05 2.353072278166709293e+04 4.934860964297704822e-01 4.070275782014215656e+04
1.846993786122688719e-02 1.472240428930671187e+05 9.371548337499049376e+04 7.342505364695607568e+04 3.485184581192412590e-01 1.377843990950072475e+05 2.272376855724450580e-25 2.188007522108485750e-25 8.518473811241290945e-26 3.257603353224696185e-01 1.585744312187613131e-25 4.734689894181641316e-03 1.743943739818261743e-03 2.104887997008022746e-03 2.057950510463736060e-01 4.796022593497659484e-03 1.841335972763828177e+05 1.968562296081520035e+05 3.636813761186003103e+04 4.261876528242031226e-01 7.842890853850751591e+04
3.209707332218952880e-02 4.244668492206460360e+04 2.265464220843152725e+04 1.515538742161239497e+04 2.450090794985903264e-01 3.919976218353959121e+04 1.229882108143291886e-25 9.310362644726465455e-26 5.601924128692489150e-26 3.216408651628865911e-01 1.005182027038747366e-25 3.135841583509295892e-03 1.642891014298457440e-03 1.296702396479716083e-03 1.990581868041805536e-01 3.028453291501331714e-03 2.424734544067707320e+05 1.897262469813417119e+05 9.755849819402258436e+04 3.486851373211604099e-01 1.695954092583190941e+05
5.577832061973046762e-02 1.251734927580812473e+04 6.071997244328260422e+03 4.014323053935695498e+03 2.041971093786000557e-01 1.134075735478782735e+04 5.631138639389466967e-26 3.772272917983673663e-26 2.387018643976479546e-26 2.959091700068092190e-01 4.742056668523785812e-26 1.995690159846646820e-03 9.891519488929296881e-04 7.341549632986416919e-04 2.017935176915298945e-01 1.900597870669148721e-03 3.658547460275983321e+05 1.566435908993416233e+05 1.366498278511769895e+05 2.907505383327472770e-01 2.830119224833488115e+05
9.693161179921591653e-02 4.164801484801647348e+03 1.899100020126174059e+03 1.559998428330316528e+03 1.959317070678821271e-01 3.909532025563669777e+03 2.280964478706659741e-26 1.689109801608689402e-26 7.357179922990832697e-27 2.881343344836616582e-01 1.641689389038920457e-26 1.437710315612944880e-03 6.804209471818294368e-04 4.280405562971005898e-04 2.015095445843762823e-01 1.288642601572926238e-03 3.617293584451880306e+05 8.521555385573464446e+04 1.640057806843168801e+05 1.947849335055124587e-01 3.694781268387000309e+05
1.684478353166902198e-01 1.573475776995145225e+03 9.083711349241752941e+02 3.850135281802586178e+02 1.795923156525388031e-01 1.410995576246546534e+03 8.156533887599540043e-27 5.577188927562077717e-27 3.332089694828818164e-27 2.861839421587701326e-01 6.877733844513299894e-27 1.126045803233175933e-03 3.345300808254350871e-04 4.112800970257188184e-04 1.855673835027524254e-01 1.062175887354030370e-03 3.356819788567427895e+05 1.540236507008325425e+05 1.193311069520866731e+05 1.789585072222586726e-01 3.169797021768896375e+05
2.927287878143824407e-01 5.892842008158626186e+02 1.869370566610208471e+02 1.699368782111737346e+02 1.458254786049970053e-01 5.707395417815865812e+02 2.796283525339295402e-27 1.760046877104035974e-27 1.018950758975996850e-27 2.974847975840179681e-01 2.108050125374562285e-27 8.799862029203343178e-04 3.615477286508536701e-04 3.598615645781493705e-04 2.060534410244931336e-01 8.718794132402530976e-04 3.055380031191172893e+05 1.845897294882040005e+05 9.744658973903226433e+04 2.153592567195115604e-01 2.669422965934048989e+05
5.087043300626336029e-01 2.367437923501383636e+02 1.070532834921281164e+02 6.104799349385666574e+01 1.563841020746766508e-01 2.202096928556808280e+02 1.207313023206404861e-27 1.053582364167055617e-27 4.094479206260727691e-28 3.913712697020501619e-01 7.291484564452115200e-28 7.244163612743480815e-04 4.365875543402158738e-04 2.659251286126268141e-04 2.453275971062960914e-01 6.463331813036589553e-04 2.957608452737979824e+05 2.438043254507661622e+05 8.690974650529905921e+04 2.706131369030083111e-01 2.108661747209604073e+05
8.840268063712417579e-01 1.174803308824784125e+02 7.702775659548289866e+01 3.927809915195238943e+01 2.386348258374766940e-01 9.678359411856472150e+01 8.144725063401500616e-28 7.550386124930422623e-28 2.838245279914874860e-28 5.817570188187977109e-01 3.758507063905960116e-28 6.493385046447447840e-04 3.759780860429260503e-04 2.631469328386860885e-04 3.516283854972087619e-01 5.777472237437549516e-04 3.148335602550713229e+05 2.324438364346294838e+05 1.527535784544477356e+05 3.641064214882205330e-01 2.469051105351328442e+05
1.536262516748606588e+00 7.232791514643399466e+01 3.781690753446672204e+01 3.712282939231690193e+01 2.720023126525151769e-01 6.718860557055774052e+01 5.363545286520232935e-28 6.867620008325835762e-28 1.408689080353571106e-28 6.731679549253714034e-01 1.867145922172107325e-28 6.621403459482760748e-04 4.746450606410546709e-04 3.496705608895415767e-04 3.897284233550585286e-01 6.101674045404346805e-04 3.327954957747997832e+05 4.291165077769772615e+05 1.200185994975700451e+05 4.217068955414000619e-01 2.186593413746690785e+05
