# R (Mpc), mean rho (Msol/kpc^3), errup (Msol/kpc^3), errlow, std, median rho (Msol/kpc^3), mean pth (Msol/kpc/s^2), errup(Msol/kpc/s^2), errlow, std, median pth (Msol/kpc/s^2), mean gas-mass-weighted metal (fraction), errup, errlow, std, median metal, mean gas-mass-weighted temp (K), errup, errlow, std, median temp  
#  nprofs 270, mean mh 542776479085.118042, median mh 488256523531.358276 
#  Mass range 11.50 - 12.0
6.706029110378903786e-04 4.492140178522533923e+07 4.883646116394536942e+07 1.986520336844072491e+07 3.559098991484181962e-01 3.266974654838799685e+07 6.566336811620341990e-23 4.285336674526335072e-23 1.212225110824613136e-23 6.651123163322526510e-01 1.554616846948527887e-23 2.140087979771376075e-02 9.779507792135780364e-03 7.528522539597293228e-03 1.933327242963887305e-01 1.997211655251285994e-02 1.416281143628105929e+05 1.676761478546066792e+04 1.466710850346479128e+04 4.072793745598130566e-01 3.328213663147660554e+04
1.165374294563389359e-03 2.051607280369568616e+07 1.176002814517529309e+07 1.098870500987294503e+07 3.781167053792596211e-01 1.780397353081893921e+07 1.752126638541362986e-23 1.033179612396806966e-23 5.110605039352893613e-24 6.594535080974426311e-01 6.279222777741120806e-24 2.046581411590644300e-02 1.072351679358760426e-02 6.860285118407475485e-03 1.866893244988237499e-01 1.880770650200798769e-02 5.037332784732948494e+04 1.250047551549131822e+04 9.371938145686493954e+03 3.005506655900594404e-01 2.600165598696571033e+04
2.025188414895478031e-03 8.904127801314914599e+06 5.791759834555857815e+06 4.248292156850160100e+06 3.201133517146206864e-01 7.685119543598613702e+06 3.606305946682472646e-24 3.257285100245823831e-24 1.292351692926452565e-24 5.476311278651172509e-01 1.762986423320774554e-24 2.015467801583583837e-02 1.066515055190954409e-02 6.418473948854558353e-03 1.863515409271490342e-01 1.842390255463493415e-02 2.233102777189838889e+04 7.187564384710523882e+03 5.061310589639255340e+03 1.795421528178106352e-01 1.970094603933778853e+04
3.519374105778993230e-03 3.165318452237399761e+06 2.094215974770395085e+06 1.135403257010304369e+06 2.663575288642299754e-01 2.751332539079963230e+06 7.621263099420517493e-25 7.473347905482121061e-25 2.339838161960172404e-25 4.191216909303174809e-01 4.108643659658894383e-25 1.934894537331369874e-02 8.756097126316073065e-03 5.422404393875325176e-03 1.743993203762744804e-01 1.798458611103806448e-02 2.244003722159944664e+04 5.917417901390635961e+03 1.966593763599044905e+03 2.034489112875956240e-01 1.374653468200596762e+04
6.115971237701829134e-03 1.215112551133602392e+06 7.161443040810648818e+05 5.244438750501179602e+05 3.367971538994709579e-01 1.120358171644497896e+06 2.592252729802882763e-25 3.059174867118923941e-25 7.463632142364220777e-26 3.907576588852100241e-01 1.412067424247894180e-25 1.623138423357164961e-02 5.571367697593684887e-03 5.008206879407606921e-03 1.694020900316261236e-01 1.585137046976724945e-02 3.813268560800446721e+04 1.111198424609113317e+04 1.563760780862134197e+03 3.142781709099662368e-01 1.179267580503453246e+04
1.062833988548557602e-02 5.215816747723383596e+05 2.678366204868173227e+05 2.302737493392836186e+05 3.703365333472815046e-01 5.040908440992216347e+05 1.601938429946337573e-25 1.912463039493635905e-25 5.638205664499270102e-26 4.085049712109632414e-01 9.337961871968815225e-26 1.169143440319229954e-02 4.227906590856943259e-03 4.927398443840822102e-03 1.983393581912790693e-01 1.195420476408602661e-02 5.299537266009984887e+04 1.843151678475819790e+04 6.428320786397438496e+03 3.873450627844630678e-01 1.618828009789245516e+04
1.846993786122688719e-02 1.753462215947453806e+05 8.716469465259564458e+04 7.250661475199137931e+04 3.550986997232202236e-01 1.711944423011859762e+05 1.156336373323875451e-25 1.129629242704043387e-25 4.112936850664119826e-26 3.667856932932862524e-01 7.349617337310836664e-26 8.425571233594915735e-03 4.304198250112989746e-03 2.946040003135253806e-03 2.197804673596880087e-01 7.817030871325377286e-03 8.402771198428719072e+04 6.386667130627806182e+04 1.337433311586132913e+04 4.247589850550862467e-01 3.104750038422130092e+04
3.209707332218952880e-02 3.199801954696578468e+04 2.266048084897559238e+04 1.549136334137105587e+04 3.303877472381031022e-01 2.893273437074473259e+04 7.022528382041649150e-26 7.183648710376618014e-26 2.362395117664707021e-26 3.237228795165100759e-01 4.960530819401737427e-26 5.666428541362045733e-03 4.135638316031420292e-03 2.285219956253887932e-03 2.501680871245308135e-01 4.960092594857480261e-03 2.306675727098489006e+05 2.829038877451024018e+05 8.756960640253234305e+04 4.301045258031753193e-01 1.333805638968828716e+05
5.577832061973046762e-02 4.535923184923437475e+03 2.850171529995097444e+03 1.247242799391953668e+03 2.463456179639442745e-01 3.884711593444806567e+03 3.366107323274889532e-26 3.100663042621476278e-26 1.152101140752112138e-26 3.109009828042117451e-01 2.510308801132890755e-26 2.405261996807406700e-03 2.465773325836676747e-03 7.551344478550413254e-04 3.650444520593729703e-01 1.452631560347136547e-03 5.314426171626211144e+05 3.048689235751502565e+05 2.162374066716456146e+05 2.526616069054246072e-01 4.733414512502278085e+05
9.693161179921591653e-02 1.429435143986469484e+03 8.595678836015213165e+02 4.929824995248836785e+02 2.490861238800775590e-01 1.284348103286402875e+03 1.200983289405921639e-26 9.881423290332574479e-27 4.711347250646549005e-27 3.149342752556821834e-01 9.074905378487960122e-27 1.118026781262903158e-03 8.032119800959168238e-04 1.968691556680023753e-04 3.702804655060879524e-01 5.170253502481266753e-04 6.145655728008010192e+05 3.168466804536944255e+05 1.519352455314804101e+05 2.429720288119280036e-01 4.574449771865460789e+05
1.684478353166902198e-01 4.568224277567533704e+02 2.915551919405357353e+02 1.401587000988803311e+02 2.235091864495391267e-01 3.943053151319048197e+02 4.211938617966006138e-27 3.619365433908069575e-27 1.451246775602765796e-27 3.959229186999705941e-01 2.495754855436821745e-27 8.256192875983390080e-04 6.155229649454336356e-04 1.390405341238945243e-04 4.144503653739267102e-01 3.347172565422213862e-04 6.108699912077055778e+05 5.442733985638784943e+05 1.565407730604431708e+05 3.198815059998544874e-01 3.756952761858941521e+05
2.927287878143824407e-01 1.723983397423281190e+02 1.200782543036896755e+02 5.858425358270083905e+01 2.597801448113104539e-01 1.363378656688968817e+02 2.468349971092223067e-27 2.467588369325889309e-27 6.716307875043725775e-28 6.016117770356532723e-01 8.705294381233423451e-28 9.552740326142117756e-04 1.380557266701102747e-03 2.474187001353821331e-04 5.929292353835032836e-01 3.480947499495353793e-04 6.770651868514560629e+05 7.674422079714352731e+05 2.809442857574344380e+05 4.299261942600977604e-01 4.224014777773413807e+05
5.087043300626336029e-01 9.832879747095040557e+01 6.974312042648375609e+01 3.969073327234474391e+01 3.250564770900439826e-01 7.375020681338295958e+01 2.238791686658764600e-27 2.018901362128501022e-27 4.962090115123847986e-28 8.007313959017624549e-01 5.481070382462415560e-28 1.399722983199719719e-03 2.128479725114587259e-03 7.843572552748763905e-04 7.334797537120610889e-01 9.001509128815588174e-04 7.903130891625125660e+05 9.080289831687568221e+05 4.008332574102541548e+05 5.336018297696316637e-01 5.048737162470650510e+05
8.840268063712417579e-01 6.545375915680754986e+01 5.215731011498381520e+01 2.838321620785362853e+01 3.564290301542014650e-01 4.760970464938675661e+01 1.749889638517532559e-27 1.461085035000508438e-27 4.162926587839540357e-28 8.802649868568304115e-01 4.515289278260143593e-28 1.756533663588564099e-03 2.014774167122071816e-03 1.179928795712668508e-03 6.607682968726785733e-01 1.381053711944264534e-03 9.220391682554192375e+05 9.815832759641691810e+05 5.086548407711705659e+05 5.619499866521687759e-01 6.225921091880541062e+05
1.536262516748606588e+00 4.272237470545596238e+01 3.928978045442948286e+01 1.785141284724251420e+01 3.129589437882800973e-01 3.451685076212270786e+01 1.013322329066290053e-27 1.937770644127783288e-27 3.286710225079449630e-28 7.813773690204051103e-01 3.911288622231437225e-28 1.970752883769316503e-03 1.101468423709326284e-03 1.156375032380760684e-03 3.937367697759127094e-01 1.968709078706736351e-03 1.042749215596662136e+06 1.075546777658588951e+06 5.347244716488432605e+05 4.972657281587485878e-01 7.701883279964919202e+05
