# R (Mpc), mean rho (Msol/kpc^3), errup (Msol/kpc^3), errlow, std, median rho (Msol/kpc^3), mean pth (Msol/kpc/s^2), errup(Msol/kpc/s^2), errlow, std, median pth (Msol/kpc/s^2), mean gas-mass-weighted metal (fraction), errup, errlow, std, median metal, mean gas-mass-weighted temp (K), errup, errlow, std, median temp  
#  nprofs 89, mean mh 223355563123.908539, median mh 224127149176.906677 
#  Mass range 11.00 - 11.5
6.706029110378903786e-04 6.775442248050716519e+07 5.311296408491723239e+07 2.926071710974127799e+07 3.415308686382415582e-01 5.009993692932315171e+07 5.168438663193587995e-23 4.571508526777614335e-23 2.177907370825291112e-23 5.021859392683909462e-01 3.005382024148534034e-23 2.688747227198263687e-02 8.524711631821620117e-03 9.014235705377640628e-03 1.787793001565561313e-01 2.621343990175074162e-02 4.279928211199358338e+04 1.388412252235965570e+04 1.367400530936908035e+04 1.655370120348513552e-01 4.162283517477630812e+04
1.165374294563389359e-03 2.856471837188094109e+07 1.995481102936193347e+07 1.245810600487809628e+07 3.076136079904289167e-01 2.653282985739258677e+07 3.794158876969457047e-23 2.139020703837376515e-23 7.758963729438859212e-24 5.661453673608106696e-01 1.359018257591502741e-23 2.700306182800889590e-02 8.750336116968137484e-03 8.241563370546243356e-03 1.690948874828883119e-01 2.619944381593751134e-02 1.921942150132037641e+05 1.342451037512524636e+04 9.834838096694205888e+03 4.629531781616257891e-01 3.427752798944174720e+04
2.025188414895478031e-03 1.290841828476074897e+07 8.463120405625846237e+06 2.190036293198026717e+06 1.954791742817942046e-01 1.027731444175656885e+07 5.914643823170584912e-24 6.559801025785248662e-24 1.514234038475748568e-24 3.831937585029304705e-01 3.261663757099175589e-24 2.592323502520675615e-02 8.779466876549776866e-03 8.700136829170000696e-03 1.789955729165028375e-01 2.556024089646161818e-02 2.888903275216129987e+04 1.119962941260737716e+04 5.442143324732238398e+03 1.808038348903335257e-01 2.372167814400362113e+04
3.519374105778993230e-03 4.121231562478295527e+06 2.223984303910728544e+06 1.674832763635670533e+06 2.077432561713316028e-01 3.755179331751707941e+06 1.155610011746829996e-24 9.581345423890340434e-25 6.165043879097164707e-25 3.703674161019053779e-01 8.897469085557693847e-25 2.208523747673355603e-02 1.044170773836313598e-02 9.718560762817846435e-03 2.035076366802902881e-01 2.191949204971067183e-02 1.926766718147496431e+04 7.403805724590059981e+03 5.084551763441737421e+03 1.698332527920344004e-01 1.681914025378453880e+04
6.115971237701829134e-03 1.550011271807175362e+06 8.791778824335457757e+05 5.244423655861143488e+05 3.248987784133432477e-01 1.372397424942283425e+06 4.065319449698014314e-25 2.647434299050384048e-25 1.866065127952448453e-25 3.307101212405865187e-01 3.102561247540251834e-25 1.455123152216156873e-02 7.925996634676897232e-03 5.513990824774817751e-03 2.200439623613812401e-01 1.372284000535966587e-02 2.817302112555595522e+04 1.261279817440873012e+04 4.847106339053492775e+03 2.613650578608301966e-01 1.600123977233394180e+04
1.062833988548557602e-02 6.383577509429584024e+05 2.182560334575270535e+05 2.200135855940626352e+05 3.640083061860684976e-01 6.476451783531126566e+05 2.182884079779392670e-25 1.624095868637083195e-25 9.488408576892337104e-26 3.272126055642460840e-01 1.804746281178548352e-25 9.693523191054749175e-03 5.648611912746778763e-03 3.189912223517188741e-03 2.270236264380270930e-01 8.714759680733936975e-03 3.389106994533646503e+04 1.484447327524265347e+04 9.917340819764644039e+03 2.700357141229987046e-01 2.324833988390354716e+04
1.846993786122688719e-02 1.717290651679724688e+05 6.492731009408383397e+04 8.284685854046345048e+04 3.491037030099337080e-01 1.764204839562929992e+05 1.212695243954129551e-25 8.156769522604551330e-26 6.017512240579903403e-26 3.290798211023354680e-01 1.058205519152762489e-25 7.262574708800651792e-03 4.285727234229598850e-03 3.579995439202998501e-03 2.473607417293430533e-01 6.662463546485673099e-03 6.560434123163891491e+04 5.358801342430188379e+04 1.926113460837072853e+04 3.226525434846671536e-01 4.250532140758553578e+04
3.209707332218952880e-02 3.297030950432040845e+04 1.580328163324021079e+04 1.060552276319856537e+04 2.413682835329381549e-01 3.049391578491509063e+04 4.706467744457034431e-26 3.046107726210576542e-26 1.805449235793470172e-26 2.928219265055351239e-01 4.003312859041347877e-26 4.883219154975476303e-03 2.966393301560148708e-03 2.302338288126531008e-03 2.470087123398391760e-01 4.539292324075462105e-03 1.101698295687501086e+05 6.797841948497320118e+04 4.743110925555280846e+04 2.781001322299490042e-01 9.629963122999943153e+04
5.577832061973046762e-02 7.182435314253936667e+03 2.031463107513467548e+03 1.927645807879718632e+03 1.713742536115559212e-01 7.126228920460391237e+03 1.750094252401417868e-26 9.656651813347224500e-27 7.828681202022359100e-27 2.602850966837489954e-01 1.657670799582799911e-26 2.771008047623540679e-03 1.599941084131791934e-03 1.184843668513734915e-03 2.840829486290096795e-01 2.391907711213247124e-03 1.643839174205035961e+05 6.615613638236868428e+04 7.506948254685274151e+04 1.814351798516334879e-01 1.683671389795216382e+05
9.693161179921591653e-02 2.192895239885903720e+03 6.891801882022123209e+02 5.869650223764965631e+02 1.647449613677586244e-01 2.101720728044037514e+03 5.825977046910473819e-27 2.964140428550796202e-27 2.048316356670233094e-27 2.247399905127179243e-01 5.170194426604372487e-27 1.380379006725875653e-03 1.241891953593777034e-03 4.709074451421110070e-04 3.404790872519611877e-01 9.713822932873118808e-04 1.812287845309860713e+05 5.752146241054616985e+04 4.726742917441271129e+04 1.521389149692433662e-01 1.706464184396586497e+05
1.684478353166902198e-01 7.076974505440182384e+02 3.340231370988983599e+02 1.845903109711165371e+02 1.646009563171650647e-01 6.445677960374932809e+02 1.965938269329340627e-27 1.648229537754775941e-27 7.161487538745996885e-28 3.152657129940930059e-01 1.456952307327933418e-27 7.974608203822385402e-04 7.838261210983296602e-04 2.597899701254073775e-04 3.795784677014024666e-01 4.772476963024074219e-04 1.813568913659270911e+05 9.330715641884933575e+04 3.889385994334674615e+04 2.299750557033470033e-01 1.395498056086752622e+05
2.927287878143824407e-01 2.733622339837849040e+02 2.156557096515502110e+02 6.253139197687804085e+01 2.035623467460906943e-01 2.199727406566154571e+02 9.560068754952844526e-28 7.740568099488724334e-28 2.897242568464779427e-28 4.881036418149424794e-01 4.414140494844686889e-28 6.645339407414220740e-04 5.962773062454071633e-04 2.197503216405590236e-04 4.760962423495702645e-01 3.215850214776136244e-04 1.892151346388787788e+05 1.887527791919424781e+05 4.437714398834151507e+04 3.507162223829092818e-01 1.044844692008930579e+05
5.087043300626336029e-01 1.228714215843475586e+02 8.327669996387905371e+01 3.770337590836927433e+01 2.342325329804857692e-01 9.583076706816274282e+01 5.525067877311473290e-28 6.196582137225756671e-28 1.015992963264242916e-28 6.314059361485749866e-01 1.433150866812114365e-28 6.170209613824569582e-04 9.586226387287748521e-04 2.342148496425836154e-04 6.298954903272984129e-01 2.904573191875010701e-04 2.051637879727846885e+05 2.529292013470617239e+05 6.163161830421137711e+04 4.450152578741498055e-01 1.026637695670812827e+05
8.840268063712417579e-01 7.058482073053230010e+01 4.304437676958445991e+01 3.003936433313499421e+01 2.611799180159771194e-01 6.044293703147913277e+01 3.828367475269603752e-28 4.352814187886916193e-28 1.182397777397207916e-28 7.378074379268678706e-01 1.333981938118933003e-28 9.322258139462760067e-04 1.561278362934410751e-03 4.516477109117451698e-04 9.139338547618282016e-01 4.876308588093981812e-04 2.426710618954768288e+05 3.005533447762705619e+05 1.291185494488911063e+05 5.227317260546116007e-01 1.577307026232804928e+05
1.536262516748606588e+00 4.718351951396464017e+01 2.821412253504369261e+01 2.227872107453766404e+01 2.479779688407072469e-01 4.375961565261534503e+01 2.988000206669762244e-28 3.375239264484302904e-28 1.446632748879044126e-28 7.772333694429979234e-01 1.564846503041744957e-28 1.039069867821876530e-03 1.060173719064942763e-03 6.490915037003427979e-04 7.330885543091354428e-01 8.502049440171649151e-04 3.005702147861348931e+05 2.941046745300538605e+05 2.052843026623930782e+05 5.577226253256948318e-01 2.357336583994331013e+05
