# R (Mpc), mean rho (Msol/kpc^3), errup (Msol/kpc^3), errlow, std, median rho (Msol/kpc^3), mean pth (Msol/kpc/s^2), errup(Msol/kpc/s^2), errlow, std, median pth (Msol/kpc/s^2), mean gas-mass-weighted metal (fraction), errup, errlow, std, median metal, mean gas-mass-weighted temp (K), errup, errlow, std, median temp  
#  nprofs 77, mean mh 547992581238.041321, median mh 516023154124.437683 
#  Mass range 11.50 - 12.0
6.706029110378903786e-04 5.752672627400523424e+07 6.720561667559777200e+07 3.013088181639969721e+07 4.088400066591353910e-01 4.332058216726593673e+07 7.598060429530552584e-23 7.563498269906096530e-23 1.558639473789036596e-23 7.004433285446424184e-01 1.942116822566279904e-23 2.279440409431767248e-02 2.081271439514904495e-02 7.840853811137872206e-03 3.605667893950766922e-01 1.741104340948167531e-02 5.256657495821476914e+04 2.657558483404557774e+04 1.228736039784880268e+04 2.864653981233749036e-01 3.369878831745457865e+04
1.165374294563389359e-03 2.271860065759180114e+07 2.873050573832735419e+07 9.202732113652139902e+06 4.111254265273963648e-01 1.511881207572383992e+07 1.796322750762728874e-23 1.950196700241729092e-23 3.910865350628733941e-24 6.887565390538206156e-01 5.013550276845369829e-24 1.731916940198530500e-02 1.718158150751158270e-02 5.760035815741988870e-03 3.481632454975595037e-01 1.257242266760501270e-02 3.322153432388067449e+04 1.824340001678679255e+04 7.226735405709161569e+03 2.464830786846201882e-01 2.374897226781869540e+04
2.025188414895478031e-03 1.102268420875518583e+07 7.775564270803265274e+06 4.405178880451966077e+06 2.981252805194985478e-01 8.469312123082071543e+06 6.125602078818252468e-24 4.059081156422914776e-24 1.687325269481585872e-24 5.487866037579288703e-01 2.326855158182979678e-24 1.512660166830600943e-02 1.420545551260818384e-02 5.119682863223635333e-03 3.233219193701883376e-01 1.133339594243628137e-02 2.646381978790643916e+04 1.039085964365652762e+04 5.761371964479480084e+03 2.076874019455350606e-01 2.085458515616703517e+04
3.519374105778993230e-03 5.006999017806543037e+06 3.474180919700589031e+06 1.986454461125284433e+06 2.714521752409815858e-01 4.071577868959624320e+06 1.815404666307675024e-24 1.927433678489151241e-24 6.673416805150841717e-25 5.162078993335424970e-01 9.141332261743752872e-25 1.153652904165237449e-02 1.033137011009927636e-02 3.737526105039220073e-03 2.929030957176828598e-01 8.942006302951225477e-03 2.077615472556331588e+04 8.885834202304740757e+03 6.679553839841872104e+03 1.876089744379802748e-01 1.858148605551935179e+04
6.115971237701829134e-03 2.435343796375147533e+06 2.052101748508138815e+06 9.405782947407348547e+05 3.628943473370322415e-01 1.953681516581003321e+06 9.197351154495871849e-25 1.297240401389863435e-24 4.147037482108865504e-25 5.005300763813698151e-01 5.416211211159092268e-25 8.121375910473906459e-03 6.553923652250842440e-03 3.408513827680896210e-03 3.110854728930795843e-01 6.651226983635316094e-03 4.245433163426085957e+04 1.455760344091526349e+04 1.025413593118926474e+04 3.087209307033927375e-01 2.214049735390176647e+04
1.062833988548557602e-02 9.187911286353240721e+05 4.908840808744484093e+05 4.245453754440057091e+05 2.770639307022198516e-01 8.927621378172859550e+05 6.968056338976573361e-25 6.325537502109259754e-25 3.737601030650546956e-25 3.907703185224307707e-01 5.717897462027081605e-25 5.704838033326571807e-03 5.438422651150969130e-03 2.309687782354259439e-03 3.335006216781953858e-01 4.324443994044513233e-03 5.656672074619180785e+04 2.709237580447781511e+04 1.669675252908647963e+04 2.449367406813800774e-01 4.612315295660036645e+04
1.846993786122688719e-02 2.778039682158723008e+05 1.144851628081041272e+05 9.540257784757300396e+04 2.013814488808562952e-01 2.644566010677202721e+05 5.113322956442514864e-25 3.866872919355163912e-25 3.422819690593337104e-25 3.580698523812194112e-01 4.644040882510817870e-25 3.611374488517785347e-03 3.542487849878644870e-03 1.213821392800236258e-03 3.347485049888732633e-01 2.503169690270089318e-03 1.361787035377149296e+05 7.916973205368715571e+04 5.331032635991711140e+04 2.982945826810281531e-01 1.079382110183942714e+05
3.209707332218952880e-02 9.798878247140433814e+04 3.189463818361563608e+04 3.704199348012125847e+04 1.982775898625050159e-01 9.848030800851841923e+04 1.970850981448001547e-25 1.375435407747621420e-25 1.106749079952440971e-25 3.331649252267223638e-01 1.765816757429682192e-25 2.725039546086435466e-03 2.999080979459333406e-03 1.111950642986104902e-03 3.620389661547964710e-01 1.894194893323567332e-03 1.516850512312201608e+05 7.483171821552308393e+04 5.306765323153148347e+04 2.772788763652813127e-01 1.154078553261297930e+05
5.577832061973046762e-02 2.356698112328894058e+04 9.580304156573685759e+03 7.942736398436536547e+03 1.816378497375110701e-01 2.264644834948812422e+04 5.624722476658406995e-26 4.062056374978934948e-26 2.285994725818722818e-26 2.437191643453384682e-01 4.914640090415472825e-26 2.172939011729531442e-03 2.153267038671573264e-03 8.496410460484930816e-04 3.919234333822842475e-01 1.387750969459236291e-03 1.812190604638390359e+05 7.080624490511717158e+04 5.080375917001233029e+04 2.124508434861449857e-01 1.505614632152132690e+05
9.693161179921591653e-02 4.889504524692956693e+03 2.217232555477903588e+03 1.137052048412870590e+03 1.555634844341776679e-01 4.507582186030798766e+03 1.909185116600559609e-26 1.347432143728834210e-26 7.034151788108649027e-27 2.242305828350703856e-01 1.660583777049998463e-26 1.259095448534708946e-03 1.341690563143896515e-03 3.180329325713362825e-04 4.001141003003870211e-01 6.825575553139237280e-04 2.628117523135863594e+05 9.574034137897056644e+04 5.268795412165846210e+04 1.440160237087417527e-01 2.456039142934558622e+05
1.684478353166902198e-01 1.286420538004080527e+03 4.984001583587435107e+02 3.005633208943809223e+02 1.429140302503054960e-01 1.188285943402520616e+03 5.350774441651009946e-27 4.477337588393840769e-27 1.827178150144479893e-27 2.816546226321776647e-01 4.060595967199459583e-27 5.300523722847781324e-04 3.688984527598297269e-04 9.117985197447763652e-05 3.858475740992852177e-01 2.405911481191289015e-04 2.651240270859314478e+05 8.722695150517424918e+04 8.927884175065418822e+04 1.782377699804489068e-01 2.473610279164175445e+05
2.927287878143824407e-01 4.036962932456950739e+02 2.449350283330566072e+02 9.584289997819931273e+01 1.766194548159447930e-01 3.409186111135783221e+02 1.643417527233433961e-27 1.086182102981550179e-27 4.523978485234643607e-28 3.950468951805399809e-01 8.715565060353352210e-28 2.355128534072877401e-04 1.287972477931611463e-04 4.506096508021084065e-05 3.769478627584611496e-01 1.052401151442806411e-04 2.224222246598227357e+05 1.044339601489549677e+05 6.188526818365814688e+04 2.518514498304777471e-01 1.624459857510683651e+05
5.087043300626336029e-01 1.752754541865714941e+02 1.644704240666981150e+02 4.185168590187187476e+01 2.294196299841918807e-01 1.332137570551344652e+02 8.198905961723869330e-28 1.138175903819239966e-27 2.026298181981379513e-28 5.411985619072998688e-01 3.015922122912199641e-28 3.577229806528280272e-04 5.493574611131545960e-04 3.831765340919561188e-05 6.932276598508587684e-01 6.506062086126093897e-05 2.156974058313608693e+05 2.439173895312585228e+05 5.318085855284852732e+04 3.475230604257835143e-01 1.217540314970557520e+05
8.840268063712417579e-01 9.706261552600388143e+01 7.564622157460333085e+01 2.817520939156267445e+01 2.794392788880603051e-01 6.855145632270274803e+01 6.978208017600482578e-28 8.428010432961571324e-28 6.915077819723733058e-29 7.392328272436252679e-01 9.717358747480583612e-29 6.358902496512078674e-04 1.505043150174453564e-03 9.008531620237324731e-05 9.648054161047617816e-01 1.079573638735817343e-04 2.659028057917877450e+05 4.125603730138775427e+05 5.113034797013582283e+04 4.848189156522154097e-01 9.851865748737758258e+04
1.536262516748606588e+00 6.038791475951315846e+01 3.630088235977252253e+01 2.688302346176529056e+01 2.676885650401667482e-01 5.182311701754796474e+01 4.791252043266763788e-28 6.140410206701442276e-28 1.028860210172491607e-28 7.724483452618435830e-01 1.217794181210984985e-28 7.261987567004960474e-04 1.181485091035811182e-03 4.237194084689488503e-04 8.221985477107812690e-01 4.801448472295647731e-04 2.923360480972324731e+05 4.696362630902413512e+05 7.613223385892185615e+04 5.248244133507610210e-01 1.237803991533913359e+05
