# R (Mpc), mean rho (Msol/kpc^3), errup (Msol/kpc^3), errlow, std, median rho (Msol/kpc^3), mean pth (Msol/kpc/s^2), errup(Msol/kpc/s^2), errlow, std, median pth (Msol/kpc/s^2), mean gas-mass-weighted metal (fraction), errup, errlow, std, median metal, mean gas-mass-weighted temp (K), errup, errlow, std, median temp  
#  nprofs 238, mean mh 211994143583.539978, median mh 200414209958.427307 
#  Mass range 11.00 - 11.5
6.706029110378903786e-04 3.776624350419327617e+07 3.185913007504233718e+07 1.830982475879242271e+07 3.212564064988739365e-01 3.073789837433506548e+07 1.928172528476764366e-23 2.124598449623580460e-23 8.628066898543362449e-24 4.668407101179164465e-01 1.206317981067550154e-23 1.538060251775163513e-02 5.308419583684343898e-03 4.529934394567841291e-03 1.508826698983109504e-01 1.504825480928767036e-02 3.049255150129276080e+04 1.174308940754002833e+04 8.414667366364516056e+03 1.521174127763363082e-01 2.911418902089118637e+04
1.165374294563389359e-03 1.714787381513085589e+07 8.314373325482700020e+06 6.686628819860357791e+06 2.426171958387662586e-01 1.607474396688143909e+07 5.969774243165684734e-24 4.625937721825928448e-24 2.947021912686284831e-24 3.768986134219997619e-01 4.929778358325449469e-24 1.447037065741966708e-02 5.407301622153803944e-03 4.197271069508776153e-03 1.894715720527384573e-01 1.404015304128600206e-02 2.366296981639535807e+04 6.070845569533692469e+03 4.978278127424222475e+03 1.106799340244396662e-01 2.308922257433183404e+04
2.025188414895478031e-03 6.194354838718483225e+06 2.416529436480153352e+06 1.657976060001253150e+06 1.668995072168555083e-01 5.998006670912971720e+06 1.270934330260712814e-24 8.880341622552843603e-25 5.104210420915621250e-25 2.678772818636950825e-01 1.118462322339716180e-24 1.434171889608691110e-02 5.086528389691027593e-03 3.831682400405272623e-03 1.910978673617754198e-01 1.367423433213700405e-02 1.678710310491630662e+04 3.191129471540454688e+03 2.741196168907616084e+03 7.284357417683101632e-02 1.648389604259893531e+04
3.519374105778993230e-03 2.008557164076183923e+06 6.641651448594096582e+05 4.936599062723231036e+05 1.381539084633803260e-01 1.907321587153714383e+06 2.448731201612875746e-25 1.451221739404391862e-25 7.788391895560462527e-26 2.259665383516949455e-01 2.045150402983278376e-25 1.308507998217132810e-02 4.493688433004603550e-03 4.094312517634035586e-03 1.962858399083126093e-01 1.295437437134133729e-02 1.181582933803834021e+04 1.784238403029645269e+03 1.021745621478949033e+03 8.606708635468184043e-02 1.112881912170672513e+04
6.115971237701829134e-03 6.600473098996491171e+05 4.357953895203056745e+05 1.784777705191522837e+05 1.883456639774222230e-01 5.613699442099484149e+05 8.637282486113964757e-26 5.277393906254358409e-26 2.704402594841041320e-26 2.595732383821557354e-01 6.655428962856874527e-26 1.000774196719276914e-02 4.906545648715222169e-03 3.420712073613606762e-03 2.201413520072506014e-01 9.269174593782018162e-03 1.197253174531376135e+04 1.733696688226540573e+03 5.463312118706962792e+02 1.236963077795430188e-01 1.041003743805357044e+04
1.062833988548557602e-02 2.850207925673155696e+05 1.958470775242677773e+05 9.580007398098160047e+04 2.254011171409207592e-01 2.426661805884208879e+05 6.242869676915268725e-26 6.676301170802564465e-26 1.856198753445785995e-26 3.187814880994979672e-01 4.085754980882793182e-26 6.197012763710795999e-03 3.674211907554821369e-03 1.745019182271203336e-03 2.332795766298043361e-01 5.166035485492619442e-03 1.942019370322388932e+04 1.584859374885358920e+04 2.754523503871296271e+03 2.489936031384943071e-01 1.270357886454528489e+04
1.846993786122688719e-02 9.717691329934691021e+04 5.795438171930026147e+04 4.088998290549000376e+04 2.316576304389794394e-01 9.170770189227027004e+04 3.965662060746778599e-26 3.098071142032316321e-26 1.179298584849483741e-26 2.621044657411474854e-01 3.013954143098106016e-26 4.001659682279668818e-03 2.052098034315865717e-03 1.421969087371085985e-03 2.353729660178270622e-01 3.496666501324136554e-03 4.040023724529865285e+04 3.029449388968316634e+04 9.257955277246413971e+03 3.148281910204848155e-01 2.397489578139038349e+04
3.209707332218952880e-02 1.651053417972432726e+04 1.156245730323015960e+04 6.339857169887231066e+03 2.513346156904597284e-01 1.392794547834830155e+04 2.078990745150477576e-26 1.290388086218780778e-26 5.846663667250893136e-27 2.137582109994136947e-01 1.728519469484376374e-26 2.643323581286632050e-03 1.473581936602979051e-03 1.092853771065410489e-03 2.685809364261255161e-01 2.295084054407096636e-03 1.210650568794988212e+05 8.931857466700847726e+04 4.697225113425410382e+04 3.201447851275310841e-01 8.919216203402751125e+04
5.577832061973046762e-02 2.580957104066039392e+03 1.441110696220908267e+03 6.943177776763793645e+02 1.817727517650957192e-01 2.242353383089788622e+03 1.017981295134933579e-26 5.657572136381604395e-27 3.455919622040676215e-27 2.407019529292820925e-01 8.252722005389322628e-27 1.196067383109517511e-03 8.371863243096523384e-04 4.021949290343757749e-04 3.173711314823619567e-01 8.313364154061527378e-04 2.973360367593862466e+05 1.471469290093852323e+05 7.331412434673731332e+04 2.282673210864997748e-01 2.296117367316288874e+05
9.693161179921591653e-02 8.696120484946570741e+02 3.835409492928265536e+02 2.722066287563388869e+02 1.750659172950408959e-01 8.225925435259275673e+02 4.605529755768542248e-27 2.947015067468350060e-27 1.452515366141251121e-27 3.147046389443263759e-01 2.990791238666173695e-27 6.114489087303744824e-04 2.738434360925209410e-04 1.492682761090244597e-04 2.909471001435041670e-01 4.072226363266349372e-04 3.841940022133517195e+05 2.632963923796914169e+05 6.718449437361146556e+04 2.973883435806944364e-01 2.208467823017387418e+05
1.684478353166902198e-01 3.409216349470394221e+02 1.585035376752285856e+02 9.719372091998675955e+01 1.799402293135634046e-01 3.062043340667764824e+02 2.663681772410181896e-27 2.437441835239329699e-27 5.893697419089280595e-28 4.637532868078679260e-01 1.016036388580822508e-27 4.901085557677451431e-04 3.314170484622324113e-04 1.273718775113264986e-04 3.340337208618340825e-01 3.005084339291074391e-04 4.283086367828745279e+05 4.731849174373351270e+05 8.778053363008631277e+04 3.889106145947376358e-01 2.002031724872009654e+05
2.927287878143824407e-01 1.777453895624862810e+02 1.424417979356716728e+02 5.104218814546044314e+01 2.752578292372093172e-01 1.273689705226317983e+02 2.234091187263271269e-27 2.111495840386501843e-27 3.547116694027093372e-28 6.673057811793998706e-01 4.732113356470167547e-28 7.577713522348575662e-04 1.114554724842372127e-03 2.108548703621826188e-04 5.511149576073912648e-01 3.060315300916449611e-04 4.841457734837172902e+05 5.707077523610034259e+05 1.682381976624439703e+05 4.763757256553923236e-01 2.447830465264625382e+05
5.087043300626336029e-01 1.019404304977497873e+02 8.780742015632343112e+01 3.359654319732002392e+01 3.296544438654370746e-01 6.933764487159119483e+01 1.824439065321344174e-27 1.698378167306262285e-27 2.863032030658809241e-28 8.181712204904389996e-01 3.279653200983889387e-28 1.101872825782929284e-03 1.461132396182794006e-03 5.250596541093130757e-04 7.386372215759225979e-01 5.968580981162252379e-04 5.852382577082649805e+05 7.563819028718102491e+05 2.595042269786500256e+05 5.560666763739685603e-01 3.249515714852710953e+05
8.840268063712417579e-01 6.481594857837418999e+01 6.033335691835682724e+01 2.366672252847408942e+01 3.351630794618609133e-01 4.501595901786762965e+01 1.611097594184351361e-27 1.205189533484053870e-27 2.763870725721413905e-28 8.906072576732848578e-01 3.014178107236016649e-28 1.454889168555005032e-03 1.700505845637163317e-03 1.026842216346612749e-03 7.308025756801013184e-01 1.156733226733533924e-03 7.398576050378865330e+05 9.816900145726276096e+05 3.437368257397509296e+05 6.042911455081213523e-01 4.070558984023815137e+05
1.536262516748606588e+00 4.546912922739323903e+01 3.519451074290569181e+01 1.500668001730058876e+01 3.164575134321578331e-01 3.177815093397552104e+01 1.563965546139100445e-27 1.256896155910764907e-27 2.334910348443059797e-28 8.388613351879186109e-01 2.641738409681498862e-28 1.686485984995690201e-03 1.006427254339644240e-03 1.202900566561193379e-03 4.676659047041673012e-01 1.719784928776424502e-03 9.790307066913266899e+05 1.080220573304204270e+06 4.115915841752279084e+05 5.566591504152604841e-01 5.426751164286712883e+05
