# R (Mpc), mean rho (Msol/kpc^3), errup (Msol/kpc^3), errlow, std, median rho (Msol/kpc^3), mean pth (Msol/kpc/s^2), errup(Msol/kpc/s^2), errlow, std, median pth (Msol/kpc/s^2), mean gas-mass-weighted metal (fraction), errup, errlow, std, median metal, mean gas-mass-weighted temp (K), errup, errlow, std, median temp  
#  nprofs 243, mean mh 212972113026.543701, median mh 204974097620.089081 
#  Mass range 11.00 - 11.5
6.706029110378903786e-04 3.119547736916713044e+07 2.395242193149758875e+07 1.564318131514096260e+07 2.985802231230481607e-01 2.699809212696939707e+07 1.332282305852362271e-23 1.545088735775575728e-23 5.726008815995113861e-24 4.557301837872552164e-01 8.405574494463614493e-24 1.120702531659362698e-02 4.268840102630894542e-03 3.849082151508035482e-03 2.172060993818546726e-01 1.078897415283155969e-02 2.700697128349481500e+04 9.912876342611925793e+03 7.892572787934816006e+03 1.513362896368962707e-01 2.630707286009511881e+04
1.165374294563389359e-03 1.383290170606507361e+07 7.302083016966152936e+06 6.237090858698699623e+06 2.800802649557784241e-01 1.353243947874258459e+07 4.179818397087189108e-24 3.712566892860651792e-24 2.504583538411514203e-24 4.462582780693785112e-01 3.539135440597366410e-24 1.009564783684268122e-02 4.439676607374209993e-03 4.697509643208462073e-03 2.729719469804371967e-01 1.015451215738323587e-02 2.109884477339974910e+04 5.894577367486464937e+03 5.637188272347417296e+03 1.233290173805322298e-01 2.098517042999654950e+04
2.025188414895478031e-03 5.359609127846466377e+06 2.184385658404516056e+06 1.806599365186074749e+06 1.811361410242418313e-01 5.147140460579923354e+06 9.968312795170163787e-25 6.899726608394301143e-25 4.428578368821749616e-25 2.930077069234459097e-01 8.483349587235061693e-25 9.785886668509206909e-03 4.406353969501581452e-03 4.689235824554068184e-03 2.750003129456205508e-01 9.789800951073238805e-03 1.565828751709483913e+04 2.986811620131580639e+03 2.345002958813551231e+03 7.913918733448765952e-02 1.530480248171952007e+04
3.519374105778993230e-03 1.741291306541126454e+06 6.188228976344754919e+05 5.346908888383512385e+05 1.407194965329797987e-01 1.697453117034184281e+06 1.916068238208308803e-25 1.134740403275469837e-25 6.304317973864220526e-26 2.051085650569665353e-01 1.673956171032320472e-25 8.699180330318993445e-03 4.691759477722406979e-03 3.546284819597867247e-03 2.723061434546739656e-01 8.169401140792875368e-03 1.126156012400870168e+04 1.868631853683933514e+03 7.729888026389871811e+02 6.118626774728371659e-02 1.075265192841338830e+04
6.115971237701829134e-03 5.440423565852574538e+05 2.592590496179106412e+05 1.588290838278393494e+05 1.738777725485541326e-01 4.949268812492563156e+05 9.376662547037374722e-26 5.107787697662764500e-26 1.702809618214345315e-26 3.189264380929962006e-01 5.230079859909416907e-26 6.139918747211609712e-03 3.896409334158974780e-03 2.417079767329586085e-03 2.701449968398118573e-01 5.507996061650283215e-03 1.565088186364155263e+04 1.460683424949829714e+03 9.229644567621944589e+02 2.307635559663732683e-01 1.052587838140808526e+04
1.062833988548557602e-02 2.244232317874332366e+05 1.182250872462901461e+05 9.260690731059241807e+04 2.195602478245328448e-01 2.071499406977182662e+05 7.480535063505887880e-26 6.630757479110439771e-26 3.298485736631656103e-26 3.368093839826479807e-01 5.620120800582878255e-26 3.640946498890077192e-03 2.129524684939119571e-03 1.349092125596820790e-03 2.582295348229551868e-01 3.242903468561680446e-03 2.922102967614947192e+04 2.728701211813069676e+04 1.004193677042531999e+04 3.060652873667282226e-01 2.063067694946721167e+04
1.846993786122688719e-02 7.623657506570128317e+04 4.260157426969187509e+04 3.963655353634908533e+04 2.519606846509510611e-01 7.471336896490228537e+04 5.003389407121907684e-26 3.595571635590682026e-26 1.990667357603179814e-26 2.615587180418220692e-01 4.080215285110688459e-26 2.486554595388575008e-03 1.548283067296267641e-03 9.243637844706803497e-04 2.658112314558731537e-01 2.150091012750463687e-03 6.132399904697750753e+04 6.846695466888492228e+04 2.330817986376838962e+04 3.332790559945674191e-01 4.360075972137098870e+04
3.209707332218952880e-02 1.350651380476715713e+04 8.825823877912274838e+03 4.960150702768368319e+03 2.281916203864245152e-01 1.167950107726967144e+04 2.481490614740317830e-26 1.452624077478339379e-26 8.060588458149351267e-27 2.262405005706840389e-01 2.091308963574251832e-26 1.712041765174481586e-03 1.307059321941041055e-03 5.718445053032555729e-04 3.124290676506614184e-01 1.332979689023879163e-03 1.580772430088152760e+05 1.099759409694521164e+05 7.833793697073045769e+04 2.995661430271039927e-01 1.364033551766065357e+05
5.577832061973046762e-02 2.785359983827051565e+03 1.436340933287273856e+03 7.777852027640906272e+02 1.668863471548861221e-01 2.523682843805541324e+03 1.198151957370521984e-26 7.002594681441115366e-27 3.643427290113016660e-27 2.467344529582317647e-01 9.481993157685634887e-27 8.352539486217999210e-04 6.636614413301098955e-04 3.110302907391836592e-04 3.264443626107980667e-01 6.184945909382946402e-04 3.001976894434294081e+05 1.031377217236066354e+05 7.525996305398349068e+04 2.088590355164001988e-01 2.509299109787945636e+05
9.693161179921591653e-02 1.032666264280614314e+03 4.279226342611939344e+02 2.701398113582349652e+02 1.497822710277154357e-01 9.785119496536858605e+02 5.255670540985545213e-27 3.109259689761175256e-27 1.408427373606695017e-27 3.252206625871057466e-01 3.140905543330615424e-27 5.004191842380951516e-04 3.306531674558653975e-04 1.955756080862392908e-04 2.980689394355897082e-01 4.010401194730681801e-04 3.325166044461976271e+05 1.463837145722832647e+05 5.246593919215942151e+04 2.720638289303781154e-01 2.009905782581344829e+05
1.684478353166902198e-01 3.952272630365201849e+02 1.825779858553369763e+02 9.889598086284229339e+01 1.741390985545634429e-01 3.431664846455798283e+02 3.008699029514084611e-27 1.939970023206139096e-27 4.023015616408025955e-28 4.836894876300185109e-01 8.078157743517741194e-28 3.703585184965270112e-04 2.846381053949013375e-04 1.353455431927495279e-04 3.051112517708856053e-01 2.803655049936183501e-04 3.390551352148189908e+05 2.828983047119340627e+05 4.451351724970739451e+04 3.597543878189967681e-01 1.469090959217436612e+05
2.927287878143824407e-01 1.878045815810524743e+02 1.488232944365254298e+02 4.416780369064279910e+01 2.830106224075190080e-01 1.233557147560025982e+02 2.602892655573256011e-27 2.022856152916588008e-27 1.496004181857014981e-28 7.125295106476787765e-01 2.283724890309946795e-28 4.594711183555450699e-04 5.310780926060633747e-04 1.064728998789011920e-04 4.873907879783350161e-01 1.863307298247715398e-04 3.724286915511623374e+05 4.424583798357733758e+05 5.471739564221070032e+04 4.685013388026645909e-01 1.189839485960798338e+05
5.087043300626336029e-01 1.180355042214688268e+02 1.247182383977726658e+02 2.873610076194155027e+01 3.899253413566450832e-01 5.871514359187904120e+01 3.026936846446670264e-27 1.666987107900482908e-27 1.090910118420227862e-28 9.328246901544663405e-01 1.279466970297340295e-28 7.966387055642114518e-04 1.454540950494207473e-03 2.564629798193468588e-04 7.919769546865813581e-01 2.886395802861726144e-04 4.396858530343387392e+05 6.017882374460921856e+05 8.599142848795122700e+04 5.731655046145079924e-01 1.275348372596119152e+05
8.840268063712417579e-01 7.314401738742965620e+01 7.831534138198696837e+01 1.790004853933165663e+01 4.095053957438730685e-01 3.446744857979801679e+01 2.675309498745408286e-27 1.079112950865764055e-27 7.634370301361024341e-29 1.029046482575824317e+00 8.559336761868910164e-29 9.442648065331425700e-04 1.779865641876756657e-03 3.843368800660959409e-04 1.068080208071325199e+00 4.086114983329728906e-04 5.215575689294702024e+05 6.775154693479932612e+05 1.130217526949249150e+05 6.387281266207165409e-01 1.487947678116585303e+05
1.536262516748606588e+00 4.535872579270817795e+01 4.557828434201996970e+01 1.309663656978633384e+01 3.680094881789001682e-01 2.656872617405961634e+01 1.262858447510667356e-27 9.488685933683540563e-28 9.625667470144301861e-29 9.925429491945870764e-01 1.088764142480677275e-28 1.233335202992517227e-03 1.107950715468780266e-03 9.861395685156894124e-04 6.876690134568040902e-01 1.186940182025939721e-03 6.582540515519881155e+05 8.793393189334727358e+05 2.002498126752462122e+05 6.391270152668198090e-01 2.540661909671861213e+05
