# R (Mpc), mean rho (Msol/kpc^3), errup (Msol/kpc^3), errlow, std, median rho (Msol/kpc^3), mean pth (Msol/kpc/s^2), errup(Msol/kpc/s^2), errlow, std, median pth (Msol/kpc/s^2), mean gas-mass-weighted metal (fraction), errup, errlow, std, median metal, mean gas-mass-weighted temp (K), errup, errlow, std, median temp  
#  nprofs 32, mean mh 586340452622.521729, median mh 474096953895.510864 
#  Mass range 11.50 - 12.0
6.706029110378903786e-04 5.073250186519142985e+07 6.048269687655294687e+07 2.156338209602282196e+07 3.263896235250758893e-01 3.733139354761197418e+07 2.636572615011487216e-22 6.455191029744738203e-23 9.607873576771999614e-24 7.597476656684857277e-01 1.562289671514321287e-23 2.239834100863116739e-02 8.511975197740138249e-03 2.260706335927443328e-03 1.182894995538509020e-01 2.067490715090612372e-02 1.609133221607061569e+05 1.634774370613456995e+04 1.074397832872669096e+04 4.969605368150841751e-01 3.513764684102920728e+04
1.165374294563389359e-03 2.620640770425946265e+07 1.201399658814148605e+07 8.125122245938271284e+06 3.000663046867919626e-01 1.934657500869621336e+07 6.990088395780855518e-23 1.107322113973627166e-22 1.135005185770247548e-23 6.748689338476173694e-01 1.567497260959520838e-23 2.182703561701810485e-02 6.832131793566065259e-03 3.130580871888576089e-03 1.075223398476242848e-01 2.080679604581568004e-02 3.720626443907496869e+05 3.360745564499401953e+05 1.156780443481618568e+04 6.447703675907997534e-01 3.661815319543832447e+04
2.025188414895478031e-03 1.447482104973282106e+07 9.353629189358819276e+06 3.606152902816613205e+06 2.590686775887128812e-01 1.060909797096632794e+07 8.826625040014621263e-24 5.068634565415035264e-24 2.470833680638010865e-24 4.379514733129076243e-01 4.137958649117182639e-24 2.103790332294019905e-02 6.123539247691447973e-03 3.770073254173115368e-03 1.037260816013009929e-01 2.040584973528822982e-02 3.145923857145395232e+04 1.177431484862185607e+04 1.078246595507020174e+04 1.894583742217866851e-01 2.865726663455823291e+04
3.519374105778993230e-03 3.839335863308756612e+06 3.240694968393565156e+06 8.101856969033568166e+05 2.495241279801959922e-01 2.757829890327378176e+06 1.227539068920147903e-24 1.222011662560381603e-24 4.418592900309488029e-25 3.850275175239099013e-01 7.458501696285345515e-25 1.789709009961117439e-02 5.642415831846804564e-03 4.192664702891799045e-03 1.323560948911695068e-01 1.717990363380288849e-02 2.070934217647589321e+04 1.003847167204953803e+04 6.469301855794303265e+03 1.689562052145451021e-01 1.909273549654827366e+04
6.115971237701829134e-03 1.057086197033296339e+06 6.748778274079812691e+05 2.536463401367855258e+05 3.568897694120806707e-01 8.515981057456159033e+05 4.497580758164550539e-25 3.680116221214420928e-25 9.463217852051202653e-26 3.597101331542426617e-01 2.211184089612024840e-25 1.179830711793393612e-02 6.043932074563553372e-03 3.297748208155866327e-03 2.517445665062061355e-01 1.056956552711002355e-02 3.834825783466004941e+04 1.970548131010596626e+04 6.123498383352998644e+03 3.213781732569420124e-01 2.037738037391224861e+04
1.062833988548557602e-02 3.161060502775590867e+05 1.826578759349819156e+05 1.685379400461944751e+05 6.144317106877636991e-01 3.172397854256712599e+05 4.337038783191981632e-25 4.785971427345914327e-25 1.082622811649102787e-25 4.346077968044872453e-01 2.117983924449052578e-25 6.653563512191793677e-03 3.345816858123740190e-03 2.836377749597585127e-03 2.377715206634380962e-01 6.032390161006017867e-03 3.279962812573062838e+05 3.400093035290205735e+05 2.979538103595160646e+04 5.983738241371353572e-01 5.670516918263747357e+04
1.846993786122688719e-02 1.069363826142616163e+05 6.218642826082967804e+04 5.122353826656465390e+04 4.082244349080625945e-01 1.029835981662310078e+05 2.890309353644333446e-25 2.606703770096928260e-25 1.425483273303052419e-25 4.937156782723482462e-01 2.156601270953825489e-25 4.142656221723099719e-03 1.763074748684571261e-03 1.574637253605679684e-03 2.323122822787533903e-01 3.728990329453026661e-03 2.781149166512406664e+05 3.032042389095867984e+05 1.032091958475487481e+05 4.670340932922523169e-01 1.564011529178754136e+05
3.209707332218952880e-02 4.109763635545659781e+04 4.105878086513136805e+04 1.582797821687673786e+04 2.770369819286970792e-01 3.283003073763436987e+04 1.528043923757694988e-25 1.300231981529320327e-25 5.728562706487145868e-26 3.252413119728531643e-01 1.085469200306522900e-25 2.950403880335120219e-03 1.160388026266982991e-03 9.269190798195008421e-04 2.235717943855323742e-01 2.426530199827441579e-03 2.982941684837241191e+05 2.994980919293591287e+05 1.028895195492619387e+05 3.163799916257451494e-01 2.195502690750904731e+05
5.577832061973046762e-02 1.441516654240020034e+04 8.441060132471018733e+03 4.041153075860491299e+03 2.246041254954901367e-01 1.161285570492811166e+04 7.087956775282110288e-26 3.735614669663481494e-26 2.065921836726090469e-26 2.806601873283584014e-01 4.947420900081035435e-26 1.910982184500218360e-03 8.655734898129086724e-04 6.596071799144828229e-04 2.026720974125424957e-01 1.711674815529199128e-03 3.690191476801508688e+05 1.984343489502904122e+05 7.919389924108350533e+04 2.560036962412943762e-01 2.690579056967570214e+05
9.693161179921591653e-02 5.009825457548390659e+03 2.515658080460717429e+03 1.639224201338573494e+03 1.654586666427523556e-01 4.587633704701527677e+03 3.166372470087895827e-26 1.791314789857836235e-26 1.075345953807928053e-26 2.876545784665440197e-01 2.522826957825749623e-26 1.232145495245759795e-03 5.502874095298286670e-04 4.558540102323428624e-04 2.027223725662102016e-01 1.098399259271719665e-03 4.234696222207909450e+05 3.168788556606942439e+05 1.550201965528829314e+05 2.297547714899208782e-01 3.613772816440010793e+05
1.684478353166902198e-01 2.014697464968253144e+03 8.509887720824910957e+02 6.210845294475509490e+02 1.661137659151455115e-01 1.874388199187297914e+03 1.209256641628466735e-26 1.005825817350142989e-26 3.330519110049237086e-27 2.939663462204361033e-01 8.558952807497833354e-27 9.016746358233894768e-04 4.256945125237790667e-04 2.475414275469395775e-04 1.894891544358228708e-01 7.630426010754753257e-04 3.844610955634919228e+05 2.319069947697636671e+05 7.363261001898700488e+04 1.954375715826491278e-01 3.127765212734559318e+05
2.927287878143824407e-01 7.695295504328952347e+02 1.623708773405979855e+02 2.552591015104736130e+02 1.681354560762138295e-01 7.223045696332769694e+02 3.985184425150500611e-27 3.375993722487955562e-27 1.533840239147818314e-27 3.111858337516906214e-01 2.835274592839795456e-27 6.733231059092409897e-04 4.699427896729371692e-04 1.618004064625122780e-04 1.698939396007529690e-01 5.681565375756589004e-04 3.214590083308427129e+05 1.743672067143538152e+05 1.020971609066332167e+05 1.906733136109238780e-01 2.865038955494507682e+05
5.087043300626336029e-01 3.051924469754611096e+02 1.020480161982857794e+02 1.049481417194905646e+02 1.786347679047187997e-01 2.851969252792451925e+02 1.653184783705587357e-27 2.652496011437470182e-27 4.757877907169775461e-28 3.909902597681245706e-01 9.046345867148031056e-28 5.473783034340528979e-04 2.354834436661385312e-04 1.668036791095056453e-04 1.984074525472984685e-01 5.025808393943222542e-04 3.037431962631882634e+05 2.009878705679623235e+05 6.127324556031500106e+04 2.398751436644253332e-01 2.146772315137075202e+05
8.840268063712417579e-01 1.430155252397690901e+02 4.378914398207646741e+01 3.775207018828739081e+01 2.054283986083008384e-01 1.253223828965690245e+02 9.755519108453994354e-28 6.556348335822544913e-28 3.328753956680533439e-28 5.382255248568026396e-01 4.532685570364504379e-28 5.065627080341323068e-04 2.196903847061286398e-04 2.135509981479546569e-04 2.694312105890642184e-01 4.867023006853865184e-04 3.183922248222962371e+05 2.975718337324443273e+05 1.216141173596733861e+05 3.460698148749482561e-01 2.295854101475678908e+05
1.536262516748606588e+00 7.306156644759508367e+01 8.595847181484387534e+01 2.032699271042054079e+01 2.656983159805716421e-01 5.444794070967655131e+01 5.272298337300728102e-28 1.427395674927859638e-27 9.759293150904774676e-29 6.842796013048970671e-01 1.301762538237171767e-28 3.847429851054903283e-04 3.270842696855933568e-04 8.220324726948251694e-05 2.939125329063515535e-01 2.623586524888660764e-04 3.003727236808661837e+05 5.601810310259727994e+05 1.208000787940448790e+05 4.352939565698000779e-01 1.780453495731161383e+05
