# R (Mpc), mean rho (Msol/kpc^3), errup (Msol/kpc^3), errlow, std, median rho (Msol/kpc^3), mean pth (Msol/kpc/s^2), errup(Msol/kpc/s^2), errlow, std, median pth (Msol/kpc/s^2), mean gas-mass-weighted metal (fraction), errup, errlow, std, median metal, mean gas-mass-weighted temp (K), errup, errlow, std, median temp  
#  nprofs 138, mean mh 547744527173.805908, median mh 522939261088.444458 
#  Mass range 11.50 - 12.0
6.706029110378903786e-04 3.432122586665778607e+07 3.399150517933392525e+07 1.605060940861051157e+07 3.288040494762252686e-01 2.672427173670957610e+07 1.734916167494049546e-23 2.355214352502056228e-23 8.424834788255673511e-24 4.678340507382598989e-01 1.162293297825451220e-23 1.755461485418302256e-02 1.221157603491751162e-02 5.860039061934097654e-03 2.963929432604480718e-01 1.459734987940640091e-02 3.130301317107108480e+04 1.167246242687795166e+04 1.042893147614096233e+04 1.485974005939212916e-01 3.120907367947290913e+04
1.165374294563389359e-03 1.706750474580191076e+07 9.237811095629088581e+06 1.084416567413152009e+07 3.187755276484794398e-01 1.713181564660592750e+07 6.485232988227115467e-24 6.432282445304733153e-24 4.091771853594935232e-24 5.114396061349461009e-01 5.226425267525215940e-24 1.394720786681952901e-02 1.122702562281065013e-02 6.444476569336402873e-03 3.530078331153694293e-01 1.108611690756625655e-02 2.416445766787693356e+04 8.747430998437153903e+03 7.518585954733838662e+03 1.500167889257817133e-01 2.338552360854889048e+04
2.025188414895478031e-03 7.737660843497547321e+06 4.934673341786948964e+06 2.522071323287340812e+06 2.531629223492024017e-01 6.733292047438926995e+06 2.518159847815766595e-24 2.507467570886131132e-24 8.126496739225298864e-25 4.357020495740751009e-01 1.458581916802835438e-24 1.250608771310551294e-02 1.035097832553089764e-02 6.042824064156565068e-03 3.353868784342681764e-01 1.031727818951289066e-02 2.079126841631836578e+04 7.361868418691192346e+03 3.646743162023049081e+03 1.411333865749961891e-01 1.855435489515525842e+04
3.519374105778993230e-03 3.775233177430675365e+06 2.965927337735546287e+06 9.204807340661236085e+05 2.364719409430761921e-01 2.860016094108761754e+06 1.026645696818236100e-24 1.558452090393883617e-24 2.666942646649864158e-25 4.611337069062050320e-01 4.605468502874922083e-25 9.345716634753527957e-03 7.070585997243826470e-03 3.988282646568310288e-03 3.055079474908157233e-01 7.654652080288568833e-03 1.761019613338295676e+04 9.249168193385448831e+03 3.413756875071996546e+03 1.732035701774473635e-01 1.464518021263927585e+04
6.115971237701829134e-03 1.961691422340904828e+06 1.643135076119751204e+06 6.612034580443428131e+05 2.644053689288790587e-01 1.580941935302793048e+06 6.315736523761830594e-25 7.808103185470795193e-25 2.539357431497280244e-25 5.165291077731202218e-01 3.299256002653201133e-25 6.277478362127325920e-03 5.442382865548614501e-03 2.387105235927607788e-03 3.246997381251013892e-01 4.747493507482243927e-03 2.196099114849425314e+04 1.500535329827017267e+04 8.034164160532969618e+03 2.517775754622196271e-01 1.789671233141559060e+04
1.062833988548557602e-02 7.074355015217396431e+05 3.332139945905890781e+05 2.224245540007572272e+05 2.015519832945805445e-01 6.688199754594583064e+05 5.415493173182652082e-25 4.767037994347015264e-25 2.791940462438903377e-25 3.769576822420033779e-01 4.571375035966536166e-25 4.119702447669490279e-03 4.638543472621534970e-03 1.516391538794957397e-03 3.488963071655194481e-01 2.876925838972581306e-03 5.536766960421418480e+04 3.008932131504933204e+04 2.819125060934902285e+04 2.681607419238449252e-01 5.145878501856709045e+04
1.846993786122688719e-02 2.059687758517658222e+05 8.295066200452111661e+04 6.953049938826636935e+04 1.966343671477245036e-01 1.980441065789181157e+05 4.076167858702196947e-25 3.331825662472337845e-25 1.703006015969742666e-25 3.183928172754412755e-01 3.308483312565586044e-25 2.717451022627557014e-03 3.032573777402798598e-03 9.660982171394584105e-04 3.358545711856384952e-01 1.932897639933235786e-03 1.402509413009067939e+05 7.768999873409906286e+04 5.487801024123048410e+04 2.514370714367613058e-01 1.207476242972530599e+05
3.209707332218952880e-02 6.291354798431308154e+04 2.743501670535569428e+04 2.946008912079228321e+04 2.139799890991746778e-01 6.335760425479132391e+04 1.519003530078288914e-25 1.081176262650132744e-25 6.735302568213079450e-26 2.607628375438922341e-01 1.360662097300510813e-25 2.179529568034277963e-03 2.667689001477868173e-03 7.947935736870601151e-04 3.552151553356708291e-01 1.505401454938198403e-03 1.716033364878072171e+05 7.767817347832664382e+04 5.410604952184404829e+04 1.937276285016767685e-01 1.569994374056332745e+05
5.577832061973046762e-02 1.295274777626313335e+04 6.625199924144944816e+03 4.274120741682436346e+03 1.779942458014460993e-01 1.189717522844125779e+04 5.155493877335189328e-26 3.496277442361121258e-26 1.714604962326477918e-26 2.145249955537769926e-01 4.392411702134338332e-26 1.530504901015551037e-03 1.846444055291432060e-03 5.094728998292371268e-04 3.788653215394809370e-01 9.321371363191213386e-04 2.752669729489434976e+05 1.091080076490281499e+05 7.940205364509142237e+04 1.561986181313400057e-01 2.624257917556433822e+05
9.693161179921591653e-02 3.097410640595354380e+03 1.004135039544647498e+03 7.563412940917401102e+02 1.350008937675042653e-01 2.907788477555959616e+03 1.738701906980832064e-26 1.106646413921095795e-26 5.432312286804320869e-27 2.206908340809693725e-01 1.433611150352788025e-26 5.838103395499838694e-04 4.170853792019773090e-04 1.683565885838834942e-04 3.189245605260390692e-01 3.903958190228800935e-04 3.659930991297816508e+05 1.271415155305592925e+05 9.731673364035694976e+04 1.283127440235568573e-01 3.504279517827542732e+05
1.684478353166902198e-01 9.014002579747299251e+02 3.500111371662908368e+02 1.704550236120483078e+02 1.485611536647972464e-01 8.107231466697933229e+02 4.704012124843401850e-27 4.122583286462610069e-27 1.552447638494593922e-27 3.158873838675710366e-01 3.299075665932963058e-27 2.245556882591554860e-04 9.026868072563532181e-05 5.182354915405776644e-05 2.635070213896650304e-01 1.673401124581041697e-04 3.247914930118898046e+05 1.518446124837214011e+05 8.604018682251535938e+04 2.081094412211416389e-01 2.707478624099688604e+05
2.927287878143824407e-01 2.502138149333232775e+02 1.157412938184419033e+02 5.879694799696633822e+01 1.787551099724949133e-01 2.188043589263873798e+02 1.443922748574351797e-27 1.097388516922061120e-27 3.519362631485975635e-28 4.532092280075814550e-01 6.353403754700529220e-28 1.472241410946243181e-04 9.390511192793668928e-05 3.450130941883658181e-05 3.714229907667202513e-01 7.872348076213858019e-05 2.959757546375598176e+05 2.402137703455701121e+05 7.462074619508844626e+04 3.119959833547572003e-01 1.840195887556113885e+05
5.087043300626336029e-01 1.193437246829010121e+02 1.017587722875341143e+02 2.988448651662072564e+01 2.765907981903117374e-01 8.251896950019464327e+01 9.558961036254922824e-28 8.825126925831477474e-28 1.043276187305914373e-28 6.593423842066848950e-01 1.590476124857528699e-28 3.914781104447102975e-04 6.686614078858944127e-04 4.627701318303882561e-05 7.919437316671117388e-01 5.991836458502569412e-05 2.862250421985029243e+05 3.491292820984019781e+05 6.114575147109538375e+04 4.160887988285422723e-01 1.292058781826121849e+05
8.840268063712417579e-01 7.088493361218299071e+01 5.458265647950234722e+01 1.989597469158526621e+01 3.012583944661244018e-01 4.729985475199032408e+01 9.208574592996859424e-28 7.070798770644267443e-28 7.858233707265544954e-29 7.778855719452680839e-01 1.016380245461527699e-28 6.592561077977267909e-04 1.318049445772027537e-03 1.427941863097867870e-04 1.001671625757857953e+00 1.589315799350996309e-04 3.639477319097847212e+05 4.436822522965236567e+05 8.412947452399719623e+04 5.062865175001232121e-01 1.361595029432814335e+05
1.536262516748606588e+00 4.557996505099757911e+01 3.277280120187477053e+01 1.154022980575632573e+01 2.801145750603875051e-01 3.152014566164972109e+01 9.404758323604989408e-28 6.877400644468985429e-28 5.536123585074060748e-29 8.156066936425513392e-01 7.565098612536962704e-29 7.178303476226898872e-04 1.251357156110638339e-03 3.526835337221737271e-04 7.338780025775973881e-01 3.990702504411789298e-04 5.041772265170183964e+05 7.448515682959255064e+05 9.115855847107153386e+04 5.535647731353250389e-01 1.516278997489916219e+05
