# R (Mpc), mean rho (Msol/kpc^3), errup (Msol/kpc^3), errlow, std, median rho (Msol/kpc^3), mean pth (Msol/kpc/s^2), errup(Msol/kpc/s^2), errlow, std, median pth (Msol/kpc/s^2), mean gas-mass-weighted metal (fraction), errup, errlow, std, median metal, mean gas-mass-weighted temp (K), errup, errlow, std, median temp  
#  nprofs 187, mean mh 214095462632.384094, median mh 205541896919.542664 
#  Mass range 11.00 - 11.5
6.706029110378903786e-04 1.207509918222975172e+07 5.874178575782459229e+06 3.080760497682089917e+06 1.620252112411600665e-01 1.082457042063498497e+07 1.354312457222325632e-24 1.092052447195188399e-24 3.427875939451101176e-25 2.962952872331868215e-01 9.958557658266300558e-25 1.885071388009156588e-03 1.390122036220074611e-03 1.176638860988990423e-03 4.024018084300510778e-01 1.726601884249416010e-03 1.220566585335481795e+04 4.039625429684037954e+03 1.378367002213813976e+03 1.559858053039075709e-01 1.171466229358587589e+04
1.165374294563389359e-03 4.177980882738261018e+06 2.287851125517374370e+06 1.964134078746242216e+06 2.621617703890652407e-01 3.783519939536256250e+06 4.789551706309804189e-25 4.229695318263194302e-25 1.752958801874650566e-25 3.139169646629568211e-01 3.532269479383635025e-25 1.790018499054131344e-03 1.405992007779594032e-03 1.004617227789279376e-03 3.543073334415058340e-01 1.604264452089938396e-03 1.235214363961031995e+04 3.139759992195115046e+03 1.405078491631085853e+03 7.518546536406557623e-02 1.173777904031337675e+04
2.025188414895478031e-03 2.147696286192456726e+06 1.129329643009372521e+06 1.163161634937558789e+06 2.750770075850804131e-01 2.109089679843957536e+06 2.213318605375871272e-25 1.371754835512106887e-25 1.118155635126520325e-25 3.071679149070969395e-01 1.974540553543068774e-25 1.740060915825252094e-03 1.414219607776002682e-03 9.263853158949997757e-04 3.538008549329122454e-01 1.527693634216157562e-03 1.161725976667949726e+04 1.535726054915734494e+03 1.194114292564632706e+03 6.618693751786852708e-02 1.142066190993706186e+04
3.519374105778993230e-03 8.252998123386630323e+05 3.139904178237438900e+05 2.308722197698792443e+05 1.825935946135796850e-01 7.819835971951076062e+05 1.066512107251870570e-25 3.289637269520243515e-26 2.426011563859811126e-26 2.186354088186865108e-01 7.856128508366665659e-26 1.685489629027626729e-03 1.487742556784297284e-03 8.775385599539042890e-04 3.562272609534056778e-01 1.466783927632030367e-03 1.307678176181797608e+04 1.014384243869566490e+03 9.448295656561294891e+02 1.365596546610476081e-01 1.119021245365578034e+04
6.115971237701829134e-03 2.494083004916060891e+05 9.554419130635648617e+04 6.861840989102757885e+04 1.509066422327263457e-01 2.370767382172378420e+05 9.778454264107375246e-26 3.816746689737455664e-26 9.300134663328418400e-27 3.596646738725102765e-01 3.787106749570474830e-26 1.469218786460600203e-03 1.115722739793443500e-03 7.834173250400161808e-04 3.391188223531326762e-01 1.295431806049488540e-03 2.756115792599840279e+04 1.338703133042591980e+04 1.953374011325307947e+03 2.948644102610742945e-01 1.342481666656982816e+04
1.062833988548557602e-02 6.911629540785582503e+04 2.988643593975254771e+04 1.918419531919313158e+04 1.747632594185886956e-01 6.378426342854068935e+04 7.156888844868610491e-26 9.360340988935544182e-26 1.353813171275372132e-26 3.963305969930653871e-01 3.269738255319973833e-26 1.108839344025307726e-03 7.329100196357071512e-04 6.025322388757967714e-04 3.290817524410079575e-01 9.959123966338135226e-04 7.507945035319180170e+04 9.210082466390330228e+04 1.620757253705642142e+04 3.776956662238010742e-01 3.764814722224055731e+04
1.846993786122688719e-02 2.258115141813561422e+04 1.568454440201104808e+04 7.562771279506245264e+03 2.507017544883492488e-01 1.848798560686949713e+04 4.054549420958398479e-26 4.140262087720437203e-26 1.282516556921739931e-26 3.311124397732823077e-01 2.660000245298402692e-26 7.331711336061770296e-04 4.328946988328191605e-04 3.651204807644582197e-04 3.319306378612457142e-01 6.385753441980033824e-04 1.491174657336719683e+05 1.389021363746974093e+05 5.554180791340713768e+04 3.361342160412471025e-01 1.062441833000502666e+05
3.209707332218952880e-02 6.898809353453021686e+03 5.048886382366456928e+03 2.781924678582004617e+03 2.811286821880537024e-01 5.709511609170484917e+03 1.987080441401670704e-26 1.536100933107344913e-26 7.410639134547527392e-27 2.740733108994611311e-01 1.578541294497092162e-26 4.180753927261581914e-04 2.924514189071094629e-04 2.047565545982054161e-04 3.425484395217445188e-01 3.419893097164539348e-04 2.384166209680334432e+05 1.696225575679022004e+05 9.265810808174652630e+04 2.782409105525152082e-01 2.037937034277732600e+05
5.577832061973046762e-02 2.393459908133138015e+03 1.335091081581316757e+03 8.993193756120056150e+02 2.418911136315061994e-01 2.102619011627883992e+03 9.360118327746255460e-27 6.164468750054440680e-27 3.608938944695607901e-27 2.683774735376408538e-01 7.660135912029356689e-27 2.135445761603392198e-04 1.579924991437030421e-04 9.861817365741670392e-05 3.365287115015447306e-01 1.696510020668411296e-04 2.834281215655488195e+05 1.116617248771437153e+05 9.906815912661861512e+04 1.947121332473702449e-01 2.588710484163787623e+05
9.693161179921591653e-02 9.606139862414862591e+02 4.274368471629096575e+02 3.143609131870548481e+02 1.974456937246870381e-01 8.884684293692238271e+02 3.974896950357582741e-27 2.845166997094427434e-27 1.319838125098678030e-27 3.038527030393902151e-01 2.923729212731207747e-27 1.241679018752806798e-04 7.559534174450953273e-05 6.220809491456755008e-05 3.073779013836476226e-01 1.105664859738333440e-04 2.632600360321698245e+05 1.044828756032462697e+05 6.743214321143442066e+04 1.779558050292502913e-01 2.308524432867565192e+05
1.684478353166902198e-01 4.170907866987003558e+02 2.035219283038300091e+02 1.439370763415718955e+02 2.108453200418161921e-01 3.727164255641309865e+02 1.724231387414859737e-27 1.287913650773149702e-27 5.327272892378445340e-28 3.937946408728121850e-01 9.821100917172865524e-28 9.902001148034932901e-05 5.814790612390904390e-05 4.192016727009557306e-05 4.540652645762877082e-01 8.909955006029257065e-05 2.242901375868974719e+05 1.015033723245944420e+05 5.566112366906585521e+04 2.160827877420848364e-01 1.790427975754480285e+05
2.927287878143824407e-01 1.931127031513046290e+02 1.182823145759904833e+02 4.997258625469322624e+01 2.316910817139708201e-01 1.521610159479829463e+02 8.716268995595738386e-28 7.700875118470261150e-28 1.593192795530018908e-28 4.885468365182843442e-01 2.873905254770260766e-28 9.795069932470862458e-05 6.165680304794597861e-05 3.870000053771411843e-05 4.903361264161451016e-01 7.564318761174227052e-05 1.937609728034030704e+05 1.062837699541048787e+05 4.454361856836789229e+04 2.753931949651616806e-01 1.279474383181237790e+05
5.087043300626336029e-01 9.959499874175490675e+01 7.207604843225273328e+01 2.413003264679019821e+01 2.653586882213687104e-01 6.982600550403161321e+01 6.441049794550992382e-28 4.669472517105346545e-28 5.937000107294961182e-29 6.074127205632050552e-01 1.030803430220462709e-28 1.054858892049291005e-04 1.136426889626513005e-04 3.919342103604335319e-05 4.997086006813541981e-01 6.330147794979583897e-05 2.048696861338264716e+05 1.822527142570337746e+05 3.572426265044949105e+04 3.567394674431868529e-01 1.009830951692895469e+05
8.840268063712417579e-01 6.181837521635920041e+01 6.227741356012166563e+01 1.532937190635254154e+01 3.315345110849426402e-01 3.610011613749235693e+01 1.250321571984766930e-27 5.577114558950079528e-28 4.147492813656886451e-29 8.410481896452356443e-01 5.419095901121499030e-29 1.379679811735447172e-04 2.148994000846369190e-04 4.952181680445077262e-05 7.533652793132292746e-01 6.220194950192783033e-05 3.297502688834425062e+05 3.312831937084442470e+05 5.186718661712753237e+04 5.217372944248157562e-01 9.293660887481864484e+04
1.536262516748606588e+00 3.898124470325330293e+01 2.835154240399618786e+01 1.295386198638818165e+01 3.042515820245383362e-01 2.817761096424237977e+01 9.029349182845807177e-28 4.965554734786107113e-28 3.242579693067961763e-29 8.702775749054827426e-01 4.239029625644935042e-29 1.586303846919812229e-04 2.424752239043428460e-04 6.301826837960107996e-05 6.444576744615742037e-01 8.573063128156109059e-05 4.434132475579916500e+05 4.840180767962692771e+05 7.064130366864606913e+04 5.765497209577514770e-01 1.122752309041546978e+05
