# R (Mpc), mean rho (Msol/kpc^3), errup (Msol/kpc^3), errlow, std, median rho (Msol/kpc^3), mean pth (Msol/kpc/s^2), errup(Msol/kpc/s^2), errlow, std, median pth (Msol/kpc/s^2), mean gas-mass-weighted metal (fraction), errup, errlow, std, median metal, mean gas-mass-weighted temp (K), errup, errlow, std, median temp  
#  nprofs 130, mean mh 544519706355.199036, median mh 497704080880.940552 
#  Mass range 11.50 - 12.0
6.706029110378903786e-04 6.855716595195150375e+07 6.422124030361597240e+07 3.033558892118114978e+07 3.720426731521025432e-01 4.764150584098120034e+07 7.040449674344078984e-23 7.716478882228928063e-23 2.114910695032352027e-23 5.993545295818911711e-01 2.738059720624888003e-23 2.691588024087308850e-02 1.124776356248439330e-02 9.169935287883262953e-03 1.770022240631340948e-01 2.641331380769874893e-02 5.836346645111154794e+04 2.002663351440634870e+04 1.827628436337415042e+04 2.595783824910622983e-01 4.188959051812753023e+04
1.165374294563389359e-03 2.989547355283349007e+07 2.001245010330889374e+07 1.585490234435662441e+07 3.527292008147981939e-01 2.650364572477633506e+07 5.138226553248752047e-23 4.596471386223764249e-23 9.522090133348352655e-24 7.002986872372536364e-01 1.314797965587686321e-23 2.636467849552023152e-02 9.942611916829005581e-03 9.561224619807337510e-03 1.663407009769616862e-01 2.597972204189128581e-02 1.634266211382748734e+05 2.493702186402117513e+04 1.188580548973195982e+04 4.809025748629961461e-01 3.393278209365963994e+04
2.025188414895478031e-03 1.390255038346300833e+07 1.085346479847677797e+07 4.370751678666206077e+06 3.929339866670538695e-01 1.124610648143988848e+07 1.303190046586611135e-23 7.353418535787201305e-24 2.418679367077232383e-24 5.712781447566700477e-01 4.059836295844180182e-24 2.529165252158304192e-02 1.071369106121214387e-02 8.780200296616292449e-03 1.837976260379404481e-01 2.455839721754361077e-02 6.818411865192923869e+04 2.678386396072795105e+04 6.251901120582995645e+03 3.733010497018667273e-01 2.527409905562785934e+04
3.519374105778993230e-03 4.983861603431041352e+06 3.672647896248051897e+06 1.965962430245321244e+06 4.134710224010588742e-01 4.304480651371469721e+06 1.760758961284329299e-24 1.707775735913669158e-24 6.427704007203532876e-25 5.050001155486105731e-01 9.808690071912509232e-25 2.292626560000789182e-02 1.054038180992430962e-02 8.380138162997456328e-03 1.923308381187170402e-01 2.185443186610521588e-02 4.612444015228487842e+04 1.051492822679248275e+04 5.383041286131656307e+03 2.808289462524588553e-01 1.855167626367635967e+04
6.115971237701829134e-03 1.676655853153638542e+06 1.100491166226053145e+06 6.885620532716715243e+05 3.872018781152251621e-01 1.486372453511510976e+06 5.263516206573289188e-25 5.230335046299326980e-25 1.854887868680228764e-25 4.056465444710909973e-01 3.168888144436882593e-25 1.625100969157047132e-02 5.948822007547392710e-03 7.057947837410745093e-03 2.035132098498168007e-01 1.606114350661036472e-02 4.155625074792270607e+04 1.744556573791390474e+04 5.724237938169047993e+03 3.581417722032123052e-01 1.680216463116785235e+04
1.062833988548557602e-02 6.815208747958902968e+05 3.081282237850255333e+05 3.141375669697161065e+05 3.488009833548542660e-01 6.883423245247767773e+05 3.639426966542862605e-25 3.263090940536471296e-25 1.566300368463514444e-25 3.665611700909642834e-01 2.629509377556467194e-25 1.051440582931151106e-02 4.199185599269033078e-03 3.708226089018787364e-03 1.910808455681316520e-01 1.012286050061803923e-02 7.432206388091352710e+04 4.765657229810652643e+04 1.464128634335191236e+04 4.237169567556954841e-01 2.908576749681006913e+04
1.846993786122688719e-02 2.095721597506396938e+05 8.804628440666734241e+04 9.946795086894661654e+04 3.018915993195589453e-01 2.112964607329466962e+05 2.603247115585548301e-25 2.269676129958455450e-25 1.156356628914708439e-25 3.436707000720770067e-01 1.961485468838270925e-25 7.611419346310713957e-03 3.069289241856940076e-03 2.416295987690753565e-03 1.932015023909426366e-01 7.064580910753140430e-03 1.262017778910608176e+05 1.011931294604723516e+05 3.464033109518005222e+04 3.948752927186705564e-01 6.777449527141096769e+04
3.209707332218952880e-02 4.192750665445259801e+04 2.836542451931829419e+04 1.386501632507781324e+04 2.569482208610701646e-01 3.609516272608565487e+04 1.269200504824227542e-25 1.143446490148168382e-25 4.312658826846139414e-26 3.156885288076266560e-01 9.495675101505813162e-26 5.381342953046203484e-03 2.547118144716101207e-03 1.919545504011826564e-03 2.213773615220034074e-01 5.041818880702372135e-03 2.482635308521833795e+05 2.056897619021914434e+05 1.056402235717230360e+05 3.276647922155251358e-01 1.956361891876033042e+05
5.577832061973046762e-02 9.737714296375897902e+03 4.758695405292577561e+03 2.855350519064078981e+03 2.006445978141078723e-01 8.884598009324448867e+03 5.263136265086280948e-26 3.914669417974842556e-26 2.083247245900194586e-26 2.940135273365438451e-01 4.303377488244545303e-26 3.318499560616375733e-03 1.581311798032681779e-03 1.428454393143187935e-03 2.429050710715852657e-01 3.026416574756245724e-03 3.658736062421037350e+05 1.956375023445599945e+05 1.384610602718873997e+05 2.152197985307550965e-01 3.383247334645478986e+05
9.693161179921591653e-02 3.136895018604123834e+03 1.071104837762236002e+03 1.046354865961673113e+03 1.733624994352397086e-01 3.012188108419214586e+03 1.826282207008406051e-26 1.582715866886058304e-26 6.371160270755459574e-27 2.708391360304720497e-01 1.400747224774680406e-26 1.937991077245850794e-03 1.426753202710183497e-03 7.668025963464954273e-04 2.785817239384673072e-01 1.540738195610668985e-03 3.805547763514923281e+05 1.810862663996164920e+05 9.057674813491158420e+04 1.758169980233107721e-01 3.343950804148410680e+05
1.684478353166902198e-01 9.712966746613396936e+02 4.084422694462950858e+02 2.598079551083754950e+02 1.652117553460941690e-01 8.846263955787878785e+02 4.951548194615551158e-27 3.390364790890935948e-27 2.113219499671466218e-27 2.968593873400113270e-01 4.045069481693463925e-27 1.126433991236636860e-03 9.331003583754921178e-04 4.192624056158365982e-04 3.380280271700868422e-01 8.093983465461270996e-04 3.209734357551478315e+05 1.512648326403542305e+05 8.912905859955598135e+04 1.846575642611902046e-01 2.786845836018528789e+05
2.927287878143824407e-01 3.081320383828731337e+02 1.752049943356800554e+02 8.971542466822029382e+01 2.021594104339605735e-01 2.648253759875581181e+02 1.496461831523767304e-27 1.600290385724051484e-27 5.552771579585860389e-28 4.256548324106158576e-01 8.755015008236292321e-28 6.658375832075441765e-04 8.068158911599471661e-04 2.160446406596227989e-04 4.092561245046495433e-01 3.843220593025788905e-04 2.657135487907128409e+05 2.015394470027879579e+05 8.435421498185725068e+04 2.544684603021173941e-01 2.045222691869814880e+05
5.087043300626336029e-01 1.355806967284244990e+02 1.376057358684086864e+02 4.653331276437693020e+01 2.760850587544005363e-01 1.041258830707727441e+02 7.068324324683444757e-28 9.667108892792227683e-28 2.105430222075008527e-28 6.196820459162001304e-01 2.690619040363936060e-28 7.922050908790225507e-04 1.522342189695299278e-03 2.853991442041470868e-04 7.193335638252197350e-01 3.322898267007771056e-04 2.442113039094939595e+05 2.789722260351601872e+05 1.031337002649327042e+05 3.778396676865746207e-01 1.689239016744729015e+05
8.840268063712417579e-01 7.635497943488198302e+01 6.469305397087697429e+01 2.367211397176945198e+01 2.852555586671684518e-01 5.553485830496735076e+01 4.806802284229495795e-28 9.184730818383374512e-28 1.165259242897844058e-28 7.234658688919780589e-01 1.404158391402553572e-28 1.020603408595635760e-03 1.102006754069089064e-03 8.070004416048798257e-04 9.327590445735123303e-01 8.751047027152211114e-04 2.771141483240050147e+05 3.760803404853956308e+05 1.028547763830866897e+05 4.674167382034106755e-01 1.548905903973225504e+05
1.536262516748606588e+00 4.758147979360923330e+01 3.156286110576525061e+01 1.724087868126090939e+01 2.729547928641347099e-01 3.697937716916180761e+01 5.441437610228038590e-28 5.178956822847286704e-28 5.916930582413516203e-29 7.861223227243150369e-01 7.558245055510273279e-29 1.025854131030509665e-03 9.038479628166351705e-04 7.047780586843501111e-04 5.875562773839789754e-01 8.856978423043820187e-04 3.783035538501427509e+05 5.068053535170523101e+05 1.029017171520000993e+05 5.329096346565562747e-01 1.540613090320005431e+05
