# R (Mpc), mean rho (Msol/kpc^3), errup (Msol/kpc^3), errlow, std, median rho (Msol/kpc^3), mean pth (Msol/kpc/s^2), errup(Msol/kpc/s^2), errlow, std, median pth (Msol/kpc/s^2), mean gas-mass-weighted metal (fraction), errup, errlow, std, median metal, mean gas-mass-weighted temp (K), errup, errlow, std, median temp  
#  nprofs 263, mean mh 527678316551.688904, median mh 467000087919.364502 
#  Mass range 11.50 - 12.0
6.706029110378903786e-04 5.869132931357153505e+07 4.076405761966245621e+07 3.004356154846832901e+07 3.115793788777598272e-01 5.341024297962794453e+07 8.819317479033582693e-23 4.160812371721021969e-23 2.112841923613460785e-23 5.442376225438434467e-01 3.150036357757428302e-23 2.236569762986928903e-02 7.208380058329431905e-03 5.474052683434454947e-03 1.413791167151106642e-01 2.177221258759923922e-02 1.534212896257074026e+05 1.357742608973450842e+04 1.181023854329426104e+04 3.566534796736510193e-01 4.042145594868945773e+04
1.165374294563389359e-03 2.587417577219336852e+07 1.320332306264821813e+07 8.769485091355845332e+06 2.294447545479162132e-01 2.380253250477966294e+07 2.071482845023919845e-23 9.872204990639158495e-24 4.986419144275296696e-24 4.357577540331747934e-01 1.000710789664848054e-23 2.260779847934532225e-02 7.622164210869121492e-03 5.284425010014887070e-03 1.416536961177870535e-01 2.191360699711964594e-02 5.492735076106709312e+04 9.396983540349960094e+03 7.379330450811652554e+03 2.691233584572033100e-01 3.065262028415848908e+04
2.025188414895478031e-03 9.548438432699378580e+06 4.696654538957186043e+06 2.679387347559193149e+06 2.219923050992546609e-01 8.431582689194152132e+06 4.250115867440228517e-24 2.952960263827867771e-24 1.072163329784626536e-24 4.128219781479117723e-01 2.075808305912957706e-24 2.256774795231890687e-02 7.620595116320804524e-03 5.714541106404506798e-03 1.459667484799852533e-01 2.208016629916216556e-02 2.634999849130701841e+04 8.068685722958896804e+03 4.239728749603564211e+03 1.975092773604246732e-01 1.982710136631472778e+04
3.519374105778993230e-03 2.624269502886571921e+06 1.658363829562410247e+06 5.808900326128972229e+05 2.185533427051379596e-01 2.128385473091050517e+06 6.420809983421960131e-25 5.665611928564563219e-25 1.665298196014028356e-25 3.688998576276384389e-01 3.465557452659268129e-25 2.174220815823733541e-02 7.232934568853481572e-03 6.252464608952004385e-03 1.568200483066954920e-01 2.124476670613916623e-02 1.818127781626919386e+04 6.675903422171171769e+03 2.386722926400609140e+03 2.019685401425948545e-01 1.291588726400415726e+04
6.115971237701829134e-03 6.640159055845765397e+05 3.869793473749341210e+05 1.666684876313374843e+05 1.947109717737736945e-01 5.614120230181703810e+05 1.961082026099768221e-25 1.523723913074435723e-25 4.431412429339055471e-26 3.418245920152728212e-01 1.035776875046761584e-25 1.879436047580504421e-02 6.979084011070051108e-03 6.914271328138781383e-03 1.868180732415873901e-01 1.869020022949750143e-02 2.302813840894803434e+04 1.225504743172034796e+04 1.641315222374558289e+03 2.740932346085772076e-01 1.221054651265774373e+04
1.062833988548557602e-02 2.207427110044824658e+05 1.245789240137087472e+05 6.325373670153800049e+04 2.139545436201754913e-01 1.864266489111327974e+05 1.131769453191329732e-25 1.290465870232600861e-25 4.023426477839468367e-26 3.767535695121692063e-01 7.012145162783399535e-26 1.225560679986524050e-02 6.830700595367633979e-03 4.815127043041959529e-03 2.175530260143726247e-01 1.142270070878981074e-02 4.241120502433279762e+04 4.891075556596129900e+04 9.362885871891177885e+03 3.496271444193875255e-01 2.233125466102028076e+04
1.846993786122688719e-02 7.534147745641693473e+04 4.355178210594665143e+04 3.252939893470792595e+04 2.372824811943902434e-01 6.999160889357767883e+04 1.015598412102893215e-25 9.753968879911387363e-26 4.551369552471289591e-26 3.450118789915870288e-01 7.746793616428168188e-26 6.674345504883991316e-03 3.896156300209291032e-03 2.400505702275959434e-03 2.151218377489392541e-01 6.081626668506017602e-03 1.188792564211480640e+05 1.034580375046159024e+05 4.984742912224509928e+04 3.764845142925855037e-01 8.057372921717990539e+04
3.209707332218952880e-02 1.639844817030886043e+04 1.027861504946449713e+04 6.796874227272144708e+03 2.413766890911295815e-01 1.463935516934502812e+04 6.103609991402053671e-26 5.304888960434491574e-26 1.828783828390483948e-26 2.670050956139726761e-01 4.572701243866408293e-26 3.550794371888875076e-03 2.084803904573545499e-03 1.209118320671018947e-03 2.197639150686728216e-01 3.093904654678353381e-03 3.230336446095481515e+05 3.058724947013409110e+05 1.497261467899170239e+05 3.431099183979117728e-01 2.507204721234924800e+05
5.577832061973046762e-02 3.879115580738814060e+03 2.059105256322695823e+03 1.122242545485743904e+03 1.776587467165795242e-01 3.486593758825363693e+03 3.145354711132863965e-26 2.804701692143590994e-26 9.174629042495175973e-27 2.582327805748625971e-01 2.359685240065456023e-26 1.586118063327688222e-03 9.592464901549252985e-04 5.499191589992650933e-04 2.434577127165861721e-01 1.309535905243816665e-03 5.458064139665046241e+05 2.790038707211507717e+05 1.783659050310403109e+05 1.896855141754590357e-01 4.971367481092778035e+05
9.693161179921591653e-02 1.511661163001846717e+03 6.814795948946168664e+02 4.697550995541666907e+02 1.739945558893912503e-01 1.405861168120012508e+03 1.123195571475116194e-26 1.016866710538837869e-26 4.229823309954690684e-27 2.823511794251071239e-01 8.814910987787940746e-27 8.807496213868535456e-04 5.996413032336273766e-04 2.748851635016556771e-04 2.483973688976351124e-01 7.225388949977059379e-04 4.708629899861801532e+05 1.664878332513921196e+05 1.240622867248224793e+05 1.555435362924598441e-01 4.336666430619425373e+05
1.684478353166902198e-01 5.615446114251062681e+02 2.813937633924882675e+02 1.736387188067023999e+02 1.843620449283685792e-01 5.102787556693452871e+02 3.297989316825235651e-27 2.961651226619502822e-27 1.294552866520956888e-27 3.457620711262606172e-01 2.270106147074346979e-27 7.064920454889485162e-04 4.854030106669852268e-04 2.176368721880480228e-04 2.456174901891828022e-01 5.880989923918687745e-04 3.461459692969884491e+05 1.747303146608753596e+05 9.382928640091602574e+04 1.887474642202435215e-01 2.918582337512704544e+05
2.927287878143824407e-01 1.985180656592960986e+02 9.038200943806418763e+01 6.148706679351967352e+01 1.981118741993781740e-01 1.725511533925313756e+02 1.217412483556013264e-27 1.243576911436690247e-27 3.018649453697578395e-28 4.581517356785898554e-01 5.015451055419199521e-28 6.535074676070328501e-04 3.940481036269093866e-04 2.260686269727370246e-04 2.978349472504557283e-01 5.025914856185414049e-04 2.936173180736378999e+05 2.316408475891724811e+05 7.840195154742521117e+04 2.839773659805474582e-01 1.974935057463145931e+05
5.087043300626336029e-01 9.171323106704294048e+01 6.464641749661120684e+01 2.654959943723269333e+01 2.579819600333832508e-01 6.818912653503130628e+01 8.353436449878883250e-28 8.094892026256694194e-28 1.180767877963892794e-28 6.543303175990921039e-01 1.677106398994032555e-28 7.251427591591290238e-04 9.610898994902765738e-04 2.493403204349176625e-04 4.730996128955797242e-01 4.100199463907710541e-04 3.301988660690570250e+05 3.952132947602938511e+05 8.243714989103513653e+04 4.171225573249865426e-01 1.587037742871383089e+05
8.840268063712417579e-01 5.685651118510833868e+01 4.736698451821989408e+01 1.796749205347458656e+01 3.120963030790151471e-01 3.889006543540948257e+01 9.066317136882518015e-28 8.228200170812920051e-28 8.323400854299000627e-29 8.359264304475103602e-01 1.009842342124702809e-28 8.328565634193890342e-04 1.106493611302317636e-03 4.778006910115642253e-04 6.663316434559151125e-01 5.987444705961471325e-04 4.347205792566007585e+05 5.994467022096803412e+05 1.269643721434958279e+05 5.416539828706887771e-01 1.814290633497295494e+05
1.536262516748606588e+00 3.731232050811836132e+01 2.839210100234693002e+01 1.298803094278459369e+01 2.661441717665020135e-01 2.984166524604490078e+01 4.221623610360814133e-28 5.974232281186981979e-28 1.027741427537042774e-28 7.710334749642648866e-01 1.184487890664343095e-28 9.247014123527103491e-04 6.288169692459682396e-04 6.160515034096613425e-04 3.999508738256606355e-01 9.117868461029889288e-04 4.506755551783001865e+05 6.131512810753947124e+05 1.984671126325593214e+05 5.205318986768506795e-01 2.601419030513051257e+05
