# R (Mpc), mean rho (Msol/kpc^3), errup (Msol/kpc^3), errlow, std, median rho (Msol/kpc^3), mean pth (Msol/kpc/s^2), errup(Msol/kpc/s^2), errlow, std, median pth (Msol/kpc/s^2), mean gas-mass-weighted metal (fraction), errup, errlow, std, median metal, mean gas-mass-weighted temp (K), errup, errlow, std, median temp  
#  nprofs 101, mean mh 212665882656.874268, median mh 202158264423.905243 
#  Mass range 11.00 - 11.5
6.706029110378903786e-04 1.024888281730325706e+07 3.982576637621026486e+06 1.867662944685197435e+06 1.439114263810702676e-01 9.339874587310785428e+06 1.463617601403672223e-24 1.261587364245959182e-24 4.811670857158627114e-25 2.714735128565876066e-01 1.136066201792175554e-24 2.465747504272487820e-03 2.739593045823553522e-03 1.262149328466775000e-03 4.008987657407501737e-01 1.808418111543404075e-03 1.428830799398246018e+04 5.819697125447144572e+03 1.272757846345017242e+03 1.220223894248977647e-01 1.206123275184851627e+04
1.165374294563389359e-03 5.572193345083170570e+06 3.252739530232548714e+06 2.593529216425678693e+06 2.937119034210299295e-01 4.678868199342929758e+06 8.428700418317885925e-25 6.130862970097091665e-25 3.600411637192621969e-25 4.009233375905198460e-01 5.605010512029027626e-25 2.375355764206030056e-03 1.479717627597018810e-03 1.103106657751210451e-03 2.966111435466485258e-01 2.109965584943030749e-03 1.370237837083849445e+04 3.219911668996319349e+03 2.882179981132974717e+03 9.115229040985448061e-02 1.343040062891048365e+04
2.025188414895478031e-03 3.066807848097064067e+06 1.480265621105688158e+06 1.039508010933088837e+06 2.082215719341032889e-01 2.835588313759502489e+06 3.674423725194014180e-25 2.690589095636421437e-25 1.239895379105119970e-25 2.926218073742700709e-01 2.803922293373366941e-25 2.257292214662500601e-03 1.434914158746568649e-03 1.110780252851162331e-03 2.979284542897761567e-01 2.042867703819443125e-03 1.241308574982271784e+04 1.882337548401857930e+03 1.958779570719774711e+03 6.989980463920009157e-02 1.231609137294693573e+04
3.519374105778993230e-03 1.497574402686086018e+06 5.908014774579817895e+05 3.700110503067292739e+05 1.703183916437161216e-01 1.426557105377118103e+06 1.496797148208930118e-25 8.471127743982244570e-26 3.984723518839585384e-26 2.093658801247541834e-01 1.287879579188112970e-25 1.943453197996755860e-03 9.921211260226969406e-04 1.011193488984558214e-03 2.750953220777132002e-01 1.868391137939591669e-03 1.128233794256089277e+04 1.475151533692087469e+03 7.735494740133581217e+02 5.694545525494625754e-02 1.092362738543623891e+04
6.115971237701829134e-03 6.256121067584061529e+05 2.617719847989220871e+05 2.074879480355767300e+05 1.612820363027920589e-01 5.953323532368401065e+05 1.727721562668591125e-25 3.046347024978967141e-25 2.121490886939419944e-26 4.332437075394347525e-01 6.118371399485768922e-26 1.394933488284323675e-03 6.969762599171552657e-04 6.833025428868783535e-04 2.605604629169109843e-01 1.333538970919309792e-03 2.224171013980463977e+04 2.636331082642727415e+04 1.147308981808504541e+03 3.053730215366206591e-01 1.104298627720582772e+04
1.062833988548557602e-02 2.439177127789198421e+05 1.128576154338287015e+05 1.163717520764508226e+05 2.127544707586203343e-01 2.397923252992940543e+05 1.688489730225704360e-25 1.771767052666955000e-25 6.916181785435679408e-26 3.987055096020410971e-01 1.162605233859908973e-25 8.658035413419289160e-04 5.505524859055944574e-04 3.544197028660334104e-04 2.571512318271401143e-01 7.632773919969913215e-04 5.447128900072129181e+04 4.985559452456142753e+04 2.489211632677049056e+04 3.395926351847761149e-01 4.218310734619722643e+04
1.846993786122688719e-02 8.332961505508137634e+04 5.362917955366092792e+04 3.224065725915948133e+04 2.335885634836551983e-01 7.374768824236690125e+04 9.675660707038231096e-26 8.537384069245398785e-26 4.599173384984104394e-26 3.441129996838102612e-01 7.759272176669075353e-26 5.345317405893711691e-04 3.114336727998596728e-04 1.985291201682917359e-04 2.506216089530698965e-01 4.815913194464454422e-04 9.288004141555976821e+04 9.782179432200011797e+04 3.351836579872068978e+04 3.314036996530431711e-01 6.705725157638531527e+04
3.209707332218952880e-02 2.198998054997091458e+04 1.014045039575950432e+04 7.678314752248348668e+03 1.944554832651354537e-01 2.087713730865432808e+04 3.629306487301668671e-26 2.172371886343523596e-26 1.352542159506566254e-26 2.322713836986189384e-01 3.133089531415780512e-26 3.675494211107645324e-04 2.257825580858571508e-04 1.478836378458944225e-04 2.487620042528889130e-01 3.211200345752162136e-04 1.193016324074592703e+05 5.929001715521604638e+04 3.994026345118146855e+04 1.965283331895808228e-01 1.092819045928957057e+05
5.577832061973046762e-02 6.103038767269846176e+03 2.317015343385884080e+03 2.042053767620638155e+03 1.688572150944882833e-01 5.746392030109015650e+03 1.404825045483951479e-26 6.770566009816758276e-27 4.777046925278213672e-27 1.731535007633032974e-01 1.326989840762943409e-26 2.591544532552967858e-04 1.615643597061532100e-04 1.177730693026312865e-04 2.601042940335778209e-01 2.333865782964317150e-04 1.641129301601049956e+05 5.599809759313322138e+04 4.477744823614113557e+04 1.430073378776773874e-01 1.598388106786626740e+05
9.693161179921591653e-02 2.120678751226264012e+03 6.677772218124021038e+02 6.085506385281703388e+02 1.353433281691543977e-01 2.037781007517331773e+03 5.502524656501596834e-27 3.265916221633425134e-27 1.441304032096380833e-27 1.997866335308107477e-01 4.608526689301142029e-27 1.818635243343260559e-04 1.304970788641045991e-04 7.326159172539587058e-05 2.629337959656403712e-01 1.637995072077565162e-04 1.732651295707636455e+05 4.942134385099489009e+04 4.257383722040997236e+04 1.210521731757463193e-01 1.661878718058602244e+05
1.684478353166902198e-01 6.910950907251319677e+02 1.928266357832251288e+02 1.474980823758197630e+02 1.149369380373296279e-01 6.719853834017224017e+02 1.689825134600430390e-27 9.287556753706522819e-28 4.751482180486510288e-28 2.340038537098448612e-01 1.343125573943253952e-27 1.124433667130943058e-04 8.075761305041498394e-05 4.450672763916307869e-05 2.920078067157796387e-01 9.626313066503218950e-05 1.582032473507300310e+05 5.042035328611600562e+04 2.396983064457094588e+04 1.553270881357338706e-01 1.320847014975271013e+05
2.927287878143824407e-01 2.705532275265792350e+02 1.338335523517181969e+02 6.433825152808287839e+01 1.718112799128278800e-01 2.302605826590076390e+02 7.137388883931864934e-28 5.612670283731757441e-28 1.622983748659079552e-28 3.894239417183257279e-01 3.384748122659218158e-28 9.283501927325990999e-05 5.612501031425409846e-05 3.475272636769153527e-05 3.662452185876912680e-01 6.745266926748526694e-05 1.463333268612778629e+05 7.371587559689675982e+04 2.419710886929258413e+04 2.576578459101090957e-01 9.425853491014942119e+04
5.087043300626336029e-01 1.428774415887661178e+02 9.953608319710315300e+01 3.323977841996345717e+01 2.840211999151353028e-01 9.373119262271720231e+01 6.531013433235973657e-28 5.352546518870964365e-28 6.501807318940608999e-29 6.379824287349232792e-01 1.061440448650229008e-28 2.177041572026614121e-04 9.886205155414622267e-05 2.527389427904642468e-05 7.612157245574802111e-01 3.725495859521586609e-05 1.558534218318111380e+05 1.456491182891327771e+05 2.712574782103566395e+04 3.805906710734199838e-01 6.982323227971950837e+04
8.840268063712417579e-01 7.018912995938478616e+01 6.375490004404883138e+01 2.184294276992878281e+01 2.915684753859130174e-01 4.930127938409108168e+01 3.891922488507278709e-28 5.579066219280288929e-28 3.045269964580779983e-29 7.763631004068173302e-01 4.328276404663007368e-29 2.928898909478117366e-04 5.188525139569505513e-04 2.111895728082331241e-05 1.219492572732129076e+00 2.529658065176409697e-05 1.864189896824868047e+05 2.377343738949805556e+05 3.307497025880674482e+04 5.042831255434440108e-01 6.202373172160828108e+04
1.536262516748606588e+00 4.804656152909418410e+01 3.565827028505339058e+01 1.344786532516302202e+01 2.773949708795191427e-01 3.411806176332214591e+01 4.332233695898242178e-28 3.162943218126785089e-28 3.021849291363968542e-29 8.307237291423511527e-01 3.807313694878846073e-29 4.141767825449477734e-04 7.718862629447285472e-04 1.164446149160212852e-04 8.851366335897165039e-01 1.277144191476097044e-04 2.726133908359817578e+05 3.213318768795822980e+05 4.516401531524573511e+04 5.681927904932598805e-01 7.126118809196309303e+04
