# R (Mpc), mean rho (Msol/kpc^3), errup (Msol/kpc^3), errlow, std, median rho (Msol/kpc^3), mean pth (Msol/kpc/s^2), errup(Msol/kpc/s^2), errlow, std, median pth (Msol/kpc/s^2), mean gas-mass-weighted metal (fraction), errup, errlow, std, median metal, mean gas-mass-weighted temp (K), errup, errlow, std, median temp  
#  nprofs 157, mean mh 210366616935.724121, median mh 195988385230.769073 
#  Mass range 11.00 - 11.5
6.706029110378903786e-04 4.555378422930449992e+07 3.366957344458872080e+07 2.257201609153907001e+07 3.328014049630159121e-01 3.664347165456610918e+07 2.601302817320264490e-23 2.323734924147599319e-23 1.161258942373821022e-23 4.762236650864938858e-01 1.564134601986082884e-23 1.571812950514830595e-02 5.527134001437210981e-03 4.598235143972027872e-03 1.648669563619285794e-01 1.537986310092841549e-02 3.330868058386367920e+04 9.679620006039338477e+03 8.883047727691206092e+03 1.487695876302754794e-01 3.235871388319963444e+04
1.165374294563389359e-03 2.120425046839710698e+07 1.142065794227836654e+07 5.602782400200290605e+06 2.269888461560487514e-01 1.839180357428751886e+07 8.618963892898088453e-24 6.738263396105982940e-24 2.764023116029678566e-24 3.458848231714658494e-01 6.291762757285346440e-24 1.513889762063995448e-02 5.163801656920175356e-03 5.032135744946807446e-03 1.670515157367811199e-01 1.498760551023615474e-02 2.660965845920135689e+04 7.136106391211433220e+03 4.459033554922876647e+03 1.112023868446593011e-01 2.539293489276062974e+04
2.025188414895478031e-03 7.392812977655598894e+06 2.703002773379076272e+06 2.180179533982474357e+06 1.661606175482942538e-01 6.974121713097427040e+06 1.795012692187322732e-24 1.196120166573309133e-24 5.809102541294101783e-25 2.805671338127893599e-01 1.401136101939206670e-24 1.471076970407805481e-02 5.188348766142349827e-03 4.435426995522046001e-03 1.700694900906360163e-01 1.423391288193327775e-02 1.819195991055611012e+04 3.995652656434616802e+03 2.866698254889633972e+03 8.995263962196839436e-02 1.749259773442037840e+04
3.519374105778993230e-03 2.059813957412469899e+06 7.591860923422225751e+05 4.535252193059495185e+05 1.414394487765464614e-01 1.873863543999285437e+06 2.852590444775000261e-25 1.674466890514492613e-25 7.712591866161158561e-26 2.326760453720899957e-01 2.276472773439290763e-25 1.277715651227450365e-02 4.839462836541600851e-03 4.148029535766177209e-03 1.767780668165638835e-01 1.237571421821468710e-02 1.189221066931091264e+04 1.840794165342329507e+03 1.144399650243256474e+03 7.250905087998353593e-02 1.132376270626775295e+04
6.115971237701829134e-03 6.328057784737171605e+05 2.417518262636697618e+05 1.365299220446075778e+05 1.601464596094273329e-01 5.580940761890124995e+05 1.355535748654254408e-25 9.724932501794460948e-26 2.659738124342766916e-26 3.218622586632747806e-01 7.831911546278150848e-26 8.751773963370622009e-03 4.337952310362037239e-03 2.714637539373536933e-03 1.934338780689760784e-01 7.870680562744650915e-03 1.797699181435339051e+04 5.515521735206704761e+03 7.937484603199154662e+02 2.484958021886305712e-01 1.099375569351601735e+04
1.062833988548557602e-02 2.542507944852363726e+05 1.361626652584468538e+05 8.197501347125909524e+04 1.995994952785185572e-01 2.258173034988767176e+05 1.094832874922696270e-25 1.187953820346601347e-25 2.575102700611918543e-26 3.851227121921924068e-01 5.645180103900630020e-26 4.983313903694237129e-03 2.427267019681997665e-03 1.395325933076894172e-03 1.906870233042962937e-01 4.421173631101705213e-03 3.767115355498465215e+04 3.774424596958127950e+04 5.037533760802123652e+03 3.578192085982219717e-01 1.644993219103115553e+04
1.846993786122688719e-02 7.900528202864695049e+04 4.366396824415081937e+04 3.497146362331484124e+04 2.302717573997158929e-01 7.434121902828842576e+04 6.272407985182976071e-26 4.385486519254854802e-26 2.441602084027627274e-26 2.963759605007533771e-01 4.855135583458077942e-26 3.116538653110857791e-03 1.555604438155729942e-03 1.021946928834122819e-03 1.876757965184326082e-01 2.836317510217616945e-03 7.115803631035730359e+04 6.191050222025755647e+04 2.599608028370053944e+04 3.433145021933373675e-01 4.637426733634451375e+04
3.209707332218952880e-02 1.572249427356343767e+04 9.321276831037466764e+03 6.278803665368231123e+03 2.317065125059462882e-01 1.360320636893931442e+04 2.851563221953008683e-26 1.509593032769520665e-26 7.839147000205099747e-27 2.297381400804222040e-01 2.314259608264369906e-26 2.069714582996422247e-03 1.304638655256576320e-03 7.081901409512097231e-04 2.253121920754636576e-01 1.738580997340020452e-03 1.492282990326341242e+05 1.157432623939218902e+05 6.335098258332559635e+04 2.799009780741814613e-01 1.259637604124634963e+05
5.577832061973046762e-02 3.753634515272823592e+03 1.899878047441641684e+03 9.921405249344961703e+02 1.810290016542389080e-01 3.374196916112642612e+03 1.246197876590071758e-26 8.472265806081398541e-27 3.866305977218833590e-27 2.267171777411529088e-01 1.048171164171295157e-26 1.158045507913809443e-03 8.009695568714185606e-04 4.161603652560245904e-04 2.686813671998263264e-01 9.697972285335384459e-04 2.346486827063063683e+05 1.223716084519237920e+05 6.263884025116710109e+04 1.829075298556960272e-01 2.058162193211489066e+05
9.693161179921591653e-02 1.382208453546734518e+03 5.625291408716782371e+02 3.465135562949957375e+02 1.459394560205424241e-01 1.301177418194964048e+03 4.997909737511347599e-27 3.300978210621786621e-27 1.626492405275562285e-27 2.526068645464328299e-01 3.940340964805273226e-27 7.039806132028812594e-04 5.607892894312507901e-04 2.098034274159302822e-04 2.695005148797861572e-01 5.620430672771583713e-04 2.471714982269992470e+05 1.163969978570846724e+05 4.523237324312233250e+04 1.938650298165567332e-01 1.954905500657909433e+05
1.684478353166902198e-01 5.306757396344537483e+02 2.000044229136576064e+02 1.295386885054720665e+02 1.537112566689598780e-01 4.875056771171329615e+02 1.966019104971330509e-27 1.729321015197676905e-27 5.269165663450678325e-28 3.613652382064206359e-01 1.160133029240296267e-27 4.636299146776025012e-04 3.955771725919952041e-04 1.568415877627939051e-04 2.865757687487127670e-01 3.676814739532061277e-04 2.230027513715917012e+05 1.578057090874034329e+05 4.119260330182407051e+04 2.558645304855920455e-01 1.490528048588264501e+05
2.927287878143824407e-01 2.281884736621247782e+02 1.389022810469884348e+02 5.373722239422572500e+01 2.150559164853361460e-01 1.794825463715667979e+02 1.137652810547785314e-27 1.118044539120646640e-27 2.127035397108610819e-28 5.421571257189240489e-01 3.434033109433696807e-28 3.855377358585153217e-04 4.169980902339806279e-04 1.319971907622560520e-04 4.226620400430571300e-01 2.286146778666775883e-04 2.245075508205363876e+05 1.855612205160321319e+05 4.417356040432272130e+04 3.573891507151598645e-01 1.173746889210062800e+05
5.087043300626336029e-01 1.299320269253966842e+02 1.085184391850243344e+02 3.271902986853282158e+01 3.122187285413450808e-01 8.213039618944603149e+01 1.038749638275639089e-27 9.736047900037204294e-28 8.626103607251653502e-29 7.630947518471834501e-01 1.211758237571470011e-28 5.164343240335137484e-04 1.070687728376485716e-03 1.167408063644561071e-04 6.985919879810420507e-01 1.531326642173802045e-04 2.545731520515574084e+05 3.940059807136274176e+05 5.358902172114759742e+04 4.746275824543353394e-01 1.003666314351256879e+05
8.840268063712417579e-01 8.051499718109434411e+01 9.380568747052275569e+01 2.124880103692421685e+01 3.408846670195961881e-01 4.903040964608267416e+01 9.231369165198215897e-28 1.220221016874215330e-27 5.767051856994447995e-29 9.010594107240947892e-01 7.143511613339447314e-29 6.565393474577582407e-04 1.226271619438735463e-03 2.815385558235523455e-04 8.188491366040077102e-01 3.220642259515491359e-04 3.247050002908062888e+05 5.224784344598163152e+05 6.770900913706864230e+04 5.720610530608917221e-01 1.034256250101156475e+05
1.536262516748606588e+00 5.101943267237897572e+01 4.436001731395696623e+01 1.540885370296244261e+01 3.073209986187077081e-01 3.486049045277157887e+01 7.111308511894151957e-28 7.019676818065744757e-28 8.055595908978945520e-29 8.994129053191266543e-01 9.195506441756309084e-29 7.333546196875740135e-04 7.096817060821823979e-04 5.554415862785447517e-04 6.033489341957223306e-01 6.744066330160505005e-04 4.258077234970186837e+05 5.544622370159868151e+05 1.265635055715788912e+05 6.064280735432996394e-01 1.630506156013621076e+05
