# R (Mpc), mean rho (Msol/kpc^3), errup (Msol/kpc^3), errlow, std, median rho (Msol/kpc^3), mean pth (Msol/kpc/s^2), errup(Msol/kpc/s^2), errlow, std, median pth (Msol/kpc/s^2), mean gas-mass-weighted metal (fraction), errup, errlow, std, median metal, mean gas-mass-weighted temp (K), errup, errlow, std, median temp  
#  nprofs 373, mean mh 208841480832.964813, median mh 198489780167.392212 
#  Mass range 11.00 - 11.5
6.706029110378903786e-04 1.166470125748497061e+07 4.893286193688264117e+06 3.372451045248037204e+06 1.746929503183235477e-01 1.061641108766412921e+07 1.293575462220257731e-24 9.987899776472776954e-25 3.296918024884725822e-25 2.284848339255450556e-01 1.016685882849196012e-24 2.203936445195565832e-03 2.001900706295338221e-03 1.015635452987190919e-03 7.028947301458551289e-01 1.814677318358115044e-03 1.256344379324182592e+04 4.007519873451830790e+03 1.477242656600523333e+03 9.286157875165304554e-02 1.197199988770158234e+04
1.165374294563389359e-03 4.077129739941416308e+06 3.129176556499627419e+06 1.627144601410210598e+06 2.706636832034297613e-01 3.374119716428544372e+06 5.252387073488124034e-25 4.336178057667242496e-25 1.426205647302777264e-25 3.688140263183873890e-01 3.078187185620186506e-25 2.104200712221080370e-03 1.930363676373006258e-03 1.160094503263453883e-03 8.211733125754591134e-01 1.726327964701043164e-03 1.574194611221208652e+04 2.255879465994514248e+03 1.333941887966195281e+03 1.895533201534262413e-01 1.174208180214711138e+04
2.025188414895478031e-03 1.859592305704780854e+06 9.492624556302113924e+05 8.753830247351382859e+05 2.555401052403433182e-01 1.819838717018821044e+06 1.956760456522571924e-25 1.012728047498761222e-25 8.979370374974523337e-26 2.740980002516927305e-01 1.762968094132677771e-25 2.067366840767844403e-03 1.804437247093186071e-03 1.032559059892700776e-03 7.384126124313615813e-01 1.691632303301826568e-03 1.356241703981707906e+04 1.549751029997207297e+03 1.088079753830956179e+03 1.269809425500174616e-01 1.145856149914675007e+04
3.519374105778993230e-03 6.983712606116145616e+05 3.044287641453193501e+05 2.540131154111213400e+05 2.191530797040508460e-01 6.761103722089063376e+05 1.260933691014538685e-25 4.059710686409465318e-26 2.968952728535257379e-26 2.824168554853137558e-01 7.706858975190743538e-26 1.981146428259342954e-03 1.671270417350633744e-03 1.067945690573065144e-03 7.288136486357925659e-01 1.634455274185082777e-03 1.745126504538407971e+04 2.737931648547204531e+03 1.217186812829126211e+03 1.930508018743889165e-01 1.167650066090451219e+04
6.115971237701829134e-03 2.071959295020782738e+05 7.448783633943941095e+04 5.556713927104935283e+04 1.539512645577598704e-01 1.948187280031285190e+05 1.008661116521608396e-25 4.590575618948835736e-26 1.340576019295578776e-26 3.503536134973549987e-01 4.192755347191542428e-26 1.820554627175412134e-03 1.419844215565818852e-03 9.721695279580292327e-04 7.155623187846840150e-01 1.511597961437432863e-03 3.743788369334139134e+04 1.683670503391863167e+04 4.513431160915872169e+03 3.240199540854157290e-01 1.677067159795632324e+04
1.062833988548557602e-02 4.993720305223484320e+04 1.928495388731076673e+04 1.385604825578104646e+04 2.069514320312231814e-01 4.758627496032671479e+04 5.794999935725026965e-26 3.876839857999454815e-26 1.106256523311679851e-26 3.500382260427432057e-01 2.998189665358758043e-26 1.475865484611643165e-03 1.181125791209363318e-03 7.616261490217468219e-04 6.805594418634167697e-01 1.203733184480574496e-03 1.080412334096884588e+05 6.813853024572622962e+04 1.599531500203003816e+04 3.754890971445058456e-01 4.374953246429585852e+04
1.846993786122688719e-02 1.308543427796595097e+04 7.098678037080015201e+03 4.286669326207776976e+03 2.296628160998069323e-01 1.171292961379959524e+04 2.991657904691597090e-26 2.651821629592580706e-26 7.837884642671184921e-27 2.863451210100084188e-01 2.020251036007026120e-26 1.019459852661602902e-03 8.680598051878352615e-04 5.508802330058841295e-04 6.598926918061773783e-01 8.422816258125604728e-04 1.955035582924865303e+05 1.688872005964793498e+05 5.358658828732592519e+04 3.250392059887069474e-01 1.203471016664514755e+05
3.209707332218952880e-02 3.698525750262202109e+03 2.351332182813500822e+03 1.217872355117302277e+03 2.317293966042748010e-01 3.153422792940250019e+03 1.540103926762405100e-26 1.129780153864370309e-26 5.003919994117257940e-27 2.623595481250480810e-01 1.191429595854982491e-26 5.870610041731299904e-04 6.027976449058601279e-04 3.317366321408171865e-04 6.205673386532474245e-01 4.665856380549538622e-04 3.336645966770037194e+05 1.690517483328630624e+05 1.069830954219657579e+05 2.579744824493962474e-01 2.590449393615506415e+05
5.577832061973046762e-02 1.392579913390230558e+03 7.812581231462800133e+02 4.512109657253463411e+02 2.053889828836081843e-01 1.230954099561486601e+03 7.451049220627822935e-27 5.741445882164064532e-27 2.448601372589795887e-27 2.952449476880863455e-01 5.372493128269988443e-27 2.663986748006216777e-04 2.658745850948166000e-04 1.396717896831844964e-04 5.676641408046513293e-01 2.131646122252707585e-04 3.782129159086928121e+05 1.721974420513515361e+05 1.091710532374180329e+05 2.309474340679810167e-01 3.039958529235220631e+05
9.693161179921591653e-02 6.094543305367126322e+02 2.981056142011184420e+02 2.035873982295413498e+02 1.921795542401415202e-01 5.517469141279354972e+02 3.538630002864470961e-27 2.832090491298758941e-27 1.262249695871187322e-27 3.743836103570961082e-01 2.228908321565612001e-27 1.657432014521791454e-04 1.334988810399222127e-04 7.945439194888186747e-05 5.477952776124659362e-01 1.315686212985067401e-04 3.482327488654727931e+05 1.801616918969521066e+05 9.880229545077419607e+04 2.427232143923266638e-01 2.611120783428242430e+05
1.684478353166902198e-01 2.976722414985802629e+02 1.923726277742553918e+02 9.840917153669400363e+01 2.333671013717548426e-01 2.538549275162183392e+02 1.976957720564447143e-27 1.747802636420198046e-27 4.432833312000494167e-28 5.004671275212989601e-01 7.292333399253227912e-28 1.221688910231554859e-04 9.085716570778993868e-05 5.787541198415701210e-05 5.907044857275556282e-01 1.001874723248135870e-04 3.095104134199920809e+05 1.925504175087200711e+05 7.097047465601176373e+04 2.987764442318085467e-01 1.952524659816102358e+05
2.927287878143824407e-01 1.702306632292082043e+02 1.235215557464097458e+02 5.189617184140658424e+01 2.849375288989167143e-01 1.238861707829665306e+02 1.647975284018484223e-27 1.227483148979058123e-27 1.762517298339425542e-28 6.400611609354263098e-01 2.764350167811430004e-28 1.382596413693796763e-04 1.250589530071101517e-04 5.258843812477192754e-05 7.298275280034691725e-01 8.790471162286233936e-05 3.124088139783737715e+05 3.040713819660806330e+05 6.712090225158474641e+04 3.741088706291662014e-01 1.544211242745531490e+05
5.087043300626336029e-01 1.078270143374977579e+02 9.468666076196626591e+01 2.349740569527657641e+01 3.463051693149599153e-01 5.897120450928043311e+01 2.367154763854001903e-27 1.015103232557480689e-27 7.573144297257068924e-29 8.060726447056378863e-01 1.169538437831665047e-28 1.645844717921924531e-04 2.039347483468966198e-04 5.654994301097077385e-05 8.087735704131249204e-01 8.044774324631266454e-05 3.969593573375976994e+05 3.850632373308875249e+05 6.066816609477813472e+04 4.715069461440677956e-01 1.313487043080560979e+05
8.840268063712417579e-01 6.923100733104180904e+01 6.030159984605796097e+01 1.763845602629542952e+01 3.910340654619593459e-01 3.539704593794311194e+01 2.320048400476539117e-27 9.852440807607684272e-28 6.657967797793822774e-29 9.779519366438167438e-01 8.057797583066260777e-29 2.019054702024606252e-04 3.281749060004941158e-04 7.519095412370486553e-05 9.164024518646156636e-01 9.282797109905063045e-05 5.454683259974898538e+05 6.834296427512788214e+05 9.186070739231121843e+04 5.983912324634218516e-01 1.460954793138902751e+05
1.536262516748606588e+00 4.358152167072488226e+01 4.061257806729109632e+01 1.671577068057882798e+01 3.576671499516681507e-01 2.968157199566853777e+01 1.178286220537147902e-27 1.165529684172389466e-27 9.927768583186358428e-29 9.827349424460096738e-01 1.101348818378826931e-28 2.532768423616080168e-04 3.320359764130266598e-04 1.392405961952556553e-04 6.587011508549197591e-01 1.774986582641867577e-04 7.222722032934576273e+05 1.046732205684705870e+06 1.862552698788730195e+05 6.356757364484517669e-01 2.440818977658214862e+05
