# R (Mpc), mean rho (Msol/kpc^3), errup (Msol/kpc^3), errlow, std, median rho (Msol/kpc^3), mean pth (Msol/kpc/s^2), errup(Msol/kpc/s^2), errlow, std, median pth (Msol/kpc/s^2), mean gas-mass-weighted metal (fraction), errup, errlow, std, median metal, mean gas-mass-weighted temp (K), errup, errlow, std, median temp  
#  nprofs 331, mean mh 211751625765.919373, median mh 198396714855.245819 
#  Mass range 11.00 - 11.5
6.706029110378903786e-04 2.488714731339993700e+07 2.335070322345823422e+07 9.457148744285864756e+06 3.003008132402297803e-01 1.895472480019295588e+07 9.601241455369052085e-24 1.294416436875694039e-23 3.369393056854733064e-24 4.938588236467486015e-01 5.159264855289554739e-24 9.162638625107048448e-03 4.763585648555460073e-03 3.760017564508718463e-03 2.672304097947570956e-01 8.676133412669463640e-03 2.393542602977280694e+04 1.106901007580453006e+04 6.087976941917022486e+03 1.751657008748468414e-01 2.217344800010730978e+04
1.165374294563389359e-03 1.148800930616740510e+07 7.620966462233111262e+06 6.661257645589489490e+06 3.171448771772771846e-01 1.092353515862702206e+07 3.093857216407536422e-24 2.979586323289901539e-24 1.861353764504224189e-24 4.902963858321353618e-01 2.449551638664763862e-24 8.180339892021906006e-03 5.066053094853804548e-03 3.477563723019150115e-03 2.996000548479655912e-01 7.496237717057280953e-03 1.890945385699799954e+04 5.291334105555517453e+03 5.082075862421139391e+03 1.344322265730572286e-01 1.868568173191598908e+04
2.025188414895478031e-03 4.594500685778554529e+06 1.831031663384821266e+06 1.796974997567005921e+06 2.100971167721052135e-01 4.554171921441139653e+06 7.920214473045201938e-25 5.662516195151811175e-25 3.553223388318008411e-25 3.277361387662385273e-01 6.629105894732303446e-25 7.834579383290313920e-03 4.400370929524440727e-03 3.566308157461902696e-03 2.943386098661073813e-01 7.396275676534884436e-03 1.478964824419819524e+04 2.900813846499360807e+03 2.634224102561693144e+03 8.656741173380064214e-02 1.452776844063554017e+04
3.519374105778993230e-03 1.569766511085807811e+06 4.720046918868049979e+05 3.841719266477944329e+05 1.393617935416083531e-01 1.495274445692393230e+06 1.953001130829503378e-25 9.610364676035627341e-26 4.671556519644530562e-26 2.322793696106845718e-01 1.483370045204339673e-25 6.784028288547859324e-03 3.645637975113224724e-03 2.963679827927470818e-03 2.789115308357069112e-01 6.477810545767279105e-03 1.222934641723253117e+04 1.727519606570558608e+03 9.021621520052067353e+02 1.051670898585889552e-01 1.108995689591701012e+04
6.115971237701829134e-03 4.928145935378512368e+05 2.237730903389840969e+05 1.267420763639832730e+05 1.729812226983689638e-01 4.391555601062157075e+05 1.029144344666361255e-25 9.633658391019640703e-26 1.556296884427840242e-26 3.427870124818633291e-01 5.165146256785934955e-26 4.731661482596159936e-03 2.448272251960273427e-03 1.857829744421499781e-03 2.547260791901387877e-01 4.414060223688485302e-03 1.869995512422210595e+04 6.925329685596232594e+03 1.102471353833281682e+03 2.612223741972493074e-01 1.115011454474298807e+04
1.062833988548557602e-02 1.935776430531841470e+05 1.329809572944958636e+05 6.997590304681255657e+04 2.376055977627445359e-01 1.653213526236650359e+05 7.898290734083732019e-26 7.440080721581185154e-26 3.309596007538210113e-26 3.372807392438219587e-01 5.848787503388274263e-26 2.871960568089251212e-03 1.351952532347115189e-03 1.197649271470160436e-03 2.399577139857595465e-01 2.734620393573745749e-03 3.722473064032330876e+04 3.319717047964325320e+04 1.111181532697001421e+04 3.197541320339204463e-01 2.377356462252274650e+04
1.846993786122688719e-02 5.505203882181502559e+04 4.325452600570127834e+04 2.132705322221886672e+04 2.733827794548995271e-01 4.520060141032762476e+04 4.703864861898820770e-26 3.165358763373694513e-26 1.695959951562000552e-26 2.425580531215799918e-01 3.985666043954622747e-26 1.906273326562916461e-03 1.057492009191600977e-03 7.190197719459112680e-04 2.476562780274806086e-01 1.721763636733649383e-03 8.356322726665617665e+04 8.577987777576982626e+04 3.488562767265939328e+04 3.315776528326945805e-01 6.165226736312863795e+04
3.209707332218952880e-02 9.451613574130073175e+03 5.476420618356942214e+03 3.308180931676777618e+03 2.166488226223269309e-01 8.275016360562236514e+03 2.452889280601418375e-26 1.413709323564666878e-26 7.933449866968184168e-27 2.141993342285724300e-01 2.138542530326616498e-26 1.129189499656630584e-03 7.016982306274155510e-04 5.036789961448826436e-04 2.885606937273440531e-01 1.010976884745118766e-03 2.088743484372322273e+05 1.267060112270957034e+05 8.457596325345610967e+04 2.565157686847088780e-01 1.847340682602593151e+05
5.577832061973046762e-02 2.597629502068114107e+03 9.978989984523641397e+02 7.343494407892974323e+02 1.523183253497071288e-01 2.454964769912106021e+03 1.078228411763984886e-26 5.941363478786511852e-27 3.654310003719670792e-27 2.171419590897842866e-01 9.375481881506217116e-27 5.173028873696004087e-04 2.975158780569776991e-04 1.966778372124665906e-04 2.845723339189824563e-01 4.278361511657723516e-04 2.960619477232663776e+05 1.014854946813737333e+05 7.020513479536061641e+04 1.896330657742877901e-01 2.523018416169818083e+05
9.693161179921591653e-02 9.616374190113924669e+02 3.935127851073075362e+02 2.414273792770850378e+02 1.414168556122012699e-01 9.100715220447159481e+02 4.041343405181840133e-27 2.373616619684981349e-27 1.141382162819331461e-27 2.881332402435137219e-01 2.830837546880010771e-27 3.174841611786826355e-04 1.805083634451172233e-04 1.095238844628258833e-04 2.687384939485847335e-01 2.653921020978636746e-04 2.775718936531223590e+05 9.953844318238133565e+04 4.318254806098289555e+04 2.195900730269509105e-01 2.001356001402572147e+05
1.684478353166902198e-01 3.583066543042392027e+02 1.504958364553675096e+02 9.995415300092867028e+01 1.724870470448404136e-01 3.226831730520855785e+02 1.890393664374659045e-27 1.357800767663416065e-27 3.795216021641875115e-28 4.429034676076737953e-01 7.236496700184046800e-28 2.429651147385749666e-04 1.491091454044619067e-04 8.461972441910057706e-05 3.292102800363826409e-01 1.757347490900818562e-04 2.705083963593847584e+05 1.395326479249423137e+05 4.780936075272460585e+04 3.124422344856301881e-01 1.496633535838552052e+05
2.927287878143824407e-01 1.709701403281803209e+02 1.319479791943012685e+02 4.618108014336176836e+01 2.694582912348700843e-01 1.215297513484602234e+02 1.582948785008853261e-27 1.171016540108206994e-27 1.377723985748578516e-28 6.428348492211823917e-01 2.167031342182929192e-28 4.127584915658920437e-04 4.509849794854094238e-04 5.661089406313237485e-05 5.942493147794667419e-01 9.836423345527103357e-05 2.774474328028025921e+05 2.603193533808864304e+05 5.586255182491109008e+04 4.043858743725816662e-01 1.208190981798837893e+05
5.087043300626336029e-01 9.768098055790129308e+01 9.255142860037204855e+01 2.545897657832830419e+01 3.471454927197912266e-01 5.610534084215965578e+01 1.577987189554907334e-27 1.013013878844949592e-27 9.372759230235225077e-29 8.381497721682288349e-01 1.133406053746559134e-28 6.309242844593776489e-04 1.380854062548609457e-03 9.457701945734045545e-05 9.670279892408764066e-01 1.085114222446444598e-04 3.215938475543124368e+05 3.564524956906852312e+05 8.749369965234269330e+04 5.147880794104129354e-01 1.287989625493524072e+05
8.840268063712417579e-01 6.055696397609857229e+01 6.673842714382257668e+01 1.592466143557212277e+01 3.474756383569748697e-01 3.546203846864016640e+01 1.101237646438043026e-27 8.526931412716538086e-28 7.291516513725979015e-29 9.188741995942373286e-01 8.365826075905361505e-29 8.599932680122721832e-04 1.677466694264373058e-03 3.379615637087085762e-04 1.216450472077284850e+00 3.599117475583944498e-04 4.152390682099171681e+05 5.416345155350218993e+05 1.079180283554952766e+05 5.881015335105154174e-01 1.451101874753601733e+05
1.536262516748606588e+00 3.957971248662253316e+01 3.292151190469974864e+01 1.133084598323853598e+01 3.079941622117763900e-01 2.640279990141132060e+01 6.893505621730861157e-28 6.808331033232587405e-28 7.484653044588673699e-29 9.013726405217348248e-01 8.641043695281971996e-29 1.059286486401608222e-03 1.016546787564147911e-03 9.013286404334036432e-04 6.639831879847533092e-01 9.956765635921792455e-04 5.494101624135724269e+05 7.427616189247139264e+05 1.683771120292548148e+05 6.087004809888825196e-01 2.175037392899169936e+05
