# R (Mpc), mean rho (Msol/kpc^3), errup (Msol/kpc^3), errlow, std, median rho (Msol/kpc^3), mean pth (Msol/kpc/s^2), errup(Msol/kpc/s^2), errlow, std, median pth (Msol/kpc/s^2), mean gas-mass-weighted metal (fraction), errup, errlow, std, median metal, mean gas-mass-weighted temp (K), errup, errlow, std, median temp  
#  nprofs 106, mean mh 525625928381.889954, median mh 479331433622.052979 
#  Mass range 11.50 - 12.0
6.706029110378903786e-04 9.569720140233840048e+07 1.151022529767827392e+08 5.470262071824471653e+07 4.651707512389214316e-01 7.207655291679161787e+07 1.477518405612603710e-22 1.813753672520202706e-22 4.132058911347586008e-23 7.327003397393381245e-01 4.759868382600867791e-23 3.139188904946193376e-02 1.406099569813443542e-02 9.496797411836479380e-03 1.619174056983366250e-01 3.027825273980401175e-02 1.362970413137978467e+05 2.967102703289247438e+04 1.752652066536209895e+04 3.857571146464999767e-01 4.652241349115767662e+04
1.165374294563389359e-03 3.614895945574396104e+07 2.620735772702937573e+07 1.742448019717384130e+07 3.920587805909451218e-01 2.887701683457785100e+07 5.483100201211286175e-23 6.762635404238925921e-23 1.241642147046861338e-23 7.269744185869386754e-01 1.630577257370959052e-23 3.014789385083916848e-02 1.346803886811021728e-02 7.549381448502250069e-03 1.595705422928990758e-01 2.789499300681175936e-02 1.391501273100730905e+05 3.031438830129834241e+04 1.416170864584651281e+04 4.558065385408060499e-01 3.644965219899392105e+04
2.025188414895478031e-03 1.518469499254726060e+07 1.062262737779724225e+07 5.327656763432790525e+06 2.891195769832878848e-01 1.228418623478661850e+07 8.389237072185281564e-24 8.308631473683589872e-24 2.625899971879855551e-24 4.970148940437946750e-01 4.194656089591113623e-24 2.885792505598077165e-02 1.331821609537318235e-02 8.851340215607995943e-03 1.722863380915273246e-01 2.708896547180612152e-02 2.979224999983939779e+04 1.077970088698346808e+04 6.889901169004289841e+03 1.793476908086550914e-01 2.578289172454309301e+04
3.519374105778993230e-03 5.291173235282239504e+06 3.746257656883661635e+06 2.117076247267668601e+06 5.112500318332223737e-01 4.505113329696011730e+06 1.918520276860153280e-24 1.446370235730848943e-24 8.634647220213686467e-25 4.419050812733855693e-01 1.270800633699296122e-24 2.452758783287081745e-02 1.480894062373967063e-02 1.034653275105906246e-02 2.230147558156690690e-01 2.275068956994785729e-02 9.180412226293804997e+04 1.559862390770113416e+04 6.493927807795378612e+03 4.367319364844960972e-01 1.994487151724987780e+04
6.115971237701829134e-03 2.053187769035242265e+06 1.108268704497405794e+06 1.064144217676094035e+06 6.512662514791225377e-01 1.918435282178090420e+06 6.204279136446777645e-25 8.352757951856250248e-25 2.768365339577311609e-25 4.561851820960284853e-01 4.270187615044739724e-25 1.839821882170718584e-02 1.009989552797017215e-02 7.169679445674400145e-03 2.194701579247402556e-01 1.674295464819168522e-02 1.129887956984681514e+05 1.815983903938142612e+04 6.307451659623011437e+03 5.003534661535218309e-01 1.783099554247197375e+04
1.062833988548557602e-02 8.072294370627281023e+05 3.604954284089169232e+05 5.422753854285876732e+05 7.034837532085664868e-01 8.760775602826121030e+05 3.658223823380103369e-25 4.325559994542597896e-25 1.756360298826963094e-25 4.006515848783137046e-01 2.694435073569425383e-25 1.317233789474306534e-02 5.657042119317457970e-03 6.688225643975107514e-03 2.155324283450524570e-01 1.326710549786623734e-02 1.394170410400644178e+05 6.878374551081375103e+04 1.478929562648921092e+04 5.392611623123915177e-01 2.883977232450256997e+04
1.846993786122688719e-02 2.282417847613451304e+05 1.736758278145677468e+05 1.190760949456967646e+05 5.718317649855110263e-01 2.168345388675537251e+05 2.212885522200580091e-25 2.043592990287807183e-25 1.068876571162746361e-25 3.461674769204650115e-01 1.802961703110777071e-25 9.799780651714981583e-03 3.304510596742488843e-03 5.663255931165406785e-03 2.397080244231782065e-01 1.041045648032592162e-02 1.671049512402589025e+05 1.149651223054957809e+05 3.984689809089554910e+04 4.514631026641162670e-01 7.116553619875785080e+04
3.209707332218952880e-02 4.057134301994845737e+04 2.492303220895431878e+04 1.494821859020460033e+04 3.866426710280838064e-01 3.723132687744402210e+04 1.085267445004333175e-25 8.208634695631946876e-26 4.233659894492284441e-26 3.370644458546606659e-01 8.934062802318358883e-26 6.554419793731700722e-03 3.324398716555069730e-03 3.561407485574822479e-03 2.587467050440526162e-01 6.502538904439820328e-03 2.662088635029298021e+05 1.960062533117602579e+05 9.283908212267937779e+04 3.495576525251472555e-01 1.792156978387937415e+05
5.577832061973046762e-02 8.446378195500357833e+03 3.764314586678894557e+03 3.006345922975888243e+03 2.824228056371019813e-01 7.977069804391006983e+03 4.925263911038419936e-26 3.714919786373826304e-26 1.716335651009402066e-26 3.348245994784369572e-01 3.684848918186104441e-26 3.617994627657101885e-03 2.880653186404162017e-03 1.609484355071733735e-03 3.615151967940781752e-01 2.761322463433607977e-03 4.521926553916714038e+05 1.937687791841777507e+05 1.346401218181534496e+05 2.552934780812469162e-01 3.382469317175514298e+05
9.693161179921591653e-02 2.543561140614567194e+03 1.099026868943739828e+03 8.834453098185008457e+02 2.497292374631597256e-01 2.430406432171726010e+03 1.644371214475131396e-26 1.801186342970946277e-26 4.295599241621803298e-27 3.087502000052996243e-01 1.124654826720968131e-26 1.792225124829034200e-03 1.767256637438385097e-03 4.291093242743636554e-04 4.660552571223693374e-01 7.587318764271703229e-04 4.584525880237314268e+05 2.092924411379371304e+05 9.999864515795069747e+04 2.211225120553002021e-01 3.569126442733536242e+05
1.684478353166902198e-01 8.274063806910768335e+02 4.175019362185837508e+02 2.469625505048237528e+02 2.094076805432978916e-01 7.602450218677556677e+02 4.765489176021553016e-27 4.970707307072052565e-27 1.539743191020620558e-27 3.434985567327870637e-01 3.093602334184052813e-27 1.062451833487018616e-03 1.299657568689619553e-03 1.610495464839572849e-04 4.733206907652556805e-01 3.580818908418756386e-04 3.793836825652272673e+05 3.342672864150439273e+05 1.194392259561982355e+05 2.588551740688690428e-01 2.879059555994666298e+05
2.927287878143824407e-01 2.974920550338371754e+02 2.073246647208567310e+02 8.882462467646354298e+01 2.091055368234491785e-01 2.532555195737870690e+02 1.964442784530487294e-27 2.790007934278917509e-27 6.094813126320475486e-28 5.173812023735776533e-01 8.863891735523551805e-28 9.039625759521991441e-04 1.871173863634860088e-03 2.055791389680342420e-04 6.206702213907714372e-01 2.836231653546612158e-04 3.731473854985005455e+05 4.356220022786750342e+05 1.159084212387606094e+05 3.862886234660876106e-01 2.123317733527537785e+05
5.087043300626336029e-01 1.430076317740981153e+02 1.441425461049797150e+02 4.101117167320887802e+01 2.627748171530162047e-01 1.055283360115528950e+02 1.200373412636022984e-27 1.938162170183707881e-27 1.719211554423007114e-28 7.129275566813442211e-01 2.314959729399657383e-28 1.091691944259056248e-03 1.768351077475439730e-03 6.162784830030887482e-04 9.373396120674023502e-01 6.432391748456209313e-04 3.683023070876868442e+05 6.049185958801764064e+05 1.098855253624331672e+05 4.929897274478536873e-01 1.680817591322006774e+05
8.840268063712417579e-01 7.814377599630810778e+01 5.979955943796669260e+01 2.360088969993893926e+01 2.760422353834818265e-01 5.646536926059810924e+01 8.628610165023240573e-28 9.381408328824011867e-28 1.872354695987644604e-28 8.328238124765586781e-01 2.084358822686176811e-28 1.131460765241631928e-03 1.426725869554387478e-03 8.885736665663691901e-04 1.015205110321279136e+00 9.387935627437803349e-04 4.162323034814253915e+05 7.062506228420385160e+05 1.542262549373301445e+05 5.869268598614146848e-01 1.969604567517208052e+05
1.536262516748606588e+00 5.050401640824762950e+01 4.482315887867932958e+01 1.381648851625703855e+01 2.774494098969970679e-01 3.502214994027008999e+01 5.824506972420487355e-28 7.754793473376167451e-28 1.003629135562802266e-28 8.463110954873123148e-01 1.158032726497184789e-28 1.099116490202607698e-03 1.321891791436484659e-03 7.123000576513083357e-04 5.813234419027973887e-01 8.699885820791536818e-04 4.348181623827537987e+05 6.892251828376244521e+05 1.658004624910614803e+05 5.886862788072682040e-01 2.074111701217185182e+05
