# R (Mpc), mean rho (Msol/kpc^3), errup (Msol/kpc^3), errlow, std, median rho (Msol/kpc^3), mean pth (Msol/kpc/s^2), errup(Msol/kpc/s^2), errlow, std, median pth (Msol/kpc/s^2), mean gas-mass-weighted metal (fraction), errup, errlow, std, median metal, mean gas-mass-weighted temp (K), errup, errlow, std, median temp  
#  nprofs 356, mean mh 214247687034.403015, median mh 208279735159.898804 
#  Mass range 11.00 - 11.5
6.706029110378903786e-04 2.873839610752166063e+07 2.963198376089534909e+07 1.198519238711070828e+07 3.187281208146031108e-01 2.192805093171978742e+07 1.255699837131765804e-23 1.587212404889094508e-23 5.028905866306947150e-24 4.855771280894100039e-01 7.166201641820050326e-24 1.091997876962428303e-02 4.246864147038571791e-03 4.596488693434370824e-03 4.808683421885260323e-01 1.087784190768549888e-02 2.696252679376091692e+04 1.039088178303292807e+04 8.911187255687793368e+03 1.610838904684402662e-01 2.603091659037589125e+04
1.165374294563389359e-03 1.419540040856853314e+07 8.461996337976064533e+06 7.054698111544867046e+06 2.925423450989909635e-01 1.357954521772621199e+07 4.403374685939676000e-24 4.208396621972094585e-24 2.493196293262758322e-24 4.561912662036036736e-01 3.532052665944207626e-24 1.004874884019906628e-02 4.831985613952505601e-03 4.719390309590385836e-03 4.324586239269978538e-01 9.924752020943639411e-03 2.126566094074505600e+04 6.690349185058970761e+03 5.016932368553851120e+03 1.259937814068462225e-01 2.053683442882902455e+04
2.025188414895478031e-03 5.248505317193910480e+06 1.867860663724487647e+06 1.872471584882232361e+06 1.769077612804749178e-01 5.162076847528927028e+06 9.850624416729459500e-25 6.482669905753186129e-25 4.215597505005758361e-25 2.920506865890333814e-01 8.383287831839066810e-25 9.800626906817447304e-03 4.723360296709937234e-03 4.702890200588489764e-03 4.200525695848726926e-01 9.677139627851924497e-03 1.575104073416217761e+04 3.115910721968582948e+03 2.507203586927827928e+03 8.384764606629385719e-02 1.533020497152956523e+04
3.519374105778993230e-03 1.662692285051364684e+06 5.748812249955814332e+05 3.735137983247609809e+05 1.371265887519245996e-01 1.583996083141469397e+06 2.115510860091390775e-25 1.211857105999442031e-25 4.487660993991275575e-26 2.450760528431595864e-01 1.524292375795842802e-25 8.754578653116466130e-03 3.932426016716474709e-03 4.001834658759232180e-03 3.730083840398903949e-01 8.551149113221460929e-03 1.234636398056378130e+04 1.498047723298761412e+03 9.404841803366962267e+02 1.174309095214189219e-01 1.103948483670962378e+04
6.115971237701829134e-03 4.892369667285404284e+05 2.210201928662626306e+05 1.276357527781283134e+05 1.517048557196467029e-01 4.442846763066394487e+05 9.962024295160688135e-26 6.787951085686039830e-26 1.569589269790619255e-26 3.402452914491451708e-01 4.957521803966987678e-26 6.384486953260878200e-03 2.817307274815579812e-03 2.783029090377509528e-03 3.406548988602383643e-01 6.125928672373093936e-03 1.684353703274138024e+04 5.063602389103260066e+03 8.334999240883080347e+02 2.414966224171722908e-01 1.077832817919773879e+04
1.062833988548557602e-02 1.831820093910981377e+05 1.074995320653177914e+05 6.531146594627137529e+04 2.046401314670440730e-01 1.637111015083852690e+05 7.285455475612803741e-26 7.530110331374462745e-26 2.594546711555625204e-26 3.541871612531303781e-01 4.743986996451267535e-26 3.832926898761725588e-03 1.753918461606313213e-03 1.586875127297549416e-03 2.945927858666453902e-01 3.628361491577979797e-03 3.399084135918015818e+04 3.304613367266896967e+04 9.514929591365940723e+03 3.281944580519715604e-01 2.076260583276930993e+04
1.846993786122688719e-02 5.987841245151049225e+04 4.879672315975837409e+04 2.405269944721557113e+04 2.676699817154721828e-01 5.033050009740234236e+04 4.497041586534856389e-26 3.307744770099724937e-26 1.519157729335889529e-26 2.607389909985188270e-01 3.520450512688719645e-26 2.464855176865182393e-03 1.073890333352768220e-03 1.091055280536520726e-03 2.846259992369105651e-01 2.402407848344052625e-03 7.411110109674614796e+04 8.177426482072970248e+04 2.245150698837606978e+04 3.483328979397564140e-01 4.566849614283067785e+04
3.209707332218952880e-02 1.025563917157373908e+04 6.641503240137275498e+03 3.407925872739746410e+03 2.291009191180271853e-01 8.662246261838692590e+03 2.381590021260407982e-26 1.199631369569785182e-26 8.282597748071499667e-27 2.247375418874887343e-01 2.023629522996193723e-26 1.513523965897912342e-03 8.611680744065230899e-04 6.903761948562142040e-04 3.024992260206931793e-01 1.375228016459390966e-03 1.988046743649942509e+05 1.176212084628975135e+05 8.857876729792627157e+04 2.908709827219820854e-01 1.627337582914684317e+05
5.577832061973046762e-02 2.339557079152383267e+03 9.831954074743252932e+02 6.290845369759258574e+02 1.614605263695003678e-01 2.175051767437581020e+03 1.163787481725040148e-26 5.988710656064629484e-27 3.696308698054168632e-27 2.516041343971925359e-01 8.970003069209101538e-27 6.628655848231820727e-04 4.066373364384374967e-04 2.458846651004634523e-04 2.940050378733610748e-01 5.429106057629487720e-04 3.459163172343977494e+05 1.215758186059684958e+05 8.148884630669857142e+04 2.129323398347430230e-01 2.726193883361304179e+05
9.693161179921591653e-02 9.276807330709050348e+02 3.634768930400939553e+02 2.747974957915116647e+02 1.579184559584016767e-01 8.795805121697246705e+02 5.115463765170994200e-27 3.122654334750466187e-27 1.438921849056739434e-27 3.336189010477247363e-01 3.091115701152318348e-27 4.076414948267816909e-04 2.650316044950851093e-04 1.362171681479225067e-04 2.832970028227621007e-01 3.151773328470863539e-04 3.433751438939669752e+05 1.383593758955020749e+05 6.305922593356331345e+04 2.599133237323231205e-01 2.212930361048276245e+05
1.684478353166902198e-01 3.519172522900729518e+02 2.089123670871182412e+02 9.759429640813766582e+01 1.926853181273510407e-01 2.989614753928037771e+02 2.565857298776411263e-27 1.900306321592815030e-27 4.651230215309479884e-28 4.789493477685019540e-01 8.075046015632285048e-28 3.403203317529230059e-04 2.350783824596792710e-04 1.168034949846586074e-04 3.420642873900641145e-01 2.345265462286071426e-04 3.307164159439728246e+05 2.334922863860076759e+05 5.977704510348720942e+04 3.418957575925679615e-01 1.671919352061367244e+05
2.927287878143824407e-01 1.654900115627563935e+02 1.413354134815168663e+02 3.259307667966552913e+01 2.776247216318659672e-01 1.053247500410269026e+02 2.191796308717804407e-27 1.452289422009290724e-27 1.786132033691537630e-28 6.796495664368596978e-01 2.635057559217781323e-28 4.404020140555058396e-04 6.051408230433521097e-04 8.799324061571799278e-05 5.436858073812819159e-01 1.505002220473343759e-04 3.615831145388981095e+05 3.812282974640339962e+05 9.077405216519639362e+04 4.428362678453665047e-01 1.598309814964194666e+05
5.087043300626336029e-01 1.059308368922498573e+02 9.321668667663186625e+01 3.170761203665099615e+01 3.667364213370689630e-01 6.169775297062155772e+01 2.572399525688612430e-27 1.034624702028040462e-27 1.463534627710604662e-28 8.898252655843708059e-01 1.662278550095378142e-28 8.177128168030161270e-04 1.508570291480784481e-03 2.729813622209851338e-04 8.882566627095460632e-01 2.983756780755477799e-04 4.488715998333478346e+05 5.161358131471396773e+05 1.253112439757103421e+05 5.541773209604579087e-01 1.709476195451690000e+05
8.840268063712417579e-01 6.405940296562187086e+01 5.703381941417598000e+01 1.980296962015059847e+01 3.757283551859665893e-01 3.727659798951154357e+01 1.769817515511647068e-27 9.540005975435912519e-28 9.401197539335352664e-29 9.776374939001726272e-01 1.056831123448857808e-28 9.838851499099506535e-04 1.431421275685207514e-03 6.223482433805509542e-04 9.868186779605807590e-01 6.648390340375980121e-04 5.770588189427079633e+05 6.556860774931524647e+05 1.697304770091904793e+05 6.221773393887729542e-01 2.143930991824792000e+05
1.536262516748606588e+00 4.007465794640890522e+01 3.993987736644731967e+01 1.164624193784508499e+01 3.176586199534532917e-01 2.644657582530614093e+01 9.747653876945777446e-28 9.051869741165989732e-28 9.627055786380101459e-29 8.929310525341990212e-01 1.111129569109629936e-28 1.108040068750536754e-03 8.996754947463662250e-04 7.793486776333526621e-04 5.535363520515953484e-01 1.024206732683466143e-03 7.006704066072232090e+05 8.679925157959457720e+05 2.416055106755694142e+05 5.909585158491410528e-01 3.083727566469773883e+05
