# R (Mpc), mean rho (Msol/kpc^3), errup (Msol/kpc^3), errlow, std, median rho (Msol/kpc^3), mean pth (Msol/kpc/s^2), errup(Msol/kpc/s^2), errlow, std, median pth (Msol/kpc/s^2), mean gas-mass-weighted metal (fraction), errup, errlow, std, median metal, mean gas-mass-weighted temp (K), errup, errlow, std, median temp  
#  nprofs 111, mean mh 534486244133.029236, median mh 485850552868.832397 
#  Mass range 11.50 - 12.0
6.706029110378903786e-04 3.192182271304466948e+07 3.472501538294473290e+07 1.479544354704302177e+07 3.368227656299543349e-01 2.504218988023034856e+07 1.358600778237866392e-23 2.174535181906493829e-23 5.823186997189615210e-24 5.508696917314119812e-01 7.404094557227975884e-24 8.774861522105813563e-03 5.601968199462438458e-03 3.472719723660856912e-03 2.505805779368713848e-01 7.828346218417844490e-03 2.537503483778045847e+04 1.147936637708342096e+04 7.986318868329835823e+03 1.697656400572407076e-01 2.472174218665671287e+04
1.165374294563389359e-03 1.279108350702682324e+07 9.157531487933937460e+06 5.962290907624792308e+06 3.172659849022373968e-01 1.131654167245845497e+07 3.904129513649341484e-24 4.168062731352747243e-24 2.205411066710867985e-24 4.817130103157960530e-01 3.008559726785813309e-24 7.946841134347527522e-03 4.243159472308804733e-03 3.215138059436276410e-03 2.669527295315561877e-01 7.192883142671181035e-03 2.086801375877283863e+04 6.729779391140182270e+03 5.240600315751620656e+03 1.265159804794178666e-01 2.009132017389802058e+04
2.025188414895478031e-03 5.176894730778727680e+06 2.790199464507715777e+06 1.460008258156926371e+06 2.410081245197734645e-01 4.743878447241956368e+06 9.863717573158064688e-25 8.549787516752364774e-25 4.075638276301482787e-25 3.641597974394174542e-01 7.896804003988084499e-25 7.453156445068857480e-03 4.023122408233889905e-03 3.500120697048249643e-03 2.808439047179313586e-01 6.981383754889000995e-03 1.571720438566575103e+04 3.880905653219913802e+03 2.508189832251984626e+03 8.272218168803749383e-02 1.504426928801789836e+04
3.519374105778993230e-03 1.755003161640043138e+06 8.920464304692309815e+05 3.589335758862297516e+05 1.548750017223062547e-01 1.545817597044764785e+06 3.265364589214543103e-25 2.005520857523078073e-25 6.219863283517548103e-26 3.081695487141674628e-01 1.735159833400406678e-25 6.474271577542669263e-03 3.434715664711420965e-03 2.858899294893510901e-03 2.854563412543870138e-01 6.050039974747295143e-03 1.621236382690429127e+04 2.902313750366512977e+03 9.017313947057773476e+02 1.667931295087835275e-01 1.146217080699781218e+04
6.115971237701829134e-03 5.169399598881170969e+05 2.226809156596540124e+05 1.452498231920113903e+05 1.652279561577923994e-01 4.726759698327859514e+05 2.134837492917589420e-25 1.217167282234951969e-25 3.618764498260380824e-26 4.382848597104324617e-01 7.355708557279880563e-26 4.556285311966130208e-03 2.599904057942498993e-03 1.535898109287676949e-03 2.685246424067674331e-01 3.970022686342338132e-03 3.190681552291164553e+04 1.400250001113709186e+04 1.965090317776501252e+03 3.379098563651057874e-01 1.266751091153006382e+04
1.062833988548557602e-02 1.721387620452166593e+05 1.226519046423683467e+05 4.506706194493101793e+04 2.297953830694439703e-01 1.407463606933817209e+05 2.125063184570033526e-25 2.574682312605759490e-25 8.614635031051145527e-26 4.744452985212626039e-01 1.202816349584434864e-25 2.633618927480291683e-03 1.422407680887742554e-03 7.709725588008957235e-04 2.677544633175973909e-01 2.251793284060340551e-03 9.921037770879940945e+04 1.204425524475887651e+05 3.577902112778574519e+04 4.454686230803778235e-01 5.462841112920076557e+04
1.846993786122688719e-02 5.746981596468565840e+04 3.668625474744369421e+04 2.245907082955027727e+04 2.542634628730564006e-01 4.960488076452680252e+04 1.468667891060116074e-25 1.315575111897157436e-25 6.549641036379962396e-26 3.332617648617633432e-01 1.152036584531397929e-25 1.459999763478338078e-03 7.209766468412547296e-04 5.228227597447500114e-04 2.464458555545802343e-01 1.315007048336731084e-03 2.068626065488948661e+05 2.120818371766078635e+05 9.022092812216881430e+04 3.337499457138346504e-01 1.552890587620826554e+05
3.209707332218952880e-02 1.978459991388900016e+04 1.266229268123165093e+04 9.298805838362624854e+03 2.736278214819461430e-01 1.742889771292881051e+04 7.619941233623669460e-26 5.078488654679907186e-26 2.645674563694380373e-26 2.676162520502337050e-01 6.197998697926485392e-26 8.331134249043152008e-04 4.025579953183666812e-04 3.037185496058210539e-04 2.366705378874788546e-01 7.591664877994861631e-04 3.314077787947680335e+05 2.446122918708369252e+05 1.517430738310873567e+05 3.054264598231406502e-01 2.854920134600190795e+05
5.577832061973046762e-02 6.237930808355867157e+03 2.456962537739715117e+03 2.618530297672202778e+03 1.859067682257412035e-01 6.204675489280742113e+03 4.111965589863911592e-26 2.437853389488137345e-26 1.688867461332404352e-26 2.623295392031064766e-01 3.634474289711888965e-26 4.958343819704467102e-04 2.745079744468309035e-04 1.556598510516375776e-04 2.158606788079828476e-01 4.331171831919603606e-04 4.512201811579317437e+05 1.973866210934134433e+05 1.601371322212668019e+05 1.966285297451819125e-01 4.163633670559766470e+05
9.693161179921591653e-02 2.503857290890119202e+03 8.649371688955839090e+02 9.905577692454344287e+02 1.764257480946973822e-01 2.475108417125982214e+03 1.777634495902207922e-26 1.228060529611957062e-26 7.467926727193819456e-27 2.862602276854969707e-01 1.438701723042955453e-26 3.258939627562716830e-04 2.139568296673950709e-04 9.578726528085528946e-05 2.234587503899286565e-01 2.828421826549632574e-04 4.490852356176114408e+05 1.467350686915605329e+05 1.147014288185255718e+05 1.517914770464565410e-01 4.203599116431453731e+05
1.684478353166902198e-01 9.952041652715593045e+02 4.198570704092427377e+02 3.490298995138374494e+02 1.804728065621428734e-01 9.514095826230444573e+02 6.114476267459584890e-27 4.881158029250955284e-27 2.339205037079349516e-27 3.340809182277237332e-01 4.443006822981632892e-27 2.376747651280767832e-04 1.344866488820645211e-04 6.638030579560259652e-05 2.300647799568510121e-01 2.133747662781822446e-04 3.610490680760514224e+05 1.488915934786414728e+05 9.897305635986558627e+04 1.737207706857518408e-01 3.286244835181368981e+05
2.927287878143824407e-01 3.864051815044051068e+02 1.920498358893042905e+02 1.032297113004064499e+02 1.907403003875979275e-01 3.399630171543756205e+02 2.067013969951196003e-27 1.731700634017714208e-27 6.595904397478655076e-28 3.922576571662025335e-01 1.158554249499059108e-27 1.966975924874220434e-04 9.741322212248771793e-05 7.399587333010789630e-05 2.516186980327334566e-01 1.832820048737480230e-04 2.795394681788801681e+05 1.369897770779953862e+05 7.595713088121029432e+04 2.157901620055173164e-01 2.221248382798521488e+05
5.087043300626336029e-01 1.660364242068750400e+02 8.729120704480561699e+01 4.547238866367484889e+01 2.148282549835841826e-01 1.359734336148123930e+02 1.231978429997554907e-27 7.136568540460125461e-28 1.864635920093608929e-28 4.919596327555337822e-01 3.221303699848099655e-28 1.621278766870611640e-04 9.483359371808731280e-05 8.395831098693742607e-05 3.435456770274498139e-01 1.477002207841072903e-04 2.583147758697661338e+05 1.626479778494486236e+05 5.212182622510136571e+04 2.899651729687709456e-01 1.573603273215607041e+05
8.840268063712417579e-01 8.734830058257517749e+01 5.889683455682141755e+01 2.460157659414622344e+01 2.602456709574147986e-01 6.580937688492539905e+01 9.941179151838150170e-28 7.342802779425514645e-28 7.972007917755794723e-29 6.760094453788132451e-01 1.282975062064191418e-28 1.854214586073004497e-04 2.333879212795912910e-04 7.318705624673398460e-05 4.747857454832778989e-01 1.155982748248877279e-04 3.224828993779784651e+05 3.313879047280547093e+05 6.358369328088255133e+04 4.287965319661824481e-01 1.386045068300773855e+05
1.536262516748606588e+00 5.229716384098777837e+01 4.032247195780799132e+01 1.646062697998892332e+01 2.560838742090523201e-01 4.043507148947129792e+01 5.291798538623621704e-28 7.921340742677958348e-28 1.025254542969647279e-28 7.533017270106349139e-01 1.235066447050668426e-28 1.995055755230162832e-04 2.287407357102711966e-04 1.181769491368801355e-04 5.528471614952068514e-01 1.481294153752134909e-04 3.845906536620888510e+05 5.201789273217633017e+05 1.344325730922478251e+05 5.083951039258147730e-01 1.904038009443586343e+05
