# R (Mpc), mean rho (Msol/kpc^3), errup (Msol/kpc^3), errlow, std, median rho (Msol/kpc^3), mean pth (Msol/kpc/s^2), errup(Msol/kpc/s^2), errlow, std, median pth (Msol/kpc/s^2), mean gas-mass-weighted metal (fraction), errup, errlow, std, median metal, mean gas-mass-weighted temp (K), errup, errlow, std, median temp  
#  nprofs 286, mean mh 219094610625.098999, median mh 212221738212.493347 
#  Mass range 11.00 - 11.5
6.706029110378903786e-04 2.297611051272363216e+07 2.453891108356028050e+07 8.006354002093661577e+06 3.134914269270460130e-01 1.597883863759426959e+07 8.070541218348292756e-24 1.292452038994237083e-23 2.134613659068958856e-24 5.443115932326166861e-01 3.138223547433400437e-24 1.034254726583771870e-02 3.913901336547054993e-03 3.530092738577784300e-03 1.901807872380281705e-01 1.005592777137076163e-02 2.089970882285276093e+04 1.110272787061497365e+04 6.524301876640940463e+03 2.009811061869335169e-01 1.838431168384276680e+04
1.165374294563389359e-03 8.981792843157840893e+06 6.982554253892700188e+06 4.302206052798962221e+06 3.315427746067913795e-01 7.463115784502531402e+06 2.137245686131341043e-24 2.700744634424776911e-24 8.348089449809991268e-25 5.319533630496805499e-01 1.144485926166909284e-24 9.455318615712578895e-03 4.323382165032484820e-03 3.826464472555078308e-03 3.961332764618409885e-01 9.247093979623160001e-03 1.652637600863531043e+04 5.585243578354848069e+03 3.890211549159148490e+03 1.648407948509789112e-01 1.588311996887913301e+04
2.025188414895478031e-03 3.498328627606431488e+06 1.694489150594604202e+06 1.457122962906818371e+06 2.349410623364152351e-01 3.278428526046254672e+06 5.222563208397648355e-25 4.181157134034636762e-25 1.818622829304967078e-25 3.553624268605232728e-01 3.556606644208410283e-25 9.254983271051224480e-03 4.204319288249411951e-03 3.789245560258757903e-03 3.788126014998075552e-01 8.990420501463562350e-03 1.317686586495763368e+04 2.433037089370569447e+03 2.044851985017305196e+03 9.770604594376357255e-02 1.281146460456710884e+04
3.519374105778993230e-03 1.093775295704993419e+06 3.724372264958771411e+05 3.373488902595683467e+05 1.888924906611110788e-01 1.049411043182402849e+06 1.717920295937759885e-25 4.784884017220755809e-26 3.129228833293374987e-26 2.647805852348902866e-01 9.906060957032888064e-26 8.852832477694572849e-03 3.736926812985782650e-03 3.563692256775970527e-03 3.455976974474433971e-01 8.529098894886429430e-03 1.221130851409495699e+04 1.295629625954292351e+03 9.087276914258454781e+02 1.071922980484368293e-01 1.092905994046170053e+04
6.115971237701829134e-03 2.828689947658305173e+05 8.827737543242011452e+04 7.725596402905814466e+04 1.526792437561179105e-01 2.676568482657978893e+05 6.688736551648878007e-26 2.419899782340692612e-26 8.697632600057316294e-27 2.801159983610486681e-01 3.448426021083889833e-26 7.916882506324281199e-03 3.630595857699443936e-03 3.309216465983267838e-03 3.546089651923095554e-01 7.658486999217286977e-03 1.815365240472070582e+04 2.549419945159130293e+03 1.182623665143546532e+03 2.072916876478817505e-01 1.176330764680073480e+04
1.062833988548557602e-02 7.597022069316288980e+04 3.241013305560019217e+04 2.133211443609222624e+04 1.632373021325868589e-01 7.063612392095502582e+04 5.523407859620159549e-26 3.402267123147277633e-26 5.260439985567358744e-27 4.017407162681722599e-01 1.893542526887960442e-26 6.293576386228177423e-03 3.648919687837418567e-03 2.619023065158392841e-03 3.321041067272921254e-01 5.809778209492573280e-03 4.751373671893764549e+04 2.631015128594368434e+04 5.201572544997747173e+03 3.535987238998237192e-01 2.038540203091414151e+04
1.846993786122688719e-02 2.386600461470066512e+04 1.185394977284292690e+04 7.261471743976462676e+03 1.958169303030656838e-01 2.092877570871100761e+04 3.073240930611086284e-26 3.790962270922074991e-26 5.545547296089530984e-27 3.685709558240090056e-01 1.502007355659520420e-26 4.362982446204130560e-03 3.031933260446969657e-03 1.805420346073285335e-03 3.249306910927781122e-01 3.756167283139532579e-03 9.562303386763858725e+04 9.072434902623327798e+04 1.947455705509144900e+04 3.490187856894743645e-01 5.035628963614514942e+04
3.209707332218952880e-02 6.327068940830591600e+03 3.773459616328989796e+03 2.257037608963868024e+03 2.388784355198766696e-01 5.435508933348475693e+03 1.654231465896521729e-26 1.366888487225519294e-26 5.271557606298725513e-27 3.081997134794077775e-01 1.160419135948886167e-26 2.583768238423255273e-03 1.822818805718496617e-03 9.818481970991811691e-04 2.910917218759979108e-01 2.198840663790368674e-03 2.163132475070604414e+05 1.785356751051385654e+05 6.374271990754024591e+04 3.176895443953663412e-01 1.414903342246563989e+05
5.577832061973046762e-02 1.669750017834413256e+03 1.011930253582352407e+03 5.118629400027596148e+02 2.071933108405859536e-01 1.481219160065351616e+03 9.060824023868443156e-27 6.722143227276550817e-27 3.345365878101553808e-27 3.160138319136021057e-01 6.592955823035397432e-27 1.159195533039902382e-03 9.124024507011598614e-04 4.523311220988861670e-04 3.030540172850244574e-01 9.171479298625353788e-04 3.893893616213558125e+05 2.325096444139269879e+05 9.925638223314314382e+04 2.695301827819397977e-01 2.762598919311902719e+05
9.693161179921591653e-02 6.930547043227394397e+02 3.551246903040141660e+02 2.398641280759567280e+02 1.998705407451472071e-01 6.299875347352358403e+02 4.892040388032546775e-27 4.210074439899033776e-27 1.456637821760859808e-27 4.037646408519416918e-01 2.664949929507008571e-27 5.261274313854169028e-04 4.278564788296442879e-04 1.826592823777485445e-04 2.902036429390270067e-01 4.064704337505704846e-04 4.308020629030448035e+05 2.658851914432076737e+05 9.383816559652215801e+04 2.888016166852047095e-01 2.768688694265978411e+05
1.684478353166902198e-01 3.489611282467210458e+02 2.351670019226964996e+02 1.182989915341974552e+02 2.385830630783797035e-01 2.880961586924239555e+02 3.115462334016318533e-27 2.948224135970412519e-27 5.407763366216581065e-28 5.428046623124243020e-01 9.069278444348456475e-28 3.922659432693047731e-04 2.628675584964883303e-04 1.312925264785610264e-04 2.988770507310494762e-01 2.943282507570594360e-04 4.185552484285215032e+05 3.335582981170957210e+05 8.400653645437074010e+04 3.514188645091994023e-01 2.161469101296931331e+05
2.927287878143824407e-01 2.069137575677052894e+02 1.891802988932555820e+02 5.666448632393351659e+01 2.978157783541655612e-01 1.389931452543021635e+02 2.879863003684225407e-27 2.544056319005337700e-27 2.649607668365242888e-28 6.920363986654040067e-01 3.967425554671156608e-28 4.264009626273346253e-04 4.581654783146318953e-04 1.250025530600325111e-04 3.898153770872735402e-01 2.461904074118271201e-04 4.450247605261725257e+05 4.773884848834081786e+05 8.878424485438650299e+04 4.231296920664226469e-01 1.850361472797706665e+05
5.087043300626336029e-01 1.399577596753432545e+02 1.468023589068709782e+02 3.620975986098022759e+01 3.584981223390625860e-01 7.835910876200335906e+01 3.593388854000089397e-27 2.076609828823234949e-27 1.623415204635133840e-28 8.319640576386141406e-01 2.123901966872801739e-28 5.045740276306061745e-04 8.491619377155574079e-04 1.742683995596547232e-04 4.961641927062994117e-01 2.586384040244646540e-04 5.333603589508198202e+05 5.756170593046562281e+05 1.092855594614486618e+05 4.882449787692176857e-01 1.905625576346954913e+05
8.840268063712417579e-01 9.175095285626841246e+01 8.598854635366554078e+01 2.035450392045711254e+01 3.942776234408105207e-01 4.396142654153176466e+01 3.697713194023711378e-27 2.010123808987656494e-27 1.226801029397349378e-28 9.613205187678453001e-01 1.486877680632428088e-28 6.287109685693836490e-04 7.743752276634206658e-04 3.928720512558215292e-04 5.483192035390156427e-01 4.903172759659111353e-04 7.000239334050351754e+05 8.518951501158145256e+05 1.563937109458501218e+05 5.772228212095678046e-01 2.265887111261673272e+05
1.536262516748606588e+00 5.671528915198109644e+01 4.365182866707846188e+01 1.929983785526879103e+01 3.504246530891831357e-01 3.692459318178217131e+01 2.147634055090614810e-27 1.237683019667715444e-27 1.654039501509165594e-28 9.298209292377931368e-01 1.849308704475176301e-28 6.689639286483921917e-04 4.763400085512582358e-04 4.758639892033525117e-04 5.085137943723913034e-01 6.556817340038860725e-04 8.394534194813683862e+05 9.332137545336694457e+05 2.500615874092190352e+05 5.910619708554616381e-01 3.236012376251437236e+05
