# R (Mpc), mean rho (Msol/kpc^3), errup (Msol/kpc^3), errlow, std, median rho (Msol/kpc^3), mean pth (Msol/kpc/s^2), errup(Msol/kpc/s^2), errlow, std, median pth (Msol/kpc/s^2), mean gas-mass-weighted metal (fraction), errup, errlow, std, median metal, mean gas-mass-weighted temp (K), errup, errlow, std, median temp  
#  nprofs 361, mean mh 213704667367.892059, median mh 203914682123.704010 
#  Mass range 11.00 - 11.5
6.706029110378903786e-04 1.274281848967244476e+07 7.157302435232289135e+06 4.383404131220135838e+06 2.055422087462568381e-01 1.138561859558790922e+07 1.863149561127076685e-24 1.986578134044972185e-24 5.219727236009702916e-25 3.545094341393552617e-01 1.198221626714130637e-24 3.123400523320080981e-03 2.474437256246191704e-03 1.393658543162794566e-03 6.885131681927066927e-01 2.616033636476075650e-03 1.375938140509542791e+04 4.720208026295917080e+03 1.536204005002218764e+03 1.707790608055742010e-01 1.262417629354796372e+04
1.165374294563389359e-03 4.359218666361615062e+06 3.316299541240096092e+06 1.598955758004714269e+06 2.704637915550720528e-01 3.435510192586164922e+06 5.333815711784862454e-25 4.961900847305120772e-25 1.643148863760145534e-25 3.689034735300881773e-01 3.424394741560620881e-25 3.145208786703372617e-03 2.328224874977610596e-03 1.530109615706069445e-03 3.619467835266013678e-01 2.810982296435936625e-03 1.250854887754055198e+04 2.291461781078640342e+03 1.440786744720531715e+03 1.443711640166414900e-01 1.235061526670329113e+04
2.025188414895478031e-03 1.956944655348004773e+06 9.870982510477737524e+05 1.109368701951835770e+06 2.706298841367161256e-01 1.910348833935923409e+06 2.203904789885031823e-25 1.300142778567878962e-25 9.926104972876282401e-26 2.970978629834024054e-01 1.848419549619483228e-25 2.994081072275122084e-03 2.471470935924801552e-03 1.481363409283311099e-03 6.078503179663370393e-01 2.559819324646767005e-03 1.291452531451843970e+04 1.264794091745441619e+03 1.472307713241925740e+03 1.134336469007710541e-01 1.204152884768371223e+04
3.519374105778993230e-03 6.941708333703723038e+05 3.119914734440578613e+05 2.944835943560593878e+05 2.622768609073957147e-01 6.636225849218551302e+05 9.831194907604465984e-26 4.703541975437014066e-26 3.093839998541036203e-26 2.540497764309674888e-01 7.894461225264618665e-26 2.894696923812946701e-03 2.528148538571526813e-03 1.436297782775348454e-03 6.019589902314177454e-01 2.473824060951946950e-03 2.016025744988359293e+04 2.460959686566213350e+03 1.277122462604542307e+03 2.430028036906592137e-01 1.205716772417058928e+04
6.115971237701829134e-03 1.941338624664516828e+05 7.758482756529573817e+04 5.572452807130802830e+04 1.973400459981931587e-01 1.852792794315920910e+05 8.748913414787123065e-26 4.087703902190629070e-26 1.099758962314836742e-26 3.105485059527715586e-01 4.087456784006228958e-26 2.671250906125266413e-03 2.160441907587322928e-03 1.354216569013719489e-03 5.973763734501527090e-01 2.298682719351459285e-03 3.878620429385704483e+04 1.742222059519324830e+04 4.675195144250872545e+03 3.314343454556969437e-01 1.754671694918933645e+04
1.062833988548557602e-02 4.977106852988420724e+04 2.005588416109998798e+04 1.505982362947060028e+04 2.056609055845087519e-01 4.671847306897889212e+04 5.124635699326664165e-26 3.000000965345710546e-26 1.078635408177396633e-26 3.133171795703292295e-01 2.985217109250775249e-26 2.243851951333828386e-03 1.741431673242816412e-03 1.146283157323218799e-03 5.961450351812351833e-01 1.945867966215411062e-03 9.883787981164483062e+04 6.437479688820561569e+04 1.646761435465519025e+04 3.587915164359333220e-01 4.358986400306642463e+04
1.846993786122688719e-02 1.440101170523868495e+04 7.239790203739226854e+03 4.901052880609677231e+03 2.781038403697538852e-01 1.314583310802286724e+04 3.068459457229890242e-26 2.372655328829448517e-26 7.942891971010854187e-27 2.981963073609767978e-01 2.011061634969571341e-26 1.633986360390488751e-03 1.333846927482946424e-03 8.014680783917189563e-04 5.929670400337324621e-01 1.372812638470677967e-03 2.485557185929203115e+05 1.234557044435883872e+05 4.075869660598272458e+04 3.673241330960529405e-01 1.052275459277100454e+05
3.209707332218952880e-02 4.168011481890559480e+03 2.850459546435320135e+03 1.421889113188152805e+03 2.702025483725108423e-01 3.505885831896592663e+03 1.681960452209388885e-26 1.364275556622929485e-26 5.014683815900485171e-27 2.937277044311670804e-01 1.180033079411467044e-26 1.002955557982283027e-03 9.278046443397379873e-04 4.816769421744262602e-04 5.905019087378714504e-01 8.074928851118765190e-04 4.301023422822829452e+05 2.054416949463260535e+05 1.097887801799831068e+05 3.418390608474368708e-01 2.364537886544088542e+05
5.577832061973046762e-02 1.303656113350072474e+03 7.154062596694466265e+02 4.478433762022991687e+02 2.251765005760471283e-01 1.159117478462220788e+03 8.846542438842853051e-27 6.536996435530803306e-27 2.418478559086691346e-27 3.481464094613933580e-01 5.193583600130014828e-27 5.014024317370302086e-04 4.002066663639754023e-04 2.164799533153796251e-04 5.713780425164354249e-01 3.816343502878823579e-04 5.272800229541324079e+05 2.402316033823613543e+05 9.367858858312561642e+04 3.051568903776425978e-01 3.003326811396341072e+05
9.693161179921591653e-02 5.565535365741545775e+02 3.679858424627939257e+02 1.947614511262464703e+02 2.283823248419103169e-01 4.880050913790253162e+02 4.847267948888324653e-27 3.577009546858648609e-27 9.767840902360224239e-28 4.635990902924856383e-01 1.853148923133158355e-27 2.777444838548770792e-04 2.134896888202938558e-04 1.169126609503425338e-04 5.368299090498902526e-01 2.111279881271440999e-04 5.158093295281124883e+05 2.537339261631061381e+05 8.793310047054331517e+04 3.379638181942432040e-01 2.606298344946242578e+05
1.684478353166902198e-01 2.792077658465565833e+02 2.127621439448190017e+02 1.043824791427075240e+02 2.755144322920815014e-01 2.198633927546607651e+02 3.493383969209469178e-27 2.139615183543966819e-27 4.315875980237041060e-28 6.270137044344709087e-01 6.499909526954555610e-28 2.122555520726688097e-04 1.815684741823697819e-04 8.373474447508389719e-05 4.814204668804101250e-01 1.604506380403290637e-04 4.726173295830230345e+05 2.679789353892835788e+05 7.216093411610125622e+04 4.048743665048050722e-01 1.875613958513383113e+05
2.927287878143824407e-01 1.733861989240743924e+02 1.476687834786344524e+02 5.103631815684639150e+01 3.434175665471468353e-01 1.065001517619871834e+02 3.793310007609046264e-27 1.765418779895130747e-27 1.667715020671767814e-28 7.966366345143395256e-01 2.398608433671661327e-28 2.199347307640158941e-04 2.021262447593423061e-04 7.426077884393567172e-05 5.017337565732267191e-01 1.412521498379104394e-04 5.133717376956667867e+05 5.375037726726288674e+05 6.685264130637112248e+04 4.830042745791386372e-01 1.496943989181950456e+05
5.087043300626336029e-01 1.243992017513042327e+02 1.250504634363979761e+02 2.395414721686520920e+01 4.048729827527339231e-01 5.495531115554454971e+01 4.835212236061351930e-27 2.113452550373248077e-27 8.448435738365036159e-29 9.511150337357874296e-01 1.158343582265780215e-28 2.780431803316703939e-04 4.218833805277973277e-04 8.608217780635868703e-05 5.787985376401938442e-01 1.462704231421128680e-04 6.356864600323761115e+05 8.494930148235522211e+05 7.738917092816840159e+04 5.640995715616624606e-01 1.433996744911289134e+05
8.840268063712417579e-01 9.038796228504479302e+01 7.764088855119190669e+01 1.640159083557814412e+01 4.629839088555590121e-01 3.264403245953307930e+01 6.325107634183161861e-27 1.863229622102702222e-27 6.711316573078857395e-29 1.106685602885951747e+00 8.018829615404964479e-29 3.550356030833309601e-04 5.234478649719547568e-04 1.740522630887172950e-04 6.458169829325391964e-01 2.226035548061127908e-04 8.838961949831587262e+05 1.098855437999931630e+06 1.120041190225231694e+05 6.588085308245842375e-01 1.665977460535308928e+05
1.536262516748606588e+00 4.787759313959031005e+01 4.816063741550065913e+01 1.359307306600382503e+01 4.050300979785980693e-01 2.529159503017990573e+01 2.372250769336533309e-27 1.817054061220123227e-27 8.898235771264311236e-29 1.061122461086498436e+00 1.002270082583160717e-28 3.870965897474900686e-04 3.522654803943314002e-04 2.768146219644458846e-04 4.902540980872557297e-01 3.493476865922158221e-04 1.031028229577089776e+06 1.434075569848447572e+06 2.130518293213683646e+05 6.732851428540663763e-01 2.717697230795290088e+05
