# R (Mpc), mean rho (Msol/kpc^3), errup (Msol/kpc^3), errlow, std, median rho (Msol/kpc^3), mean pth (Msol/kpc/s^2), errup(Msol/kpc/s^2), errlow, std, median pth (Msol/kpc/s^2), mean gas-mass-weighted metal (fraction), errup, errlow, std, median metal, mean gas-mass-weighted temp (K), errup, errlow, std, median temp  
#  nprofs 211, mean mh 564553844235.140503, median mh 514139736165.873840 
#  Mass range 11.50 - 12.0
6.706029110378903786e-04 5.604180697477184236e+07 4.814258228520467132e+07 2.927470244766595215e+07 4.191605638192921757e-01 4.122726171807407588e+07 2.168959870397610171e-22 1.453035472038507176e-22 2.150408762565771799e-23 8.327955328628703358e-01 2.526803078482079954e-23 2.450127741684127516e-02 1.301586982322764513e-02 7.568994849069860323e-03 1.800848128501243706e-01 2.231641276068203200e-02 8.136164999328822596e+05 3.601938964774445776e+04 1.707038007251744057e+04 6.968831031304598689e-01 3.817975361495518155e+04
1.165374294563389359e-03 2.455825443724241853e+07 1.509129272442569584e+07 1.670200795622042939e+07 4.244459664934226439e-01 2.246482614711711556e+07 5.593271639470425601e-23 2.993672636918575797e-23 7.707648421698405334e-24 8.313803042176799440e-01 8.804481527391825854e-24 2.287006504947022845e-02 1.357956317377781441e-02 7.731637091895426570e-03 1.916864829457028130e-01 1.994768392622216918e-02 1.292861083391091524e+05 2.071140943107035855e+04 1.298988292015244951e+04 4.830433589903581626e-01 2.964496098886041000e+04
2.025188414895478031e-03 1.131308153566033579e+07 9.595658369064837694e+06 5.056328776633693837e+06 3.875223924465299175e-01 9.258322891903914511e+06 7.130167809961844196e-24 7.229808637571341684e-24 1.773984352488355806e-24 6.173109033817499869e-01 2.589130459516808088e-24 2.268158957053796262e-02 1.165604055901778985e-02 7.210081441361222004e-03 1.742064474765905591e-01 2.052332280110939072e-02 3.476533383731736831e+04 1.277410895042920311e+04 6.110514357258345626e+03 2.782028552141557198e-01 2.173540600081290904e+04
3.519374105778993230e-03 4.082314044154152274e+06 2.606433171337843873e+06 1.479060175851717824e+06 3.093771242393283383e-01 3.473756632327456027e+06 1.109768797272232633e-24 1.167459442768172109e-24 4.224345446662661239e-25 4.507152182934237028e-01 6.739472584648154302e-25 2.154416664544639079e-02 1.194600063607528795e-02 6.322041761320595574e-03 1.661488775411110730e-01 1.975195746534612329e-02 2.176524952328721702e+04 8.715963886613892100e+03 4.028679906374623897e+03 2.147717199654992637e-01 1.601570048860870156e+04
6.115971237701829134e-03 1.598570741691308795e+06 9.690558476370128337e+05 6.229981293871926609e+05 3.271483386442894936e-01 1.431928536020266591e+06 3.940626414952598702e-25 4.340460811657670139e-25 1.428279621636906292e-25 3.842976775648078713e-01 2.452333246292263939e-25 1.742496930744868999e-02 7.347227657559841224e-03 5.023545009286171578e-03 1.640733368144892401e-01 1.630416261426032368e-02 3.500726626438563835e+04 1.380937890487583172e+04 3.675245630351413638e+03 2.956723897002187518e-01 1.414229099742904327e+04
1.062833988548557602e-02 6.659066299383459846e+05 2.835127023295930121e+05 2.464612467315081740e+05 2.711608976397023030e-01 6.485042599036198808e+05 2.269557152828797769e-25 2.658043739903608192e-25 7.748980205377632932e-26 3.852088952040255698e-01 1.365309287481267442e-25 1.223865924989929292e-02 5.340711062211529053e-03 4.788918678232529681e-03 1.954013401621696455e-01 1.190980186105229308e-02 3.868556856003708526e+04 2.543115129981758582e+04 6.466441678312425211e+03 3.479744496633064288e-01 1.714889511388168103e+04
1.846993786122688719e-02 2.035477256969106093e+05 8.198174014585270197e+04 8.754348256667153328e+04 2.496005047835018475e-01 2.022030867331753543e+05 1.664015621390823053e-25 1.785109303099384610e-25 5.870898582525781395e-26 3.595681007763291692e-01 1.101306017425973083e-25 8.479835245581166317e-03 3.869806315891771015e-03 3.299031519172543510e-03 2.059383373064344047e-01 8.122974064118892307e-03 8.167771319471673633e+04 7.882102000506041804e+04 2.022374186497731716e+04 3.978148961200912437e-01 4.058299637784834340e+04
3.209707332218952880e-02 3.406337714685187530e+04 2.514850218805251643e+04 1.384245791600896337e+04 2.756539684842713722e-01 2.849445250004454283e+04 9.266209137865451334e-26 9.099282722364026914e-26 3.493698680101261907e-26 2.964173224580760602e-01 7.119266298133038045e-26 5.301207687362682018e-03 3.452236840804943051e-03 2.065495442730177697e-03 2.394209566793611410e-01 4.693897753367399540e-03 2.677908739792167326e+05 3.028732294468822656e+05 1.222325214575707942e+05 3.992457500355747202e-01 1.869000232185151253e+05
5.577832061973046762e-02 5.414056382694549029e+03 2.923938790760273150e+03 1.616928180900335065e+03 1.917852649566873791e-01 4.868196486174757410e+03 4.381812310915886094e-26 3.269419559893664533e-26 1.687300968589106098e-26 2.735918984986435709e-01 3.564781133266854406e-26 2.221161276121022023e-03 2.016215788832823302e-03 8.137333998261717062e-04 3.521810163421166262e-01 1.490766872891225153e-03 5.837616526997508481e+05 3.245046520124462550e+05 2.244540310844928026e+05 2.442232367389425007e-01 5.041730556585429586e+05
9.693161179921591653e-02 1.827565856663284649e+03 7.898621406021131861e+02 5.441463337432851404e+02 1.843005660688744329e-01 1.678225886598060924e+03 1.691801750044337135e-26 1.362524460583068996e-26 5.051704694591420289e-27 3.232322471969714117e-01 1.119296906086670941e-26 1.020405647544694134e-03 7.160582015413596586e-04 1.833324105724551834e-04 3.756438730871281551e-01 4.791529818462134864e-04 6.281890523040352855e+05 2.944653268385482952e+05 1.731846551591125317e+05 2.524696420833357213e-01 4.741457555362912826e+05
1.684478353166902198e-01 6.121924333769135274e+02 3.296352858189175095e+02 1.792563946045908096e+02 1.994380405710570736e-01 5.259528246054319425e+02 6.466938889982100973e-27 6.058980509986074445e-27 1.981512469693782456e-27 4.652684058283768076e-01 3.028382657869923172e-27 6.518547854933540598e-04 4.162366040764991669e-04 9.800826297721925242e-05 3.885002667892671901e-01 2.768633768313852371e-04 5.785028437937807757e+05 5.026233262529469794e+05 1.531711004524421587e+05 3.259828698758518439e-01 3.524468223337274976e+05
2.927287878143824407e-01 2.323834514479487154e+02 2.256191033633185441e+02 6.292917710782543850e+01 2.903224983149684246e-01 1.592170000872082767e+02 3.668406328666286155e-27 4.247717552014073228e-27 5.200105577098359691e-28 6.990887552940457939e-01 6.950154797205079794e-28 6.771388303081738672e-04 1.039368625976006639e-03 1.356789001477663541e-04 6.052165808979432793e-01 1.977590036702809185e-04 5.922785310991714941e+05 7.596772656919824658e+05 1.391999495908792596e+05 4.492673996661329383e-01 2.640681445588566130e+05
5.087043300626336029e-01 1.369820939538159621e+02 1.687220781618433136e+02 4.225559368297383855e+01 3.806024278995446264e-01 7.814695690666599148e+01 3.674255051437776767e-27 2.789252053820625798e-27 2.650084012890102978e-28 9.374580408761509220e-01 2.985028828422640436e-28 1.092866505604225434e-03 1.976046682711198304e-03 4.176472526526316662e-04 9.183139655634005027e-01 4.469500622257445714e-04 6.670215497433893615e+05 8.322283578968399670e+05 2.189169627725351602e+05 5.869762878876428891e-01 2.799949427645302494e+05
8.840268063712417579e-01 9.706004170839433698e+01 8.980520074293809785e+01 2.406004420022618007e+01 4.058026020864149985e-01 4.739867687074323044e+01 5.555918434488362567e-27 2.167114061671452452e-27 1.729636501892454825e-28 1.040781816953726402e+00 1.917013075761797397e-28 1.388124530254687076e-03 1.372467804116268408e-03 1.014522741016825281e-03 7.182438749873342188e-01 1.175147794172011224e-03 9.308725514303267701e+05 8.895737602949442808e+05 2.579586944924757117e+05 6.564565411995281208e-01 3.151868411435339949e+05
1.536262516748606588e+00 5.935521510961007863e+01 6.617285114551009428e+01 1.701041294377650814e+01 3.765448105243757726e-01 3.377782702373651347e+01 2.737423349746868303e-27 2.382662512669080366e-27 2.202968775453247694e-28 1.027961995815504848e+00 2.366981956150864793e-28 1.598741410803048140e-03 1.100780415264958258e-03 1.213186291645261105e-03 4.888307923658009591e-01 1.616295872189621539e-03 1.045669831779050059e+06 1.349983562760551926e+06 4.001748117585456348e+05 6.672447559509870896e-01 4.630227554325647070e+05
