# R (Mpc), mean rho (Msol/kpc^3), errup (Msol/kpc^3), errlow, std, median rho (Msol/kpc^3), mean pth (Msol/kpc/s^2), errup(Msol/kpc/s^2), errlow, std, median pth (Msol/kpc/s^2), mean gas-mass-weighted metal (fraction), errup, errlow, std, median metal, mean gas-mass-weighted temp (K), errup, errlow, std, median temp  
#  nprofs 262, mean mh 546332601858.774719, median mh 493398065841.281433 
#  Mass range 11.50 - 12.0
6.706029110378903786e-04 6.853221942188265920e+07 4.532885632556224614e+07 4.110363139717190713e+07 3.907873050615090493e-01 5.790396023453550786e+07 1.553938319084125188e-22 1.292708508695313739e-22 3.237887210678373875e-23 7.180767954309151824e-01 3.978259965263793835e-23 2.379351312380484709e-02 7.347404859188180759e-03 6.479868793797534388e-03 1.506035186697917971e-01 2.329047931114711090e-02 3.233608196712395875e+05 2.615576534778722271e+04 1.819280503332773515e+04 5.500699617819139187e-01 4.510424686054264021e+04
1.165374294563389359e-03 2.964177112419448793e+07 1.736655426012468338e+07 1.348949241939220019e+07 3.255355956419457852e-01 2.662995715226881951e+07 7.310246551958614197e-23 7.120945446616540341e-23 9.071802150636834547e-24 7.289055870330821696e-01 1.334457133518773929e-23 2.348656916819101548e-02 7.624506739322505638e-03 7.235367540937141795e-03 1.552956780035516793e-01 2.340597336554050417e-02 2.144818806764630426e+05 9.006043367820691492e+04 1.070145348098087561e+04 5.369356037439808604e-01 3.448253690254288085e+04
2.025188414895478031e-03 1.275857744583210163e+07 8.014987395143065602e+06 3.919655309662116691e+06 2.984470794852359665e-01 1.073583656975334510e+07 8.282354191651062391e-24 7.438144781046251378e-24 1.999738373017499797e-24 5.303760588143143773e-01 3.453548384572929816e-24 2.307505150505501437e-02 7.735655229299115421e-03 6.888083295624843755e-03 1.539694132842817920e-01 2.289896359874174503e-02 3.750312316843897861e+04 1.652928652647839044e+04 5.409615007386753859e+03 2.695538019757386938e-01 2.320966565308021381e+04
3.519374105778993230e-03 3.663291275509525556e+06 2.328639342140338849e+06 1.191676337201421382e+06 3.174769459608193789e-01 3.139252762685505208e+06 1.267692841542308175e-24 1.398008716279476560e-24 4.334938910650348013e-25 4.376523075287228060e-01 7.154198592425563799e-25 2.155671167649637551e-02 7.066603248582471741e-03 7.284106705262086839e-03 1.568701087873094202e-01 2.140446450539154610e-02 3.117418818028578607e+04 1.101285937642127101e+04 5.273973891226003616e+03 2.857758021583794439e-01 1.738479526101310330e+04
6.115971237701829134e-03 1.028902734484152519e+06 6.847699023278101813e+05 2.812826192612468731e+05 2.596647078626800886e-01 8.571694399187129457e+05 3.638621885630922601e-25 3.913317295273666071e-25 1.044948966919254762e-25 3.915909133022221766e-01 1.988835497643402262e-25 1.730076274716162155e-02 6.412920161586878331e-03 5.444341791308416473e-03 1.756760730925985836e-01 1.683603960522572773e-02 3.792978587430789776e+04 2.757326695695673698e+04 4.878959908461129089e+03 3.485571595203085793e-01 1.559476269710858469e+04
1.062833988548557602e-02 3.680868470561217982e+05 1.833356048725519213e+05 1.120523621365885483e+05 2.079558532417779271e-01 3.313606898972993949e+05 2.066504701880722211e-25 2.450061819254677512e-25 8.028522855825089006e-26 4.115091557580997095e-01 1.243311192971228526e-25 1.072687987689177266e-02 5.361545559755627813e-03 3.666412660531123691e-03 1.927293868125123932e-01 9.975817757045792045e-03 5.910961394551862031e+04 4.655967325453051308e+04 1.611228648579737637e+04 4.016845273241942960e-01 2.785969372154503071e+04
1.846993786122688719e-02 1.184119198552935704e+05 6.321353740534001554e+04 4.391531816978962888e+04 2.243364570480644027e-01 1.094025539486283815e+05 1.587140139087628255e-25 1.332123033075849567e-25 6.105399120860013134e-26 3.398568147668896700e-01 1.138456808423100868e-25 6.494832607770044224e-03 3.401590699025392600e-03 2.103309026939040663e-03 1.960792469231898982e-01 5.995225986261454310e-03 1.369770671949900279e+05 1.124279878647931473e+05 4.511741084837759990e+04 4.062483345172273053e-01 7.521068518622989359e+04
3.209707332218952880e-02 2.325263100841798587e+04 1.513215416351448221e+04 1.006827654387145776e+04 2.428724625262180525e-01 2.091085555461831973e+04 9.216132029325533674e-26 8.469098926443647936e-26 3.100309831698089960e-26 2.951751228320871334e-01 6.707991158856036245e-26 4.117506753022039633e-03 2.492365671259405557e-03 1.403140535319298207e-03 2.219411555450134521e-01 3.638398302844808412e-03 3.392782656271465821e+05 3.464335607455649879e+05 1.595787291994286061e+05 3.655590109112235031e-01 2.616364016657108441e+05
5.577832061973046762e-02 5.083485954953448527e+03 2.743558699547275864e+03 1.763432033450914332e+03 1.768148494095076184e-01 4.703798379447982370e+03 4.256583062399355222e-26 4.329560982137931997e-26 1.294029543454437723e-26 2.761735060913318995e-01 3.141702976063704564e-26 2.102314574839171148e-03 1.392151545207381087e-03 8.205822947144539433e-04 2.731219045060213069e-01 1.705936950216481148e-03 5.476598911852615420e+05 2.271854814727206831e+05 2.035236175698582665e+05 1.940510593458225352e-01 5.204879670882048667e+05
9.693161179921591653e-02 1.903714054297960274e+03 1.038895443660785759e+03 5.821544484917444606e+02 1.751126484991772370e-01 1.749439959064801997e+03 1.436840142107767863e-26 1.325859612942087847e-26 5.410540282375979915e-27 2.898237847268808620e-01 1.100377624639469887e-26 1.176144417887524125e-03 7.886798110023770462e-04 3.879764362627864758e-04 2.833107451095808194e-01 8.821221140618217774e-04 4.795411268719022628e+05 2.367495582200033823e+05 1.179399393900396535e+05 1.765898841334346547e-01 4.177286754441565135e+05
1.684478353166902198e-01 6.405495269747787006e+02 3.151846281202746241e+02 1.849219527850274858e+02 1.865962518338175613e-01 5.688334799594296101e+02 4.219035116668511354e-27 3.701029644199228253e-27 1.511078969289261619e-27 3.756950891255527725e-01 2.683476341649756800e-27 7.957785815322740734e-04 6.286368144897328371e-04 2.650873577883760255e-04 3.217087402266162188e-01 5.866841438381444887e-04 3.848662510168281733e+05 1.947757029947388219e+05 1.233802813334976090e+05 2.337569689486355962e-01 3.139420355667546391e+05
2.927287878143824407e-01 2.060923704812516917e+02 1.457281816167235888e+02 5.342113099230923012e+01 2.222514667943421285e-01 1.638290610632939774e+02 1.601233065839569649e-27 1.592651431574409861e-27 4.351005740584600157e-28 5.174077645347919807e-01 6.391310336301789749e-28 6.816406395491768138e-04 8.093855008199067353e-04 2.322716751259077739e-04 4.714245516977800809e-01 3.647114930774113511e-04 3.635368348278900958e+05 3.319581137073449790e+05 1.009925401473552047e+05 3.327905503128477105e-01 2.232090315165405336e+05
5.087043300626336029e-01 1.015092264009336560e+02 7.979262852810708750e+01 3.138260451101562865e+01 3.058008677745671644e-01 6.982457406443907644e+01 1.318767387354060360e-27 1.178592097204885331e-27 1.273347106955397023e-28 7.528317858364929060e-01 1.677984835622310374e-28 9.292547577856678917e-04 1.645588041722240592e-03 3.821865259646216447e-04 7.937504899365948052e-01 4.305074509787946762e-04 3.675022486226278706e+05 4.795075827423631563e+05 8.758623031004509539e+04 4.693341600244224643e-01 1.525907053777963738e+05
8.840268063712417579e-01 6.267990020958452391e+01 5.578488684528423391e+01 1.850734120360975510e+01 3.248092323197714903e-01 4.013503532154909692e+01 1.515659792053807396e-27 9.949480721308818717e-28 8.808703235642692993e-29 8.889716840265476927e-01 1.041947635420393653e-28 1.072374589708592792e-03 1.284595195012784921e-03 7.455366720455964581e-04 8.343205712165124854e-01 8.312021998958164402e-04 4.955163348545740591e+05 6.604117829576231306e+05 1.281002021256322041e+05 5.824921859128894264e-01 1.789380498932602059e+05
1.536262516748606588e+00 4.325329039355820271e+01 3.840016099840147490e+01 1.390410026857989223e+01 2.937361088013363264e-01 3.089898025753213062e+01 9.235121345768455916e-28 1.102517999268724636e-27 9.418239371223202128e-29 8.460734831583224258e-01 1.095182787275525943e-28 1.292725867777803602e-03 9.467614931876831407e-04 8.453583011865366953e-04 4.299404443639729401e-01 1.250061307781363340e-03 6.289302093973509036e+05 8.255822130911787972e+05 2.165714350178486784e+05 5.691020578075443037e-01 2.780101271202911157e+05
