# R (Mpc), mean rho (Msol/kpc^3), errup (Msol/kpc^3), errlow, std, median rho (Msol/kpc^3), mean pth (Msol/kpc/s^2), errup(Msol/kpc/s^2), errlow, std, median pth (Msol/kpc/s^2), mean gas-mass-weighted metal (fraction), errup, errlow, std, median metal, mean gas-mass-weighted temp (K), errup, errlow, std, median temp  
#  nprofs 261, mean mh 214012182492.871063, median mh 205555780689.578857 
#  Mass range 11.00 - 11.5
6.706029110378903786e-04 3.596075080196410418e+07 3.968865410376508534e+07 1.598083538777676597e+07 3.469011740993006576e-01 2.640032153928227723e+07 1.721780194624455777e-23 2.398213800635046329e-23 7.032559337492093579e-24 5.572127472684158533e-01 9.245730112160914965e-24 1.505707921227867133e-02 5.074927117485054581e-03 4.268390685603839704e-03 1.550770023107603257e-01 1.482505373096676578e-02 2.731445655902897124e+04 1.204820978307303812e+04 9.311368117397476453e+03 1.786428381124483267e-01 2.587725331213890968e+04
1.165374294563389359e-03 1.416102123670859449e+07 8.876544880038646981e+06 6.877122920167913660e+06 3.014660531112519637e-01 1.309600558032082580e+07 4.434734200708407997e-24 4.375535113466257801e-24 2.299649584984790234e-24 4.790943480499493812e-01 3.128174897181448911e-24 1.454016143626958926e-02 5.130294868253150453e-03 4.577765506742641904e-03 1.641589391257692598e-01 1.419251718258572256e-02 2.082540265722683762e+04 6.991272650016398984e+03 5.816001204494414196e+03 1.362915095296070300e-01 2.002913225901986880e+04
2.025188414895478031e-03 4.752852097555917688e+06 1.985063945356101729e+06 1.830491062541054562e+06 2.160858910268591560e-01 4.568047876540220343e+06 8.131488340613191103e-25 5.760884217926116623e-25 3.827447331255881195e-25 3.369160488987851809e-01 6.704495522176219331e-25 1.447407879492329172e-02 5.382253788993943133e-03 4.490532528639415433e-03 1.620125604074107439e-01 1.412811658209884441e-02 1.469968553137687923e+04 3.000003691087087645e+03 2.290376374544488499e+03 8.035552401909723530e-02 1.430088403432912673e+04
3.519374105778993230e-03 1.360145836463774554e+06 4.454154088176325895e+05 4.038129170619826764e+05 1.570516504134840952e-01 1.299073996553570963e+06 1.457370521296283798e-25 8.576468044189478210e-26 3.541006111215048170e-26 2.182202773433579157e-01 1.163788115886151512e-25 1.390550673868881995e-02 4.921446286778137155e-03 4.702431730116396133e-03 1.656798085592116887e-01 1.376632985889459336e-02 1.103319933511028830e+04 1.119445134675763256e+03 7.941141640295390971e+02 5.094833576696376765e-02 1.082687246628173307e+04
6.115971237701829134e-03 3.543378831824624795e+05 1.211075583768477663e+05 8.936761642338434467e+04 1.514487068486985444e-01 3.276719593550561694e+05 5.331670563589242558e-26 2.893007412022902398e-26 8.248557776432994172e-27 2.428555248255475085e-01 3.476922120134582485e-26 1.249718567488409225e-02 4.764197282355362578e-03 4.644258652702521438e-03 1.814910996659353237e-01 1.238885652445651658e-02 1.255772054427836702e+04 1.347772054249213397e+03 8.663963510654775746e+02 1.291383833001118475e-01 1.085018406965417853e+04
1.062833988548557602e-02 1.051849436025062605e+05 5.268336215847062704e+04 2.877760335137177026e+04 2.012116638600526808e-01 9.435621887384452566e+04 4.248424922729544933e-26 2.640059233527128320e-26 3.877325651216096787e-27 3.703007888116081614e-01 1.662130792551982511e-26 9.692785629843898160e-03 4.261849342397417556e-03 4.134222082261307905e-03 2.291760667550283015e-01 9.518745398500179367e-03 3.639553282702502474e+04 1.216254136537236991e+04 2.358971953347476301e+03 3.238093465829846029e-01 1.415980594762169130e+04
1.846993786122688719e-02 3.932648451154472423e+04 2.400302694901973882e+04 1.415769702612266701e+04 3.022115695309449679e-01 3.483389962510636542e+04 2.972264333273489517e-26 4.062698840332552710e-26 7.521286715010021667e-27 3.915976092927516139e-01 1.493155590412008809e-26 6.198517529242855879e-03 3.453925128363196859e-03 2.708707323808278236e-03 2.491273428243505894e-01 5.722296287428091724e-03 1.456291435751968820e+05 6.687170487581222551e+04 1.036719436996368677e+04 4.272684780744189226e-01 2.817534861470349642e+04
3.209707332218952880e-02 1.103098194018926915e+04 6.196655457690967523e+03 4.777078400928583505e+03 2.879993005035981768e-01 1.022303001440656408e+04 1.678913993568753055e-26 1.458589317490884412e-26 5.281695537589555402e-27 2.985793166012114530e-01 1.191595888974491750e-26 3.553109020607013533e-03 1.792827526462803783e-03 1.402581489459779965e-03 2.464425587680268981e-01 3.210388598498698735e-03 2.189695669337663567e+05 1.375775666123225819e+05 3.105824924230251054e+04 3.897359065571371350e-01 7.722361439857065852e+04
5.577832061973046762e-02 2.022316348577286590e+03 1.110926403108034492e+03 7.013822853226040479e+02 2.170167216572375102e-01 1.833922533286392763e+03 8.580384176754613292e-27 7.421962956930029612e-27 2.676102066291069522e-27 3.061155115557536166e-01 5.839986088769080435e-27 1.703811341597791891e-03 1.003767863006525861e-03 8.244232868391718986e-04 2.780686288154380348e-01 1.533220917353748372e-03 3.613250555500065093e+05 1.683354398961928964e+05 9.820648465935709828e+04 2.939006176128994841e-01 2.277156559665704553e+05
9.693161179921591653e-02 7.190797381822961825e+02 3.874290966822621840e+02 2.474970312411898590e+02 2.036611805992571689e-01 6.331644139706979786e+02 4.635030816094310562e-27 3.929503086301022125e-27 1.331648391976735617e-27 4.012067435003606186e-01 2.440871070261212592e-27 8.193646039064883448e-04 5.367040064192698905e-04 3.239922053349752031e-04 2.823523839619156983e-01 6.662412219272328094e-04 4.259837718433223199e+05 1.908034613736391475e+05 8.926439518034455250e+04 3.007631295057708321e-01 2.517314668349261920e+05
1.684478353166902198e-01 3.362690839487845551e+02 2.157723666970676391e+02 1.161489540910411620e+02 2.339269763672046087e-01 2.787396422962775091e+02 2.826388824151882706e-27 2.597506263427836106e-27 6.197130815374393884e-28 5.429798294654768487e-01 9.179203698094856018e-28 6.148843312045694162e-04 3.711500794955919082e-04 1.866488425105187945e-04 2.553211879868938494e-01 4.816998455008790372e-04 4.078028931317569804e+05 2.847577025521376636e+05 8.114444159597528051e+04 3.652674814806264880e-01 1.926279631406752742e+05
2.927287878143824407e-01 1.855173666350200961e+02 1.354752747349635058e+02 6.371262995402935303e+01 2.921661709087338687e-01 1.374818506521127972e+02 2.453796239399249466e-27 1.798704877321381320e-27 2.696179530145769470e-28 7.091632127737365066e-01 3.635142048783432744e-28 6.644712168001447056e-04 5.728786583458714970e-04 2.241624774543998820e-04 3.284637904672726427e-01 4.623188758856545608e-04 4.446929834660420893e+05 4.357571845080294297e+05 1.043977880336023518e+05 4.542465184962825031e-01 1.850836320142144687e+05
5.087043300626336029e-01 1.189946817655060158e+02 1.068278726148718079e+02 3.074916872664486789e+01 3.502105690080956069e-01 6.814915740621466966e+01 2.790364018757095898e-27 1.439320239999031775e-27 1.788438950687114743e-28 8.420215067656261487e-01 2.181444684074582599e-28 8.718698647760236278e-04 1.207783491889285847e-03 3.391474248279391411e-04 4.244042256464579110e-01 5.562458415774429584e-04 5.590039916892123874e+05 5.456148458506275201e+05 1.347224247280574054e+05 5.238591772582362749e-01 2.023457225293837546e+05
8.840268063712417579e-01 8.519857087586603939e+01 6.131532676874843446e+01 2.605846137532850193e+01 4.034236063772737024e-01 4.551752403749341624e+01 4.413657835058049212e-27 1.739650039517543006e-27 1.759648084121557793e-28 1.009656709590681212e+00 1.943272205802474673e-28 9.758187839038768565e-04 9.536333825705164535e-04 6.646498803228825282e-04 5.304875325279132525e-01 8.344314429365872095e-04 7.930884872869664105e+05 9.201802688382138731e+05 1.990915905301526363e+05 6.243611251270696494e-01 2.574503982557539421e+05
1.536262516748606588e+00 5.855572082087006436e+01 4.925272410210780549e+01 2.157974727073994359e+01 4.007401684846884082e-01 3.590851299555986031e+01 3.549698561489621473e-27 1.654223567477210844e-27 1.874046212731730827e-28 1.051891154639001735e+00 2.025602764893987660e-28 1.122038751743670900e-03 7.426755572541689568e-04 7.358625365729963173e-04 4.866316006965006324e-01 1.078387906380897081e-03 1.123187374198871665e+06 1.133882151362322737e+06 2.534554057269703480e+05 6.627916856301873105e-01 3.317217262338820146e+05
