# R (Mpc), mean rho (Msol/kpc^3), errup (Msol/kpc^3), errlow, std, median rho (Msol/kpc^3), mean pth (Msol/kpc/s^2), errup(Msol/kpc/s^2), errlow, std, median pth (Msol/kpc/s^2), mean gas-mass-weighted metal (fraction), errup, errlow, std, median metal, mean gas-mass-weighted temp (K), errup, errlow, std, median temp  
#  nprofs 213, mean mh 533465424735.030823, median mh 495650476607.173584 
#  Mass range 11.50 - 12.0
6.706029110378903786e-04 6.425323867651699483e+07 4.908364147246340662e+07 2.751005331678415835e+07 3.380808301899194679e-01 5.300438215539775044e+07 7.085969091632769806e-23 4.477852868068186819e-23 2.062830440194236818e-23 5.521524018483761065e-01 3.119518643802777289e-23 1.989909603434365792e-02 7.241027172966728320e-03 5.269544681243579914e-03 1.538220966765938558e-01 1.908668050944492545e-02 1.306472566721805051e+05 1.284014495415783313e+04 1.250533420340880548e+04 3.209214607296649868e-01 4.030900080477847951e+04
1.165374294563389359e-03 2.655345777352280170e+07 1.447602442616951466e+07 9.372663687986357138e+06 2.840296964593173601e-01 2.394502711121411622e+07 2.631181148870801244e-23 1.293349106341540223e-23 6.029986586237357121e-24 5.095579428179350945e-01 1.042267508082570205e-23 1.974929792522415323e-02 7.203420038668726516e-03 6.277589630236803803e-03 1.736907414397401150e-01 1.930434016484489437e-02 7.528457856698890100e+04 1.061152444806393396e+04 7.693095170473901817e+03 3.327052158552976091e-01 3.061284008957144761e+04
2.025188414895478031e-03 9.762895984929289669e+06 5.653686737883209251e+06 2.672428264619568363e+06 2.428132453628361609e-01 8.229852845114410855e+06 3.758229906185012317e-24 2.906003289268995417e-24 9.024415563176220312e-25 4.201608533169932658e-01 1.970262827491476017e-24 1.927426087809612845e-02 7.935118511487568999e-03 6.439066873967447258e-03 1.720292446782425988e-01 1.861892470719087381e-02 2.326107982901848300e+04 7.847420257590554684e+03 3.437376954120936716e+03 1.614405019797696406e-01 1.944438351001478804e+04
3.519374105778993230e-03 2.744979998208115343e+06 1.606769068512311671e+06 7.333334364189028274e+05 2.029723593418994720e-01 2.326439146521176212e+06 6.553349662301414574e-25 6.607014317425742534e-25 1.491925978128109975e-25 3.622835324283750769e-01 3.597810917350132329e-25 1.787415296818859953e-02 7.613252896448405999e-03 6.134168555140203510e-03 1.798856632005983447e-01 1.713135748004742873e-02 1.659292390298514511e+04 7.573061640883299333e+03 2.844954833853696982e+03 1.723793473577646673e-01 1.353539539085385877e+04
6.115971237701829134e-03 7.864764679258287651e+05 4.488532915355394362e+05 2.029106233993031783e+05 2.092776894101635310e-01 6.383052189876594348e+05 2.777859938073678345e-25 2.922061127529686577e-25 5.895665834769457002e-26 4.068757088961241219e-01 1.267798916237396013e-25 1.411482329162476283e-02 6.891107940434022805e-03 5.411709824363943218e-03 2.125606074408161184e-01 1.314754766984797818e-02 2.707380780552672149e+04 1.947981978159648861e+04 2.393272221508894290e+03 3.128419189368766284e-01 1.308272180847038362e+04
1.062833988548557602e-02 2.665898114460217184e+05 1.555468641246131447e+05 8.002772290869714925e+04 2.241460855139796871e-01 2.195294198894888104e+05 1.922921651690952746e-25 2.258197263192706759e-25 6.424528059682668759e-26 4.261674334925916741e-01 1.049183548782800702e-25 8.414427748321146733e-03 5.701162734967724771e-03 2.996121756867400378e-03 2.368300749957587270e-01 7.105765795655930028e-03 5.729806581181056390e+04 7.473473845280903333e+04 1.754949533437679202e+04 4.050824236318572580e-01 3.150315667536103501e+04
1.846993786122688719e-02 8.462286027701856801e+04 6.027318378677956935e+04 3.229712071789465699e+04 2.495881400334962197e-01 7.375560053438249452e+04 1.501097490758842014e-25 1.092182217126085121e-25 6.450354976685031921e-26 3.367795643023152041e-01 1.119930585671694196e-25 4.533759995336622203e-03 2.711983321611504197e-03 1.619833177927786864e-03 2.216560158255925783e-01 4.007793346192673432e-03 1.626151805669589085e+05 1.743231123335623997e+05 6.425284129495548405e+04 4.088726622982226111e-01 1.067169727437058900e+05
3.209707332218952880e-02 1.921510715471937510e+04 1.273485112375821518e+04 6.037331921702992986e+03 2.486715354670560318e-01 1.519956700322193319e+04 8.536023576273974069e-26 6.385265296850197789e-26 3.164995605721903791e-26 2.729937160936218854e-01 6.801443244364653792e-26 2.599174435289394042e-03 1.474548425843165422e-03 8.695778361088196164e-04 2.205398190599912878e-01 2.275754198092225841e-03 3.815307752185405116e+05 3.173750359452886041e+05 1.957180498798638000e+05 3.370532790841023196e-01 3.301201120630558580e+05
5.577832061973046762e-02 5.612181468934330042e+03 2.663239735471255699e+03 2.113866997968624219e+03 1.941920343896637313e-01 5.222412845666956855e+03 4.313548779711223567e-26 3.349963455095737930e-26 1.517932471455649350e-26 2.688625289106704175e-01 3.387131271940196846e-26 1.375456382761660636e-03 8.192415124456753697e-04 5.268864952098512716e-04 2.456777163928951235e-01 1.195081005718412036e-03 5.203394666118622408e+05 2.965408709898423986e+05 1.720832694978890941e+05 1.960571254614135450e-01 4.715131312617066433e+05
9.693161179921591653e-02 2.240835704931080272e+03 1.190340761762170814e+03 5.320165314194048278e+02 1.716660234840176325e-01 1.993173938166573635e+03 1.591655419784869361e-26 1.314260379763770970e-26 5.529003468590239475e-27 2.836520360341261426e-01 1.195447061160584313e-26 8.375156532601321256e-04 5.304759864513973249e-04 3.000947138996211579e-04 2.451383271560058086e-01 7.041855076640783856e-04 4.476649817907981342e+05 2.039412450396910426e+05 1.128506173989219824e+05 1.534916210916923707e-01 4.141205562756622094e+05
1.684478353166902198e-01 8.028985896799152897e+02 3.911948415717649823e+02 2.556607903590966657e+02 1.766924582801031596e-01 7.481492131974953281e+02 4.531999549599819438e-27 4.122554764648276712e-27 1.768226811330734524e-27 3.276968270647194759e-01 3.364328679432671636e-27 6.572110045683991460e-04 3.770331450917008406e-04 2.275196458738355083e-04 2.411554019747128019e-01 5.633522736522606107e-04 3.403709438514755457e+05 1.563189664309205837e+05 8.437567070339361089e+04 1.745302370331530961e-01 2.922238961104802438e+05
2.927287878143824407e-01 2.640352023038396965e+02 1.121852983676174631e+02 7.731858563090821690e+01 1.824861417608657777e-01 2.356320242948956434e+02 1.337127952615419545e-27 1.251422701763463741e-27 4.269254318767147902e-28 4.116650987131645345e-01 7.245709440146782080e-28 5.173232691145765233e-04 3.585707469516305436e-04 2.022341099864101454e-04 2.988127372597788045e-01 4.308699865341183511e-04 2.718829986141958507e+05 2.161613814724445110e+05 7.617752590493341268e+04 2.525059764653909133e-01 2.046836315070376149e+05
5.087043300626336029e-01 1.161815431842400415e+02 8.220317474757162302e+01 2.944499286929904258e+01 2.395822589026060934e-01 8.896110779648368805e+01 7.889984474041311436e-28 9.261460865619085064e-28 1.370411964960727932e-28 6.007873164679611300e-01 2.040338786688054110e-28 5.294036870044263425e-04 6.920220259444712172e-04 2.052133600349317607e-04 4.759713927123985222e-01 3.249130637208316416e-04 2.764274829153252649e+05 3.243470112964397995e+05 7.778861510894198727e+04 3.780239551045268542e-01 1.553050321905729361e+05
8.840268063712417579e-01 6.855901681588315455e+01 6.551950601400486107e+01 2.000157755735780540e+01 2.811949536214653489e-01 4.915329248006654694e+01 6.691584489072250348e-28 9.387011811867945019e-28 8.210535615446999548e-29 7.439959085513619952e-01 1.108691185467680702e-28 6.214333892007429345e-04 8.178957932445829904e-04 3.468175925558390554e-04 5.757582426707389400e-01 4.322999148488324071e-04 3.458847866398316692e+05 4.536794070757518057e+05 9.284740990538950427e+04 4.814766450097418549e-01 1.551503180386398453e+05
1.536262516748606588e+00 4.437658079174552483e+01 3.152872819704278839e+01 1.514783245537002898e+01 2.502498831707525850e-01 3.606544349648979875e+01 4.342649651327054708e-28 5.393641257870878308e-28 1.015159841165106778e-28 7.310234295213939859e-01 1.203155087572574402e-28 6.934495582622434611e-04 5.093367058435551440e-04 4.693449787636238711e-04 4.670381996534998525e-01 6.633857377594335738e-04 4.114393657404230325e+05 5.099151497423247783e+05 1.783551886626397318e+05 4.966707294020438201e-01 2.386909793396895402e+05
