# R (Mpc), mean rho (Msol/kpc^3), errup (Msol/kpc^3), errlow, std, median rho (Msol/kpc^3), mean pth (Msol/kpc/s^2), errup(Msol/kpc/s^2), errlow, std, median pth (Msol/kpc/s^2), mean gas-mass-weighted metal (fraction), errup, errlow, std, median metal, mean gas-mass-weighted temp (K), errup, errlow, std, median temp  
#  nprofs 310, mean mh 213462583691.209930, median mh 203907079445.127380 
#  Mass range 11.00 - 11.5
6.706029110378903786e-04 2.399894734563990682e+07 2.243146986731953919e+07 9.731595627541568130e+06 2.971415307607083167e-01 1.856967154120919108e+07 9.234911404912479010e-24 1.155356090912581955e-23 3.690367069183987694e-24 4.889763581964647887e-01 5.165158958260896027e-24 8.698850448814658340e-03 5.373521873515238467e-03 4.516586082198318849e-03 3.037525863274583293e-01 8.220785862837930863e-03 2.336272873845441427e+04 1.057021154052621932e+04 5.644023247981180248e+03 1.658020197879356838e-01 2.163194008084910092e+04
1.165374294563389359e-03 1.174220973670647107e+07 8.787250239254927263e+06 6.262899123293671757e+06 3.060365037454162440e-01 1.077295122041953914e+07 3.248898117292471996e-24 4.065945555586013227e-24 1.607282768335486864e-24 4.832899964988492392e-01 2.195380515349013535e-24 7.949818364302889059e-03 5.085179272639022037e-03 3.934255755206199009e-03 4.511367526554587726e-01 7.406481853982888226e-03 1.908499545334491268e+04 6.842565177418273379e+03 4.924239717016691429e+03 1.345867165453329406e-01 1.836561974008044490e+04
2.025188414895478031e-03 4.552061923843518831e+06 2.076180930428193882e+06 1.758291157806337811e+06 2.051747601949322486e-01 4.332556721649104729e+06 8.221385209087493570e-25 6.333569650751626364e-25 2.994840203618020962e-25 3.282353710146399539e-01 6.172344261989095431e-25 7.475671547535181830e-03 4.554019814871747632e-03 3.765480889000621684e-03 4.338998142669359681e-01 7.007112318723413349e-03 1.557404081008451431e+04 3.128365846561853687e+03 2.293095781948939475e+03 1.124809731939142715e-01 1.441135276572189832e+04
3.519374105778993230e-03 1.572652856846989132e+06 5.332282384520934429e+05 4.335351918680365197e+05 1.537262150749135747e-01 1.505756704604045954e+06 2.017249682468990663e-25 9.186674833580400184e-26 5.151131557625053566e-26 2.500268420390815982e-01 1.457973718199749079e-25 6.418242604366389617e-03 3.954124556532549913e-03 3.182481983930362992e-03 4.073135047739593895e-01 6.125674257699039414e-03 1.222812857886727215e+04 1.473807318937433593e+03 9.316672131901341345e+02 1.131224628919270947e-01 1.101777573251848844e+04
6.115971237701829134e-03 5.147753555982271209e+05 2.800563272057002760e+05 1.271266735472416622e+05 1.931191608938407633e-01 4.330953995106556104e+05 1.102208187217393363e-25 1.165798171590727624e-25 1.483417761564631792e-26 3.706316516676483319e-01 4.965491340221848894e-26 4.468878297019110608e-03 2.380845857263527883e-03 2.034638494501563900e-03 3.779020160406673101e-01 4.218182472551248140e-03 1.899186312613030168e+04 1.228662281024218282e+04 1.341140163980850048e+03 2.771103624062771220e-01 1.102383565186847227e+04
1.062833988548557602e-02 1.993703690320366586e+05 1.549799841121431673e+05 6.841139175616628199e+04 2.686760640280625445e-01 1.580880531132214819e+05 8.525037228032868266e-26 7.741506743229337487e-26 4.135703197312455629e-26 3.538644981534274647e-01 6.504321930045080257e-26 2.727223417711090083e-03 1.528678195722929511e-03 1.153108982311261107e-03 3.414496567764706003e-01 2.529791151844859587e-03 4.160725343157147290e+04 3.384677334279743081e+04 1.408082719951444415e+04 3.418806854968910458e-01 2.687091991682224761e+04
1.846993786122688719e-02 6.022085997038005007e+04 4.811937860780565097e+04 2.495745524901905446e+04 3.104407192414027072e-01 4.988304954913212714e+04 5.136350578380140278e-26 3.585574996588807845e-26 1.743653618583838368e-26 2.634550915243800695e-01 4.036759235679088419e-26 1.880094655176031172e-03 1.318811834424000844e-03 8.118728522345888300e-04 3.320328539999414796e-01 1.667821722317388081e-03 1.083382049591189716e+05 7.273862204601142730e+04 3.690845995929131459e+04 3.747632363631932528e-01 6.212930979170488718e+04
3.209707332218952880e-02 1.026066221471504105e+04 6.481576849159930134e+03 3.475501753704211296e+03 2.367678364520043321e-01 8.759065623781792965e+03 2.644382025318155779e-26 1.712537025684423885e-26 9.106219106758252169e-27 2.362428615533955778e-01 2.224004830990388269e-26 1.217171979972273433e-03 8.696082164720583905e-04 5.081404618616878078e-04 3.318640485330022760e-01 9.951810268119078758e-04 2.449172824471679342e+05 1.288473203051078890e+05 1.034189728118068742e+05 3.162511878260360065e-01 1.876272709493216535e+05
5.577832061973046762e-02 2.485731181411012585e+03 1.046539821947636028e+03 8.209434713613775330e+02 1.697267343274494467e-01 2.357769938848002766e+03 1.266429470515271488e-26 6.879084477920884524e-27 3.797813556717860502e-27 2.686669294471218938e-01 9.362388573082777750e-27 5.891282644456612930e-04 3.826553418030616315e-04 2.118002158636153652e-04 3.184682228253465919e-01 4.520836990455661579e-04 3.912479140070437570e+05 1.233119277766703162e+05 8.278231465056643356e+04 2.578677402279502262e-01 2.690138586387616815e+05
9.693161179921591653e-02 9.320401175535137099e+02 2.957438503316373044e+02 2.744284071766294346e+02 1.485596217072679137e-01 9.065284456048855191e+02 5.830765159761656368e-27 2.928237370814021956e-27 1.394665985124746142e-27 3.606181252386341796e-01 3.102620815542580489e-27 3.773590403729881726e-04 1.984628842685186496e-04 1.195545756773846286e-04 3.050851772396288020e-01 2.691222928630143869e-04 4.208367375982647063e+05 2.134802871948030079e+05 5.208196787800482707e+04 3.180307454602282480e-01 2.162319634800369386e+05
1.684478353166902198e-01 3.499005898023820009e+02 1.688556421804792080e+02 8.880404100286230573e+01 1.772182214460379934e-01 3.054742516541078885e+02 3.411731864731356504e-27 2.353645283897365363e-27 4.451584995293973225e-28 5.354102265873934563e-01 8.051261116985632245e-28 3.036180832018692418e-04 1.884487139871922541e-04 9.037228765844463924e-05 3.725508662038170549e-01 1.814470372462765918e-04 4.286251301560170832e+05 3.788094387094552512e+05 6.174722217504722357e+04 4.034325657698823453e-01 1.675235862724043545e+05
2.927287878143824407e-01 1.738155091010398223e+02 1.435453351909881690e+02 4.256215476055264446e+01 2.902433657561408475e-01 1.137559002218989690e+02 2.808292517645187930e-27 1.554936165437842284e-27 1.787777538197062085e-28 7.450476855797092401e-01 2.538296218030167159e-28 4.361591586949505549e-04 5.727394091048731940e-04 7.539728097233094233e-05 6.017410145596655546e-01 1.166566635912161048e-04 4.503028065034161555e+05 5.743920579889399232e+05 7.959695285886754573e+04 4.985730129124247290e-01 1.448008076099568279e+05
5.087043300626336029e-01 1.144514757206713682e+02 1.000241054261058906e+02 3.073571291652566728e+01 3.876377863565318438e-01 6.012134537566971915e+01 3.294475198049012713e-27 1.416385905928199595e-27 1.235933291764408024e-28 9.478453387040818301e-01 1.436464449020797414e-28 6.525163570098217822e-04 1.391516609048961848e-03 1.545229152775286902e-04 9.141699356668244736e-01 1.686730461241664600e-04 5.224803273554016487e+05 7.444696583658830496e+05 1.120605081865083630e+05 5.909887788525542973e-01 1.598217484597173461e+05
8.840268063712417579e-01 7.577353186644170080e+01 6.282412830267782766e+01 2.383943868924039933e+01 4.080127296791709601e-01 4.092019821342911001e+01 3.152912334065590258e-27 1.421193321494998857e-27 1.116217147285057032e-28 1.043442737216835114e+00 1.225349702099993075e-28 9.471576397739757793e-04 1.725468270258186457e-03 4.307754956975809587e-04 1.049042354793238818e+00 4.604559961784263924e-04 6.730248339860577835e+05 7.275874829923440702e+05 1.473658480724265683e+05 6.559883502847648762e-01 1.886548654033672647e+05
1.536262516748606588e+00 5.019990892670500671e+01 4.058593459769809186e+01 1.676898645285644918e+01 3.841679641817672963e-01 2.965443734119660490e+01 2.679345128936751034e-27 1.029533165233979186e-27 9.511574765464322369e-29 1.043786230227338407e+00 1.053590984668203474e-28 1.113087179430557018e-03 1.273110938218094835e-03 8.404829550015953084e-04 7.512912940287778119e-01 9.459658370135221863e-04 9.527424174057741184e+05 8.146416607974919025e+05 2.032625453348332376e+05 6.713142774759250919e-01 2.533601489665040572e+05
