# R (Mpc), mean rho (Msol/kpc^3), errup (Msol/kpc^3), errlow, std, median rho (Msol/kpc^3), mean pth (Msol/kpc/s^2), errup(Msol/kpc/s^2), errlow, std, median pth (Msol/kpc/s^2), mean gas-mass-weighted metal (fraction), errup, errlow, std, median metal, mean gas-mass-weighted temp (K), errup, errlow, std, median temp  
#  nprofs 84, mean mh 540745776426.606873, median mh 490769500118.523315 
#  Mass range 11.50 - 12.0
6.706029110378903786e-04 6.885141066554850340e+07 3.698839932569485903e+07 4.543790603651870787e+07 4.711938263257116066e-01 5.637789438795442879e+07 2.673394560187639349e-22 4.173333097712603742e-22 4.197276873873426298e-23 8.407418374217362489e-01 4.902251150543020375e-23 2.661799133175746929e-02 8.603258638447644491e-03 9.504111732718371203e-03 1.631266316722057852e-01 2.697084278224334830e-02 8.616292548155981349e+05 2.486893608922495041e+05 2.043361145271789428e+04 7.596112890972068765e-01 4.848632396505966608e+04
1.165374294563389359e-03 3.052215832306575030e+07 2.296485996135778725e+07 1.309599259855758213e+07 3.404925668372242864e-01 2.581511106402170658e+07 9.046100212186396900e-23 1.420946900294873773e-22 1.105522108347118311e-23 7.517367734784534683e-01 1.764414479049707914e-23 2.645356789783153209e-02 9.407951392262761670e-03 7.895211100489449296e-03 1.668948765248360888e-01 2.651868742552899311e-02 2.361525446721477492e+05 3.669352271907284739e+05 1.269821121970197055e+04 5.884298378282528663e-01 4.002898655870968651e+04
2.025188414895478031e-03 1.416373149049451388e+07 8.914025836669599637e+06 3.871507625422535464e+06 2.336143646225740667e-01 1.197032464913375489e+07 1.032667203135097229e-23 7.955500193276283015e-24 3.613196191101936653e-24 4.783531300102347728e-01 5.948764247379228563e-24 2.634262683198940191e-02 8.396979391852708863e-03 8.018641627373195024e-03 1.701518116376415368e-01 2.642714253259527413e-02 4.959500593586253672e+04 1.948823864325448812e+04 9.318888507970739738e+03 3.033745380625695320e-01 2.920987143638238194e+04
3.519374105778993230e-03 3.996224728511891328e+06 2.110335789847873617e+06 1.915282897061434574e+06 4.313928263247120420e-01 3.927357049520696048e+06 2.177424129208807923e-24 1.918066335404789419e-24 7.384673239405879906e-25 4.859168274261838061e-01 1.117767062948112608e-24 2.380479651319331730e-02 7.312094908233736368e-03 8.848935012693261853e-03 2.023624048360581074e-01 2.416189659072143919e-02 7.098460000205347023e+04 2.709134186721276637e+04 6.241400865441530186e+03 4.006775582138168423e-01 2.063892087572269520e+04
6.115971237701829134e-03 1.145021387869669357e+06 8.292230946457423270e+05 3.758670195051305927e+05 4.915447044930868481e-01 9.646996007481680717e+05 7.099075166959101250e-25 3.152084295998828626e-25 1.951637912853502775e-25 4.233811934998381044e-01 3.248927967632643726e-25 1.817258478503544494e-02 9.407956155181199792e-03 7.189270714178262744e-03 2.470732149310669867e-01 1.705031271688081662e-02 1.306550694430381263e+05 3.700748933146898344e+04 8.314686193423794975e+03 5.390902575848903755e-01 2.019246981812056765e+04
1.062833988548557602e-02 3.732573483063976746e+05 2.325828722602922353e+05 1.057298147854494746e+05 4.234325166003978236e-01 3.346812647355134250e+05 2.800911469635280009e-25 1.927566711002946667e-25 1.215268672174609612e-25 4.159075616176024504e-01 1.801584122621817733e-25 1.145193469380775125e-02 8.688816100418101165e-03 4.602480474185032325e-03 2.644532147548642187e-01 9.795807988287759047e-03 1.261057105522722704e+05 6.194881663157990988e+04 2.231255414399890287e+04 5.255527071782819526e-01 3.561049537567298830e+04
1.846993786122688719e-02 1.182020722114946984e+05 7.659079398486900027e+04 5.726697485515639710e+04 3.102378192403195123e-01 1.071240406913737534e+05 1.539554563891878623e-25 1.236270948276054477e-25 6.020276724619889998e-26 2.952154471726379237e-01 1.237592774161226646e-25 7.327678696419870352e-03 4.409619002108887756e-03 3.163529661724240501e-03 2.761237617234961750e-01 6.240870981527436509e-03 1.436017724325801537e+05 1.296357604168709659e+05 4.384256468307821342e+04 3.922286810086255127e-01 8.418516761241303175e+04
3.209707332218952880e-02 2.788845802172034382e+04 1.742939337218185756e+04 1.387421786876668375e+04 2.649246293718521827e-01 2.558117668436493477e+04 8.744168037511220520e-26 4.073686575350415751e-26 2.882616704325381301e-26 2.466884393183680912e-01 7.466965969732743738e-26 4.637230018166395469e-03 3.529151158963850232e-03 1.955576933888485310e-03 2.961949401389652459e-01 3.780853253993460630e-03 2.773228440060195862e+05 2.484459192943497619e+05 7.844223031615419313e+04 2.989049607670681841e-01 1.942541037266134808e+05
5.577832061973046762e-02 7.491267183207538437e+03 3.052400375096136486e+03 2.633943498154627378e+03 1.869591580217965510e-01 7.274335204197232088e+03 4.678373493844185805e-26 3.364086731718576400e-26 1.911940052110590837e-26 2.456843681075986663e-01 4.203486618422669336e-26 2.781097550505302538e-03 2.473235054985529861e-03 1.221529324086047773e-03 3.198708357646767309e-01 2.142224997439413914e-03 4.527106157079784316e+05 2.238250223304080428e+05 1.811538283675202401e+05 2.290643197313889101e-01 3.955939793143571005e+05
9.693161179921591653e-02 3.056096874599586499e+03 1.782894957247500315e+03 8.181541919775700080e+02 1.817737948402241288e-01 2.663464414675828266e+03 2.050854460920859689e-26 1.660878971083369013e-26 7.955735715119032612e-27 2.857720301667665552e-01 1.623486023375051090e-26 1.759904484066545814e-03 1.799100839796146127e-03 6.731836158851827465e-04 3.072220569163884862e-01 1.331319654013031527e-03 4.442152924568714225e+05 2.331337081935341703e+05 1.411158362104742555e+05 1.964796209020051865e-01 3.848499856747440062e+05
1.684478353166902198e-01 1.203142662773405391e+03 6.975263714108155000e+02 3.555011138517791096e+02 1.934671389842002320e-01 1.047051622679136017e+03 7.386420371225239736e-27 7.174835097571113303e-27 2.193075599793639117e-27 3.563457360362171644e-01 4.683997427618840891e-27 1.136703902540470504e-03 7.436834478264632781e-04 4.171784357297610114e-04 2.658772372445055154e-01 9.723121407956245325e-04 3.686742665596375009e+05 1.373898909770117607e+05 1.227815975165599666e+05 2.062034351171175006e-01 3.390444706660587108e+05
2.927287878143824407e-01 4.174286687171383505e+02 2.445525507933288054e+02 1.567270024456755095e+02 2.021581755500483080e-01 3.774388456527605058e+02 2.749478303690430748e-27 2.584278019825665661e-27 7.911580580745633263e-28 4.667612927613078444e-01 1.252959173087649520e-27 8.443245870365344297e-04 8.494968918205795562e-04 2.808728317366251470e-04 2.950887824784486635e-01 6.478969861421102639e-04 3.302915239069606760e+05 2.563624430442864250e+05 1.110909980189330527e+05 2.882455843875173507e-01 2.369427908125296526e+05
5.087043300626336029e-01 1.731089428841871722e+02 1.040313043825264003e+02 5.492198043206931857e+01 2.463616196560695082e-01 1.370762257948740626e+02 1.404837109342687936e-27 1.187451096156968295e-27 2.639404766824670517e-28 5.910577543926918143e-01 3.695833119223883678e-28 7.025205300377005682e-04 9.130960260405026133e-04 2.866330839653558320e-04 3.773606578776079745e-01 4.816787994603340117e-04 3.005950907554443111e+05 3.067274321168301976e+05 8.950877841865611845e+04 3.593023444189216153e-01 1.769012773304368020e+05
8.840268063712417579e-01 9.831981932448327655e+01 8.622165236747727590e+01 2.814457585880359858e+01 2.875457532048271148e-01 6.823193553250160903e+01 9.684982068293942416e-28 1.009992162764501121e-27 1.450164237803839074e-28 7.190478226523562277e-01 1.791758690609776518e-28 8.795059888027468653e-04 8.725546645667621838e-04 5.345113358697113756e-04 5.051266198015859077e-01 7.317947499571121660e-04 3.156182251277569449e+05 3.692243036522740731e+05 1.072338939172720857e+05 4.431233265195728133e-01 1.655920146557803091e+05
1.536262516748606588e+00 5.344458571951296477e+01 5.394843200705041397e+01 1.182008235015790376e+01 2.639523669741256628e-01 3.700904888557001016e+01 4.675726153923113018e-28 8.310300967576380539e-28 5.789675332824427991e-29 7.773005153443085513e-01 7.654618480968009054e-29 7.419651603279410566e-04 7.446666555369378313e-04 4.533424225506944914e-04 6.261696554588476182e-01 6.031974040558523396e-04 3.336612865368683706e+05 4.547202048397035687e+05 1.119822109907936538e+05 5.296733666184910705e-01 1.574054649634003290e+05
