# R (Mpc), mean rho (Msol/kpc^3), errup (Msol/kpc^3), errlow, std, median rho (Msol/kpc^3), mean pth (Msol/kpc/s^2), errup(Msol/kpc/s^2), errlow, std, median pth (Msol/kpc/s^2), mean gas-mass-weighted metal (fraction), errup, errlow, std, median metal, mean gas-mass-weighted temp (K), errup, errlow, std, median temp  
#  nprofs 238, mean mh 214430118883.116364, median mh 209821487322.167664 
#  Mass range 11.00 - 11.5
6.706029110378903786e-04 2.705611355993411690e+07 2.364041532687818632e+07 1.176866876540566422e+07 3.060023243883938093e-01 2.128030678984643146e+07 1.080398428623605142e-23 1.421830466143174270e-23 4.490929045692349968e-24 4.677584595504649112e-01 6.467542715833146931e-24 1.089017965253613607e-02 4.752632421672469201e-03 3.714147436304196873e-03 2.123546042631208053e-01 1.034721906279968857e-02 2.562091066561117623e+04 8.697905062201694818e+03 8.289755398905981565e+03 1.595520343350886328e-01 2.540402821920985298e+04
1.165374294563389359e-03 1.333643889109961316e+07 7.805421220510842279e+06 6.790509995592213236e+06 2.674882786226599474e-01 1.267721051159756444e+07 3.994865969023508032e-24 4.259331133092343759e-24 2.088805078716865350e-24 4.140088763971476182e-01 3.087289253531108496e-24 9.953997530827752432e-03 4.723998266408600127e-03 3.957650278556466145e-03 2.306209931479971664e-01 9.421209518533592633e-03 2.106833734558106516e+04 6.340124082783018821e+03 4.185600521392621886e+03 1.166518671412545560e-01 2.024183240203665264e+04
2.025188414895478031e-03 5.317281824438695796e+06 1.821420356500420719e+06 1.694426281827648170e+06 1.729725146611438003e-01 5.197418696521481499e+06 1.003840464402071066e-24 6.612848991921346022e-25 4.183681600968815358e-25 2.919847805426920573e-01 8.570567323079533009e-25 9.402075304344717152e-03 4.469173907810104762e-03 3.916416352689636865e-03 2.338516349895334301e-01 8.869159768804904878e-03 1.587963023319216700e+04 3.190296801350095848e+03 2.371385080601867230e+03 8.155547104282004356e-02 1.543730962192136030e+04
3.519374105778993230e-03 1.870749719816321041e+06 6.758309229048104025e+05 4.873755544997625984e+05 1.520740875241784751e-01 1.740024813616915140e+06 2.572489852857352326e-25 1.607564901349141869e-25 5.788035369733384175e-26 2.758396346466759907e-01 1.664016877920662320e-25 7.955973826270399188e-03 4.251039614000931555e-03 2.698118437124060257e-03 2.266401678943298914e-01 7.355791161848260901e-03 1.279246031258352741e+04 2.181026755565326312e+03 8.324694390107597428e+02 1.153184352521136602e-01 1.113615867463026552e+04
6.115971237701829134e-03 6.497501087338172365e+05 3.463148207052237121e+05 1.695703934426385094e+05 1.821018981319510455e-01 5.689515020720474422e+05 9.268210544578086283e-26 7.081013367385746319e-26 1.836260222877585197e-26 3.017917963168428308e-01 5.592330362759992828e-26 5.113285161780564171e-03 2.637777323517364811e-03 1.897652115432797541e-03 2.209001532326114736e-01 4.677139136122437403e-03 1.339444476521958495e+04 2.295552165432634865e+03 1.094196152541022457e+03 1.808767260341899719e-01 1.042755007151925747e+04
1.062833988548557602e-02 2.830725343683027313e+05 1.550627522301970166e+05 1.073780451577351196e+05 2.221334740505361005e-01 2.575302366732090595e+05 9.700239253848815702e-26 9.971633741373893311e-26 4.459677030039557917e-26 3.614146103277955380e-01 7.111805704221102258e-26 3.021593974401756699e-03 1.527224174320703041e-03 1.069663327599737045e-03 2.147047069009930531e-01 2.786587261772892950e-03 3.016926290127709217e+04 2.542469696880799165e+04 1.142170157857452978e+04 3.123117746449711185e-01 2.170782629939274193e+04
1.846993786122688719e-02 8.520558443655326846e+04 4.905407181862475409e+04 4.189415348066406295e+04 2.541074493239712240e-01 7.973438516790125868e+04 6.122793446531585850e-26 4.534981710048888894e-26 1.877492494499668218e-26 2.576601947294532291e-01 4.754148761370850593e-26 2.181774280884142807e-03 1.262210699884555413e-03 7.359753516416372900e-04 2.381935171480873970e-01 1.877701831999834328e-03 7.008691604404915415e+04 5.886059477178737870e+04 2.253130687711541032e+04 3.300381501556470254e-01 4.547564075898594456e+04
3.209707332218952880e-02 1.427254978255348396e+04 7.385966044843738928e+03 4.674466561766565064e+03 2.000177469790138107e-01 1.293616361003580460e+04 2.790672588915735252e-26 1.606173306577802588e-26 8.525905496364206172e-27 2.113305497080161244e-01 2.395144525821869394e-26 1.518237573864453108e-03 9.183769846492148559e-04 6.229208850449857639e-04 2.796166094581927775e-01 1.333022086685465776e-03 1.566556368960514374e+05 1.025965657608570909e+05 5.143399715499143349e+04 2.457938897036824333e-01 1.278209001594082074e+05
5.577832061973046762e-02 3.348927388351112768e+03 1.063899370138518861e+03 1.008184234648319489e+03 1.501087094256066956e-01 3.245810682940619699e+03 1.216387806698576552e-26 6.405599598370250686e-27 3.869601330782075509e-27 2.098630170757801727e-01 1.060949166230695024e-26 7.565959513422957283e-04 4.216250898660415993e-04 3.048060860408410865e-04 2.938067869862067694e-01 6.231135778778373879e-04 2.523843411256854597e+05 7.746410581422224641e+04 6.481563790582231013e+04 1.697682407986064457e-01 2.279123240046799765e+05
9.693161179921591653e-02 1.215883000669588455e+03 4.220076846868112170e+02 3.569059561177905380e+02 1.482706681522593106e-01 1.170654527364240494e+03 4.688102057124495224e-27 2.692756615839891227e-27 1.347440782453152207e-27 2.822201042876608112e-01 3.347081783100147008e-27 4.465726400068854938e-04 2.393547038499716862e-04 1.482366004794615324e-04 2.576818714268855337e-01 3.761550502227144210e-04 2.499352476202025427e+05 7.277765333551407093e+04 4.820892108344245935e+04 2.076111642641265687e-01 1.928664204263499705e+05
1.684478353166902198e-01 4.358913958089828498e+02 1.723649917381545151e+02 1.240415952030325570e+02 1.627447281090870224e-01 4.014229129266346376e+02 2.107439782929267460e-27 1.519882484513310889e-27 5.433534677528795321e-28 4.176074904818709577e-01 9.692268128790402685e-28 3.095791005577152970e-04 1.810502845972345690e-04 9.436323140463680334e-05 2.896360826092985730e-01 2.401464901325280705e-04 2.524730860513875668e+05 1.393373389377480489e+05 5.500020661426875449e+04 2.941282664493576893e-01 1.578275319765657769e+05
2.927287878143824407e-01 1.871020777152848495e+02 1.216605831892422316e+02 4.619283981303145481e+01 2.357643828793797303e-01 1.429256711275110661e+02 1.430298646315208863e-27 1.279625946238901324e-27 1.962123631805087799e-28 6.180712846939724336e-01 2.911142201267980273e-28 3.736361320727409258e-04 3.904898316840585849e-04 9.104377049127744439e-05 4.691851545329468465e-01 1.646974963322513389e-04 2.846465862434319570e+05 3.155792107968253549e+05 6.769410476020941860e+04 4.152285937556243200e-01 1.291311483262350084e+05
5.087043300626336029e-01 1.164772157516890587e+02 1.238733560547568686e+02 3.322556394686021264e+01 3.426926974142430193e-01 6.957319659502488207e+01 1.469628808511434074e-27 1.451916905588083626e-27 1.352302092419610328e-28 8.302288154669417164e-01 1.615686815264389587e-28 7.370520923585310641e-04 1.328059793791861593e-03 1.493061404192467427e-04 7.730656332053205126e-01 1.889892687481307943e-04 3.513997095022792928e+05 4.224752860361715429e+05 1.094682602113055764e+05 5.194735864026504002e-01 1.552799270321119693e+05
8.840268063712417579e-01 7.082421490737161207e+01 6.964048857043263752e+01 2.412412090902629913e+01 3.628182078748571349e-01 4.434500243196640668e+01 1.122881211757412289e-27 1.067777900505513876e-27 1.290308625378348327e-28 9.238166953801272285e-01 1.418300424267999476e-28 9.544119160002560677e-04 1.519765869036874325e-03 5.620530627556517703e-04 9.843201159278760493e-01 5.931954764062021684e-04 4.357359122736735153e+05 5.639334901963467710e+05 1.625887277448924724e+05 5.848745668474010229e-01 2.010323048458358971e+05
1.536262516748606588e+00 4.471744943263369976e+01 4.198595076856896924e+01 1.905128442030582647e+01 3.205483502403389529e-01 3.395757493531844773e+01 5.948652311137525218e-28 7.539853254402593053e-28 1.409001790061057898e-28 8.687080812203743507e-01 1.546687745443270532e-28 1.067937619688684187e-03 1.053517045236089305e-03 8.072824139739305342e-04 8.131772070475723480e-01 9.501586563869883744e-04 4.964695221851077513e+05 5.319640941669731401e+05 2.355306334127559967e+05 5.642127334454645204e-01 2.964265225144136930e+05
