# R (Mpc), mean rho (Msol/kpc^3), errup (Msol/kpc^3), errlow, std, median rho (Msol/kpc^3), mean pth (Msol/kpc/s^2), errup(Msol/kpc/s^2), errlow, std, median pth (Msol/kpc/s^2), mean gas-mass-weighted metal (fraction), errup, errlow, std, median metal, mean gas-mass-weighted temp (K), errup, errlow, std, median temp  
#  nprofs 284, mean mh 211788175977.104218, median mh 201546987750.423279 
#  Mass range 11.00 - 11.5
6.706029110378903786e-04 1.202531716769281961e+07 7.701597002618424594e+06 3.284722386823323555e+06 1.928661244331418834e-01 1.061545875906754285e+07 1.395108484670274350e-24 7.538650185746578494e-25 4.387871874508963000e-25 3.510648997829676765e-01 1.089222624837142390e-24 1.334873456254888563e-03 1.129667026782622558e-03 6.707038515938643607e-04 1.289449107293451746e+00 1.044845783354291565e-03 1.242759491676152902e+04 4.234736568491209255e+03 1.803693000442099219e+03 2.299785590845339067e-01 1.181142039052599284e+04
1.165374294563389359e-03 4.426835527433361858e+06 2.836302593157891184e+06 1.861871802265807288e+06 2.513230018559384216e-01 3.863380642664331943e+06 4.955764373140334975e-25 4.832395744766521381e-25 1.707407504455822764e-25 3.666540609484691404e-01 3.496430779224633526e-25 1.338526919342354670e-03 1.181841519366334976e-03 6.019558690789409122e-04 9.740118249712250709e-01 1.031650473019440732e-03 1.207844536137802243e+04 2.948447540157845651e+03 1.558837006444680810e+03 1.710103068802996396e-01 1.185231097760343437e+04
2.025188414895478031e-03 2.403961917784840800e+06 9.306660946245817468e+05 8.417062086173323914e+05 2.017230684172973965e-01 2.341276288181248587e+06 2.521391322901998944e-25 1.335501158540802266e-25 8.336566615739323494e-26 2.538573424721059513e-01 2.115939542863368234e-25 1.256094140411626037e-03 1.153019084646396582e-03 6.046125548044817928e-04 1.079424316227203251e+00 9.987326938894055747e-04 1.167371852153605687e+04 1.496819458394342291e+03 1.284591949015653881e+03 7.994017855757837299e-02 1.151203349850872655e+04
3.519374105778993230e-03 1.026925329761490808e+06 2.953220816208448960e+05 2.627364900337876752e+05 1.334329402618779636e-01 1.003740720828461112e+06 1.330947964736624646e-25 3.238951992290223965e-26 2.766188956570358538e-26 2.309451765173413385e-01 9.334476270799042725e-26 1.160384153777090869e-03 9.847747568724422168e-04 5.959019975066796046e-04 1.073147791708009224e+00 9.892526194186018404e-04 1.320838567246725142e+04 9.952590345178687130e+02 1.087631826603072113e+03 1.545095272054564650e-01 1.104378621994226341e+04
6.115971237701829134e-03 3.592223299266761751e+05 1.587396724519544514e+05 9.225801069732103497e+04 1.625525138659995594e-01 3.311936307186013437e+05 1.074149444791506598e-25 9.604079734953161857e-26 1.296738178774009483e-26 3.845654619496506332e-01 4.522557942591932882e-26 9.051747512903349745e-04 7.037685867578098893e-04 4.806033894656739779e-04 1.040898350896115154e+00 7.791112526758842052e-04 2.469911285523512197e+04 2.106096623572191311e+04 2.119701070477171015e+03 3.092952131534447147e-01 1.273642854442999669e+04
1.062833988548557602e-02 1.220012765435083857e+05 7.397410158326156670e+04 4.427615405480762274e+04 2.548061999927673793e-01 1.058850213760410843e+05 9.690822742737527905e-26 8.424257161856913397e-26 5.045344956742312966e-26 3.441150278218899627e-01 7.854244768167200041e-26 5.871182110201257154e-04 3.817854668683053456e-04 2.937573316354651423e-04 1.001759806839528144e+00 5.097408133614870574e-04 8.586408077052203589e+04 5.257995484900110023e+04 2.957921077758403044e+04 3.372851295784648484e-01 5.093087305906811525e+04
1.846993786122688719e-02 3.874294615360680473e+04 3.623281925801461330e+04 1.411978943469803380e+04 3.175610167608597378e-01 2.879719057168563813e+04 5.629471125225716394e-26 4.233246133016294877e-26 2.113326892383028278e-26 2.638881954278678443e-01 4.619367871234802335e-26 3.920114874366908346e-04 3.063151164277573384e-04 1.837593296491690461e-04 9.644602970962138366e-01 3.163863631965755600e-04 1.405906764013415086e+05 1.049868267437946488e+05 5.997380411194793851e+04 3.046837743522836095e-01 1.109321872193993622e+05
3.209707332218952880e-02 8.025440054760941166e+03 4.769699444101725021e+03 3.238199215306896804e+03 2.446379454193633174e-01 7.178988799880178703e+03 2.767013366946668805e-26 1.651402376625319428e-26 9.340101669641501363e-27 2.351929285297081895e-01 2.365117602806510460e-26 2.469176485880530372e-04 2.110608021566905471e-04 1.127575530876772926e-04 9.256105839058944573e-01 1.863014602191804365e-04 2.895584627772175008e+05 1.464684757695065637e+05 1.105927941539693275e+05 2.581278756229660742e-01 2.463379626966039359e+05
5.577832061973046762e-02 2.688219005729954461e+03 1.147490515828140360e+03 8.017080442183555533e+02 1.693199938474179711e-01 2.536448758125456152e+03 1.279726834314919638e-26 7.534837236684861072e-27 4.529468524097043727e-27 2.378548591474807239e-01 1.105015294036100242e-26 1.501052423835054245e-04 1.300775772761013328e-04 7.227262316990035488e-05 8.882363940015717274e-01 1.116414004200864626e-04 3.407034408286507824e+05 1.077225400223761098e+05 7.896314781242504250e+04 1.910987036284839957e-01 2.859586705488936277e+05
9.693161179921591653e-02 1.075996445282037485e+03 3.804294048866029243e+02 3.133427751028884813e+02 1.452509159594353172e-01 1.040109477004393511e+03 5.263438112668352184e-27 3.702213389585967857e-27 1.696861202906718677e-27 2.991275296954451490e-01 3.702454483324799968e-27 1.092879357852140874e-04 9.155552905814354041e-05 5.156889507080671619e-05 7.803767991196544074e-01 8.357615982639823773e-05 3.345712682940565282e+05 1.617496512160631828e+05 5.843824484609480714e+04 2.462982412246959851e-01 2.265910830578913447e+05
1.684478353166902198e-01 4.050256865277848988e+02 1.745083814553516959e+02 1.132873161956570129e+02 1.709612383343430964e-01 3.691910829959526836e+02 2.617493286047884178e-27 2.711433670997263261e-27 5.307279038798213479e-28 4.660817729754819783e-01 1.007360231694941737e-27 1.020222660722157126e-04 6.380895142320181553e-05 3.681207120587347216e-05 8.987799362937268777e-01 5.841257858379743189e-05 3.565833488304820494e+05 2.984225925647551194e+05 5.220373320341014187e+04 3.508438811901247734e-01 1.702055677296353970e+05
2.927287878143824407e-01 1.858904505392435169e+02 1.623921634111974015e+02 5.450725374749937657e+01 2.649184714321285994e-01 1.357567927736924673e+02 1.934365214670387225e-27 2.193107674605083855e-27 2.525413901228536737e-28 6.893718568151524506e-01 3.467913057816824489e-28 1.215968305330722670e-04 1.154978944226570683e-04 2.887953878272160228e-05 9.444200094235227771e-01 4.081936419835726661e-05 4.152015029574480723e+05 4.849660202625928214e+05 8.538466535641402879e+04 4.662789435377590608e-01 1.617016629847730801e+05
5.087043300626336029e-01 1.176676045895439700e+02 1.354329288344347049e+02 2.987923674665881180e+01 3.761285427405490212e-01 6.304311162299388371e+01 2.206795089500577121e-27 2.214896834501178470e-27 1.520715001944579342e-28 9.255870221401653053e-01 1.763855695802038209e-28 4.089092949384878013e-04 5.465355993427916618e-04 3.649717020050164133e-05 1.232570077029176536e+00 3.938361636478680448e-05 5.156795888187607052e+05 7.759289545906716958e+05 1.217222006530267245e+05 5.810186265778620740e-01 1.710955218379205908e+05
8.840268063712417579e-01 7.742933419474387335e+01 7.223238285622953470e+01 2.175241648708085407e+01 4.049187434433873523e-01 3.981267708292511998e+01 2.558462911970605278e-27 1.814198587839222764e-27 1.353737997270174688e-28 1.029782054268141733e+00 1.471521016647779507e-28 4.886917037658754107e-04 1.106280208680743759e-03 9.872452423360988992e-05 1.459225231045913285e+00 1.055334715678689356e-04 6.706072444179800805e+05 9.333089818740939954e+05 1.769012162057231762e+05 6.468425817009487711e-01 2.209927908084626542e+05
1.536262516748606588e+00 4.986487570263932412e+01 4.287594902792572782e+01 2.100930122646838427e+01 3.551452618716881005e-01 3.534520451183540501e+01 1.610130770533787404e-27 1.030107685333944464e-27 1.645293854477420410e-28 9.774496317943155432e-01 1.761171179832514484e-28 6.155516342634353814e-04 7.777153996331192436e-04 4.520714027302021759e-04 1.113922795796458143e+00 4.755337599233385457e-04 7.739103625061071943e+05 9.561688563588117249e+05 2.662326342626000405e+05 6.344842039998627170e-01 3.200412082637026906e+05
