# R (Mpc), mean rho (Msol/kpc^3), errup (Msol/kpc^3), errlow, std, median rho (Msol/kpc^3), mean pth (Msol/kpc/s^2), errup(Msol/kpc/s^2), errlow, std, median pth (Msol/kpc/s^2), mean gas-mass-weighted metal (fraction), errup, errlow, std, median metal, mean gas-mass-weighted temp (K), errup, errlow, std, median temp  
#  nprofs 204, mean mh 521285486654.737122, median mh 469234834891.853394 
#  Mass range 11.50 - 12.0
6.706029110378903786e-04 4.601445239794728160e+07 3.984808700350065529e+07 2.516130204620755091e+07 3.559562940466531322e-01 3.809062159972889721e+07 3.462641887679979574e-23 3.120205814712199489e-23 1.352806853977443940e-23 5.372754014337089989e-01 1.755330870001039624e-23 1.616535030642947401e-02 5.779252785682656435e-03 4.548344481912585530e-03 1.666528523162902897e-01 1.548691635470633363e-02 8.319770727641809208e+04 1.198286902075669786e+04 1.076187611530410140e+04 2.729686485392339157e-01 3.322986117320290941e+04
1.165374294563389359e-03 2.002214742391018942e+07 7.255384295769866556e+06 7.882285969741025940e+06 2.665782912508226632e-01 1.987120757100637630e+07 9.438671867040033552e-24 4.685732677527108612e-24 3.984820472472595177e-24 4.493734920294633062e-01 6.914326541731506412e-24 1.567406490184978379e-02 5.369717606453740938e-03 4.945560414979521119e-03 1.784805041002371084e-01 1.516138321561899885e-02 3.022418777303089519e+04 6.169531322900060331e+03 6.258053377734420792e+03 1.701826770670158417e-01 2.541631482150263037e+04
2.025188414895478031e-03 6.432740042397734709e+06 2.396174883769307286e+06 1.841480079043308273e+06 1.859992737176123512e-01 6.008066577036503702e+06 1.529879267372358566e-24 9.641072822322815308e-25 5.010269666083045579e-25 3.120228115321962425e-01 1.095734822949352908e-24 1.556094741957123051e-02 5.823433067673610894e-03 4.897797404586899314e-03 1.822647247415922211e-01 1.497533540462084832e-02 1.775568132780110682e+04 3.884245805079161073e+03 2.536030925869348721e+03 1.062321422205668858e-01 1.647928227228452306e+04
3.519374105778993230e-03 1.766521727910858113e+06 6.297931526028770022e+05 4.456173879689846653e+05 1.387400741432042728e-01 1.645024936231936794e+06 2.842660138798028865e-25 1.589527305759556250e-25 8.460102729066544340e-26 2.788175220656747832e-01 2.059567272529775222e-25 1.456800818483742176e-02 5.419072036514718804e-03 4.523325282483130552e-03 1.874803201765529170e-01 1.413666600402011322e-02 1.361619496586188325e+04 2.359721860330077106e+03 1.076148808413057850e+03 1.409562883753578411e-01 1.148741918092860396e+04
6.115971237701829134e-03 4.582672148422615137e+05 1.497577937052635243e+05 1.067451620749237482e+05 1.431334688983610381e-01 4.270775051567616174e+05 1.332130052828416490e-25 7.961635039713912586e-26 3.270171784492719156e-26 3.508357275920352403e-01 7.071120830443501866e-26 1.219577551914640713e-02 5.687306372604514562e-03 4.530687777194054161e-03 2.115275207837763460e-01 1.141238180290416425e-02 2.059547553744338802e+04 9.427617540049626768e+03 1.339902126887767736e+03 2.502802437379170741e-01 1.189481576885831055e+04
1.062833988548557602e-02 1.350719319075926032e+05 5.381250617664247693e+04 3.593865510581040871e+04 1.674776478444114924e-01 1.227676191009862960e+05 1.378807292908704630e-25 1.887916104939541471e-25 3.636543271603967733e-26 4.807678433704435372e-01 5.759043669370314993e-26 8.473722660095795237e-03 4.817980879080725233e-03 2.884971364324708486e-03 2.309762429230464986e-01 7.491071473143615621e-03 7.841985075521287217e+04 9.019713379208995320e+04 1.699191001869678439e+04 4.455752835336606599e-01 3.208578975027113847e+04
1.846993786122688719e-02 4.112766610848770506e+04 2.255856009823900968e+04 1.541053070493009363e+04 2.190695131136452534e-01 3.710941174636998767e+04 9.706327291733821339e-26 1.044499066632849914e-25 4.459262528487877417e-26 3.913114210907145951e-01 6.707469554099034527e-26 5.108577120558964284e-03 3.265932781287607563e-03 1.477071094599506987e-03 2.423523521087010413e-01 4.240438067682338052e-03 1.933810732963559858e+05 2.212160939087764418e+05 7.259473647233255906e+04 3.990420946969754912e-01 1.217652467825391504e+05
3.209707332218952880e-02 1.010061341792898747e+04 7.063551388528730968e+03 3.496912788022438690e+03 2.421533633755065806e-01 8.403729911988348249e+03 5.357183244264138164e-26 3.975854115281757205e-26 2.372556030683242124e-26 2.916545768434490871e-01 4.447756085887975415e-26 2.779409913034735970e-03 1.883803371918141116e-03 9.156462128035204595e-04 2.646116546183467921e-01 2.287839965038312127e-03 4.179663653608747409e+05 3.184072962244299706e+05 1.573045006726537831e+05 2.837884177037882094e-01 3.386874967102399096e+05
5.577832061973046762e-02 3.340318832513601137e+03 1.548056321053413740e+03 1.153023574982057426e+03 1.971005879912858250e-01 3.082118252118650162e+03 2.916978109562854506e-26 2.374620130359833135e-26 1.148737620652249005e-26 2.783143052493963210e-01 2.365606736799072696e-26 1.256440717052856272e-03 8.971232451837117625e-04 4.255451869187108077e-04 2.601965266510961605e-01 1.003995420589352990e-03 5.940340138246646384e+05 3.231670218403752660e+05 2.204421841026893235e+05 2.031766552860307384e-01 5.466343800142785767e+05
9.693161179921591653e-02 1.514221482168828288e+03 6.776792369054323899e+02 4.866378810750368302e+02 1.803263914580870708e-01 1.406181884931037985e+03 1.179475992225645138e-26 1.020692094047618630e-26 4.171642392648028407e-27 2.855912063210070406e-01 8.929663248460759801e-27 6.921957770408851364e-04 5.314313988843864193e-04 1.850412101795911174e-04 2.564884169515949108e-01 5.266467029758135996e-04 4.968517967140485416e+05 2.344330588741053361e+05 1.409170612225192017e+05 1.644671517232708657e-01 4.551808215256150579e+05
1.684478353166902198e-01 6.082148235598292558e+02 2.897279294869431396e+02 2.275428980309407052e+02 1.961138662321847137e-01 5.642356210164969070e+02 3.833566494053275040e-27 3.355966445653146848e-27 1.644868194605518172e-27 3.477048877446668462e-01 2.838258424874111527e-27 4.995048035092730133e-04 3.120217344073106811e-04 1.743996057816067841e-04 2.379316256639524285e-01 4.210101576335093096e-04 3.855142085845198599e+05 2.061360896659245482e+05 9.849231748844456160e+04 1.949962005969298751e-01 3.178065790093742544e+05
2.927287878143824407e-01 2.319254813217776530e+02 1.437748755772991558e+02 7.485261167402293836e+01 2.048641661944750891e-01 2.020581345672437124e+02 1.398848826529506830e-27 1.433629522942960581e-27 3.746941384805073642e-28 4.517451968917275962e-01 6.553166953938799851e-28 4.101742216001439626e-04 2.208274557846843459e-04 1.630085716962286554e-04 2.444559551843862866e-01 3.628077957416615124e-04 3.095111460711061372e+05 2.090896576371669944e+05 7.277677167842190829e+04 2.699957305663241436e-01 2.151537926825759059e+05
5.087043300626336029e-01 1.167752278080331081e+02 7.843480634510004279e+01 2.754758716931809204e+01 2.558413035553658843e-01 8.470763368843537933e+01 1.123669321682295070e-27 1.197756313066267911e-27 1.063220352382781423e-28 6.062541312446209085e-01 1.946066554710243277e-28 3.833533695851407716e-04 2.398196485483285959e-04 1.653548570928732261e-04 3.262361679753691956e-01 3.007108499053579367e-04 3.159240798701794702e+05 3.983777449791440158e+05 5.829701414152704820e+04 3.613086362806894880e-01 1.595907792014782899e+05
8.840268063712417579e-01 6.726674665292864574e+01 6.127574146357071072e+01 1.990025128113725472e+01 3.039634820949376204e-01 4.540090398047644271e+01 1.006371580737623024e-27 8.709742506601708273e-28 9.873655559633167370e-29 7.879838829571120806e-01 1.227988359932438835e-28 4.305138108979141812e-04 4.912909011705814295e-04 2.605846046164854153e-04 5.689505841235780181e-01 3.255492059165345387e-04 4.061793462194740423e+05 4.884035079139100271e+05 1.085868076814085653e+05 4.986646250529335189e-01 1.702303179344129167e+05
1.536262516748606588e+00 4.310923966002485486e+01 3.251872488381022208e+01 1.458627137557713382e+01 2.642464966412945704e-01 3.424376440245576703e+01 5.617383711990980177e-28 9.450740839757083090e-28 8.618433780267839532e-29 7.478745859022526421e-01 1.110418344376005561e-28 4.968943422148787252e-04 3.957211131049938237e-04 2.895581654385712979e-04 3.821010943334649523e-01 4.557589658043897062e-04 4.938125949717679759e+05 7.606535340972674312e+05 1.600317904964136542e+05 4.994893216931715063e-01 2.426279541457736632e+05
