# R (Mpc), mean rho (Msol/kpc^3), errup (Msol/kpc^3), errlow, std, median rho (Msol/kpc^3), mean pth (Msol/kpc/s^2), errup(Msol/kpc/s^2), errlow, std, median pth (Msol/kpc/s^2), mean gas-mass-weighted metal (fraction), errup, errlow, std, median metal, mean gas-mass-weighted temp (K), errup, errlow, std, median temp  
#  nprofs 54, mean mh 522906545096.729431, median mh 497040445199.579041 
#  Mass range 11.50 - 12.0
6.706029110378903786e-04 1.862499392814059928e+07 1.872139155681921542e+07 6.474799010497540236e+06 2.780873284313873928e-01 1.412340039297608286e+07 5.994021287055040184e-24 7.945831659869791784e-24 2.840851723861197317e-24 6.253801309307260858e-01 3.560959465538571903e-24 5.355430799130632760e-03 2.140339257663639340e-03 3.936322063078431278e-03 3.672588568762379380e-01 5.692462941243072762e-03 2.016111749878914270e+04 1.035098821680391120e+04 8.276543968395737465e+03 3.204112192096854050e-01 1.830746036129533968e+04
1.165374294563389359e-03 9.882379362913373858e+06 4.612449107376012951e+06 7.083932906903237104e+06 3.360010850589547071e-01 1.040494645374258794e+07 2.525498772193455482e-24 3.154002666912106474e-24 1.353732280696982799e-24 5.340071249479888538e-01 1.682444827934676081e-24 4.899955303186757927e-03 2.548346317118256946e-03 3.649667284545358732e-03 3.400368880714483844e-01 5.213547163509480060e-03 1.758302365487199131e+04 6.403248801545792958e+03 4.718441723738689689e+03 1.410383803213227372e-01 1.653242073378037821e+04
2.025188414895478031e-03 4.120315371752583422e+06 2.483107942505951039e+06 1.700889048245872371e+06 3.255787908328592883e-01 3.856319143924219534e+06 6.709071412068732743e-25 7.056070385069279696e-25 2.256552973248655859e-25 3.881650280804621600e-01 4.851314286554453758e-25 4.705658401589046455e-03 2.177919399527727257e-03 3.480098213703470330e-03 3.382295531508128228e-01 5.029315198074420928e-03 1.481496112445676226e+04 3.057549586391851335e+03 2.072713192403109133e+03 1.113631554759035303e-01 1.361059253479841209e+04
3.519374105778993230e-03 1.532732059642468113e+06 7.322909354562796652e+05 3.522943539582850644e+05 1.608649332497280593e-01 1.365728919885071926e+06 1.786720871906713958e-25 1.567945807111261150e-25 4.764898494919204600e-26 2.286837036352436514e-01 1.398477661721442492e-25 4.240210545948134256e-03 2.295633296115519306e-03 2.948735657309337239e-03 3.316192275860104788e-01 4.443107248226923350e-03 1.141232753531484741e+04 2.057788976228868705e+03 6.432410179261933081e+02 5.054898951967811555e-02 1.091503075160631124e+04
6.115971237701829134e-03 4.817974377742774086e+05 2.989998199295736267e+05 1.014280207653984544e+05 1.633641995814165415e-01 4.087281302174069569e+05 2.086158761481060884e-25 9.013984536221759598e-26 3.969378344532163915e-26 4.260691957450950529e-01 7.848666004668855003e-26 3.070088693634483949e-03 1.571221157839692521e-03 1.826191655791873942e-03 3.209238112325412673e-01 3.135935683978934973e-03 3.296796444758639700e+04 1.544153668888394532e+04 2.078780158723151544e+03 3.568326631650862168e-01 1.258812844583385231e+04
1.062833988548557602e-02 1.543579906460785132e+05 8.949123726757551776e+04 4.587796959450664872e+04 2.033267285010245395e-01 1.339278874991076591e+05 1.927240097275515292e-25 2.811148999264020627e-25 5.572623945072663844e-26 4.501437941913890572e-01 9.479696095948019588e-26 1.927604535820507401e-03 1.123219754331191865e-03 1.099325898916251720e-03 3.185936811958370307e-01 1.839271124877088449e-03 9.920705804828389955e+04 1.602053030701369280e+05 2.292914020143793459e+04 4.384968292251007482e-01 4.361185197113343020e+04
1.846993786122688719e-02 5.322542661578371917e+04 3.503188903524460329e+04 1.913937289582859012e+04 2.549060986621565772e-01 4.578691404453080031e+04 1.652936826378790947e-25 1.406154260574414726e-25 6.014609780152954405e-26 3.351460140637653740e-01 1.228209901779301955e-25 1.053476713303884080e-03 4.685042726559479620e-04 6.069773924172304101e-04 2.887661120971655726e-01 1.007077944841144445e-03 2.660061380675478140e+05 1.936291846068606828e+05 1.333241081259818748e+05 3.658818643455079567e-01 2.072338707475135452e+05
3.209707332218952880e-02 2.058445964993700181e+04 1.470514406280571711e+04 8.304177923250757885e+03 2.803522484431232309e-01 1.686322321890816238e+04 7.897225195291889131e-26 5.498935998173488826e-26 2.254603437960656692e-26 2.508334724487448208e-01 6.095699521010005774e-26 5.746141681668810123e-04 2.817271378450661532e-04 2.723428040559120909e-04 2.807174613834969024e-01 5.108963913216611058e-04 3.366089602935359580e+05 2.849969160179732135e+05 1.075209460958992422e+05 3.010160338653531942e-01 2.498325520040382689e+05
5.577832061973046762e-02 6.521336515080926802e+03 3.106020516300733107e+03 2.093653171938761261e+03 1.791737954204257743e-01 5.937595278907959255e+03 3.570664112629408995e-26 1.752099187322921550e-26 1.288781145219129968e-26 1.831570499897683391e-01 3.224108565297288528e-26 3.199883630974159577e-04 1.932116346936045212e-04 1.177286273987358236e-04 2.604079342564181165e-01 2.738139981700489240e-04 4.002967071219942882e+05 1.556630237780833850e+05 1.555487776403366006e+05 1.752768626221543335e-01 3.928065848343436373e+05
9.693161179921591653e-02 2.415096185418264668e+03 9.794465017428983629e+02 8.261529659178468137e+02 1.459254858500620700e-01 2.337144193200921563e+03 1.478432431077161888e-26 8.842419714270092055e-27 5.904941721771341377e-27 1.996032963368467306e-01 1.381759364880893704e-26 2.274841277444478247e-04 1.209303714569406418e-04 8.311026981994756239e-05 2.551942413613019212e-01 2.019194313676445421e-04 4.127873594495217549e+05 8.988124056667555124e+04 1.028230313406921341e+05 1.287088386896061976e-01 4.089183314247338567e+05
1.684478353166902198e-01 9.641979411617305686e+02 3.704921808584572318e+02 2.995784699105292930e+02 1.497991585740926779e-01 9.230915331704463824e+02 5.374333059070253160e-27 4.015203800140924060e-27 1.503857587504391267e-27 2.738569674915967700e-01 4.024264814255812473e-27 1.737908370121794572e-04 8.167650212226578582e-05 8.324684534613115768e-05 2.341629555256455331e-01 1.705116930068836844e-04 3.496497923911981634e+05 1.143571791279898607e+05 7.899873602635203861e+04 1.560373737466231592e-01 3.102044462099042721e+05
2.927287878143824407e-01 3.934870479204469689e+02 2.884672241937390140e+02 9.363428909245209297e+01 2.006599088104975559e-01 3.215718083955140969e+02 2.003092657759861495e-27 2.732555642925647257e-27 4.860937379298081433e-28 4.071518955482959501e-01 1.004043992624378086e-27 1.408935593309698132e-04 6.465240494160946348e-05 5.750047695950261605e-05 2.496309865162941177e-01 1.346357712218227603e-04 2.691944804612676380e+05 1.533444807814251690e+05 6.870256491151140654e+04 2.169866460771656125e-01 2.207576928481918003e+05
5.087043300626336029e-01 1.798715704645038898e+02 1.356927413743408408e+02 4.559542798436331168e+01 2.505950045218836575e-01 1.330932381799266011e+02 1.004608662158810044e-27 1.071968902180942290e-27 1.839665056260440851e-28 5.360503015345595701e-01 3.085421351118214056e-28 1.270648758176439689e-04 7.499030871952716798e-05 5.582422298870154561e-05 2.567304679712223425e-01 1.161066088078025003e-04 2.278982166217048944e+05 2.088988229076389107e+05 4.334503638483092072e+04 2.920872267673436662e-01 1.383533348335918854e+05
8.840268063712417579e-01 9.626530452738269616e+01 6.429482704857844055e+01 1.791448343256721643e+01 3.044813311501186615e-01 5.831337306971616385e+01 1.041705860377721659e-27 6.245965411908054850e-28 6.251940936879531153e-29 7.132969718664743386e-01 9.945676254503143085e-29 1.318192823867700880e-04 1.559102531272930686e-04 4.546257830173410213e-05 5.080302164992779312e-01 8.287009423857570807e-05 2.809700787066672347e+05 2.877916713338224217e+05 4.758956915561328060e+04 4.236609120113568050e-01 1.124259439101367316e+05
1.536262516748606588e+00 5.601405319891424028e+01 5.807383155934060426e+01 1.715724484829282659e+01 3.311011196691515668e-01 3.585366442108239937e+01 7.696160698452750378e-28 7.637651573864194838e-28 4.815838475102953358e-29 8.879751437684738624e-01 5.975556039433047455e-29 1.247390176362293227e-04 1.874398940558155387e-04 5.168190688422492430e-05 5.599915488422003707e-01 6.929267348544884708e-05 4.009804189770933008e+05 5.768002258417394478e+05 6.692819342698581750e+04 5.644818767825162675e-01 1.114416586602742318e+05
