# R (Mpc), mean rho (Msol/kpc^3), errup (Msol/kpc^3), errlow, std, median rho (Msol/kpc^3), mean pth (Msol/kpc/s^2), errup(Msol/kpc/s^2), errlow, std, median pth (Msol/kpc/s^2), mean gas-mass-weighted metal (fraction), errup, errlow, std, median metal, mean gas-mass-weighted temp (K), errup, errlow, std, median temp  
#  nprofs 158, mean mh 525871668449.628235, median mh 486914615236.048462 
#  Mass range 11.50 - 12.0
6.706029110378903786e-04 1.805812561538810283e+07 1.293991513482770324e+07 5.178979973994703963e+06 2.444109498056644403e-01 1.391950728476801142e+07 5.243266963537270189e-24 6.196075219022010704e-24 1.938706153669072096e-24 4.603860366488010669e-01 2.874621044165206353e-24 5.123957858800741623e-03 4.077289383400298922e-03 2.118130821380222271e-03 2.868537897085232657e-01 4.175705713272172270e-03 1.936418613760372682e+04 1.048769433332411063e+04 6.052887071195400495e+03 1.687117985392674047e-01 1.758254901177402280e+04
1.165374294563389359e-03 9.056107669675815850e+06 6.002689838755161501e+06 3.810005242593994830e+06 2.993059452595319136e-01 7.744487600822920911e+06 2.010335821196226174e-24 2.347521239859927524e-24 9.982014206547946491e-25 4.516172011390970353e-01 1.361479158404757854e-24 4.665027040812089361e-03 3.434954743137424472e-03 1.892653141533627483e-03 3.699397569639656380e-01 3.887150362830704524e-03 1.663171972215959613e+04 4.967682667910547025e+03 4.011677222551414161e+03 1.134953861408295045e-01 1.602843048985889254e+04
2.025188414895478031e-03 3.550559564986369107e+06 1.596119499981809407e+06 1.570442551626132103e+06 2.350019284445736822e-01 3.473890852226801217e+06 5.116863303378456281e-25 4.709914846232042945e-25 2.131685934420241967e-25 3.395469847731747426e-01 3.888887070423675651e-25 4.496955058426135854e-03 3.486178810186838558e-03 1.901469327343829376e-03 3.261840102814856923e-01 3.834775543226955508e-03 1.354303824790988074e+04 2.746828999329141880e+03 1.724869612616963423e+03 7.598361808747314261e-02 1.305738533023550372e+04
3.519374105778993230e-03 1.244261937526817899e+06 5.381746193388854153e+05 3.316176662623037118e+05 1.779748545301403362e-01 1.162594864205208607e+06 4.172898003019915819e-25 1.261519205699989545e-25 3.013276917668442011e-26 3.854887253727735108e-01 1.107775634917618120e-25 4.067578074764779082e-03 2.848793054198048465e-03 1.980589838970747522e-03 3.186623973057682302e-01 3.657108934096320318e-03 2.474336876931613369e+04 2.456203879609158321e+03 1.211559768302704470e+03 2.829519977331093061e-01 1.159932254720493438e+04
6.115971237701829134e-03 3.799056435320264427e+05 1.738245403362041106e+05 7.928734208135044901e+04 1.656457888259741384e-01 3.464275494263446890e+05 2.070026489362973864e-25 1.431047180713518029e-25 1.745400170259499643e-26 4.699372914570726367e-01 5.259283438470644711e-26 3.266240779021657194e-03 2.334846457639387987e-03 1.549552300652509446e-03 3.154227954865374550e-01 2.840749961544430935e-03 3.790012355554278474e+04 1.966393901527648268e+04 1.944156509242911852e+03 3.710361262511168712e-01 1.322253086478546356e+04
1.062833988548557602e-02 1.104343048217390460e+05 5.890916979836711835e+04 3.562398330302235991e+04 1.858336592327392844e-01 9.901904762210232730e+04 2.040381385867210998e-25 3.095381189862368770e-25 6.047547761705174029e-26 4.755551818175676737e-01 9.578444267021268094e-26 2.216137615138966208e-03 1.519654164277148365e-03 1.095742593055184198e-03 3.201627268623172817e-01 1.981463130029820392e-03 1.328919735441248049e+05 1.962292455813643173e+05 5.111221341428701999e+04 4.415901849550223357e-01 7.816330982301042241e+04
1.846993786122688719e-02 3.586798342464867164e+04 2.756541157452151674e+04 1.284921588906281067e+04 2.642130375560354794e-01 2.878411759608763532e+04 1.361794156345069596e-25 1.186894128364165332e-25 5.717450458980656404e-26 3.353906383572320959e-01 1.003985491951199195e-25 1.332281167362463345e-03 1.168383572148582470e-03 6.351018945458351958e-04 3.314732810614423042e-01 1.101934848984866292e-03 3.159845237881297362e+05 2.809579387355837971e+05 1.269736372142154287e+05 3.407549819924380330e-01 2.362265951908416173e+05
3.209707332218952880e-02 1.180006618517816423e+04 8.259175199413708469e+03 3.891937807637574224e+03 2.758567723658405524e-01 8.967630057228328951e+03 6.770490242425351852e-26 4.596331613269614296e-26 2.481380627689886384e-26 2.580874687540958279e-01 5.564819008295283131e-26 6.817136110562618204e-04 5.382999637386998507e-04 3.101386810176403968e-04 3.436095325639470510e-01 5.572267067138593835e-04 4.910731700175087899e+05 2.840770732396922540e+05 1.820422691184135620e+05 2.813309802765689982e-01 3.981251458462538430e+05
5.577832061973046762e-02 4.069144026685400604e+03 2.091819818031344766e+03 1.224461716513676492e+03 1.821039499230809877e-01 3.639521008179838645e+03 3.471232259689444761e-26 2.556511356443482661e-26 1.398868758593300307e-26 2.427059813755102213e-01 2.963615844569905033e-26 3.447277491554298786e-04 2.475402604729950388e-04 1.453527116691748580e-04 2.885808160834706926e-01 2.900005808908151603e-04 5.876158590337418718e+05 2.920190944393973332e+05 1.457182355347650009e+05 1.718722528515013170e-01 5.202557147333483445e+05
9.693161179921591653e-02 1.837610094862351161e+03 7.490528630038520532e+02 5.226893533442994340e+02 1.583684409348176947e-01 1.714614909387498301e+03 1.425512407479831147e-26 1.023938712186385227e-26 5.654593974958993278e-27 2.721611954558850188e-01 1.160920891235041235e-26 2.095139978312491171e-04 1.371787569999398447e-04 8.739028270270552605e-05 2.641699187740434440e-01 1.827820461302798660e-04 4.972356808774699457e+05 2.125000292638887186e+05 1.329848644251767546e+05 1.612911044318977583e-01 4.525158586315180873e+05
1.684478353166902198e-01 7.644092500641240804e+02 3.411171688151475792e+02 2.428428799922325538e+02 1.749933417922082679e-01 7.047743084613057363e+02 5.140893464928675383e-27 3.954799758482087820e-27 1.698181762610563031e-27 3.381154266898601102e-01 3.371474772682258125e-27 1.607757960861552944e-04 8.121879706722277847e-05 6.200247341733684738e-05 2.360769092481304343e-01 1.456007640009508979e-04 3.968283750878437422e+05 1.521149025157067808e+05 9.483803551356220851e+04 1.931331102535508715e-01 3.336348441808711505e+05
2.927287878143824407e-01 2.996400613098898589e+02 1.669142262827220407e+02 8.551385190657114777e+01 1.971163011798577058e-01 2.638813604546280089e+02 2.122626419642134387e-27 1.277175460543433502e-27 5.116766103526295512e-28 4.261196976904657041e-01 9.444184909741855028e-28 1.387801971048468715e-04 1.063651147529858431e-04 3.788183203917917146e-05 2.496282953352559064e-01 1.109048839983410475e-04 3.286537911962441867e+05 1.539819607991184166e+05 7.981159040976600954e+04 2.473014272079121223e-01 2.332858944346726348e+05
5.087043300626336029e-01 1.368535312118999343e+02 6.644752650288535278e+01 3.730036034495509512e+01 2.388266783536935889e-01 1.071551914290375578e+02 1.899985402048645557e-27 7.082271046256351343e-28 1.724344983565866114e-28 5.601739289474668704e-01 2.883323843550293079e-28 1.189765099050152998e-04 9.301214415638215391e-05 4.815730116402033059e-05 3.474932080658152955e-01 8.876040625893202364e-05 3.280947170165170101e+05 1.979689254301307374e+05 8.143771728435475961e+04 3.316913501034547962e-01 1.861859941087453044e+05
8.840268063712417579e-01 7.850070885637265405e+01 5.946246738760225981e+01 1.959841201834374758e+01 2.977292898771330409e-01 5.072972745049152365e+01 1.611150610016260776e-27 7.915422344443982904e-28 9.206165731339597875e-29 7.337456616563609035e-01 1.298278935807970714e-28 1.351974189167723785e-04 1.896325689978783447e-04 4.986398754480264031e-05 5.418856981912970605e-01 7.469473441413100427e-05 3.829038250635556178e+05 4.047403574207109050e+05 9.355269374231820984e+04 4.473228517023915551e-01 1.693262765322665800e+05
1.536262516748606588e+00 4.784397578371510917e+01 3.199672428950511716e+01 1.797787680679169497e+01 2.966867787905267395e-01 3.607625578033435687e+01 6.380775785529535770e-28 4.715389291800788967e-28 1.055791098006130307e-28 8.185190780661329990e-01 1.203703111708223252e-28 1.393825071101599772e-04 1.789995868996728480e-04 7.723655100016552826e-05 5.979350525103149794e-01 9.329231982386175775e-05 4.331300895553944283e+05 4.464450378151083132e+05 1.590852305127611035e+05 5.315612860530232187e-01 2.123895966347522626e+05
