# R (Mpc), mean rho (Msol/kpc^3), errup (Msol/kpc^3), errlow, std, median rho (Msol/kpc^3), mean pth (Msol/kpc/s^2), errup(Msol/kpc/s^2), errlow, std, median pth (Msol/kpc/s^2), mean gas-mass-weighted metal (fraction), errup, errlow, std, median metal, mean gas-mass-weighted temp (K), errup, errlow, std, median temp  
#  nprofs 219, mean mh 212252556038.184570, median mh 202238426498.392609 
#  Mass range 11.00 - 11.5
6.706029110378903786e-04 5.533494394340934604e+07 4.484417817999371886e+07 2.440710845033559948e+07 3.442638347650239794e-01 4.387958572382447124e+07 3.647627412040251936e-23 3.367801822238650370e-23 1.371668509016211586e-23 4.991080474931672839e-01 2.012768502664348078e-23 1.805570960879925024e-02 5.972209395691995687e-03 5.696499180320288916e-03 1.706904091445005101e-01 1.789839414222319999e-02 3.649600445500553906e+04 1.092276690599013091e+04 1.160157162731557401e+04 1.562846298288217139e-01 3.519813168207520357e+04
1.165374294563389359e-03 2.245523473614242673e+07 1.202412435024419054e+07 7.635814574066324160e+06 2.788745987218383959e-01 2.008904833129549399e+07 9.786607603396298623e-24 6.973378463058548714e-24 3.713858997787394605e-24 4.327290943003326285e-01 7.321508249932317804e-24 1.711278273157320132e-02 5.841925653572471733e-03 5.621568714560456342e-03 2.071600050944230331e-01 1.709456945844591014e-02 2.768678220632093144e+04 7.034974301158617891e+03 5.696298034042076324e+03 1.296050976284938150e-01 2.674693194433046301e+04
2.025188414895478031e-03 7.948092762190991081e+06 2.414600551813715138e+06 2.362471012657974847e+06 1.970067253287991482e-01 7.757611783367526717e+06 2.059497469889128973e-24 1.129774482019795876e-24 7.757556664759665169e-25 3.180868158008417490e-01 1.733431445916393542e-24 1.656498524507226885e-02 4.924283551394788988e-03 6.360136338007088205e-03 2.066896976277149689e-01 1.703350832066664530e-02 1.905457964241027003e+04 3.956853835018864629e+03 2.957627573416340965e+03 9.631734074651954192e-02 1.845791338640671529e+04
3.519374105778993230e-03 2.558849613921991084e+06 1.325232244309781585e+06 6.622954474632954225e+05 1.847068337631549151e-01 2.270350913321251981e+06 4.195351924619249466e-25 3.594238243131857786e-25 1.186243973973751489e-25 2.940030963792833463e-01 2.969476292245743726e-25 1.467471103110064637e-02 5.498073069070309390e-03 6.523208219250266338e-03 2.150505635945979543e-01 1.483425381548790327e-02 1.299727233436943061e+04 3.815500940945590628e+03 1.570292571947409670e+03 9.298335169612291506e-02 1.202012097352680394e+04
6.115971237701829134e-03 8.527206981341857463e+05 5.325133746488239849e+05 2.623150294690096634e+05 1.947248855243587373e-01 7.472172953622642672e+05 1.381313870743976089e-25 1.085686827884686224e-25 3.290166641797180711e-26 2.755780226858768334e-01 9.488107224755891457e-26 1.038568099317203376e-02 5.298388426209652002e-03 4.434617081492011129e-03 2.262123211675522716e-01 9.758429089036856768e-03 1.330098964582261215e+04 3.505866743130272880e+03 9.111155743423441891e+02 1.438255930208009181e-01 1.100664614472233006e+04
1.062833988548557602e-02 3.633673776199216372e+05 2.143220842495101970e+05 1.431998481724761950e+05 2.238062290097163065e-01 3.414180464910859009e+05 8.692827731572276962e-26 7.555817337646571593e-26 2.943530334467264859e-26 2.932518808379747655e-01 6.265674516286833336e-26 6.055143060078740404e-03 2.853948879365824330e-03 2.294115999647924984e-03 2.231909764476189828e-01 5.582658645283657996e-03 2.209751325986031952e+04 1.815860432974920695e+04 2.624720506213978297e+03 2.724192870498617358e-01 1.310993519559091874e+04
1.846993786122688719e-02 1.116181144586931186e+05 6.700497816635378695e+04 6.021157715675968211e+04 2.614330842899799112e-01 1.084637949811506114e+05 5.282790137630617293e-26 3.001613408018452858e-26 1.880536336331191685e-26 2.470716247199416238e-01 4.395829928567410688e-26 4.012621490155355609e-03 2.088666013335689197e-03 1.367256306124896119e-03 2.333722149298413651e-01 3.628593108989268835e-03 4.670007276368297607e+04 5.308674750328150549e+04 1.176684326246480850e+04 3.230281509003289364e-01 2.866953256709570269e+04
3.209707332218952880e-02 1.738968883945505877e+04 1.109769628753621873e+04 4.925091092350285180e+03 2.137046835500102382e-01 1.445320804425699680e+04 2.684900859041532585e-26 1.519517473068085340e-26 8.361360564645332377e-27 2.112457254784267102e-01 2.270176966143155929e-26 2.621073343629759869e-03 1.458403777397559130e-03 1.055259474233808921e-03 2.569770847160372518e-01 2.295707029846603617e-03 1.334763434283584647e+05 1.012246740071453532e+05 5.244520137635266292e+04 2.929771694180221542e-01 1.077858362450148707e+05
5.577832061973046762e-02 3.344368892886279355e+03 1.415953290914098488e+03 8.860213118170609050e+02 1.555424738181278022e-01 3.059933277595029267e+03 1.259234021415640143e-26 6.206672037517368893e-27 3.983747052188489994e-27 2.217424303081881043e-01 1.034208274731732647e-26 1.041967161475282778e-03 6.784064214947560859e-04 3.394016105440853664e-04 2.878698247876578242e-01 7.675271322275679237e-04 2.638087932845079922e+05 9.824433415846191929e+04 7.687537570847451570e+04 2.040089736012301869e-01 2.275960383052673715e+05
9.693161179921591653e-02 1.162387982199558564e+03 3.951733863213935365e+02 3.220314323099125886e+02 1.461745823052021942e-01 1.090509348587414024e+03 4.834852000606314969e-27 2.326662393675321660e-27 1.177257551582851456e-27 2.927185897141744153e-01 3.089807580783393183e-27 5.107850094979696134e-04 3.322948936352180301e-04 1.583283198355511161e-04 2.950538415227805245e-01 3.677333082134950611e-04 2.726157260077752289e+05 7.770641419644383132e+04 4.398794722944640671e+04 2.418743359811577620e-01 1.884632372654031788e+05
1.684478353166902198e-01 4.037596145365669145e+02 1.775488486334929803e+02 8.952875413521434211e+01 1.667330946850537343e-01 3.569315452467125169e+02 2.232645609111173818e-27 1.230877323370147050e-27 3.306714264653210755e-28 4.483436095620000894e-01 7.100187739257741555e-28 3.693595905653737155e-04 1.789990805450351039e-04 1.051843968689144962e-04 3.246140786168534298e-01 2.478693743977334728e-04 2.590090156889133214e+05 8.807831007775187027e+04 4.155669825210305862e+04 3.240351320189448492e-01 1.348089489851706312e+05
2.927287878143824407e-01 1.803002972780943765e+02 1.231816591000768994e+02 4.576855558460064799e+01 2.469185565916824643e-01 1.314313662243863803e+02 1.658076617232348066e-27 6.536208840488042257e-28 1.177985450570042590e-28 6.278990417215122299e-01 1.957515448290709267e-28 4.992101074120124842e-04 6.685156891657372327e-04 8.223116985702084286e-05 5.632219981233098638e-01 1.516994205747090505e-04 2.599763848976303998e+05 1.575564939904027851e+05 3.629554329978223541e+04 4.156109231695860329e-01 9.601200879361224361e+04
5.087043300626336029e-01 1.161557531252870916e+02 1.012173381832190699e+02 2.792458207940917703e+01 3.463038295551647550e-01 6.428945426335774016e+01 1.757338051581629472e-27 6.527340767750704738e-28 7.389542957670155499e-29 8.217639090560582282e-01 9.512953143485942264e-29 8.799249515704317447e-04 1.653749534762688272e-03 2.294226330885450616e-04 9.820623997026637353e-01 2.463078933449419378e-04 2.760835012493972317e+05 2.761304872969959979e+05 4.903257834695489873e+04 5.033607504692749757e-01 8.748852908783331804e+04
8.840268063712417579e-01 7.035696333855332796e+01 5.118203997948706530e+01 1.752018344355397517e+01 3.513965605115206836e-01 4.024221354715995602e+01 1.174983938034696088e-27 4.189229133439908382e-28 4.615221631331168470e-29 9.002148782139073324e-01 5.532624531639014935e-29 9.597854121162730737e-04 1.698551120966736161e-03 3.920716674832180784e-04 1.099521342728599249e+00 4.183183322862935754e-04 3.091253310193701182e+05 3.437845528738709399e+05 6.200742981342133135e+04 5.696445831873521159e-01 9.127644979086378589e+04
1.536262516748606588e+00 4.440045728844399520e+01 3.980140553513906809e+01 1.131524464682444631e+01 2.920427108838085095e-01 3.052104885463405992e+01 5.500989168500884275e-28 5.147969748219653557e-28 5.012302948831477814e-29 8.578123073953665134e-01 6.157891039432988885e-29 1.193582771253256895e-03 1.207388636523110906e-03 7.789890607908320089e-04 6.231591301174023156e-01 9.759278461534087561e-04 3.802504719487504335e+05 5.239588511935696006e+05 1.002451195709920139e+05 5.831876480861919454e-01 1.384721052638565889e+05
