# R (Mpc), mean rho (Msol/kpc^3), errup (Msol/kpc^3), errlow, std, median rho (Msol/kpc^3), mean pth (Msol/kpc/s^2), errup(Msol/kpc/s^2), errlow, std, median pth (Msol/kpc/s^2), mean gas-mass-weighted metal (fraction), errup, errlow, std, median metal, mean gas-mass-weighted temp (K), errup, errlow, std, median temp  
#  nprofs 233, mean mh 553285118517.850342, median mh 499010150007.334045 
#  Mass range 11.50 - 12.0
6.706029110378903786e-04 2.984260538946091011e+07 3.141572084483018890e+07 1.246990912938724831e+07 3.306452256404958656e-01 2.175564909378378466e+07 1.270210084684522196e-23 1.940497551695595846e-23 4.427066733618115153e-24 5.806364571240836270e-01 5.817316598827746455e-24 9.777550240398721199e-03 4.809770652713232092e-03 3.696259866284988538e-03 2.104357091690039483e-01 9.202055516121628725e-03 2.430891543895893483e+04 1.254140935805345362e+04 8.370228983602228254e+03 2.175908429835144153e-01 2.234751112072935211e+04
1.165374294563389359e-03 1.147143547656576708e+07 9.008503600311059505e+06 5.606744197283362038e+06 3.283576804121508541e-01 9.483003076449636370e+06 3.288992689547168971e-24 3.657542251584821056e-24 1.577753888504313894e-24 5.230575043831523496e-01 2.000718157028874131e-24 8.938193604064666870e-03 4.967638145039799530e-03 3.474274208808138600e-03 2.493575645306129185e-01 8.459017496770361924e-03 1.896236851055747684e+04 7.112856896420809790e+03 4.704673241158207020e+03 1.352077630900085647e-01 1.768174073552495247e+04
2.025188414895478031e-03 4.302805238793916069e+06 2.410878173601247836e+06 1.825228610333937686e+06 2.503282907007966518e-01 3.931431704341357108e+06 7.390841382513240360e-25 5.574619319522767746e-25 3.363470387599103870e-25 3.713556658364544072e-01 5.368692336777301894e-25 8.634104752698467874e-03 4.935385454577416106e-03 3.518891181039007256e-03 2.509163714650616273e-01 8.125018206747249006e-03 1.452454555857598280e+04 2.932335798561438423e+03 1.658164860408413006e+03 9.095510432682338275e-02 1.384925880198561572e+04
3.519374105778993230e-03 1.306961022434038110e+06 4.916187397249103524e+05 4.559740394564490998e+05 1.930220482580519981e-01 1.255582327561901417e+06 2.376743959308994618e-25 1.104621589113766855e-25 4.577852508564082753e-26 3.084963907310168674e-01 1.293379416494512523e-25 8.085706279823167905e-03 4.523571158327670955e-03 3.203043908527896180e-03 2.461272930765961153e-01 7.627426938685191726e-03 1.913772083347408625e+04 1.432868026830799863e+03 1.279610439199585016e+03 1.939571275891940616e-01 1.186254227012932643e+04
6.115971237701829134e-03 3.624296123531156918e+05 1.507842254792638705e+05 1.072872333406579273e+05 1.577140646240431654e-01 3.392783380421909969e+05 1.628810320997177534e-25 7.941154847266536526e-26 1.447211101548157382e-26 4.073150992577513341e-01 4.926223918106924150e-26 6.955604169844353639e-03 3.176384382755312666e-03 3.310863606312311816e-03 2.506045032419970675e-01 6.719011705603921206e-03 3.096089510123493892e+04 1.144324704229714553e+04 1.758103916360742005e+03 3.187467504823118247e-01 1.327395225768542514e+04
1.062833988548557602e-02 1.040982571193139884e+05 4.966712471556750825e+04 2.941302893336924171e+04 1.826646589656245045e-01 9.225543221703497693e+04 1.331858858022927558e-25 1.651722863135917485e-25 3.170712904145894720e-26 4.602530598680086293e-01 5.543216075306372947e-26 5.152761077434562728e-03 3.049396246510952500e-03 2.383752417630135168e-03 2.687506409169001520e-01 4.794905799793421942e-03 8.936403551324858563e+04 9.756123039537352452e+04 2.433747184958686557e+04 4.072154887378833799e-01 4.518320598882007471e+04
1.846993786122688719e-02 3.335414815700607869e+04 1.524110131168826047e+04 1.221473354772299717e+04 2.263326281039415300e-01 2.911811930597381433e+04 1.034585641065733127e-25 1.044972282126158081e-25 4.800528486733107083e-26 3.632091838834104469e-01 7.938186826940971462e-26 3.293312459611939715e-03 2.284335965000475113e-03 1.442655014501101861e-03 2.817228934051190237e-01 2.894291434531448808e-03 2.282105283885138924e+05 1.934227075576609059e+05 8.892029510331994970e+04 3.199176053717390222e-01 1.771711312260984851e+05
3.209707332218952880e-02 1.016825759567610112e+04 6.648279151788781746e+03 3.273017756345697308e+03 2.588481120332084551e-01 7.908586754541125629e+03 6.199704076779076571e-26 5.809726583773597781e-26 2.637702852652863938e-26 2.977322573376168791e-01 4.991509675249347596e-26 1.752023813481154088e-03 1.063603987006403895e-03 8.065671711760970643e-04 2.771457212464165654e-01 1.594702828494267907e-03 4.987362497822379228e+05 4.271013092110050493e+05 1.901102544322826725e+05 2.933601557797079207e-01 4.004508403470266494e+05
5.577832061973046762e-02 3.438294259710808092e+03 1.809422164299614906e+03 1.235593177379379767e+03 2.163605809561699733e-01 3.086458718993445018e+03 3.349443678829096053e-26 2.984848873392028203e-26 1.551146124742657183e-26 2.999135680096999823e-01 2.733270110479298846e-26 8.018421672738146842e-04 4.749950707892621219e-04 3.293043586964119725e-04 2.569185051073042958e-01 7.035191521007449740e-04 6.521882294461159036e+05 3.201513780238400213e+05 2.218752977822509711e+05 1.903552624807047788e-01 6.017639228073190898e+05
9.693161179921591653e-02 1.564472353400670954e+03 8.029553463454765279e+02 6.534959815656062574e+02 1.992051693696034742e-01 1.497325911462141221e+03 1.402510146249338428e-26 1.278521989137017656e-26 6.446619932670176158e-27 3.280045944282115600e-01 1.110869748975620703e-26 4.291327533009025425e-04 2.424000206482222644e-04 1.564873024876367667e-04 2.246827214091303426e-01 3.898703798275326049e-04 5.575704977543237619e+05 2.507536418817933300e+05 1.808127503375229426e+05 1.714219978034700054e-01 5.169577067811417510e+05
1.684478353166902198e-01 6.654609621277038514e+02 3.675127613736099192e+02 2.997856871936197081e+02 2.210902486580522130e-01 6.295803653283027188e+02 5.060107583809622514e-27 4.518671944992236761e-27 2.445738170457509871e-27 4.047835962874708482e-01 3.608070425020570846e-27 3.415527813576131719e-04 1.849191448395069476e-04 1.291554227235540159e-04 2.300378151500149237e-01 3.051271478441144815e-04 4.403259940665808390e+05 1.947238441383138997e+05 1.544169437537563790e+05 2.111845043096930163e-01 3.884601900288372999e+05
2.927287878143824407e-01 2.778717038231948777e+02 1.853383265243940059e+02 1.097048632298238999e+02 2.506645829742245590e-01 2.378961080590958090e+02 2.345688605811286546e-27 2.190263964198006584e-27 7.784299132126259575e-28 5.267052108132951327e-01 1.042934862345626565e-27 3.274781520322628346e-04 1.793612961286541021e-04 1.228886827891319895e-04 2.557101039137587573e-01 2.882107657674357428e-04 3.810218514669833239e+05 2.355116455559219467e+05 1.364336410309044295e+05 2.957034556509417489e-01 2.787338130885384744e+05
5.087043300626336029e-01 1.459549012373780101e+02 1.161203404012588720e+02 4.451604637345124615e+01 3.105663075221135050e-01 9.924839163394837271e+01 2.605511487584854980e-27 1.613659107674658574e-27 2.532368008588073682e-28 7.096780454948802275e-01 3.321075332148080022e-28 3.420309153686254110e-04 3.223527525437007283e-04 1.033130514117934745e-04 3.172402093478834950e-01 2.437149403502901122e-04 4.351714420100481366e+05 4.371543526245040121e+05 1.318431046920834924e+05 4.112035573096844976e-01 2.277934148950192612e+05
8.840268063712417579e-01 8.041877948064126258e+01 7.150000476711343822e+01 2.402105450764698347e+01 3.620638893574066874e-01 4.723338192855563733e+01 2.067485365502798137e-27 1.512474187569714153e-27 1.403999956898856234e-28 8.798627756993208093e-01 1.637659649509908718e-28 3.458853305453971918e-04 3.956115443095965583e-04 1.858617641661757056e-04 4.539089222065728069e-01 2.591543420915615051e-04 5.721352237196664792e+05 6.595659136812044308e+05 1.678533989671986783e+05 5.307219848600442935e-01 2.367933314849144663e+05
1.536262516748606588e+00 4.496242046501156864e+01 5.074300970364301122e+01 1.634100029134890875e+01 3.249751506518784305e-01 3.153997087316047399e+01 9.817605383195496183e-28 1.675107516024331071e-27 1.644294313317176415e-28 8.900413921872688539e-01 1.789653590576546768e-28 3.937276703652548633e-04 3.384514452063819897e-04 2.762019783918687231e-04 4.600931965573603621e-01 3.598158671736838635e-04 7.177048778878647136e+05 1.151836418177866377e+06 2.940856377923689433e+05 5.750126289775213673e-01 3.632651188496000832e+05
