# R (Mpc), mean rho (Msol/kpc^3), errup (Msol/kpc^3), errlow, std, median rho (Msol/kpc^3), mean pth (Msol/kpc/s^2), errup(Msol/kpc/s^2), errlow, std, median pth (Msol/kpc/s^2), mean gas-mass-weighted metal (fraction), errup, errlow, std, median metal, mean gas-mass-weighted temp (K), errup, errlow, std, median temp  
#  nprofs 81, mean mh 572840977286.494995, median mh 501168401243.789307 
#  Mass range 11.50 - 12.0
6.706029110378903786e-04 2.188770628853998333e+07 2.130716962465340272e+07 4.808638281246742234e+06 3.184715557513512763e-01 1.297986406054426357e+07 8.764121871480044811e-24 1.274928160000846971e-23 1.401262396133295185e-24 5.846897359867774258e-01 2.341292811332812044e-24 6.408966285924218645e-03 6.404801248668838889e-03 3.694663755781956056e-03 3.696594966782001945e-01 5.437782660865173728e-03 2.117188676972332541e+04 1.570633710313881238e+04 5.126384987034020014e+03 1.951392579420014317e-01 1.682741487737264106e+04
1.165374294563389359e-03 8.987628953982336447e+06 8.593701496191138402e+06 4.696400776131417602e+06 3.746872162536508677e-01 6.879135680471841246e+06 2.472846032403658553e-24 3.775821826917758790e-24 8.317939121061519543e-25 5.575468932459317628e-01 1.063258113841757102e-24 5.387291768647964503e-03 6.213818464987590391e-03 1.628014277637653646e-03 3.577759397601879554e-01 3.359065261073302354e-03 1.723848770946684454e+04 7.604588212073009345e+03 3.616257209698587758e+03 1.296477428085587580e-01 1.564578057329682269e+04
2.025188414895478031e-03 4.927936086861100979e+06 2.895917550778225996e+06 1.321849036349850707e+06 2.486528781912790975e-01 4.014264982977786101e+06 1.073810123188019586e-24 9.036972710696759225e-25 2.521005088278964984e-25 4.115426523869363806e-01 5.702670670274762850e-25 5.072054219429756802e-03 4.114842980229719074e-03 2.344468006394989298e-03 3.455734771028997621e-01 4.070917053771152747e-03 1.582337631112931194e+04 3.944011970897381616e+03 2.416533449401447797e+03 1.049701313854834450e-01 1.473251821159410792e+04
3.519374105778993230e-03 2.643713194898475893e+06 1.428595520942258649e+06 7.158116204415722750e+05 2.020726077234430984e-01 2.230743654250493739e+06 5.215706762120057130e-25 6.717343493071708658e-25 1.361049880092620783e-25 3.748222767024819713e-01 2.790194310278668746e-25 4.135898054308606055e-03 3.051382839891449410e-03 1.937208684858579728e-03 3.093354046766100263e-01 3.460245641463513631e-03 1.691498377679483383e+04 4.284614357245827705e+03 2.383237719859189383e+03 1.746692317481788603e-01 1.356278992201793517e+04
6.115971237701829134e-03 1.314924145648128120e+06 6.782101241416267585e+05 4.363801706201905617e+05 2.059334996064222656e-01 1.133351807729942026e+06 3.852333993623762801e-25 4.019738390376393019e-25 1.347645011809322547e-25 4.249835891354592499e-01 2.114708908576304086e-25 2.713868116039032038e-03 2.019917943039793370e-03 1.103394661436676426e-03 2.775295218323101665e-01 2.233731468349996890e-03 2.346643054490699433e+04 2.367583882573954179e+04 5.414416620902027717e+03 2.710813297826625279e-01 1.588270994888270798e+04
1.062833988548557602e-02 5.802307068085436476e+05 2.594658856700353790e+05 1.717149755741412519e+05 1.774798108662892504e-01 5.401554594986549346e+05 5.472925301304485485e-25 5.470393751385624760e-25 2.247325361924577762e-25 3.462503611518051305e-01 4.191080891058845205e-25 1.677296090268354202e-03 1.385028729373322326e-03 6.499716574639053139e-04 2.789094275232044673e-01 1.345498865724275564e-03 6.906796990248339716e+04 3.851973722591109981e+04 2.778656817208743450e+04 2.788515985771656269e-01 6.030501536552168545e+04
1.846993786122688719e-02 2.099178147587454296e+05 9.915429200663426309e+04 4.749739097329071956e+04 1.521126425382274272e-01 1.879466790550816513e+05 4.992176851094482322e-25 4.838292200413156261e-25 2.380857233294687622e-25 3.613866806912843233e-01 3.898038403568306074e-25 1.017586442759248113e-03 7.286311580452011502e-04 4.487348660298110187e-04 2.659001110222261044e-01 8.730173024319294551e-04 1.596000431435782230e+05 1.055306270630284562e+05 7.719891512852102460e+04 2.892462012498572821e-01 1.471788671943421068e+05
3.209707332218952880e-02 6.934830692427825124e+04 2.934890349000501737e+04 1.498828489851510676e+04 1.605909178967378781e-01 6.285955211627374229e+04 2.161893367271984461e-25 2.222687763457002434e-25 8.634829032664537163e-26 3.297558355103420991e-01 1.577003850004814175e-25 7.496082067313104792e-04 4.350696866824057662e-04 3.526850597899046781e-04 2.789628273372708467e-01 6.565042390025475991e-04 1.993911955693909549e+05 1.150545758415986202e+05 8.048018824569921708e+04 2.312604318526993996e-01 1.811438950988991419e+05
5.577832061973046762e-02 1.976379026916841394e+04 9.695828270254132804e+03 6.364108958465469186e+03 1.715622492703680613e-01 1.829516242860812781e+04 6.730015321805386735e-26 5.676661827242919592e-26 2.627063449790913670e-26 2.773350233918784324e-01 5.534368957164080995e-26 6.138479675606006974e-04 3.797316903016021350e-04 3.047443455834055554e-04 2.972998781343036412e-01 5.205809664219608829e-04 2.214779028948433697e+05 9.511888075888203457e+04 7.088390685758151812e+04 1.731634420581970313e-01 2.147316245809320244e+05
9.693161179921591653e-02 5.581737681225310553e+03 2.682350309656688296e+03 1.640724982755531528e+03 1.623688101672518813e-01 5.131673873584603825e+03 2.311818646177249145e-26 2.029390109380820927e-26 7.664885969743474853e-27 2.531620943077466102e-01 1.873652366696485274e-26 4.450431370923205697e-04 2.882642443512505948e-04 1.741001657019100688e-04 3.012373330461540766e-01 3.489963213107060867e-04 2.659314399361861288e+05 8.127718259234249126e+04 5.821589663163910154e+04 1.311530359224087616e-01 2.552826506381914951e+05
1.684478353166902198e-01 1.710815782252239842e+03 7.285766792941903987e+02 5.557462921944072605e+02 1.529120037720001768e-01 1.635645269492229545e+03 7.037615460259708868e-27 7.323900297964395630e-27 2.572242335848738246e-27 2.828635093867800099e-01 5.413618981128088511e-27 2.701371904256791236e-04 2.205475338458750862e-04 9.987733963668409876e-05 3.080930480887190126e-01 2.039248127020674485e-04 2.561863267358578742e+05 1.408691760292427789e+05 6.667433791272013332e+04 1.477710193003979600e-01 2.313678530107209517e+05
2.927287878143824407e-01 4.583808544466869535e+02 2.113286194556093278e+02 1.136284071616440201e+02 1.653866475275704295e-01 4.053047262148353411e+02 1.650508310693866262e-27 1.586725651640513338e-27 5.073310665288510865e-28 3.465560849012312983e-01 1.034789762478677355e-27 1.457429412678464637e-04 1.269098132115503729e-04 4.244971842243125881e-05 3.298446957105959365e-01 9.377703526701217725e-05 2.171072711110956734e+05 1.123637831247441936e+05 5.671599179835562245e+04 2.124092594997935846e-01 1.803800794218069641e+05
5.087043300626336029e-01 1.581851639558972806e+02 1.018512741375988782e+02 3.484468069616325181e+01 2.134866443511906631e-01 1.233256641968522871e+02 7.330525404628549560e-28 1.031070214345868348e-27 1.080069312340330621e-28 5.234561780655350161e-01 2.023467304323663858e-28 9.080753650052406003e-05 1.330558644859855966e-04 1.613165364815419690e-05 5.230129218474111052e-01 2.799729349869962077e-05 2.040997015560595610e+05 2.176128827578950732e+05 4.153646735906341928e+04 3.401435012081983067e-01 1.140248091737487994e+05
8.840268063712417579e-01 9.781715766094772846e+01 9.475984169353627351e+01 2.704570673481856602e+01 2.919527117734745936e-01 6.658041079308158317e+01 8.021208917196200186e-28 6.606097394126952611e-28 5.141867865775458107e-29 7.368872083317432597e-01 8.366545891055940315e-29 1.974102343319399696e-04 4.273726401256483704e-04 1.824369602382711666e-05 8.727705309632531883e-01 2.700117402211357773e-05 2.523143757591237372e+05 3.945310994756229338e+05 3.136224571433613892e+04 4.662532657233922073e-01 8.373212535353499698e+04
1.536262516748606588e+00 6.894322201457664789e+01 7.109944315086320898e+01 2.461678782114069719e+01 3.105946042403062712e-01 5.005833108330676851e+01 6.409140062701923615e-28 1.156313460282809394e-27 6.712035978785415670e-29 8.293869418204090627e-01 8.129667642849765420e-29 3.356261447292985343e-04 8.522323778479400785e-04 8.701393039291772610e-05 8.981683596603244890e-01 1.026925803188291901e-04 3.145105833092972753e+05 5.576518376861519646e+05 7.241209536712788395e+04 5.317822670674098307e-01 1.147321605523656763e+05
