# R (Mpc), mean rho (Msol/kpc^3), errup (Msol/kpc^3), errlow, std, median rho (Msol/kpc^3), mean pth (Msol/kpc/s^2), errup(Msol/kpc/s^2), errlow, std, median pth (Msol/kpc/s^2), mean gas-mass-weighted metal (fraction), errup, errlow, std, median metal, mean gas-mass-weighted temp (K), errup, errlow, std, median temp  
#  nprofs 7, mean mh 1411040773194.196045, median mh 1389300125115.249268 
#  Mass range 12.00 - 12.3
6.706029110378903786e-04 7.406020154600104690e+07 4.090011554734659195e+07 4.090011554734660685e+07 4.921783124019487587e-01 7.406020154600104690e+07 2.629625791410217761e-21 1.708639240054545300e-21 1.708639240054545300e-21 8.216336851196146540e-01 2.629625791410217761e-21 3.760175537242882449e-02 1.003321922420965379e-02 1.003321922420965032e-02 1.800704672999806633e-01 3.760175537242882449e-02 1.243896130845395289e+07 8.417069011579627171e+06 8.417069011579625309e+06 1.304999559941233844e+00 1.243896130845395289e+07
1.165374294563389359e-03 4.618227335348842293e+07 1.855092104634068906e+07 1.855092104634068906e+07 2.947862298692545124e-01 4.618227335348842293e+07 2.831829316483245766e-21 1.881123265732848555e-21 1.881123265732848555e-21 9.659973162009158898e-01 2.831829316483245766e-21 3.821409635862844240e-02 1.079512110942718733e-02 1.079512110942718039e-02 1.920245085142149311e-01 3.821409635862844240e-02 9.976198964910216630e+06 6.741426135848872364e+06 6.741426135848872364e+06 1.251945106366412652e+00 9.976198964910216630e+06
2.025188414895478031e-03 2.288578713002962992e+07 5.102225209871709347e+07 2.131304705385568086e+05 9.458392297937679993e-01 8.941609217789786635e+05 4.048502402950889138e-22 6.894753616249351336e-22 9.944852926834711224e-24 8.369993773232267120e-01 2.763361777586409078e-23 3.587159060047397791e-02 1.038173303627892147e-02 1.328332573575817521e-02 1.545461512229699963e-01 3.606476131597074336e-02 1.475625350669376552e+06 3.342704936565489043e+05 1.060473254288607044e+06 6.381536634227499283e-01 1.779676373995496659e+06
3.519374105778993230e-03 5.027911627902586013e+06 9.641354967140473425e+06 3.276156920155524276e+05 8.749995295117427574e-01 4.526855885309519945e+05 2.145565279870260476e-23 1.803116870704364150e-23 9.987725666809227990e-24 4.834604659205505306e-01 1.484404024313362858e-23 3.437922402991002574e-02 9.298295732871109109e-03 1.984173202377885123e-02 4.094604382505242501e-01 3.834161262670203463e-02 3.425024756031407043e+06 4.395566491461086087e+06 2.009863991050108802e+06 9.209430872008564917e-01 2.180941942851509899e+06
6.115971237701829134e-03 8.379686797980052652e+05 1.814277325786440866e+06 7.505487295896773867e+04 7.382571860000181063e-01 1.325818433441855013e+05 2.640886935408439277e-24 3.078300858969572895e-24 1.561215696479892056e-24 4.939476452073149337e-01 1.887650526836808741e-24 2.960364822813469146e-02 3.225845922210902883e-03 1.937907555734222700e-02 3.384211634861741258e-01 3.644940160294034281e-02 1.796513949866872048e+06 2.173861535744942725e+06 9.217785720915067941e+05 9.578252056046515639e-01 9.457388167516782414e+05
1.062833988548557602e-02 3.456963919677591766e+05 9.956861158531168476e+05 4.688286310110568593e+03 6.585460911474758650e-01 4.223095888632565766e+04 1.077937194549058307e-24 5.230686183104976203e-25 7.622134685521162319e-25 2.717580873227021243e-01 1.178306478196295382e-24 2.502600067282102422e-02 1.606318880534113661e-02 7.014879451742528707e-03 3.298647093495418181e-01 2.140324348077351016e-02 1.542252782430047868e+06 1.128774943957058480e+06 1.527115214037001831e+06 8.217422441225115115e-01 1.562669363732066238e+06
1.846993786122688719e-02 1.263581830453753500e+05 3.170251188218601746e+05 5.727057467581162200e+03 6.198957371560186447e-01 2.097210616912836122e+04 4.045369835989675668e-25 9.680239887239579298e-26 3.906936906829035928e-25 3.134700792596910035e-01 5.021446400061786277e-25 2.249955140574578724e-02 1.427367082157662836e-02 2.332083883447081535e-03 3.028400954604151263e-01 1.860518828301191419e-02 9.606074713397494052e+05 1.469545956829647068e+06 3.261546750579029904e+05 5.291603679888045031e-01 4.403171069884078461e+05
3.209707332218952880e-02 5.085748869462782022e+04 7.403472291196281731e+04 8.848619569930362559e+03 6.142224373293889705e-01 1.411199191279710249e+04 2.096270397074614881e-25 1.342840168649508083e-25 1.054479054745597086e-25 3.043394383126785119e-01 1.738854851778257388e-25 1.906236045805025439e-02 1.578912678422422083e-02 3.977269597749875929e-03 3.332771971394282717e-01 1.403534981587684950e-02 8.924315153853101656e+05 7.626008840031825239e+05 3.428072574115734315e+05 4.203171309374233444e-01 6.993646915766504826e+05
5.577832061973046762e-02 1.482732640507310498e+04 2.298402280221658657e+04 3.489009423838653674e+03 5.741658170383676651e-01 5.373648218920064210e+03 1.068388964292443886e-25 5.130054008988961904e-26 6.834726165509657590e-26 3.682118360481179686e-01 1.052291365700831720e-25 1.273986108295804484e-02 1.130456687125259117e-02 3.031930259228316285e-03 3.356534253944446489e-01 8.282502632497535863e-03 1.113303365783477901e+06 7.244474159552610945e+05 6.769563675013543107e+05 3.959736282613788849e-01 1.047511019613761222e+06
9.693161179921591653e-02 4.500798473507143171e+03 5.274672014338035297e+03 1.787766977686040264e+03 4.736888061251868232e-01 2.809663571602249704e+03 4.941503358261259157e-26 7.050034685934916552e-27 5.021113830244738605e-26 3.911063226787735436e-01 6.151037820890489589e-26 8.069574056298088952e-03 2.696785428708959112e-03 6.143293794749090514e-03 3.090583902012091766e-01 8.551961382930149680e-03 1.143817434719276847e+06 8.112019584202246042e+05 2.281196287450176897e+05 2.830364727389832469e-01 7.361984877762295073e+05
1.684478353166902198e-01 1.990953604349190300e+03 8.859290704460984216e+02 8.113678947496323417e+02 2.504221824638535043e-01 1.946198471816079064e+03 2.399846018522003606e-26 1.039024715344993820e-26 2.024124119567576331e-26 4.261076370762728605e-01 2.470415507619976761e-26 5.777629316448986210e-03 2.039254849622111274e-03 3.087849925937627069e-03 2.821312447543184998e-01 5.067800757430500173e-03 8.141723154207641492e+05 1.793648948789904825e+05 1.445072437230921932e+05 2.897436614383449571e-01 6.421949550595295150e+05
2.927287878143824407e-01 7.566874761741255497e+02 4.683529747644236068e+02 3.823867612192167940e+02 2.545024928405155706e-01 6.996724477200282308e+02 8.213009238112332395e-27 4.061048830681926951e-27 5.076497139466286509e-27 3.233274033298099148e-01 8.236898791475668735e-27 4.224168796089577439e-03 7.311552335650334591e-04 1.973690986213075781e-03 1.907327039589967188e-01 4.517680643199773437e-03 7.051712894357757177e+05 1.886505585908689536e+05 1.369544334338795161e+05 1.462311760800409088e-01 6.771397804866899969e+05
5.087043300626336029e-01 3.618386033405039370e+02 1.311848690424140500e+02 1.043277913776163359e+02 1.815291041636583613e-01 3.266128781896569535e+02 3.505226765468804652e-27 9.414324361946465823e-28 1.378203021374411992e-27 3.047116612242620204e-01 3.330522668907171808e-27 2.845138092245798334e-03 3.272982916581383510e-04 4.130532227099815643e-04 9.144036284292685057e-02 2.988674238671216662e-03 6.173026565647656098e+05 1.189788560296893120e+05 4.881988018751121126e+04 1.666990944570397315e-01 6.415195305006611161e+05
8.840268063712417579e-01 2.083208290151597168e+02 6.546140354425267560e+01 5.691266097558550996e+01 1.488789460342636595e-01 2.072690744048019837e+02 1.663513125314415399e-27 6.691906786017147668e-29 8.276332569847045809e-28 3.258689721809817641e-01 1.971456704697190337e-27 2.861491530742104206e-03 3.154262033650814465e-04 1.828730714507481592e-04 6.607086343002359363e-02 2.736082608419948461e-03 5.072865071310523199e+05 1.062218935265379259e+05 4.585295972448156681e+04 1.956847569125875763e-01 5.248244245526067680e+05
1.536262516748606588e+00 9.529008910660806464e+01 3.295785240042572184e+01 3.276978591284608200e+01 1.445334068373492487e-01 9.274863870770829521e+01 6.799075731381467223e-28 4.334963659535268592e-28 1.402855777073657333e-28 3.523031206579896879e-01 5.294145798029166098e-28 2.010683965496455877e-03 1.027256938302533590e-04 5.422281825373229981e-04 8.546652065524379394e-02 2.062003437608226318e-03 4.428322110104045714e+05 8.028806690506811719e+04 7.456766426731226966e+04 2.264197091481852109e-01 4.504608472911616554e+05
