# R (Mpc), mean rho (Msol/kpc^3), errup (Msol/kpc^3), errlow, std, median rho (Msol/kpc^3), mean pth (Msol/kpc/s^2), errup(Msol/kpc/s^2), errlow, std, median pth (Msol/kpc/s^2), mean gas-mass-weighted metal (fraction), errup, errlow, std, median metal, mean gas-mass-weighted temp (K), errup, errlow, std, median temp  
#  nprofs 134, mean mh 537048181762.332764, median mh 495274918496.102478 
#  Mass range 11.50 - 12.0
6.706029110378903786e-04 4.570932794688250870e+07 3.639167490725737810e+07 2.308541338695321605e+07 3.294265702895750048e-01 3.863990785003206134e+07 3.138091775100419345e-23 2.902843842974844755e-23 1.571700661054519082e-23 5.150910043237051372e-01 2.092794850184184761e-23 1.917357930723794651e-02 9.477198517433081670e-03 5.115061473368050227e-03 1.945249263796557659e-01 1.722883744771085829e-02 4.033957539708686090e+04 1.284689063735105447e+04 1.274336821894385503e+04 1.987509330819208775e-01 3.650501449754869827e+04
1.165374294563389359e-03 2.331108327307938784e+07 1.293943059224276990e+07 1.208545715350755677e+07 3.269991831748191302e-01 2.208179640054915100e+07 3.089619367395185230e-23 1.191692543671711892e-23 6.167445754559550063e-24 6.476017516126256757e-01 8.555947477639247919e-24 1.820860052326713288e-02 9.950824074021494270e-03 5.641851765954754294e-03 1.933296806634157705e-01 1.655429008147743519e-02 6.730530628495613928e+04 1.089716038140916862e+04 8.831445348444267438e+03 3.617555290595705353e-01 2.889017924915867843e+04
2.025188414895478031e-03 9.936824141620909795e+06 6.037822819583799690e+06 3.294301809912106954e+06 2.477190384494784292e-01 8.848393493971213698e+06 4.205812865569474329e-24 3.368392896326217274e-24 1.045256558102101209e-24 4.282009254287599265e-01 2.173028054200678908e-24 1.825763950418361065e-02 9.224498271677032679e-03 6.261522475235592466e-03 1.895879186299473385e-01 1.718193453236371848e-02 2.495352951242329073e+04 7.339574420295564778e+03 3.835374204855706921e+03 1.743466735793494093e-01 2.020059167082200656e+04
3.519374105778993230e-03 3.423104585509674158e+06 1.756476579462311696e+06 9.136370049685523845e+05 1.874302583014170465e-01 3.018375126254110131e+06 7.988040811644075266e-25 6.160159114843784706e-25 2.557115385281692219e-25 3.503538166396106823e-01 5.032817286753499390e-25 1.690841903748056471e-02 7.849882050365977748e-03 5.446805480245758835e-03 1.835427486847363565e-01 1.571046559264500236e-02 1.764134881387039422e+04 5.013083599330031575e+03 3.338822358033547061e+03 1.702396259319562677e-01 1.459052254096112665e+04
6.115971237701829134e-03 1.199687969655721681e+06 8.663476383291885722e+05 3.838253648236466106e+05 3.240150852213303234e-01 9.964985280065201223e+05 3.132288655165757506e-25 2.870076738959850609e-25 9.063283891835309630e-26 3.747130158003323941e-01 1.795561500434441061e-25 1.230930417389262260e-02 5.777036904618117544e-03 4.316602905687390648e-03 2.149604680703871562e-01 1.120354380445947630e-02 1.711073610467556864e+05 1.278652875202154246e+04 2.395847466363095009e+03 3.996590344454985511e-01 1.295145512935621809e+04
1.062833988548557602e-02 4.565764665774831665e+05 2.622854465099263471e+05 1.803350857100841240e+05 3.447258800836650594e-01 4.130232949257713044e+05 2.390659797729205671e-25 2.617634866062483972e-25 9.282758696656153231e-26 4.048055028273036537e-01 1.507137084625874046e-25 7.326578927483140026e-03 4.098351676162417800e-03 3.057191688664098305e-03 2.385100469817536262e-01 6.513895065435218457e-03 5.747159459047624841e+04 3.611975260695926409e+04 1.809564119436901819e+04 3.913107438156316342e-01 3.031788814758676017e+04
1.846993786122688719e-02 1.364341012915947649e+05 9.141071764095698018e+04 5.782627336373689468e+04 3.531716661149584269e-01 1.234433335218385619e+05 1.947532063075235422e-25 2.126675974157776137e-25 7.403152975485646572e-26 3.373690214228969864e-01 1.444272074621680002e-25 5.066256853442916049e-03 3.271090612055575428e-03 1.589839859695666227e-03 2.382533782637737685e-01 4.118863883550841383e-03 1.544591308768814488e+05 1.371422286303865840e+05 4.353457073243501509e+04 3.947330723828172960e-01 8.502989627515374741e+04
3.209707332218952880e-02 3.026372928043134380e+04 2.689358729344602398e+04 1.162175625560044864e+04 3.687197412784313233e-01 2.398577389585526180e+04 1.109806115313232345e-25 1.152425228447563566e-25 4.661723972242457213e-26 3.398239842210920014e-01 8.665335352065898571e-26 3.797063533880026820e-03 3.100248258522233895e-03 1.157802948668844312e-03 2.392974398689653448e-01 3.061932178527346400e-03 4.605157660895442823e+05 3.576253838213651907e+05 1.741852448744488065e+05 4.146908972761746970e-01 2.594341572648348520e+05
5.577832061973046762e-02 7.010491913376494267e+03 4.289395218537412802e+03 2.190194893693470476e+03 2.573254241454168700e-01 6.312474896301791887e+03 5.044649860373157493e-26 5.095781827497729712e-26 1.916379061282791781e-26 3.237485729352598263e-01 3.757856599501450432e-26 2.509347854662394989e-03 1.921605137626940067e-03 8.742057411687020104e-04 2.754835521319025093e-01 1.981654441355184398e-03 6.047031117952109780e+05 2.598047327854311443e+05 2.109548595799869508e+05 2.845981890317115792e-01 4.527659510283787386e+05
9.693161179921591653e-02 2.436521587812092548e+03 1.235898764932227095e+03 7.235855577413726678e+02 2.373063085608140832e-01 2.215287498728722312e+03 2.072142822740746812e-26 1.727724985711345319e-26 7.646368320398649488e-27 3.557833683140300129e-01 1.449811593386144585e-26 1.655778211294370349e-03 1.238960351290592206e-03 5.872923155055332668e-04 2.855201479580962709e-01 1.283014872947803092e-03 6.534575515805418836e+05 2.097804331319110934e+05 1.089645793479674030e+05 2.775819392362967597e-01 3.975332019414047245e+05
1.684478353166902198e-01 8.643976979174271946e+02 3.631284028530578780e+02 2.978835916515735107e+02 2.283569589972329617e-01 8.155764555112277776e+02 9.833141105222073655e-27 6.839502628388296140e-27 2.709634343736183399e-27 4.886522861207386326e-01 4.275364817527447743e-27 1.203031535018811177e-03 9.850693171052078527e-04 4.486166923804325987e-04 3.019464955524321925e-01 9.209317804871102126e-04 7.297276413082197541e+05 2.975592495143226115e+05 1.361687762086941511e+05 3.798365528917470590e-01 3.355313238030023640e+05
2.927287878143824407e-01 3.040023025638085983e+02 2.262934309094339085e+02 1.000793801451924026e+02 2.521450955578233288e-01 2.499859907993144645e+02 6.274548121449651817e-27 4.188468394898898649e-27 6.720308848228963501e-28 6.904261831020676032e-01 9.435693650384696108e-28 8.852714234758695799e-04 8.268159886503984772e-04 4.344889322245079470e-04 3.600499210816236473e-01 6.884278603339087426e-04 8.416568887532997178e+05 6.686141951332577737e+05 1.265871893533591938e+05 5.017041183538036853e-01 2.492887562386576319e+05
5.087043300626336029e-01 1.628895404160416547e+02 1.799300000168524321e+02 4.749368420961670978e+01 3.661045262666772770e-01 9.328855814677501712e+01 6.110832155474694512e-27 4.911288072161724400e-27 2.216964474234555906e-28 9.405573829647790873e-01 2.808392160605075495e-28 7.514370071033006767e-04 1.094716809533227480e-03 3.246231773862502321e-04 5.375080763223134550e-01 4.495207867457099403e-04 9.111244720152327791e+05 1.091210914761808468e+06 1.469637636646619940e+05 6.054266838690405272e-01 2.250123094983060728e+05
8.840268063712417579e-01 1.236448405884327002e+02 1.469390810081331722e+02 2.340843416652991493e+01 4.802970420002851126e-01 4.494914194030792487e+01 9.742115549130134321e-27 4.314538738892300127e-27 1.804436578456814410e-28 1.198266294557519762e+00 1.953251668380608097e-28 8.039003249669761505e-04 1.342702553469213040e-03 4.302751645672241426e-04 7.893941973252258659e-01 4.761564465291978805e-04 1.234959612338391365e+06 1.345784444879724644e+06 2.146123721237361897e+05 7.393897139245660943e-01 2.606777811848070705e+05
1.536262516748606588e+00 9.058118453469711540e+01 7.317140177004947077e+01 2.090842029709987671e+01 4.870900156280890125e-01 3.628422825366395443e+01 8.858902931481421301e-27 4.297062235310963681e-27 1.918843017261072896e-28 1.256757515496882860e+00 2.079543166789782101e-28 1.015415853986344511e-03 9.469078644279767688e-04 8.098375352101319560e-04 6.197364696415204044e-01 9.700860979090064184e-04 1.734147544844942400e+06 2.469685732172633987e+06 2.973374809723125072e+05 7.863965931768174267e-01 3.622291598314834409e+05
