# R (Mpc), mean rho (Msol/kpc^3), errup (Msol/kpc^3), errlow, std, median rho (Msol/kpc^3), mean pth (Msol/kpc/s^2), errup(Msol/kpc/s^2), errlow, std, median pth (Msol/kpc/s^2), mean gas-mass-weighted metal (fraction), errup, errlow, std, median metal, mean gas-mass-weighted temp (K), errup, errlow, std, median temp  
#  nprofs 21, mean mh 512134169181.541504, median mh 428717034421.900024 
#  Mass range 11.50 - 12.0
6.706029110378903786e-04 1.197739121634807438e+07 3.902740191387925297e+05 3.902740191387925297e+05 2.082646375494201507e-02 1.197739121634807438e+07 9.781426516697810145e-25 1.929852812478826235e-26 1.929852812478844602e-26 1.260431654387872413e-02 9.781426516697810145e-25 3.141942372557806761e-04 6.711632799041264722e-05 6.711632799041275564e-05 1.412023200764604969e-01 3.141942372557806761e-04 1.089942069464322412e+04 8.450924320066587825e+01 8.450924320066405926e+01 4.952163987295588043e-03 1.089942069464322412e+04
1.165374294563389359e-03 4.129829216607809532e+06 1.767559066545266192e+06 1.187015912554034265e+06 2.532921505704853193e-01 3.207103405867306050e+06 6.255616730903530907e-25 5.211071018433821849e-25 1.096647099031325702e-25 3.949279809082417159e-01 2.727513162827722665e-25 2.726913809750936522e-03 1.903730282545683210e-03 1.645371741754617003e-03 4.588686835528392183e-01 2.372761663774196339e-03 1.256951999890867592e+04 4.401386436907265306e+03 4.612003887421979016e+02 8.984922626822099134e-02 1.080604912333558968e+04
2.025188414895478031e-03 2.952053086061761249e+06 1.087851253432441037e+06 1.250942402464835672e+06 2.152237532862068259e-01 3.048274806433834601e+06 3.401459074840185095e-25 1.722208848315789429e-25 1.230241054592035228e-25 3.077292548584135146e-01 2.603400397388993339e-25 2.255332074427808184e-03 1.313986592133853295e-03 1.568118789690636089e-03 3.911480264050181677e-01 2.086129887419334566e-03 1.184512823361561095e+04 1.226235479093938920e+03 1.351095118162358631e+03 7.088570339875890913e-02 1.153322402744039937e+04
3.519374105778993230e-03 1.515324188525591278e+06 5.440789781596704852e+05 3.577372428803476505e+05 1.935517736379976927e-01 1.437640055531103630e+06 3.830099052393693981e-25 5.299973049014903060e-26 4.388529067994565556e-26 3.629475590634416160e-01 1.463523354710108890e-25 2.332528639895959516e-03 1.587177540278927445e-03 1.155290009019544883e-03 3.447838982937497243e-01 1.985906842585989217e-03 6.712539598493320227e+04 1.199424576279196117e+03 8.208722374448589107e+02 4.323756948430870217e-01 1.123037553088549430e+04
6.115971237701829134e-03 8.433503514077307191e+05 1.190075790592017584e+05 2.033984501767304027e+05 9.726837399739500511e-02 8.685685172165668337e+05 2.056379115343015607e-25 3.461777137742772335e-25 3.263322089633785922e-26 3.787678507393441030e-01 9.692919394036824251e-26 1.858519128854093077e-03 1.135184252024863671e-03 8.182386801194263754e-04 2.824521252468668586e-01 1.594124476825365365e-03 2.049680717663976247e+04 3.402982647770579933e+04 1.708292136331732763e+03 2.868318049699047356e-01 1.173530758669207898e+04
1.062833988548557602e-02 4.164893113869157387e+05 1.591817374278829666e+05 1.020767979350738460e+05 1.666296589042605136e-01 3.944908146662170766e+05 3.775362991078333076e-25 3.230157139172535622e-25 1.502631786325459562e-25 3.401753071054411381e-01 3.229671019537874070e-25 1.348548402323109918e-03 1.214492441761093160e-03 6.403373173289230585e-04 2.577793978275382258e-01 1.183115007613979100e-03 6.982344322352047311e+04 2.274670967217997531e+04 3.060722190102472086e+04 3.068849434841286472e-01 6.696600103201417369e+04
1.846993786122688719e-02 1.684612578594692750e+05 3.528800938336542458e+04 7.002198229528981028e+04 1.660109383039668207e-01 1.935242823548491288e+05 3.026345462829477669e-25 2.192849137137775081e-25 1.142736203335427986e-25 2.327981657600479981e-01 2.554304888758428583e-25 8.694960792821381304e-04 1.049247026329285437e-03 2.808743295883275176e-04 2.531732154853643668e-01 6.832341049905113050e-04 1.292156997639630281e+05 8.261983445021409716e+04 4.262752926136883616e+04 1.988015902193901174e-01 1.196650241249680257e+05
3.209707332218952880e-02 6.481937767818326392e+04 2.248071498233305465e+04 1.898499977816094906e+04 1.416508568269815860e-01 6.306105243714476819e+04 1.675822518879313939e-25 1.115923599816976347e-25 5.272387138471520514e-26 2.703346798040197618e-01 1.341603585870527354e-25 4.599056697323660099e-04 2.935691599588423763e-04 1.414417851847674817e-04 2.210148412727114264e-01 3.880536861072836374e-04 1.739540807614258665e+05 1.202139204578927311e+05 5.121762955900921952e+04 2.087226711808300716e-01 1.487823431844939769e+05
5.577832061973046762e-02 2.233383451980188693e+04 6.209695473952579050e+03 5.134041401322207093e+03 1.349921012419520727e-01 2.076528638203270748e+04 6.556888699260390981e-26 5.498399107547206360e-26 1.940976072129841460e-26 2.572847336908188898e-01 5.119694010350543510e-26 2.997021784492931548e-04 1.944207911735146136e-04 1.098627670131310547e-04 1.953341715063788564e-01 2.773473483655134104e-04 1.923719684804366552e+05 7.247884354223462287e+04 4.558539702223203494e+04 1.896138609459589452e-01 1.603090423089498072e+05
9.693161179921591653e-02 6.520980058956682115e+03 1.926306849680347113e+03 1.301029369941466939e+03 1.455615539041327233e-01 5.738794249473822674e+03 2.469444173319211670e-26 1.896621156815663866e-26 5.613872892558396430e-27 2.338918678494846526e-01 1.844898882010140277e-26 2.135145420553662392e-04 4.781171238117459203e-05 1.091423645029569988e-04 2.136274052378778765e-01 2.171115534006657082e-04 2.437062030171072693e+05 5.127830306072786334e+04 6.772349769983760780e+04 1.379812487592788628e-01 2.299472580488397216e+05
1.684478353166902198e-01 2.057407813554770200e+03 7.276436819125117381e+02 4.565925743933273679e+02 1.284119516714570253e-01 1.848814023265187870e+03 8.328502936855917330e-27 3.840600669312997565e-27 2.838509071121246278e-27 2.495798888266936022e-01 6.960897363858132126e-27 1.728755382981103921e-04 7.147451718347321275e-05 8.044613933297565362e-05 2.220840856390856877e-01 1.703918796656645721e-04 2.546349828491083172e+05 7.458526296614098828e+04 5.564010289410740370e+04 1.441484246456131157e-01 2.317724061795806629e+05
2.927287878143824407e-01 7.086329080239966061e+02 2.303269680674694655e+02 1.650601340458219966e+02 1.116625603577065251e-01 6.734071068111524028e+02 2.115167733471425095e-27 1.867339003252354128e-27 6.740106410576446404e-28 2.456287554901898096e-01 1.735769474539343891e-27 1.134367803259594775e-04 2.470839984580010034e-05 2.823309043976170336e-05 1.986405926190609461e-01 1.005744794577511465e-04 1.886192121729382779e+05 1.014892807671468472e+05 4.111712063144342392e+04 1.461072432831448387e-01 1.715928520488128997e+05
5.087043300626336029e-01 2.344591379539659499e+02 8.642883834690744038e+01 3.746885134707429188e+01 1.291509852634177835e-01 2.177253530067522718e+02 5.180620427757398159e-28 4.642362969033210635e-28 1.556798013662246721e-28 2.890562362601769575e-01 3.999663854331965261e-28 6.629372092994640709e-05 2.876725400877419645e-05 2.731321284600157027e-05 3.018785958003650238e-01 5.506153780134887151e-05 1.372239916735580773e+05 5.841382735060328559e+04 3.468252344853857358e+04 1.763992189601183147e-01 1.190435303066400957e+05
8.840268063712417579e-01 1.077562401402190204e+02 6.427854340476714867e+01 2.965584680701508091e+01 2.289852490270341545e-01 8.497134532426970566e+01 2.952055223218044823e-28 3.648498078906214248e-28 4.754767906434771109e-29 5.561367242272649003e-01 8.700717796816576039e-29 8.249686267980937406e-05 9.652726824030315807e-05 1.315545231120078068e-05 6.748310843778854151e-01 2.350379065839348149e-05 1.194355648904237605e+05 1.282545467912982422e+05 2.881357131950868643e+04 3.362419269900848717e-01 7.650285083420593583e+04
1.536262516748606588e+00 5.840115924789800061e+01 4.012298340344657532e+01 1.706537252732834986e+01 2.307883300047005315e-01 4.721946171230663225e+01 2.240117544504465119e-28 3.113949825676244479e-28 2.136955053745706155e-29 6.913335912422365892e-01 3.445033541933361718e-29 6.660279949488851598e-05 8.653729536525344313e-05 1.279867004378246683e-05 7.225047350531961232e-01 1.586558758148983654e-05 1.395801871835176426e+05 1.821772169786125887e+05 2.084939552367534270e+04 4.677685284655854203e-01 4.954043677034122084e+04
