# R (Mpc), mean rho (Msol/kpc^3), errup (Msol/kpc^3), errlow, std, median rho (Msol/kpc^3), mean pth (Msol/kpc/s^2), errup(Msol/kpc/s^2), errlow, std, median pth (Msol/kpc/s^2), mean gas-mass-weighted metal (fraction), errup, errlow, std, median metal, mean gas-mass-weighted temp (K), errup, errlow, std, median temp  
#  nprofs 196, mean mh 565696540375.390137, median mh 505342484941.569214 
#  Mass range 11.50 - 12.0
6.706029110378903786e-04 6.049040829152423888e+07 4.712853130244825035e+07 3.302799805192920193e+07 3.518865075373344697e-01 5.203511306971593946e+07 1.234471806232051389e-22 5.335778343279152147e-23 2.505997569025892013e-23 6.122791584688753730e-01 3.155429415196030707e-23 2.338914232096082554e-02 8.498749825541364322e-03 5.094880280938060557e-03 1.358218494154808942e-01 2.215564643162408476e-02 3.004984871714618057e+05 1.498538012538148905e+04 1.233313583741927141e+04 4.705816458882929876e-01 4.146496937737525150e+04
1.165374294563389359e-03 2.586187499444013089e+07 9.635383826151639223e+06 8.876030734483338892e+06 2.622916426125784239e-01 2.502641476233923435e+07 4.448002790617835144e-23 1.556679772398594179e-23 5.930697015789146132e-24 5.379072772794535329e-01 1.120422729557801015e-23 2.351374338349253648e-02 8.031962607343883648e-03 5.798015676518900041e-03 1.350599123906056076e-01 2.280673013387089082e-02 1.230108060310798028e+05 1.128724019922596926e+04 8.243067007678451773e+03 3.688445895957486176e-01 3.241285494642202684e+04
2.025188414895478031e-03 9.798362015040485188e+06 4.781574816305538639e+06 2.844030263299292885e+06 2.238520599575136716e-01 8.856551290794773027e+06 6.378367076027811049e-24 2.944822155195275045e-24 1.238150648553142170e-24 4.157909159774436092e-01 2.474573149554769409e-24 2.326928695024888319e-02 7.835879266101967305e-03 5.729608876931465561e-03 1.371956860699306280e-01 2.223101820484237393e-02 3.908225914484608074e+04 9.338096199729465297e+03 4.447610266144460184e+03 2.566423067490342103e-01 2.094540856147643717e+04
3.519374105778993230e-03 2.822020268098176457e+06 1.762469418922693934e+06 6.745685597666241229e+05 2.514538305661940809e-01 2.350458926896915771e+06 7.337466805353779432e-25 6.463069727192613498e-25 2.049294798505072540e-25 3.749542538874724440e-01 4.201698099618310579e-25 2.215433936178601987e-02 7.281913884011045890e-03 6.024031309413490493e-03 1.482681616547343595e-01 2.167624567811733335e-02 2.054825633111814750e+04 9.192650796678020924e+03 3.281079155392320899e+03 2.198367312661776984e-01 1.409618993655865597e+04
6.115971237701829134e-03 7.196285505361449905e+05 3.832689636463256320e+05 1.556400049889041111e+05 3.059380719489090961e-01 5.881373143755805213e+05 2.431610624083848164e-25 3.098954423784600550e-25 4.547379346879306382e-26 3.960237222917222799e-01 1.138711490967856948e-25 1.865668449985103186e-02 7.075909039067587725e-03 6.313710681603770108e-03 1.689160417104592637e-01 1.845863079073258722e-02 5.748214129845837306e+04 2.549728996685790116e+04 2.270684634103099597e+03 3.852017158872591551e-01 1.311647241714810298e+04
1.062833988548557602e-02 2.345300129594207101e+05 1.122859896511569968e+05 7.248714453971417970e+04 3.123271414682770031e-01 2.081535953801973374e+05 1.565840565079923789e-25 1.982716457446242681e-25 5.718983217962725766e-26 4.207459135738761957e-01 9.240242237672612004e-26 1.212797708333973080e-02 6.172530047288571353e-03 4.506028156122296111e-03 1.995587798971023008e-01 1.130322925307734178e-02 1.019534124957633612e+05 6.582598504901101114e+04 1.406686888868052483e+04 4.819399311880691594e-01 2.747823894195296452e+04
1.846993786122688719e-02 8.336762082687049406e+04 4.310238497051349259e+04 3.043109248349839618e+04 2.884342139540157501e-01 7.627482168451497273e+04 1.327875381754297075e-25 9.497802360867761988e-26 6.420604820726040749e-26 3.486457804946757055e-01 1.072762603610810253e-25 7.149302248342278773e-03 3.671100114887392192e-03 2.461788899377456534e-03 2.073244100208848362e-01 6.424121328167927379e-03 1.646431890083161707e+05 1.484763003853456466e+05 5.278672630792813288e+04 4.287132475473659499e-01 8.663332407102476282e+04
3.209707332218952880e-02 1.923144328693753778e+04 1.218139462686729530e+04 7.735923815704409208e+03 2.873171222497585275e-01 1.613175668695639615e+04 8.069238340421954190e-26 7.425626225256989607e-26 2.680214527671055244e-26 3.094588335831061077e-01 5.643070471202798387e-26 4.207833333410446186e-03 2.124947656182880028e-03 1.475529110536328951e-03 2.142215861651631248e-01 3.754281826597544690e-03 3.656199590109203709e+05 3.689193270300914883e+05 1.470744910200464656e+05 3.497537801673004654e-01 2.617559459818590549e+05
5.577832061973046762e-02 4.519344602022379149e+03 2.863432386023147046e+03 1.577050178550965484e+03 2.247964089835152446e-01 4.023200654486466192e+03 3.705547353301837785e-26 2.924807876354897495e-26 1.386731005925647294e-26 2.835613125708904003e-01 2.893307307588286422e-26 2.170561123785044386e-03 1.836302828543690197e-03 7.311275285505538374e-04 2.830812046013845840e-01 1.637913947392975007e-03 5.696925060778342886e+05 2.482303858607900329e+05 2.069406520521281054e+05 2.056526018759229080e-01 5.291745583104998805e+05
9.693161179921591653e-02 1.734245311220295889e+03 8.818431570304101115e+02 6.330970063152508374e+02 1.936256800959980928e-01 1.636083295870135316e+03 1.393614346851182384e-26 1.208104838841129439e-26 6.136952131954481568e-27 2.916986358465581963e-01 1.126872124495531845e-26 1.302511649914733696e-03 1.066408342918192999e-03 4.591130632189197166e-04 2.856635510760627272e-01 9.937762499065360376e-04 5.336317963938197354e+05 2.297086751860606018e+05 1.359473444469920942e+05 1.936816771690651751e-01 4.613704870900537353e+05
1.684478353166902198e-01 6.555526562618892967e+02 3.530483670827476317e+02 2.033032538128926490e+02 1.774112328532290450e-01 5.902356025897992140e+02 4.568261770261540593e-27 4.061389598001347502e-27 1.822949249955387475e-27 3.457548452396292937e-01 3.170562461804850499e-27 9.224071186945191451e-04 5.568990499878528552e-04 3.173572827029116895e-04 2.404495204722968404e-01 7.621857631492266142e-04 4.379643535358426161e+05 2.268881926654528361e+05 1.150817395011822809e+05 2.315455627089039181e-01 3.386754716855514562e+05
2.927287878143824407e-01 2.396814455262360752e+02 1.382137840598391278e+02 6.788265943576359973e+01 1.960323221754798062e-01 2.062313276032429883e+02 1.784400250950471935e-27 1.814969777768567958e-27 5.532189692296489335e-28 4.656307230202016978e-01 8.621020543676275360e-28 8.395064100829014017e-04 7.397296285471440793e-04 3.488930229252804570e-04 2.702922688721406397e-01 6.980765773538403574e-04 3.898953840889316634e+05 3.688814160197372548e+05 1.120810383221613884e+05 3.090458657424302591e-01 2.574715428649220848e+05
5.087043300626336029e-01 1.066818603450749521e+02 8.554720914288012068e+01 3.103827296780526979e+01 2.592503893708709151e-01 7.903341409238686310e+01 1.212259599780473802e-27 1.482866838431744524e-27 2.115651790478392614e-28 6.440160633232762111e-01 2.945300211302554857e-28 8.037591241386069733e-04 7.841108063541685214e-04 3.659995795544994336e-04 4.058795099240306570e-01 5.721446927337064600e-04 4.407209272298571886e+05 5.625522589952859562e+05 1.318614033146594011e+05 4.154738970134152498e-01 2.330879335677807976e+05
8.840268063712417579e-01 6.412311490469757302e+01 5.242677926832499224e+01 2.045477111210254861e+01 3.097408779471111928e-01 4.382435646543366659e+01 1.179916092109546788e-27 1.193437280540423426e-27 1.785422996104967346e-28 8.246966692543998834e-01 2.010361369627361980e-28 9.025711905350556306e-04 9.451651586580546655e-04 5.620562014332865144e-04 5.572776671340915478e-01 7.336379674131643163e-04 5.370226826300563989e+05 6.406045838716072030e+05 2.730574507657772629e+05 5.371308279641013872e-01 3.366416050487059983e+05
1.536262516748606588e+00 4.370801582872388025e+01 2.800045339895240915e+01 1.846329526889113737e+01 2.939458745780308968e-01 3.472880139700870217e+01 9.661146819215888156e-28 7.319876258710185020e-28 2.254066255485617709e-28 8.476256517045608341e-01 2.424084196014778610e-28 1.016835041992380064e-03 6.766631182267607205e-04 6.945517856670331254e-04 4.218457402412983948e-01 1.033703252934129119e-03 7.182410470167188905e+05 6.562398838096050313e+05 3.916311959325500065e+05 5.686242131077079431e-01 4.591618103659165790e+05
