# R (Mpc), mean rho (Msol/kpc^3), errup (Msol/kpc^3), errlow, std, median rho (Msol/kpc^3), mean pth (Msol/kpc/s^2), errup(Msol/kpc/s^2), errlow, std, median pth (Msol/kpc/s^2), mean gas-mass-weighted metal (fraction), errup, errlow, std, median metal, mean gas-mass-weighted temp (K), errup, errlow, std, median temp  
#  nprofs 216, mean mh 213568366471.191254, median mh 208356280633.081970 
#  Mass range 11.00 - 11.5
6.706029110378903786e-04 1.152326862856808864e+07 5.297396777178594843e+06 3.324123908730713651e+06 1.881509260771612180e-01 1.016078109703359380e+07 1.865799447216848724e-24 9.613067712963101550e-25 3.432224624508710078e-25 3.758836484741285289e-01 1.070693694289928858e-24 2.481685774384104551e-03 2.402269831089629687e-03 1.152714711834265790e-03 4.796217948012944099e-01 1.716024462893140723e-03 1.402656758933458150e+04 4.361946087984417318e+03 1.163570521615234611e+03 2.004816292343540862e-01 1.221903385629371951e+04
1.165374294563389359e-03 5.214767939121963456e+06 3.802844355239520781e+06 2.199163585358023178e+06 2.725200213372310221e-01 4.325296613480515778e+06 7.397802541400585226e-25 7.148668414634984661e-25 2.651652275885732780e-25 4.134207726613489675e-01 4.586318484109771177e-25 2.000375664100161131e-03 1.763934211792820466e-03 9.523725728538467647e-04 7.602228463383822188e-01 1.512041060616895393e-03 1.315072584127206028e+04 3.567466358472509455e+03 1.604266367825926864e+03 1.520477655882850054e-01 1.257056119092205699e+04
2.025188414895478031e-03 2.668598280205348041e+06 1.200148611660159193e+06 1.025548451645075809e+06 2.247765709930516220e-01 2.574201757249671035e+06 2.984248018681612244e-25 1.914634019158121889e-25 1.285828035371227062e-25 2.846316508377750298e-01 2.524398127445789973e-25 1.937772381691852536e-03 1.702673859006711282e-03 9.698146497348525581e-04 7.236746552259020193e-01 1.534574252808429493e-03 1.225301872791142341e+04 1.615441002409643261e+03 1.562962910373777049e+03 8.224766316412737699e-02 1.211501919226295649e+04
3.519374105778993230e-03 1.184452552610430401e+06 4.271175158217309508e+05 2.843699801844477188e+05 1.424669478716762139e-01 1.133266122495499905e+06 1.610187181722948886e-25 5.230676795652811756e-26 3.173765407217433929e-26 2.672065324302244083e-01 1.037477392926288737e-25 1.727232096106917549e-03 1.464334649810816995e-03 8.600138642193143508e-04 7.088337970091481699e-01 1.455019261474458075e-03 1.438630324052263859e+04 1.087197023415908916e+03 1.311575496849449337e+03 1.901166440448099904e-01 1.100098368490979556e+04
6.115971237701829134e-03 4.288186329205374350e+05 1.926897995900263195e+05 1.085385871220278786e+05 1.719866341401355692e-01 3.808830802254625014e+05 1.098276017381912404e-25 1.604110839573744948e-25 1.441036421917406920e-26 3.869854152789905521e-01 4.643558982023356839e-26 1.205177639690381162e-03 8.890854771181054030e-04 4.820467774785332400e-04 6.746985816018680193e-01 9.991215631890621764e-04 2.193129008664560024e+04 2.770295287164377078e+04 1.591472758597934444e+03 3.006308032869479674e-01 1.143752350022052087e+04
1.062833988548557602e-02 1.668096955289995822e+05 1.017579989408010151e+05 6.203725713054506923e+04 2.378337711765707019e-01 1.436461448594382964e+05 9.649724106238586058e-26 7.950729646302684905e-26 4.527340413177676145e-26 3.292492751292430131e-01 7.572959160705441311e-26 7.365573286071115623e-04 4.525239291137855054e-04 3.248526971943078057e-04 6.467235151779228142e-01 6.562630539008768461e-04 4.941378454166237498e+04 4.147716278659722593e+04 1.764933742614735820e+04 2.997401334207535628e-01 3.601417955147798057e+04
1.846993786122688719e-02 5.432884806253003626e+04 3.087730356033590215e+04 2.899216550745069253e+04 2.592488035084629661e-01 5.327395439076503681e+04 5.992333545004618099e-26 4.051690506205656350e-26 2.101748925152408218e-26 2.615436327847859288e-01 4.941908164407715626e-26 5.181821637058732456e-04 3.887477144317967592e-04 2.225082493761552016e-04 6.377118005240098864e-01 4.398588019878173043e-04 9.403879763839270163e+04 6.935880188419554906e+04 3.834754367391450796e+04 2.855452612262627810e-01 7.617297268959674693e+04
3.209707332218952880e-02 1.132445226735631149e+04 7.530962109928235805e+03 4.365209905451030863e+03 2.359182517375590926e-01 9.716112615598724005e+03 2.913182787896445800e-26 1.769183853820884345e-26 9.034147650172261665e-27 2.260128876579391155e-01 2.430528150844543806e-26 3.544858056974712289e-04 2.681093802564152133e-04 1.473948184968112540e-04 5.954311414833128868e-01 2.749657346446744742e-04 2.087528787246377615e+05 1.339064781618219567e+05 1.122925706222852750e+05 2.669494520382684755e-01 2.020411455517061404e+05
5.577832061973046762e-02 3.141357521473586530e+03 1.304485726510529275e+03 9.946364828196437884e+02 1.680106526433193526e-01 2.907523095622716937e+03 1.258628301096246600e-26 6.608616216234628955e-27 5.199232546906893496e-27 2.164842128646290442e-01 1.156549411096744684e-26 2.183126125698219271e-04 1.411632895610594055e-04 9.016403795541795563e-05 5.115099476222203512e-01 1.678525912070831993e-04 2.746383826054874808e+05 9.183550957132433541e+04 5.989784883965738118e+04 1.502091113877918604e-01 2.517906631752307876e+05
9.693161179921591653e-02 1.176577057934178129e+03 4.793472503557031814e+02 3.695354212972281402e+02 1.580558233712421323e-01 1.116375984886165497e+03 4.624287806035960695e-27 2.903219910300592652e-27 1.648494665888222063e-27 2.794010528023064266e-01 3.525079706154834258e-27 1.587858752649292922e-04 9.880492598441216554e-05 6.339006027450960073e-05 4.929611506964562406e-01 1.245263649983811491e-04 2.570504897694393876e+05 8.919547965346445562e+04 4.333062197932336130e+04 1.937387453872752019e-01 2.018161060425412725e+05
1.684478353166902198e-01 4.237611144660037894e+02 1.942187444303213510e+02 1.358365768098278750e+02 1.793072075151524725e-01 3.886947951847036506e+02 1.883567712901148380e-27 1.581150825633912109e-27 4.132318658337645749e-28 4.295162566648487723e-01 8.162156647460471594e-28 1.470445615342192260e-04 6.831399896386655104e-05 5.262090392607674509e-05 5.822109904226552279e-01 9.851566917077403732e-05 2.360534327997256769e+05 1.510133312976171728e+05 4.336538066965769394e+04 2.902064311714206979e-01 1.436256335885935696e+05
2.927287878143824407e-01 1.815633454459214988e+02 1.443532035649586760e+02 4.596186497822448302e+01 2.566503668915388614e-01 1.307672568673782507e+02 1.356899355570793415e-27 1.181113151352180121e-27 1.839645397066243435e-28 6.380425363806627725e-01 2.608230982957330693e-28 1.804510566306101785e-04 9.840059286018791021e-05 3.588425778938979412e-05 6.908028023536992857e-01 6.136291310183401143e-05 2.742624461301838164e+05 2.785144210218660883e+05 6.847598372018610826e+04 4.148685162829716111e-01 1.297843683471753757e+05
5.087043300626336029e-01 1.095099174565006024e+02 1.150268459077621657e+02 2.610690937140342527e+01 3.580145728493953072e-01 5.933113513070669853e+01 1.520122861265529250e-27 1.539728988032548712e-27 1.091186029858596990e-28 8.574409059086359752e-01 1.313541973163065788e-28 3.629114616359795467e-04 4.712213264263057652e-04 4.270782230287121091e-05 8.854077476097352850e-01 5.187056552137382610e-05 4.136048412467231392e+05 4.177162181580325705e+05 1.116577001224054984e+05 5.469641156025469853e-01 1.554986713647408760e+05
8.840268063712417579e-01 6.883961393769511972e+01 6.479372897125513475e+01 2.119205169773211139e+01 3.905492219506755402e-01 3.931897827005629154e+01 1.636911338519131802e-27 9.765512285390010095e-28 1.193670623086124583e-28 1.026209252867600563e+00 1.288233585086702422e-28 5.830597064368821117e-04 1.149289301324820951e-03 1.254621281757702220e-04 1.318847428905463026e+00 1.319216032492899981e-04 6.341246822604982881e+05 6.492945375641905703e+05 1.798912368462774612e+05 6.629413277144814431e-01 2.141379247003429919e+05
1.536262516748606588e+00 5.958086638559569792e+01 5.843945262102711524e+01 1.863959221110263798e+01 3.961450558504533426e-01 3.344337182023242860e+01 3.742639861323004955e-27 1.428562803657046811e-27 1.421066520139204911e-28 1.051559882839516291e+00 1.534968206332048795e-28 8.339198752334314345e-04 1.170530505603319333e-03 5.920835925748732607e-04 8.611134720638236040e-01 6.219935147880580398e-04 1.036712097374117817e+06 9.110176845752275549e+05 2.458132158896993205e+05 6.685103318440906994e-01 2.999197145539296325e+05
