# R (Mpc), mean rho (Msol/kpc^3), errup (Msol/kpc^3), errlow, std, median rho (Msol/kpc^3), mean pth (Msol/kpc/s^2), errup(Msol/kpc/s^2), errlow, std, median pth (Msol/kpc/s^2), mean gas-mass-weighted metal (fraction), errup, errlow, std, median metal, mean gas-mass-weighted temp (K), errup, errlow, std, median temp  
#  nprofs 128, mean mh 537833489500.948730, median mh 506128246641.038208 
#  Mass range 11.50 - 12.0
6.706029110378903786e-04 2.089908161224345490e+07 2.365414218830722570e+07 4.911832874565707520e+06 2.945725605044753337e-01 1.383711530991863273e+07 7.415865222991123132e-24 9.810864627823152918e-24 1.757852237820393729e-24 5.253909495733465329e-01 2.716924875552454810e-24 5.544762228430487154e-03 2.488396724008893994e-03 3.577768974527985486e-03 2.892810257524824347e-01 5.730268324322522998e-03 2.097904138302000865e+04 1.192384075923861747e+04 5.707795936497881485e+03 1.988894715067112962e-01 1.782210783336943496e+04
1.165374294563389359e-03 9.704662649122739211e+06 7.808764679277984425e+06 5.492617554365916178e+06 3.315613095005495725e-01 8.529651451842440292e+06 2.527250094773167899e-24 2.996598789331512231e-24 1.047382367738982885e-24 4.914320956390692552e-01 1.464059908311837977e-24 5.087219319688794129e-03 2.835332056172684863e-03 2.834772713220498012e-03 2.921575621092559194e-01 4.927464540910984729e-03 1.822372243357309344e+04 5.307684659651567927e+03 4.155303334048319812e+03 1.255983215028458611e-01 1.741799690300354996e+04
2.025188414895478031e-03 4.275493431937076151e+06 2.270510861659483053e+06 1.649654978182581253e+06 2.304113603841533298e-01 3.988810746820366941e+06 7.167942823229101924e-25 7.370287390633283963e-25 2.649708518689245462e-25 3.430122147772766139e-01 5.194703819738158489e-25 4.789311441663416866e-03 2.877446013765593349e-03 2.691218401663927375e-03 2.933683515618698001e-01 4.519182942839091582e-03 1.582502526553539246e+04 3.399712880819053680e+03 1.744798935142714981e+03 1.282349774917078133e-01 1.379487376333407883e+04
3.519374105778993230e-03 1.617636426069424022e+06 6.810105274126501754e+05 4.577726080582406139e+05 1.582279580201756963e-01 1.493541228494264185e+06 2.163346127631364951e-25 1.395451542580650094e-25 4.737948730224173577e-26 2.619073643075250368e-01 1.431706786527694360e-25 4.199377099384199452e-03 2.650865026135830124e-03 2.106697813525775648e-03 2.775815619062421691e-01 3.910211242231714096e-03 1.286713564800352106e+04 7.760030639374726888e+02 1.138654186791141910e+03 1.166660605191367495e-01 1.166104866082819171e+04
6.115971237701829134e-03 5.138178445154805086e+05 2.498096625039213104e+05 1.542268242957061157e+05 1.826004314190481093e-01 4.706876758567546494e+05 1.624737979596065691e-25 1.095124809451349112e-25 2.026632672368152682e-26 4.130681026121138522e-01 5.922013715322999965e-26 2.949958839826363755e-03 1.486753122810570253e-03 1.426190816882119163e-03 2.767590164849813572e-01 2.709715504410170443e-03 2.583536108234328276e+04 1.108798496847175011e+04 1.897333291607259525e+03 3.112675252460758157e-01 1.243653466646792913e+04
1.062833988548557602e-02 1.845064816164333897e+05 1.152225537743747409e+05 7.751377614582609385e+04 2.344337443499120710e-01 1.684569133772302011e+05 2.099386196071637429e-25 2.398694951712971370e-25 9.239333694719436619e-26 4.523401181857041875e-01 1.331801645800334247e-25 1.741950956829479719e-03 1.249211428103665002e-03 7.139859989409432992e-04 2.779344363140950902e-01 1.501198947673031223e-03 8.753203997031271865e+04 1.149015487704796105e+05 3.384248536736412643e+04 4.050252170762902448e-01 5.433613639296354086e+04
1.846993786122688719e-02 6.546533280486939475e+04 5.018739994468988152e+04 2.580509246882642765e+04 2.709396318451834373e-01 5.646404172228790412e+04 1.759440910076589814e-25 1.610397182150289645e-25 8.288740785386906582e-26 3.311620423388583756e-01 1.414759255219702105e-25 1.058456543488026438e-03 6.386340285577538295e-04 4.678123704945003807e-04 2.645125498078323423e-01 9.131885051594103948e-04 2.174449471255959652e+05 1.608205299460025271e+05 9.124717157924872299e+04 3.252705428668656307e-01 1.734467412756846752e+05
3.209707332218952880e-02 1.840360413521027294e+04 1.500693253048872793e+04 7.378998806092535233e+03 2.600001077326021814e-01 1.572186958363732629e+04 9.266043029158475888e-26 7.779126111630192407e-26 3.620338031265819661e-26 2.832430206006097406e-01 7.478263862923157378e-26 6.498716139295692903e-04 3.712945272124625832e-04 2.935897812657601181e-04 2.462905727954319279e-01 6.034246631837719786e-04 4.062696804830284091e+05 2.851950574385395739e+05 1.266327010788493208e+05 2.830084223472114635e-01 3.119015614506108686e+05
5.577832061973046762e-02 5.897413559956015888e+03 3.524667866436039731e+03 1.633558557012031088e+03 1.961959505508593660e-01 5.104221685580884696e+03 4.629910855264931571e-26 3.189009515271850664e-26 1.896118670942103625e-26 2.606747423475032632e-01 4.000075791442288467e-26 3.942172350759772220e-04 1.916108439640907147e-04 1.657175312922053384e-04 2.382046375254784909e-01 3.650991520853355586e-04 5.358147820464847609e+05 3.135037329736334505e+05 1.230730175364734605e+05 1.734009318638269626e-01 4.721395066911916947e+05
9.693161179921591653e-02 2.445587941562218475e+03 9.524332749099135071e+02 9.962404869546026021e+02 1.751513230823479039e-01 2.428869703353189379e+03 1.866464676837591131e-26 1.565754812201804946e-26 7.878857138145070522e-27 2.900617878352997336e-01 1.505374282799969453e-26 2.690443485540416077e-04 1.722812809083976030e-04 1.047535907533716408e-04 2.388351371831055336e-01 2.413737826709413167e-04 4.929795527861414594e+05 2.038508703425553394e+05 1.382559913422254031e+05 1.742780179377280414e-01 4.370113490833285032e+05
1.684478353166902198e-01 9.410622147840206253e+02 4.781341442477435066e+02 2.906524944861323547e+02 1.782857724998161142e-01 8.655821965620184528e+02 6.147546361893386341e-27 6.348468405923533199e-27 2.083139702842065263e-27 3.596736450949383768e-01 3.848764904904389925e-27 2.171794391137978021e-04 1.123498674885642498e-04 9.432852824387192550e-05 2.270307652040962076e-01 2.039119068891633545e-04 3.895642167593169725e+05 1.936434495915633743e+05 1.042958588975415914e+05 2.144064205073228924e-01 3.067675217224770458e+05
2.927287878143824407e-01 3.289380523357671677e+02 2.074442612943936410e+02 1.092365499841956478e+02 1.989421253860334249e-01 2.909336332077122051e+02 2.199289627413107311e-27 2.066832508643670072e-27 5.855100502580971562e-28 4.798792987877915084e-01 9.396854618321586882e-28 1.779150145147504109e-04 9.022824711170011154e-05 8.072948068731191403e-05 2.515005074061660850e-01 1.690061133185277666e-04 3.379195190535970032e+05 1.955344401068894658e+05 8.524328080762288300e+04 3.090315972450973225e-01 2.125860670694603468e+05
5.087043300626336029e-01 1.513323557554530510e+02 1.082742230828143875e+02 2.802984639472639117e+01 2.981406556478424230e-01 9.112739010643542770e+01 2.149559633279803456e-27 1.957821493759620266e-27 1.568885696168105599e-28 7.203797864332629475e-01 2.347213752635853244e-28 1.639650802566917204e-04 1.432787533018833751e-04 5.335521619452990256e-05 4.065953879792734704e-01 1.037293475873126200e-04 4.140490824743240373e+05 5.020064866592431790e+05 9.307905712978483643e+04 4.452094055934532335e-01 1.779304696108353673e+05
8.840268063712417579e-01 9.118937439596660965e+01 1.091939657064904168e+02 2.168806177983421790e+01 4.026202583528867285e-01 4.518905793625879852e+01 2.151925598669798249e-27 1.811874619295441241e-27 9.598801513377972536e-29 9.983072568356980980e-01 1.109430932208664361e-28 2.038096517836015913e-04 3.399253147776700574e-04 5.510658945175978619e-05 8.188196672514773677e-01 7.052464218528913540e-05 5.499128225907981396e+05 7.242305810651676729e+05 1.170858592024209938e+05 6.145417015006992001e-01 1.632947226860015944e+05
1.536262516748606588e+00 5.310280370385189741e+01 4.309570541725265258e+01 1.775000056789361480e+01 3.621484492388230558e-01 3.333973273921841241e+01 2.101711909828976964e-27 1.010057739934568082e-27 7.805657179403036362e-29 1.000782240409095802e+00 8.793974374776976621e-29 1.970912001046433459e-04 3.889205334700295003e-04 6.001096436853960376e-05 6.271888835895554903e-01 7.952460235230367582e-05 6.929114539280356839e+05 8.694033486863640137e+05 1.313033025231459178e+05 6.502901791992967695e-01 1.736802027669244562e+05
