# R (Mpc), mean rho (Msol/kpc^3), errup (Msol/kpc^3), errlow, std, median rho (Msol/kpc^3), mean pth (Msol/kpc/s^2), errup(Msol/kpc/s^2), errlow, std, median pth (Msol/kpc/s^2), mean gas-mass-weighted metal (fraction), errup, errlow, std, median metal, mean gas-mass-weighted temp (K), errup, errlow, std, median temp  
#  nprofs 139, mean mh 205043637925.015564, median mh 196120202887.735016 
#  Mass range 11.00 - 11.5
6.706029110378903786e-04 4.252098198871958256e+07 3.519501570107287914e+07 1.835642665504689887e+07 3.040196856234473888e-01 3.559814661539759487e+07 2.048080259141546327e-23 2.201962276615936790e-23 8.912196303675013621e-24 4.686620771198696245e-01 1.370139008305814727e-23 1.695994975140472164e-02 5.669499807377988837e-03 5.085951489541926107e-03 1.591609205418577089e-01 1.673313590585696550e-02 2.988368129829025929e+04 1.012329052448538278e+04 1.032050520082957519e+04 1.582505442484654912e-01 2.996552373925352003e+04
1.165374294563389359e-03 1.708468112506328523e+07 7.676062013663906604e+06 6.591196423992957920e+06 2.376233867423120649e-01 1.670236480795921013e+07 5.767140619717251611e-24 4.257518845841730705e-24 2.848574992449708953e-24 3.793894222238375913e-01 4.944192431364293115e-24 1.677520565387439003e-02 6.179351462894923375e-03 5.156276277932339905e-03 1.575997259817716045e-01 1.626776224506307558e-02 2.329573106050350543e+04 6.599726216009898053e+03 5.355571659932691546e+03 1.188873065102712262e-01 2.284351419653031189e+04
2.025188414895478031e-03 5.828030306247567758e+06 2.548904232700482011e+06 1.759010031655626372e+06 1.750155581918229619e-01 5.446795485909903422e+06 1.147054652427710582e-24 9.894250809871046145e-25 4.400732342469044718e-25 3.107586862693449969e-01 8.846398764723865354e-25 1.662692518745598896e-02 6.245727787713501594e-03 5.190824561536872689e-03 1.610042831421784892e-01 1.618809233508390968e-02 1.556092276675080939e+04 3.902594566213601865e+03 2.686756296736726654e+03 9.618422918665421595e-02 1.493335019134545473e+04
3.519374105778993230e-03 1.579106024088192265e+06 5.834269038694102783e+05 4.267901243396895006e+05 1.772324151277161475e-01 1.487086256800928619e+06 2.035605479333210655e-25 1.120528838659565099e-25 6.374534983658469197e-26 2.509862887200416393e-01 1.638667926264972258e-25 1.536243047055373123e-02 5.415791713925236298e-03 5.430028813370789062e-03 1.710680322923913976e-01 1.534714412236488044e-02 1.130013719041534387e+04 2.023786144428768239e+03 6.195360816918782803e+02 7.447247778274664054e-02 1.049214509743270901e+04
6.115971237701829134e-03 4.424221790507974802e+05 1.779452183732706471e+05 1.029807200418963330e+05 1.662289913089559090e-01 3.969854717968879850e+05 8.717958086311006803e-26 4.227146761738188714e-26 2.481505183514668088e-26 2.904214275472843387e-01 5.724341420864990808e-26 1.240492318873528781e-02 4.405223838808407927e-03 5.225262517915484420e-03 2.019361730905100683e-01 1.229863119497123444e-02 1.527072043315087285e+04 2.321279345041039051e+03 7.330951376206539862e+02 1.826521005981656398e-01 1.093062054252766211e+04
1.062833988548557602e-02 1.552941184300098103e+05 6.532007723820820684e+04 3.890950415679209982e+04 2.005205605997155416e-01 1.318894825296773051e+05 6.685132194256107251e-26 7.515857550995847653e-26 1.546779976983468602e-26 4.021739437858931621e-01 3.226137128460853409e-26 8.300461786268059639e-03 4.720967970382564625e-03 3.724433527732180955e-03 2.428755850474197953e-01 7.675275485079878675e-03 3.407459562584551168e+04 2.742372534608946080e+04 2.645203044283534837e+03 3.502821990050881129e-01 1.469022526042832396e+04
1.846993786122688719e-02 5.567933819675535779e+04 3.297154634184454335e+04 1.838821183139617642e+04 2.233280049460037164e-01 4.929871045106815291e+04 4.296535920643569743e-26 5.682102317478720059e-26 1.178540139128822063e-26 3.596804673544137243e-01 2.508457936452524629e-26 4.978779976857696313e-03 3.293054207741244466e-03 1.863039872240248706e-03 2.393379048946843723e-01 4.308298230601854788e-03 6.889445072599640116e+04 9.935414980852740700e+04 1.176324384297204597e+04 3.869153303086684814e-01 3.089541747768554342e+04
3.209707332218952880e-02 1.390480027325124865e+04 8.976998912714041580e+03 5.396507856733246626e+03 2.425989000348582059e-01 1.235538748441981261e+04 2.113180500089420982e-26 1.611001949385295384e-26 7.746814441991824285e-27 2.737640146684300890e-01 1.698559007944953342e-26 3.005259596195762172e-03 1.947709301042285877e-03 1.207290718573280708e-03 2.519686797908963216e-01 2.627114178706387634e-03 1.351708941057631455e+05 1.214648919913622813e+05 3.774470239689624577e+04 3.359916342312952997e-01 8.696606798492059170e+04
5.577832061973046762e-02 3.058272413377856992e+03 1.643862624410001445e+03 8.746870630211785738e+02 1.883114836315540330e-01 2.747901973312224982e+03 9.725567030196859033e-27 5.705247875572740197e-27 3.305440051233723666e-27 2.382613963466461149e-01 8.288954075411681099e-27 1.429972335905854187e-03 1.009878399378874017e-03 5.174905891798072715e-04 2.708407361465218210e-01 1.192630346812446245e-03 2.263724554093005427e+05 1.193686055438522599e+05 7.286747322105840431e+04 2.028408102079613529e-01 2.057959945113813737e+05
9.693161179921591653e-02 1.111308550341755563e+03 5.613845239793588462e+02 3.094515843877533143e+02 1.792888991023673106e-01 9.763581438626727049e+02 4.263962789239412154e-27 3.131990615268378499e-27 1.588447318659262908e-27 2.846308935864179102e-01 3.342282911802463765e-27 8.006894101133740782e-04 5.858663709007677720e-04 3.161693619983631850e-04 2.722241815779489760e-01 6.672603762630452753e-04 2.527850607426947972e+05 1.246917471289169625e+05 5.850168830411846284e+04 1.929591531377429781e-01 2.072244584666573210e+05
1.684478353166902198e-01 4.781023923555554802e+02 2.235388885722252326e+02 1.407908493648455419e+02 1.924892047599932876e-01 4.311887111624905629e+02 2.011474301393775388e-27 1.573756973302090823e-27 6.651066047197571789e-28 3.892588334352590218e-01 1.169696068444393882e-27 6.224956271679870680e-04 3.218329279865512951e-04 2.422063254739186683e-04 2.643526363885705943e-01 5.367732046226651038e-04 2.488857836134489044e+05 1.884985686863857554e+05 5.637856750274998194e+04 2.622683777921355763e-01 1.704945375516374479e+05
2.927287878143824407e-01 2.235529807929129902e+02 1.591498780355631197e+02 6.406551303620457816e+01 2.291923834692603246e-01 1.845151868443509215e+02 1.192331098256221309e-27 1.202859939828036175e-27 2.557187491856429628e-28 5.493227405631734284e-01 3.848235211625796153e-28 5.863240121239970569e-04 3.231639123476022610e-04 2.122543057722120659e-04 2.840545668344979791e-01 4.570698124548971931e-04 2.496910725392773165e+05 2.709725760633235332e+05 6.319490478354736115e+04 3.594725564355255587e-01 1.404785866580097063e+05
5.087043300626336029e-01 1.235092831179007078e+02 9.216155935038069913e+01 2.744035997508780156e+01 2.682254897071694177e-01 8.586201328371517150e+01 9.704439005476408838e-28 1.138214662323136102e-27 1.018313049112566679e-28 6.880261036608269487e-01 1.566167257203352107e-28 6.288490819494813901e-04 7.577254395650081988e-04 1.910968682486719351e-04 3.666547044322177595e-01 3.900673806879764401e-04 2.899128223209272255e+05 4.637957221835374949e+05 6.470577479827984644e+04 4.454515929795216378e-01 1.247570312990454695e+05
8.840268063712417579e-01 7.563138616274481763e+01 7.127195706452843638e+01 2.805229509804800259e+01 3.204726226987952287e-01 5.274249128384905561e+01 8.816297075288042971e-28 8.510659476433178838e-28 1.041666023118527669e-28 8.218249946845996856e-01 1.204354277295331606e-28 6.992431238989784250e-04 7.141119081084756990e-04 3.694568415185892898e-04 4.355600656216673805e-01 5.592044727538865966e-04 3.601805712063371320e+05 4.348069589067903580e+05 1.112759689303588239e+05 5.242424445545044165e-01 1.559902829316877760e+05
1.536262516748606588e+00 5.129279472418019026e+01 4.116080828935993452e+01 1.721101344576084102e+01 3.369229729133374485e-01 3.355564942557995778e+01 1.224567943335932101e-27 7.824578187964653940e-28 9.642162258752288022e-29 9.544529306390310275e-01 1.064902826115386430e-28 7.929593164608506701e-04 7.085634966632437881e-04 6.242868061670745492e-04 5.273768663954082614e-01 7.469822659993784328e-04 5.861415153494239785e+05 5.565527508589059580e+05 1.555706281412076787e+05 6.319007364385327286e-01 1.991412980789337889e+05
