# R (Mpc), mean rho (Msol/kpc^3), errup (Msol/kpc^3), errlow, std, median rho (Msol/kpc^3), mean pth (Msol/kpc/s^2), errup(Msol/kpc/s^2), errlow, std, median pth (Msol/kpc/s^2), mean gas-mass-weighted metal (fraction), errup, errlow, std, median metal, mean gas-mass-weighted temp (K), errup, errlow, std, median temp  
#  nprofs 243, mean mh 544542279310.753235, median mh 487961738551.183411 
#  Mass range 11.50 - 12.0
6.706029110378903786e-04 1.745891905979987606e+07 1.592359310782084614e+07 3.945316196256538853e+06 2.783510445759399543e-01 1.149574769621448964e+07 5.538828311299706655e-24 5.949163523837697883e-24 1.114199663027701123e-24 4.836901986263817399e-01 2.109798030397576034e-24 6.435178886769581975e-03 4.854265119823444538e-03 2.891469539538600239e-03 3.423074024751972533e-01 5.474784544352526497e-03 1.952039024291836540e+04 8.001431344875989453e+03 4.395688715524338477e+03 1.940491471998920803e-01 1.712069202864820545e+04
1.165374294563389359e-03 7.957788153614477254e+06 6.774257787535265088e+06 3.612478334136959165e+06 3.345646934397569772e-01 6.174585192636171356e+06 1.777074544982094955e-24 2.292031437411849208e-24 6.305895208024964167e-25 5.081800701300217549e-01 9.228036670952521053e-25 5.388004580982398532e-03 4.636133466373730180e-03 2.439094163625029048e-03 3.418584704086988779e-01 4.478052594632067271e-03 1.657163881031235724e+04 6.066562134722757037e+03 2.853060829648587969e+03 1.705089117060458459e-01 1.523837514770139751e+04
2.025188414895478031e-03 3.270785439278100617e+06 2.051344145234486554e+06 1.442598625789251179e+06 2.859027026260741455e-01 2.972648592617585789e+06 5.382625863862260042e-25 4.538245590169490900e-25 1.886713380867503991e-25 4.241005254377994693e-01 3.492316294199884992e-25 5.187125059728316806e-03 4.498167612278542934e-03 2.499991200211314126e-03 3.439657183895363790e-01 4.313607163065414155e-03 1.891685631156821910e+04 2.409330404972155520e+03 1.739236554143215471e+03 2.142400476924644914e-01 1.352568047624601604e+04
3.519374105778993230e-03 1.101670564446993405e+06 3.987221604285615031e+05 3.370350192488023313e+05 1.985516957946940053e-01 1.044536410798693309e+06 1.855132642360638704e-25 1.212708361693013078e-25 3.521794569904248556e-26 2.882971168312958299e-01 1.191260915450563093e-25 4.894733317450905910e-03 4.164961111986831277e-03 2.571347897976043219e-03 3.401054537041388048e-01 4.204901483857367839e-03 2.337503459714551718e+04 2.664349693097761701e+03 1.778088109879035983e+03 2.627695279708341380e-01 1.260495055431085893e+04
6.115971237701829134e-03 3.089413801689175307e+05 1.216475541295764851e+05 9.332041594748769421e+04 2.049481132064855382e-01 2.888099463801585953e+05 1.415665615455581230e-25 1.084700229442938923e-25 3.449748356971412471e-26 3.696070051277757784e-01 7.340928323612339116e-26 4.205210699027409765e-03 3.261449989509526866e-03 2.214264587830480548e-03 3.380981916163074974e-01 3.667317763160994268e-03 4.896828982351581362e+04 2.767788011468246987e+04 7.732457932030429220e+03 3.845832319355648732e-01 1.994486048794414819e+04
1.062833988548557602e-02 8.980267449399466568e+04 5.092505120347090997e+04 2.304865608943071857e+04 2.300387010696839651e-01 7.444069255695553147e+04 1.797162805495071574e-25 2.115997843613886690e-25 5.270443513779767706e-26 3.919240730771091363e-01 1.009426218108010002e-25 3.108920859084235867e-03 2.460832455594494893e-03 1.568752757831793059e-03 3.363191533179690773e-01 2.655097026924136024e-03 2.153459162329756655e+05 1.779562561582878116e+05 5.514215207058213127e+04 4.222268984375399103e-01 9.583874612288606295e+04
1.846993786122688719e-02 3.033535147148356191e+04 2.320826988147979137e+04 8.561892188176783748e+03 2.957858559420796229e-01 2.354109445645406231e+04 1.184104440903540919e-25 9.874243370593655781e-26 4.715356546998922376e-26 3.221449902457148018e-01 9.007142347681099452e-26 1.968770512549945957e-03 1.788295116458845681e-03 8.695834743491707812e-04 3.457195855694124575e-01 1.565721691408100864e-03 3.600336362319730106e+05 3.063063443529078504e+05 1.315748002352824260e+05 3.497961323923234889e-01 2.526374769346633693e+05
3.209707332218952880e-02 9.280304046291428676e+03 6.899391941661817327e+03 2.937134336133703982e+03 2.658115633272247202e-01 7.352012659845238886e+03 6.732758688002764527e-26 4.496027700954779460e-26 2.544224717963803834e-26 2.522648821501066174e-01 5.633215582141656137e-26 1.062634437966322081e-03 8.190672605891483873e-04 4.732391527825621281e-04 3.191978041097767171e-01 8.600783710146093488e-04 6.988626426556176739e+05 5.128853371368480730e+05 2.334234704372827255e+05 3.208211893868808118e-01 4.790477890416997834e+05
5.577832061973046762e-02 3.241303338178832291e+03 1.366751273878547636e+03 1.205321987193636232e+03 1.955784069194031749e-01 3.131327780550388070e+03 3.719314621648388523e-26 3.209699427907761453e-26 1.309403809500755071e-26 2.804781548018456805e-01 2.836695698897907636e-26 5.345063070436033466e-04 3.874075923810040988e-04 2.033677526833211941e-04 2.917540916782723759e-01 4.270196188064357789e-04 8.578610816809596727e+05 3.731823325334982947e+05 2.252476853203919600e+05 2.369188717316011716e-01 6.545997681622812524e+05
9.693161179921591653e-02 1.443541961205953612e+03 7.776904448409636643e+02 4.547305872691537161e+02 1.851117912571210722e-01 1.322156528662275377e+03 1.626746023752910094e-26 1.395925110243494646e-26 6.446348016429523916e-27 3.493008832600259517e-01 1.124171591667035832e-26 3.274585550114151168e-04 2.117173280695416860e-04 1.254696663888533743e-04 2.749820955100066855e-01 2.717054593929697521e-04 7.804231516702790977e+05 3.108433395083169453e+05 1.845316460325900116e+05 2.607086731895053577e-01 5.367787461801248137e+05
1.684478353166902198e-01 5.855155696726991437e+02 3.401422736310488517e+02 1.699883344940510028e+02 1.953255540281399749e-01 5.168536121410458009e+02 7.037550437250433665e-27 6.460260171649211292e-27 1.786992082614115550e-27 4.780263710324857418e-01 2.932759056737118914e-27 2.742537420153579758e-04 1.816725591288366460e-04 1.099952809736305854e-04 2.798639441579809928e-01 2.372852389786781846e-04 6.814482156438525999e+05 4.421800626180093968e+05 1.346211452963339980e+05 3.389875331633999678e-01 3.599174355511055328e+05
2.927287878143824407e-01 2.500913904206274481e+02 2.054684427828721311e+02 6.988957814726568074e+01 2.630456441839362225e-01 1.862017168255838726e+02 4.846371298240813667e-27 4.640819007630758099e-27 5.365749449333673750e-28 6.880298699827679387e-01 7.596262975720851383e-28 2.597040111488032135e-04 2.068867157751936843e-04 1.024568715300895616e-04 3.115605119588304994e-01 2.104324096923143692e-04 7.157499405476284446e+05 8.013301568647163222e+05 1.359232982800530735e+05 4.545610661205826686e-01 2.698500784711659653e+05
5.087043300626336029e-01 1.504043682909162669e+02 1.657075266950050434e+02 2.961518130862047826e+01 3.756347310116008309e-01 7.348293063626144317e+01 6.002435793129957301e-27 3.462096111812236477e-27 2.506688836577983527e-28 9.088213898602165441e-01 3.083284023722746547e-28 2.507129669748944648e-04 2.822338956515783003e-04 8.014211938030650910e-05 4.296822055392604534e-01 1.437127763670868524e-04 8.676508447002145695e+05 1.001230066117991926e+06 1.718999646562905691e+05 5.581280320860703137e-01 2.634103721897497308e+05
8.840268063712417579e-01 1.140751381282124726e+02 1.268188784577342290e+02 2.324716493208043033e+01 4.676480490731060868e-01 4.304172251731830556e+01 9.619285952216230163e-27 4.209906661906059867e-27 1.765497052605552639e-28 1.105377720313404755e+00 1.984659754643977463e-28 3.108689459043265514e-04 4.653017955106491035e-04 1.573737064110962978e-04 6.225231720269200908e-01 1.916399787039034693e-04 1.175990010574147571e+06 1.816388711745948298e+06 2.435051509948648745e+05 6.536679118753808693e-01 3.193103397470155614e+05
1.536262516748606588e+00 6.863189335894767851e+01 8.319542365999166122e+01 2.073456975268608815e+01 4.528017280335633332e-01 3.457913694458358833e+01 4.714117369255133903e-27 4.617958891767265335e-27 2.531015578591467236e-28 1.154725370430157438e+00 2.687079615814067622e-28 3.799106229331225787e-04 4.460211828202164893e-04 2.466435029312852713e-04 6.751927768825440879e-01 3.067757849509517476e-04 1.558465902806321625e+06 2.388075974413970951e+06 4.713309782460812712e+05 7.175685590815961135e-01 5.485367845917898230e+05
