# R (Mpc), mean rho (Msol/kpc^3), errup (Msol/kpc^3), errlow, std, median rho (Msol/kpc^3), mean pth (Msol/kpc/s^2), errup(Msol/kpc/s^2), errlow, std, median pth (Msol/kpc/s^2), mean gas-mass-weighted metal (fraction), errup, errlow, std, median metal, mean gas-mass-weighted temp (K), errup, errlow, std, median temp  
#  nprofs 107, mean mh 519094136108.899780, median mh 488963245794.858704 
#  Mass range 11.50 - 12.0
6.706029110378903786e-04 3.360944399723149836e+07 2.455034755768780410e+07 1.642552921003396809e+07 3.221066623457750078e-01 2.797077063789124787e+07 1.637960273390303401e-23 1.788809072300105676e-23 7.371345249773041816e-24 4.732103445388467500e-01 1.047217730388600309e-23 1.292949805635021203e-02 4.060702783521994916e-03 5.954371424005337754e-03 1.808022830463226482e-01 1.328274361332569022e-02 2.895096752856448802e+04 1.032190829791508804e+04 8.547475054466300207e+03 1.490679049688732327e-01 2.796491080618166234e+04
1.165374294563389359e-03 1.627949127443959936e+07 7.097455524267025292e+06 7.783914570406652987e+06 2.318192317974591410e-01 1.580184698425990716e+07 5.389261155185666049e-24 3.788219853590097962e-24 2.972459727742709435e-24 3.723515902297578894e-01 4.729973015291328435e-24 1.257224264060070699e-02 5.565201415308865945e-03 4.779999425668248099e-03 1.806289404347521665e-01 1.199265945902902933e-02 2.277123952755698338e+04 6.303501557671224873e+03 4.675338008847276797e+03 1.127950469765100217e-01 2.222546045974850131e+04
2.025188414895478031e-03 6.000200681915661320e+06 2.346908570835723542e+06 1.830506859318957198e+06 1.688426325539414685e-01 5.791837854807502590e+06 1.235080892812294232e-24 9.438097035451551046e-25 5.194223988191351147e-25 2.967216938815647187e-01 1.018499324840468435e-24 1.252185282206078054e-02 5.645340781768115948e-03 4.771125763910511429e-03 1.785502611429149178e-01 1.210780772062482365e-02 1.619803077466419199e+04 4.106726811464865023e+03 2.801970938594271502e+03 9.058605630952930310e-02 1.553018349052656413e+04
3.519374105778993230e-03 1.649997463171555893e+06 7.078418116708595771e+05 4.108727179471482523e+05 1.551610865248554405e-01 1.517100325903039658e+06 2.368131166069731274e-25 1.828469456820539697e-25 8.332445069849830326e-26 2.486031843823078014e-01 2.009737219505109671e-25 1.130029310978068052e-02 5.194820857507522621e-03 4.276693618881905606e-03 1.838004799761806252e-01 1.096194425268905495e-02 1.208247741858819791e+04 2.048685091393615949e+03 1.112494018147965107e+03 7.801306838126299825e-02 1.133744328379335093e+04
6.115971237701829134e-03 4.522599673135128687e+05 1.799008814362235717e+05 1.025340486505891313e+05 1.499309401456134505e-01 4.154194260779361357e+05 1.524696531113618982e-25 1.009825720451621004e-25 3.544624222841563160e-26 3.774161630657825728e-01 7.364280605758846601e-26 8.608598631110299729e-03 4.712579608888241636e-03 3.289566639165991679e-03 2.085280982800657712e-01 7.855916514636270345e-03 2.326185974250390791e+04 8.692992022594888113e+03 1.983727418487969771e+03 2.688122909635565216e-01 1.270748739593684149e+04
1.062833988548557602e-02 1.550855226319956128e+05 8.740463696838959004e+04 4.334767835334612755e+04 2.069848539670158249e-01 1.313434165719681187e+05 2.282220057638760781e-25 3.990283518049617973e-25 4.895959520002667822e-26 5.254257126475674333e-01 8.703779023956818603e-26 5.373003095427617525e-03 4.022030334340512096e-03 1.845435688510832419e-03 2.595540883395966447e-01 4.414796895105279305e-03 1.107535798611687351e+05 1.367327126138221938e+05 2.481387632146063697e+04 4.707282910921144481e-01 4.404265684241883719e+04
1.846993786122688719e-02 5.060667734681181901e+04 3.378462562816360150e+04 2.147274818932088237e+04 2.631159198384197540e-01 4.469868806991227029e+04 1.230056682739117932e-25 9.766920747356678974e-26 6.165171512222434197e-26 3.773659253145573156e-01 9.769200411525287335e-26 3.219555672936667574e-03 2.434758522248855681e-03 1.197568916270131366e-03 2.726558760416177285e-01 2.566273745199625957e-03 2.118304157263326342e+05 1.838141106211589358e+05 8.893810960731591331e+04 3.815044927926509732e-01 1.448635852636783093e+05
3.209707332218952880e-02 1.493381754673394062e+04 1.166385630908386338e+04 5.339636161626011017e+03 2.714605949160953102e-01 1.236065909409801134e+04 6.407563215170904061e-26 4.237382495642091592e-26 3.235845584037997861e-26 2.750116099211349918e-01 5.859629288017039954e-26 1.736034387659771052e-03 1.481937504713573247e-03 5.261261553264792419e-04 2.668037670106386816e-01 1.353666232532536743e-03 3.833554301237318432e+05 3.365045395201499341e+05 1.737458404432605603e+05 3.359522793653867412e-01 2.978001832208776614e+05
5.577832061973046762e-02 5.181164581271319548e+03 2.469116503883540645e+03 1.909822134471892241e+03 2.102412518375327555e-01 4.728711176796902691e+03 3.362928285688091078e-26 2.310932127261079894e-26 1.454955399368044051e-26 2.662167261692228171e-01 2.949682852734122720e-26 8.557142692235162424e-04 5.072322951042116139e-04 2.899317639297627636e-04 2.459883666543963843e-01 7.225871630537364322e-04 4.696092014294842375e+05 2.978427003964848700e+05 1.417803696762321051e+05 2.241513143205165204e-01 4.079538241536324495e+05
9.693161179921591653e-02 2.198915633098345552e+03 1.005743638056393593e+03 7.388192258493738791e+02 1.844805312946682929e-01 2.076618438562872143e+03 1.515713850498320803e-26 1.121650971963212063e-26 7.054345818680686083e-27 2.834573761461731678e-01 1.296265477457864399e-26 5.405884513945393094e-04 3.515165264643984027e-04 2.335026866592855447e-04 2.351694988100610784e-01 4.955871823025320352e-04 4.491343952347250306e+05 2.229155261771427467e+05 1.241395157313141972e+05 1.643588737046491888e-01 4.072307076484578429e+05
1.684478353166902198e-01 9.402574646962580118e+02 5.220523290531427847e+02 2.809416606120187225e+02 1.937435267581550102e-01 8.213092698844582173e+02 5.709727038036597126e-27 4.881624469981336499e-27 2.409180291726306337e-27 3.430659150341058838e-01 4.368922130509613691e-27 3.717341909254647577e-04 1.860946928044767486e-04 1.425459234878053761e-04 2.028457840900355080e-01 3.507471200259910395e-04 3.667075370783281396e+05 1.263920898895435967e+05 1.119335142508996360e+05 1.761636232936066304e-01 3.350411480905490462e+05
2.927287878143824407e-01 3.640066050391366730e+02 2.046912893299099778e+02 1.090985169092842000e+02 2.021762640269094413e-01 3.200134069204503930e+02 1.919564327875011971e-27 1.806653922616704641e-27 5.738448769642033479e-28 4.046170731471463444e-01 1.072582316916647235e-27 2.952871138555077926e-04 1.276644377755375981e-04 1.073809145731202447e-04 2.106536522420808522e-01 2.812051879649752110e-04 2.856477820869573625e+05 1.395745659601249499e+05 8.354006415743113030e+04 2.157099655648476444e-01 2.362334721730109886e+05
5.087043300626336029e-01 1.694286386929592538e+02 8.524517955809810132e+01 4.558460435539772959e+01 2.254260884981774404e-01 1.348960043207348463e+02 1.180618831826821553e-27 6.358139623298899591e-28 2.089459378961032803e-28 5.122653455145923518e-01 3.582944336761409457e-28 2.786833749499100432e-04 1.766512185452937325e-04 9.597786046019855539e-05 2.505636651999079700e-01 2.338185360407562738e-04 2.713954992659479612e+05 1.497346060272966570e+05 5.759257341730345797e+04 2.961433524608452217e-01 1.693637572365290544e+05
8.840268063712417579e-01 9.079513960263435024e+01 6.405762504622495612e+01 2.331657996311630399e+01 2.727252908950268395e-01 6.537550017060652863e+01 1.020414574379359554e-27 8.430357276365233386e-28 1.075067776962560413e-28 6.600824702285763568e-01 1.576937546818385941e-28 2.971508669323599783e-04 2.944754294608074537e-04 1.143835361015717918e-04 3.632887937133302825e-01 2.186405664676231687e-04 3.160513426161443931e+05 3.591390515880316962e+05 8.960433711001060146e+04 3.949275947041242518e-01 1.638658857353308995e+05
1.536262516748606588e+00 4.820839947247864643e+01 4.203109230591335432e+01 1.451035295584697238e+01 2.597268821761495317e-01 3.640582961208595947e+01 4.140844097731295566e-28 7.204404939549102866e-28 6.666783630169913227e-29 7.244316697462150900e-01 8.650384325251211764e-29 2.930457892423822476e-04 3.651046462648952157e-04 1.458096837659377497e-04 5.994611911844265340e-01 2.152598450406562720e-04 3.459916691261735978e+05 4.747593787706320873e+05 1.197175679624761979e+05 4.743680790228800292e-01 1.768145949207576632e+05
