# R (Mpc), mean rho (Msol/kpc^3), errup (Msol/kpc^3), errlow, std, median rho (Msol/kpc^3), mean pth (Msol/kpc/s^2), errup(Msol/kpc/s^2), errlow, std, median pth (Msol/kpc/s^2), mean gas-mass-weighted metal (fraction), errup, errlow, std, median metal, mean gas-mass-weighted temp (K), errup, errlow, std, median temp  
#  nprofs 202, mean mh 537465824196.696960, median mh 488561255941.446411 
#  Mass range 11.50 - 12.0
6.706029110378903786e-04 6.337733058133734763e+07 4.200521139516456425e+07 3.861067020688152313e+07 3.480871734829825703e-01 5.672133103537441790e+07 6.670200542630085513e-23 4.398022967025066137e-23 2.272632531827533161e-23 5.409061357035794826e-01 2.973912940781858752e-23 2.169888891920502411e-02 6.581637343629216652e-03 5.186975368496299366e-03 1.370895297433938620e-01 2.093642929700206823e-02 5.352128527572959865e+04 1.374339728889213438e+04 1.237741609521756254e+04 2.357391457135027679e-01 3.978083776134039363e+04
1.165374294563389359e-03 2.562100576172439754e+07 1.297254411268795654e+07 1.068067951138132252e+07 2.633439555367136919e-01 2.370254922199026123e+07 1.977335644126645840e-23 1.225773883056019669e-23 5.795113998337526602e-24 4.736945616527290515e-01 9.757011394272234837e-24 2.115959093618261649e-02 7.111426315957316419e-03 5.934142560485718490e-03 1.606982384818059217e-01 2.061249305197803902e-02 4.253874744741855102e+04 1.081360055961513353e+04 6.844150015738723596e+03 2.381475097806781127e-01 2.975110779191273105e+04
2.025188414895478031e-03 8.810416631397919729e+06 3.949313450432918966e+06 2.464155560327762738e+06 2.166436344482115528e-01 8.025697558937363327e+06 3.072404900030615022e-24 2.366082118567463012e-24 1.118457224859518314e-24 3.818974937442906614e-01 2.051283389673477385e-24 2.105624033529013978e-02 6.827123305192393105e-03 6.222059181358357421e-03 1.605524647943044336e-01 2.045448665714703212e-02 2.318629341248995115e+04 6.689674784688559157e+03 4.995349624867814782e+03 1.712621690835642307e-01 1.979232058263367799e+04
3.519374105778993230e-03 2.297015478276755661e+06 1.287429350904769264e+06 6.251529471900293138e+05 2.030987342786123584e-01 2.007905974946229253e+06 4.913945874579304858e-25 3.665335923202587283e-25 2.104381584987636306e-25 3.422338021204290315e-01 3.702930426396452723e-25 1.989359820025092193e-02 7.194180365144714484e-03 6.776454551935692794e-03 1.696328708604718793e-01 1.937711991475758039e-02 1.581816590479845763e+04 7.425901883010013989e+03 2.476737680083146188e+03 1.622420096788373123e-01 1.291776342616020702e+04
6.115971237701829134e-03 5.918667627485034754e+05 2.674253298507487634e+05 1.483971481073611067e+05 1.706604152718133038e-01 5.274870694412103621e+05 1.680438468993930278e-25 1.560542225026580023e-25 5.743033424210288597e-26 3.434094539263120027e-01 1.075908471837402462e-25 1.670525821117571641e-02 6.277028081303127893e-03 7.445459721216990401e-03 2.008103059431546322e-01 1.675342354319240418e-02 2.093314876440847002e+04 1.671234272938279901e+04 2.409293622633225823e+03 2.493337503314937975e-01 1.309086924751906008e+04
1.062833988548557602e-02 1.977537685502476234e+05 1.293953664766476140e+05 5.704942931496343226e+04 2.109718168442294151e-01 1.699176924932944239e+05 1.611199770139002608e-25 1.865149350574539298e-25 4.627490236024574563e-26 4.517673033151338724e-01 7.919583094958104957e-26 1.093853762672799233e-02 5.824039422994996273e-03 4.094185520692929930e-03 2.320112764681679374e-01 9.782715168927643562e-03 5.881904521749140258e+04 5.985417037912349770e+04 1.577069445986377104e+04 3.963048324383949828e-01 3.057867169715122873e+04
1.846993786122688719e-02 6.393353118501751305e+04 4.692293915517828282e+04 2.274442364865148193e+04 2.470972250442604046e-01 5.276100966386120854e+04 1.166606617841843433e-25 1.232413902381920740e-25 5.414413774960878200e-26 3.445413954821494040e-01 9.078020374719502497e-26 6.192214190635437696e-03 3.689081260455208053e-03 2.193535137077080952e-03 2.364175299866977387e-01 5.343988212411469527e-03 1.538078160863399680e+05 1.547402779345873860e+05 6.603332806685093965e+04 3.580179980503011561e-01 1.113988498012119235e+05
3.209707332218952880e-02 1.552583283446751375e+04 1.168055840760178398e+04 5.324132926391419460e+03 2.664210684943740248e-01 1.226419071174319106e+04 6.782219611944714589e-26 4.399245700300239412e-26 3.071655279600344763e-26 2.812444865885729284e-01 6.002788050807741126e-26 3.359153335515487060e-03 2.012217824340467153e-03 1.259346284022131932e-03 2.350930818549909762e-01 2.989229772216518959e-03 3.661820206783910980e+05 3.013452211376251071e+05 1.483594966685169202e+05 3.029883928340532662e-01 2.980364737269506440e+05
5.577832061973046762e-02 4.319012224372094352e+03 2.245424173629343386e+03 1.573020723011918562e+03 2.008362313063787319e-01 3.861600213391628131e+03 3.487457841010823237e-26 2.635706254759602391e-26 1.549336404365492533e-26 2.785146438855229944e-01 3.004739219248692007e-26 1.562310231311472711e-03 1.214833976482887837e-03 5.774808323236448005e-04 2.642713133975606032e-01 1.272674120433510067e-03 5.501721487697175471e+05 2.683697061176120187e+05 1.804312049498735578e+05 1.918192206588767712e-01 5.019769770717016072e+05
9.693161179921591653e-02 1.760894482453052660e+03 7.969268294982102816e+02 5.479462673743485084e+02 1.835002632024338443e-01 1.669534705841261712e+03 1.355394131346736914e-26 1.079387071069984692e-26 6.025007505284138693e-27 3.022242243622874636e-01 1.112530103365866554e-26 9.072667786916715788e-04 7.051104640551949902e-04 3.189027897912294091e-04 2.678723319552530069e-01 7.114507176165124104e-04 4.858855746615026146e+05 1.789195326172871282e+05 1.562892364557326655e+05 1.634435765567635868e-01 4.598887744183255127e+05
1.684478353166902198e-01 6.749073854128977246e+02 3.165673378952857320e+02 2.513059624018251270e+02 1.870406841510050266e-01 6.334877583627735476e+02 4.462331805674188102e-27 3.959795772005576938e-27 2.035889481571706442e-27 3.663805777570972033e-01 3.257756796720904217e-27 6.233198316110466269e-04 3.504982462003841670e-04 2.204381349564513886e-04 2.221907086368697382e-01 5.461839311220171612e-04 3.821130924288627575e+05 1.902089613304689410e+05 1.294945369026134140e+05 2.009618161622834520e-01 3.355938851597696193e+05
2.927287878143824407e-01 2.619178315412881375e+02 1.544113839266544232e+02 7.729564721859412657e+01 2.086367125431446146e-01 2.161492616784037182e+02 1.788374811875064541e-27 1.562316758660315266e-27 4.152239110521180434e-28 4.649402469943525462e-01 6.939977833669834622e-28 5.275234503421600586e-04 2.723412956708602456e-04 2.240176124829027675e-04 2.643640849697105888e-01 4.581414934191396565e-04 3.161521791739434702e+05 2.054755585956557188e+05 8.898036369132870459e+04 2.741463634984475095e-01 2.208356868460699916e+05
5.087043300626336029e-01 1.225855951356513742e+02 8.561574383005086020e+01 3.008105736045548184e+01 2.644176331112751410e-01 8.507318236282551993e+01 1.174907672507818534e-27 1.138023635493055075e-27 1.326486230380264296e-28 6.232123940619623825e-01 2.040708033419103823e-28 5.476022241150351301e-04 5.543167605173875741e-04 2.298455971471724275e-04 4.043969362753930263e-01 3.746742854731954547e-04 3.102618754116030177e+05 3.288196500305469381e+05 7.195041778371157125e+04 3.760282924667088245e-01 1.610568061507444945e+05
8.840268063712417579e-01 6.699980582051183831e+01 5.975518169167120419e+01 1.575099222050122094e+01 3.096795269523646699e-01 4.122977535563418172e+01 8.992769320747525833e-28 8.314859118839880811e-28 6.001729056156660486e-29 8.223896357797781942e-01 8.190313900813369802e-29 5.662045307530793464e-04 7.649506679728592350e-04 2.642537574363267592e-04 6.037059122634573782e-01 3.484920296461410075e-04 3.913133840444684029e+05 5.132631013093364891e+05 7.763661855551489862e+04 5.237749387408358048e-01 1.347687129344871501e+05
1.536262516748606588e+00 4.588780855147182081e+01 4.864419758569503216e+01 1.242290671390572143e+01 3.020545718168490823e-01 3.004337781675290131e+01 8.511275852711278535e-28 9.734214043830624496e-28 7.984040085943574825e-29 8.688464415538128538e-01 9.544415864859670420e-29 6.413983687767268755e-04 5.951565824339566466e-04 3.751808020379497491e-04 4.623180650008978931e-01 5.601813331275176319e-04 5.375003213848326122e+05 8.595514031713840086e+05 1.402995855980467750e+05 5.796578639872393968e-01 2.004082837992559071e+05
