# R (Mpc), mean rho (Msol/kpc^3), errup (Msol/kpc^3), errlow, std, median rho (Msol/kpc^3), mean pth (Msol/kpc/s^2), errup(Msol/kpc/s^2), errlow, std, median pth (Msol/kpc/s^2), mean gas-mass-weighted metal (fraction), errup, errlow, std, median metal, mean gas-mass-weighted temp (K), errup, errlow, std, median temp  
#  nprofs 219, mean mh 213719700399.666595, median mh 206402747504.243256 
#  Mass range 11.00 - 11.5
6.706029110378903786e-04 2.893601134954209626e+07 2.711851142689092457e+07 1.323938213408276066e+07 3.193702581454145872e-01 2.272667917278028280e+07 1.266672987185924073e-23 1.749989609960848390e-23 4.657861197419461536e-24 4.961112408726792711e-01 6.772911952693557659e-24 1.324088074097138322e-02 5.702201088893351505e-03 4.979085811870700290e-03 1.930620497953448311e-01 1.272376920978632656e-02 2.648306592503752108e+04 1.132233683810760340e+04 8.485024496446734702e+03 1.666981520972060926e-01 2.512729994642550810e+04
1.165374294563389359e-03 1.344032712215372361e+07 9.246095763429192826e+06 5.610033110067905858e+06 2.933359972857410014e-01 1.163043562782167830e+07 4.032177324578736208e-24 4.291888785913877730e-24 2.013521356281654883e-24 4.575134099661937737e-01 2.864304596583980717e-24 1.223895794934960583e-02 5.343091262754236237e-03 5.002525170958412211e-03 2.051995483813223997e-01 1.192520169876958719e-02 2.027065240182171692e+04 6.226602882841922110e+03 4.627465651997708846e+03 1.256251915490775029e-01 1.943923590531706577e+04
2.025188414895478031e-03 4.988940838852670975e+06 1.820670491368999705e+06 1.333798188928601798e+06 1.888219702152997559e-01 4.662359630884406157e+06 8.978902511445250935e-25 5.310515089013291189e-25 3.318636123830399659e-25 3.074236254466810592e-01 7.047379701719658839e-25 1.198540528416938700e-02 5.442705350974446493e-03 5.054249561091621323e-03 2.099049700639767924e-01 1.172683965345289181e-02 1.513524571737684528e+04 2.994583273356558493e+03 2.055205469713800994e+03 9.218249924882170043e-02 1.436124992621445563e+04
3.519374105778993230e-03 1.423549904651890509e+06 4.676600711579842027e+05 3.111603980927729281e+05 1.449205541116724005e-01 1.330878417378362268e+06 1.900947189216284226e-25 8.511346770993039998e-26 4.610440358444111005e-26 2.599693236349576164e-01 1.337320162774726381e-25 1.111374142046365511e-02 5.419369684135835058e-03 4.717291308791692929e-03 2.101517272528792835e-01 1.084720037471915283e-02 1.165022433847116190e+04 1.612493024252020405e+03 6.438629228124573274e+02 9.674393438488666785e-02 1.064472469366559744e+04
6.115971237701829134e-03 3.649246207785784500e+05 1.241295852843089961e+05 8.511378941623002174e+04 1.407764366981872906e-01 3.356268846379937604e+05 7.669053495762530202e-26 3.399211327884881159e-26 9.895403976721566309e-27 3.026942157923659948e-01 3.783864939896390851e-26 9.158079758036213186e-03 4.492500646967892419e-03 3.692556984080613489e-03 2.235061414130524171e-01 8.663322320414616057e-03 1.550407606465971185e+04 2.993056312189910386e+03 7.561832071251810703e+02 1.953238232293829368e-01 1.074560014462766412e+04
1.062833988548557602e-02 1.046316276127763704e+05 4.816044743967088289e+04 2.547164820922054059e+04 1.616249967698379919e-01 9.489226090392525657e+04 6.065105005409242384e-26 6.394247508142806318e-26 1.010131313030493043e-26 4.249595985017733946e-01 2.368036479791234905e-26 6.406928144534310837e-03 2.962483388542954017e-03 3.113110207995806872e-03 2.444965718976343516e-01 6.216184300823078719e-03 4.057078183318673837e+04 3.677114617914665723e+04 4.980465593787448597e+03 3.713971877493238982e-01 1.750239717379126887e+04
1.846993786122688719e-02 3.169401188306146287e+04 1.651743458851927790e+04 1.270732771438306372e+04 2.297143349381171040e-01 2.927161504895738835e+04 3.767224308328531381e-26 4.765818459190512762e-26 1.118307582564082678e-26 3.695369924292444819e-01 2.209608614304611945e-26 3.866535589764288558e-03 2.160482566193297135e-03 1.659489132934193053e-03 2.418303946010822436e-01 3.562218375375760665e-03 9.901303760142796091e+04 1.035506362619586725e+05 3.024250043731818005e+04 3.843174649374881402e-01 5.531823520096160064e+04
3.209707332218952880e-02 7.870987220414771400e+03 5.232332192188793670e+03 3.055585970563095998e+03 2.645492636598917868e-01 6.664537010427812675e+03 1.908216155317972597e-26 1.373557512439323150e-26 8.067324956168962668e-27 2.738517117927504185e-01 1.597698373408309971e-26 2.170831622232133676e-03 1.258007081518245501e-03 8.857696264188415040e-04 2.515055650231851625e-01 1.956328541189774652e-03 2.067826865210289543e+05 1.743875330183075275e+05 9.164427591648553789e+04 3.033787840484534759e-01 1.677764705021518748e+05
5.577832061973046762e-02 2.348960971987510220e+03 1.502335282678593558e+03 7.304961274908027917e+02 2.099169740486540869e-01 2.048161059835055767e+03 9.070952643143799154e-27 5.183944187586738026e-27 3.097254236862050408e-27 2.349701174580942353e-01 7.802717017679810799e-27 1.005442420905604262e-03 5.423077961815301121e-04 4.545663155874439792e-04 2.760713432038278126e-01 8.893342785587802970e-04 2.787980305911871837e+05 1.334114178651277034e+05 9.582303440812980989e+04 1.985190680779741756e-01 2.561024048789495428e+05
9.693161179921591653e-02 9.591730768861666547e+02 5.046229943357692491e+02 2.783353418291704884e+02 1.844418460736594045e-01 8.473729862484068462e+02 3.905966508203448950e-27 3.074028943795436351e-27 1.301915434277062832e-27 2.727257104980085334e-01 2.942638234410809399e-27 4.821354740918970517e-04 2.630072380579414671e-04 1.918181734098076846e-04 2.549434805969332807e-01 4.282070612906102298e-04 2.584924515608518559e+05 1.021160956586887769e+05 6.104576249588120845e+04 1.569178470012082827e-01 2.316515477229281969e+05
1.684478353166902198e-01 4.168633666809556644e+02 2.079455033358651690e+02 1.337643465637016789e+02 1.863708560205595555e-01 3.779380530642405347e+02 1.676617311772090140e-27 1.243313427078714839e-27 5.129932660935879593e-28 3.562579674338409164e-01 9.926022506305901731e-28 3.233461068018537825e-04 1.856807804492896377e-04 1.303923250775659208e-04 2.658630521568672300e-01 2.903099335162480691e-04 2.209722880499763705e+05 7.553070941763740848e+04 5.615376509330075351e+04 2.001218504592252589e-01 1.831611759502086206e+05
2.927287878143824407e-01 1.981383414244230607e+02 1.162493770437735918e+02 4.915636591512559050e+01 2.096137418192973167e-01 1.601071166783088700e+02 8.875491751259998351e-28 6.904949018483860006e-28 1.645945619684039276e-28 4.593704656859341484e-01 3.090290226539124394e-28 3.059334409245652374e-04 1.952684018887689422e-04 1.082708830702201568e-04 3.341140453772732943e-01 2.339602385222806921e-04 1.968414127003508911e+05 1.197025110726737184e+05 3.856297091404843377e+04 2.698558621336565322e-01 1.294958028286521730e+05
5.087043300626336029e-01 1.051920235722743939e+02 6.682965361032722740e+01 2.540333805008859258e+01 2.475481550378918483e-01 7.606556035429838403e+01 6.436237949878511643e-28 4.167943615368565347e-28 6.783321534761870006e-29 5.839133388854762519e-01 1.159387813814373236e-28 3.135953375680341354e-04 2.613412885748105357e-04 1.340808025628876111e-04 4.424267185816304626e-01 2.076008701507653842e-04 1.963427746301436273e+05 1.561038207712452859e+05 4.153666538516020955e+04 3.507065819209412294e-01 1.039311566977004404e+05
8.840268063712417579e-01 6.331152125082901705e+01 3.877464952635970263e+01 1.852182768200189855e+01 2.950617560400593531e-01 4.424285428874397752e+01 6.498396757133024138e-28 4.140171254854893003e-28 4.654729067418328970e-29 7.779312662185162708e-01 6.151245858791157047e-29 3.920526951719110228e-04 5.032318440276949915e-04 2.027737227885259487e-04 6.320278414688147439e-01 2.533910506233543044e-04 2.581262583616937918e+05 2.974329882531355252e+05 6.336870192339165078e+04 4.956521909968400474e-01 1.034881214832971891e+05
1.536262516748606588e+00 4.443150246220572797e+01 3.525150461820423686e+01 1.215809497064301681e+01 2.902192519911139801e-01 3.091107822829268414e+01 5.749095409847156487e-28 5.018455291918667457e-28 4.256180185506767064e-29 8.402679130795942530e-01 5.434163230209352318e-29 4.447178506408235314e-04 3.990616627304938353e-04 2.822702046470286453e-04 6.372619333783693385e-01 3.724838059693631937e-04 3.545845511609181995e+05 4.276045740001854138e+05 7.727005971710494487e+04 5.614819742525465340e-01 1.169325158944676514e+05
