# R (Mpc), mean rho (Msol/kpc^3), errup (Msol/kpc^3), errlow, std, median rho (Msol/kpc^3), mean pth (Msol/kpc/s^2), errup(Msol/kpc/s^2), errlow, std, median pth (Msol/kpc/s^2), mean gas-mass-weighted metal (fraction), errup, errlow, std, median metal, mean gas-mass-weighted temp (K), errup, errlow, std, median temp  
#  nprofs 221, mean mh 554822039026.872803, median mh 512626248915.173035 
#  Mass range 11.50 - 12.0
6.706029110378903786e-04 6.315703146437821537e+07 6.044734572813357413e+07 3.726119990976735950e+07 4.085056750758722099e-01 5.260279273967853189e+07 7.593995292950693905e-23 6.140324885481475213e-23 2.694636542047180792e-23 6.584009497581069237e-01 3.205186640601218636e-23 2.018612633663564512e-02 8.439841127986739272e-03 7.804946224778324532e-03 2.219318470060664128e-01 1.967772753727882462e-02 9.748336177610838786e+04 1.888614760447874141e+04 1.475791902348243457e+04 3.159991330815477006e-01 4.042624156277043221e+04
1.165374294563389359e-03 2.886512455170562491e+07 1.808338198526665568e+07 1.177661649059227481e+07 3.058841272543350587e-01 2.628313523665533960e+07 2.380263298893800083e-23 2.029550462768743401e-23 7.926833020292629793e-24 5.572167123283784385e-01 1.222152687749282405e-23 1.922998176136711881e-02 7.663255986139830278e-03 8.381266744021793891e-03 2.282680928275608312e-01 1.905512599080329619e-02 5.201431396259124449e+04 1.214985137400230815e+04 1.046189442927146956e+04 2.907129108420422603e-01 3.224442782002270906e+04
2.025188414895478031e-03 1.109204011307601072e+07 5.533529045796206221e+06 3.801084109661698341e+06 2.323895501501757332e-01 1.012463849729186483e+07 4.263675383668037601e-24 3.361751184922662226e-24 1.567120372396062017e-24 3.953618111184502015e-01 2.853311765129549270e-24 1.788379852628984093e-02 6.686875139527492101e-03 7.479817132789926340e-03 2.232100842979484467e-01 1.763971295384792262e-02 2.456647661540167610e+04 7.252749466787750862e+03 4.756024224168962974e+03 1.462573865866116096e-01 2.197913167563822208e+04
3.519374105778993230e-03 3.822002959884482902e+06 2.212370896173856221e+06 1.171405565300893970e+06 2.062500334457308959e-01 3.275627052771457471e+06 9.536585277454119700e-25 1.018568097527453013e-24 3.056155376416037677e-25 3.749229503402427000e-01 5.791033964898219861e-25 1.476757206953052508e-02 9.209050872289644904e-03 5.199433109727378925e-03 2.408424478571822847e-01 1.297877221668625354e-02 1.752173632709908270e+04 6.890158052924507501e+03 3.410184210844468907e+03 1.489685349346981103e-01 1.523043552067356723e+04
6.115971237701829134e-03 1.498210693871331867e+06 7.330084657802821603e+05 5.891274940223607700e+05 2.170736729933594455e-01 1.366029935976056615e+06 3.869462420695056048e-25 4.119147952897702631e-25 1.306156347555425270e-25 3.615015797116755136e-01 2.504702853046958094e-25 9.777037672659220566e-03 7.488359897054536543e-03 3.291798361930298525e-03 2.615446449632336523e-01 7.983654408712100373e-03 2.012323917527265075e+04 1.499674453750008070e+04 3.844898058247832523e+03 2.209003505063264761e-01 1.490179264441217492e+04
1.062833988548557602e-02 5.937832344284993596e+05 3.106261932167897467e+05 2.806225444674324826e+05 2.422498594822390383e-01 5.742000034780019196e+05 3.315504507453485606e-25 2.820330586423830774e-25 1.518554994914664486e-25 3.581113970579918315e-01 2.616061723222223863e-25 6.531979682370079102e-03 4.942319917325907648e-03 2.444441081904747629e-03 2.685694833963367389e-01 5.494433415232295552e-03 4.908999418017874996e+04 4.074980438900610898e+04 1.380204043672456828e+04 3.308695270486298190e-01 3.196256918497831430e+04
1.846993786122688719e-02 1.402924207380478329e+05 1.167073525235303823e+05 4.856716188973207318e+04 2.512965810940721578e-01 1.145675566262252250e+05 2.318636670404535068e-25 1.806896966844981928e-25 9.906151585737013501e-26 3.023332559432301281e-01 1.900462479875973762e-25 4.873479997558223531e-03 3.640881505894011036e-03 1.841077036107110782e-03 2.792121903995976040e-01 4.083193390167667858e-03 1.476224378145250375e+05 1.362476848947427352e+05 5.638628730007256672e+04 3.468921932459324564e-01 1.056413056085104618e+05
3.209707332218952880e-02 2.627614716362995023e+04 1.167999071972977617e+04 6.299796601735530203e+03 1.864626285189060761e-01 2.251775076343988258e+04 1.219614550305376627e-25 1.071169784164737014e-25 4.636757093232709568e-26 2.797997183149823486e-01 9.708442546738976920e-26 3.312653558276301962e-03 2.473934085232210294e-03 1.339454976770858112e-03 2.981663882025440970e-01 2.813887001022283545e-03 3.352647373413656605e+05 2.176513135469182162e+05 1.363783027214183239e+05 2.557747329589808993e-01 2.957391045420176815e+05
5.577832061973046762e-02 7.636586786887665767e+03 3.519418428377572127e+03 2.210335990959212722e+03 1.558774597143218199e-01 6.982531299168977057e+03 5.424934273526665077e-26 4.033562694658361088e-26 2.081506372194712367e-26 2.443845400976014659e-01 4.587607631120481825e-26 1.514105904343717932e-03 1.180908625377346957e-03 5.883222129557762322e-04 2.878838311251571414e-01 1.205235980478902092e-03 4.677040441667991108e+05 1.988118146203540964e+05 1.143397000205187360e+05 1.591801109812258086e-01 4.323137229637042619e+05
9.693161179921591653e-02 2.699396540089339851e+03 1.065062651059269228e+03 7.322151237077318910e+02 1.429451224285227251e-01 2.524709352938025404e+03 1.693250336854421262e-26 1.318318534719895959e-26 6.189436999086033389e-27 2.414490125701616030e-01 1.396093448190363155e-26 6.156609485685266480e-04 4.909584926864050177e-04 2.267812401035192702e-04 2.742812523653515577e-01 4.789125642092955065e-04 4.021499119124782155e+05 1.338345940130150411e+05 1.061963282050806447e+05 1.296720651885706066e-01 3.919997986655205023e+05
1.684478353166902198e-01 7.601248369965441043e+02 3.103805738852292961e+02 2.261354843991033476e+02 1.555872427038805794e-01 7.144962847164576942e+02 3.840276883318065173e-27 3.194474401880623378e-27 1.600726534187983033e-27 2.999611630636507265e-01 3.007480859866879551e-27 2.975483441958097302e-04 1.764569441942961730e-04 8.475118081258825207e-05 2.887597848520103705e-01 2.123685881114652316e-04 3.123204399138162844e+05 1.301249837221769849e+05 8.277492164705108735e+04 1.714350160129429756e-01 2.794001947279350134e+05
2.927287878143824407e-01 2.172676476014507330e+02 1.293600860498023337e+02 5.973887394304473730e+01 1.962411123120965939e-01 1.820231448356469457e+02 1.012006407515353469e-27 1.120690141839776913e-27 3.222384421364821347e-28 4.339409488846342478e-01 5.202784980166440889e-28 2.710002269506187533e-04 2.462209666404484147e-04 5.013375828311628633e-05 5.001974837937146479e-01 9.093085706601620577e-05 2.552717423547736253e+05 1.778611133892605721e+05 8.099435907544507063e+04 2.778283546187012010e-01 1.854775950813966047e+05
5.087043300626336029e-01 1.006974344811069670e+02 6.471621921628332075e+01 2.924812017237736939e+01 2.525122148595975724e-01 7.642918075448014292e+01 5.627355977958696495e-28 5.507518729334362359e-28 1.077129235677685057e-28 6.279584588282520752e-01 1.499269343078321288e-28 5.071986618383167271e-04 1.014646328546577004e-03 8.799838103945697900e-05 9.213078346194892854e-01 9.909285412912622432e-05 2.418529487998826080e+05 2.915320648480117088e+05 6.208956167241939693e+04 4.126026903964797321e-01 1.203201703623271751e+05
8.840268063712417579e-01 6.303704317123818157e+01 5.190345182696919579e+01 2.487320369122970121e+01 2.706558336606214032e-01 5.071298081136313129e+01 5.365123542749243571e-28 6.424937756652044742e-28 8.434480154313945525e-29 7.574876451038257130e-01 1.029696825747254297e-28 7.790523742906124141e-04 1.367981796608532278e-03 3.306060674459713870e-04 1.018053167363523359e+00 3.698563807400130892e-04 3.179236996900441009e+05 4.188801709697432816e+05 8.672103369064985600e+04 5.082702250797214161e-01 1.359208376409909397e+05
1.536262516748606588e+00 4.196527902514562669e+01 2.628662426287560550e+01 1.726468023781593075e+01 2.537824192189135353e-01 3.594976800429285646e+01 4.439671427992013938e-28 5.916793372378857513e-28 9.807667240490411248e-29 7.864552467085104137e-01 1.123185405623275658e-28 8.643578289034802020e-04 9.513912630355115564e-04 6.448466868618511674e-04 6.954375093187651347e-01 7.421940258927985958e-04 3.977788630837410456e+05 5.751008637219029479e+05 1.619560863739610359e+05 5.476019836285944686e-01 2.102162217061069678e+05
