# R (Mpc), mean rho (Msol/kpc^3), errup (Msol/kpc^3), errlow, std, median rho (Msol/kpc^3), mean pth (Msol/kpc/s^2), errup(Msol/kpc/s^2), errlow, std, median pth (Msol/kpc/s^2), mean gas-mass-weighted metal (fraction), errup, errlow, std, median metal, mean gas-mass-weighted temp (K), errup, errlow, std, median temp  
#  nprofs 130, mean mh 542386472358.413696, median mh 501516873924.267822 
#  Mass range 11.50 - 12.0
6.706029110378903786e-04 5.300594157561662793e+07 5.467432965713561326e+07 2.532645792243380845e+07 4.098457159111092429e-01 3.678206434625235945e+07 6.250241875457676379e-23 5.176977856775854107e-23 1.409260724720414380e-23 6.368423911119142078e-01 1.858101220983635151e-23 2.043384936849173411e-02 9.430371517013997479e-03 6.812065823622844365e-03 1.976567249490999989e-01 1.864382224055542020e-02 1.671740575023973652e+05 1.728386520151582226e+04 1.057423619276264071e+04 3.651571536092657611e-01 3.580547769133264228e+04
1.165374294563389359e-03 2.383736788711713627e+07 1.368742899843167886e+07 1.385961163308897614e+07 3.480099443489642619e-01 2.267940566271012649e+07 2.073978373840514096e-23 1.298164027590673814e-23 6.963661992287799964e-24 5.977026324397882728e-01 9.419499475871227268e-24 1.918320059715305365e-02 1.015561590006854031e-02 6.347580960992860177e-03 2.028260655808392376e-01 1.747817052029351087e-02 5.772899732060213137e+04 1.434891107413262944e+04 8.447170915171354864e+03 3.224166525854074705e-01 2.832700959468994552e+04
2.025188414895478031e-03 1.008610537821721286e+07 5.745828861568314955e+06 2.825070189225981012e+06 2.381993781806888977e-01 8.719893674902826548e+06 5.381651231600650690e-24 2.931247075109207092e-24 1.286402868776742221e-24 4.579612334536699580e-01 2.336887989103375521e-24 1.891239007206061556e-02 9.879869059556557059e-03 6.362586331148625818e-03 1.929280679002545185e-01 1.735041869245851701e-02 2.756043513620705562e+04 6.301287377203490905e+03 4.801920303947743378e+03 2.002961964795988981e-01 2.085572295522980858e+04
3.519374105778993230e-03 3.528124131333783735e+06 2.049575529682116117e+06 8.732642186831105500e+05 2.505843221505033580e-01 2.882256916877908166e+06 8.942933181944285960e-25 5.713424391079336286e-25 3.019329852257482078e-25 3.872877250970387375e-01 5.279162270170551273e-25 1.681421715319825205e-02 7.954964262023491578e-03 6.560292302368049555e-03 1.848357302111534317e-01 1.610123626421039109e-02 2.048453029879889800e+04 6.413993661999887991e+03 4.001751442824366677e+03 1.961571592245719975e-01 1.512692492504827169e+04
6.115971237701829134e-03 1.201385799487151206e+06 8.685695443518410902e+05 3.663912280170794111e+05 2.569643753514003204e-01 9.767542889949125238e+05 3.267258673255076397e-25 2.937424200032642272e-25 8.919498124176407815e-26 4.060819782930881749e-01 1.692671558590450142e-25 1.215948143294423231e-02 5.638365311687695836e-03 4.705953537482618007e-03 1.991966143610792717e-01 1.141172571176777423e-02 2.139990369548794843e+04 1.300004560611635134e+04 2.252746171810560554e+03 2.612238051698967389e-01 1.270852254102015831e+04
1.062833988548557602e-02 4.753244472901449772e+05 3.372460401925002225e+05 1.746054696307391278e+05 2.611787370095384198e-01 4.363146169695972931e+05 2.837976825265807840e-25 3.467424708440932969e-25 1.035015591006537340e-25 4.411097526684758519e-01 1.678278115912718037e-25 7.308245495726876755e-03 4.637213395694774962e-03 2.706234208717279207e-03 2.208186682656792521e-01 6.411187929142359021e-03 5.832037503190692223e+04 4.962456498891096271e+04 1.678734852945975945e+04 4.326463580792838659e-01 2.905435832046576252e+04
1.846993786122688719e-02 1.513361584647012933e+05 7.460004334776318865e+04 7.177877299057986238e+04 2.733615098454768022e-01 1.472743631214658380e+05 2.214304313522085968e-25 1.773011597493007750e-25 9.608030566610884670e-26 3.353695427441790167e-01 1.739049620123040017e-25 5.038114339048662196e-03 3.306160996704173884e-03 1.872062939730041470e-03 2.269930471094269986e-01 4.430985086847301184e-03 1.434128388378427189e+05 1.596591217930691782e+05 4.991832168894667848e+04 3.987828462328375512e-01 8.510379187220335007e+04
3.209707332218952880e-02 3.524591970664725523e+04 2.704089034909326801e+04 1.028666759317706965e+04 2.511391418487500804e-01 2.778070525041058499e+04 1.109285227250795029e-25 7.532609041842504089e-26 4.473477483908166526e-26 2.924402353939614119e-01 9.079030990410551681e-26 3.627891793294707543e-03 2.275394352516877262e-03 1.472149424120317062e-03 2.341885687115123349e-01 3.243954903868011535e-03 2.817034302123509697e+05 1.947453235948710062e+05 1.631870856738958391e+05 3.723706964862306124e-01 2.465126494090162159e+05
5.577832061973046762e-02 7.937506851132965494e+03 4.286843808099372836e+03 2.751552063810235268e+03 1.964984739965539573e-01 7.212651486942175325e+03 5.006120607339621250e-26 3.786523147483689105e-26 1.631100813272462132e-26 2.768212795476354127e-01 3.771225220930321802e-26 2.400965476446545975e-03 1.405269962846758709e-03 1.169389845345984247e-03 2.700051477168468606e-01 2.181903531549080587e-03 4.361034993564565666e+05 2.148999831202189671e+05 1.547281479220777983e+05 2.312059111429636271e-01 3.837730070548121585e+05
9.693161179921591653e-02 2.677952183472436900e+03 1.210835908113424921e+03 7.958005780218686596e+02 1.653995755534269085e-01 2.491982929940971189e+03 1.920824371850012998e-26 1.314705850233133624e-26 7.917818810799193730e-27 2.915166724845450474e-01 1.529097889421314381e-26 1.589831064841752293e-03 1.085349932719515548e-03 6.404627656333677487e-04 2.583155896450616829e-01 1.379085534511468886e-03 4.768673985921505955e+05 1.877647054005246609e+05 1.316829595274531748e+05 2.089719835499596889e-01 4.034390418076216010e+05
1.684478353166902198e-01 9.499587635975153717e+02 4.057537231390008401e+02 2.588923928162291759e+02 1.610705277668283419e-01 8.896643422097556595e+02 7.199369367869242806e-27 6.354315460175038280e-27 2.182286402441120987e-27 3.664007645543511660e-01 4.402919680462697914e-27 1.067136553559025654e-03 8.309728694123183143e-04 4.643067531791498495e-04 2.803125384453855062e-01 9.121636993186738387e-04 4.712829246864336310e+05 2.634481097134495503e+05 1.117552411323344859e+05 2.639929769013798500e-01 3.327711070705203456e+05
2.927287878143824407e-01 3.501230836838987557e+02 2.657955146382083171e+02 8.911323491154377052e+01 2.156208439403819732e-01 2.778220227254708448e+02 3.400392646748068413e-27 3.888578881515067390e-27 7.515917397465998360e-28 5.261989763663752484e-01 1.255631282808974991e-27 8.312626286172274288e-04 7.839730320543007117e-04 3.807273134828644250e-04 3.257214395968816012e-01 6.642410317959045445e-04 4.877962576913684607e+05 4.529051738121996750e+05 1.531582235528260935e+05 3.533434818518773057e-01 3.068729767190862331e+05
5.087043300626336029e-01 1.706777293740322534e+02 1.678708127100426282e+02 5.665038731631251778e+01 3.193134626963575196e-01 1.166988979880705841e+02 2.567545332319244098e-27 3.090758545879227080e-27 4.605708218127869605e-28 7.356048081703211450e-01 5.464851619531948489e-28 7.063371961338775007e-04 8.495491174626472550e-04 3.228587285173789415e-04 4.723568830230006621e-01 4.576681788154319131e-04 5.471088523133101407e+05 6.818202822535899468e+05 2.234577633632736688e+05 4.456785462486488880e-01 3.250420659052929841e+05
8.840268063712417579e-01 1.054787722640226946e+02 1.271543806895870574e+02 3.122319473963142400e+01 3.759845996298945003e-01 5.897501096126369191e+01 2.899639651714668235e-27 2.719722257532980420e-27 2.807939719255745393e-28 8.932272844338482454e-01 3.151034101688027743e-28 8.665012525256515297e-04 9.880769937459614460e-04 6.408799275595945767e-04 7.250003646867984042e-01 7.173011962675681112e-04 6.881111565780963283e+05 7.470364978752422612e+05 3.083685898465728387e+05 5.392273907193559923e-01 3.918357213614538778e+05
1.536262516748606588e+00 6.567018245546748290e+01 4.883678650223099282e+01 2.456816092179631283e+01 3.328835033566795998e-01 4.676344652649008538e+01 1.967756849708073091e-27 1.405109044672727740e-27 2.809002553235496514e-28 8.663665559138111760e-01 3.236473942015317045e-28 1.035858351089120844e-03 6.588310708260333194e-04 7.160733154194656247e-04 5.842270079147733330e-01 1.007476491482316421e-03 8.242154995876556495e+05 6.493550107058831491e+05 4.008882781690412667e+05 5.513532230470024054e-01 5.087915524152987055e+05
