# R (Mpc), mean rho (Msol/kpc^3), errup (Msol/kpc^3), errlow, std, median rho (Msol/kpc^3), mean pth (Msol/kpc/s^2), errup(Msol/kpc/s^2), errlow, std, median pth (Msol/kpc/s^2), mean gas-mass-weighted metal (fraction), errup, errlow, std, median metal, mean gas-mass-weighted temp (K), errup, errlow, std, median temp  
#  nprofs 85, mean mh 546937838332.721863, median mh 498348958551.608337 
#  Mass range 11.50 - 12.0
6.706029110378903786e-04 5.282850464795908332e+07 3.762437828456248343e+07 3.554176840702260286e+07 3.655607247965371731e-01 4.980085539358371496e+07 3.243971645297040569e-23 3.797347169299161781e-23 1.584385904520658821e-23 5.405835392239808357e-01 1.956876266340372977e-23 1.397306450747032996e-02 6.589570345912419691e-03 5.622476577576305742e-03 3.294735156418748812e-01 1.346993480024537282e-02 3.546193515052369912e+04 1.424607293625355669e+04 1.024894972271702864e+04 1.698354072845051355e-01 3.294056694801595586e+04
1.165374294563389359e-03 1.790581297168174013e+07 1.767969240594349802e+07 1.046082985145178437e+07 4.117159916450273127e-01 1.543011250056117214e+07 7.672161679888192358e-24 1.121994159380621630e-23 3.988272725048025247e-24 6.473864012182934946e-01 4.825789534853213789e-24 1.148908834456623985e-02 5.555383803842009124e-03 6.520442750888625141e-03 3.775766834287895279e-01 1.121809305144716960e-02 2.483691962536640858e+04 9.829194600627695763e+03 9.319485136897639677e+03 1.743887844036084989e-01 2.470515259167620025e+04
2.025188414895478031e-03 7.600842557727714069e+06 4.682937566898453981e+06 2.928569094922414981e+06 2.751255289728165576e-01 6.852693877469554543e+06 2.021122568064307181e-24 1.954438019389187518e-24 8.777645529171504992e-25 4.265947377927045148e-01 1.403778511705811180e-24 1.019461266647070374e-02 5.934696314810000706e-03 4.553381191808243342e-03 3.550789776849150869e-01 9.463658475970486775e-03 1.889467905353965762e+04 5.625379844370858336e+03 3.858695334965359507e+03 1.053539370731361030e-01 1.817837638142214928e+04
3.519374105778993230e-03 2.946620951669456437e+06 1.539526431754728779e+06 9.556795292902695946e+05 1.901981449154689086e-01 2.666474654593138024e+06 5.663576197249387334e-25 6.593006127470407010e-25 1.874846318460361956e-25 3.527302867260200814e-01 3.631331510727350751e-25 7.530712172363548083e-03 4.052494966194983630e-03 2.700006362015261105e-03 3.275845539213561586e-01 6.569070852783655962e-03 1.523158883936056736e+04 5.212352641124061847e+03 1.656737820545031354e+03 1.327988505347468262e-01 1.295942653729987978e+04
6.115971237701829134e-03 1.286639484110934194e+06 5.737896028592311777e+05 3.821968031101666857e+05 1.823441633908003123e-01 1.174591663855724968e+06 3.271918447054396297e-25 4.536029188851835584e-25 8.674045073625847638e-26 4.021935434961843581e-01 1.713466501744223444e-25 4.513101528898474761e-03 2.437748320638467164e-03 1.748570287323609421e-03 3.015896982655818515e-01 3.940999771793803931e-03 2.120274193240564273e+04 2.428141637381954570e+04 2.097404427591423882e+03 2.777416049906272777e-01 1.212601410737273181e+04
1.062833988548557602e-02 5.378530987581603695e+05 2.588281486322322162e+05 1.550595631450033397e+05 1.994346539636610294e-01 4.914000279058594024e+05 3.946682538097432123e-25 3.402017828745787449e-25 1.738327403219312294e-25 3.872631272759188836e-01 2.906038946476508043e-25 2.763564931509025768e-03 1.393616045755526837e-03 9.136801140445277754e-04 2.781277376613923713e-01 2.342663300946885071e-03 5.834436144098619843e+04 5.594240680862405861e+04 2.823432038411581743e+04 3.571308032976890368e-01 4.499751908193674171e+04
1.846993786122688719e-02 1.639304010505187034e+05 7.455138075564685278e+04 7.586746640382184705e+04 2.064526798788173800e-01 1.580336602240166976e+05 3.389986654875654316e-25 2.466693414888389340e-25 1.368132649494623922e-25 2.974509883217645867e-01 2.864862007848552577e-25 1.884336354139123535e-03 1.293902982852118038e-03 6.498702848727071126e-04 2.834845141282976155e-01 1.649453656989519372e-03 1.646399924460680922e+05 1.278127381085932429e+05 7.179593042948958464e+04 3.057119660223925894e-01 1.326565611281669408e+05
3.209707332218952880e-02 4.482152146618158440e+04 1.622024386263220367e+04 1.308931229123962112e+04 1.713964277650550649e-01 4.134797511322942592e+04 1.590360662526216329e-25 1.798048292560978735e-25 5.563869451344608028e-26 2.943348900542293589e-01 1.268359060995988895e-25 1.410741147171853125e-03 8.951839643220839068e-04 5.738843035180190774e-04 2.955914056686599345e-01 1.233686395867462406e-03 2.545870895059847680e+05 2.221715954858100449e+05 9.717054908855495160e+04 2.728185962929759456e-01 2.082791079677323869e+05
5.577832061973046762e-02 1.260348115257068821e+04 5.789679389297589296e+03 3.612424193322627616e+03 1.660837435749072388e-01 1.180680522559561905e+04 5.873087022005293373e-26 4.125697564948133542e-26 1.998650788600529171e-26 2.758485004705675259e-01 4.650965896239340632e-26 1.074013398355047263e-03 7.256470446973810502e-04 3.804621989505958292e-04 2.699784941880077338e-01 8.744628515507887629e-04 3.055907832413763972e+05 1.815710431219492457e+05 7.723771484216942918e+04 1.909359505497660314e-01 2.670693347420557402e+05
9.693161179921591653e-02 4.227271124660984242e+03 2.175300890824303224e+03 7.594574888603360705e+02 1.507177175038662553e-01 3.714041538484234025e+03 2.283062865817413767e-26 1.876779332185581248e-26 6.192541410366020282e-27 2.618956548845037258e-01 1.690039353832804579e-26 7.660199901332988628e-04 5.616712319571747370e-04 3.673132011085013509e-04 2.936789490870785335e-01 6.472507903277724493e-04 3.399867814671029337e+05 1.482688412123268354e+05 7.204827792219870025e+04 1.392112955255787043e-01 3.156574377334488090e+05
1.684478353166902198e-01 1.403732802651991733e+03 6.325258332776609222e+02 3.311491836380762379e+02 1.495741385313915373e-01 1.258671457260449188e+03 6.800251548105477491e-27 6.757426987838663205e-27 2.435220016770858399e-27 2.926146485809588138e-01 4.979060535695766271e-27 4.890544107682446651e-04 4.250555517959831212e-04 1.801729032808198881e-04 3.188198995942159719e-01 3.714894043211582259e-04 2.955488136997085530e+05 1.294727165691807750e+05 8.511579294726368971e+04 1.590399520710685799e-01 2.657129721100704628e+05
2.927287878143824407e-01 4.196696046486220553e+02 2.328009324148448513e+02 9.598889244623907757e+01 1.726043515806034989e-01 3.518316881346902392e+02 1.887335720558866321e-27 2.022200717880760278e-27 5.440094767683848940e-28 3.865700952862672901e-01 1.018225160375897416e-27 2.468552214370620264e-04 2.348005097168896424e-04 8.461654128640900977e-05 3.291160773936965267e-01 1.760153901820990475e-04 2.581593067656719941e+05 1.796072519444655918e+05 8.134675984140722721e+04 2.363786621120749498e-01 2.021695092173213779e+05
5.087043300626336029e-01 1.792285864415298420e+02 1.606015519278649890e+02 5.070585077631874071e+01 2.876651477761137943e-01 1.193520990677663605e+02 1.126342844337651914e-27 1.184955501106058204e-27 2.393495003416697760e-28 6.415636756927645123e-01 3.134194944111910822e-28 2.644779259908064894e-04 2.976560431410411791e-04 7.236543162859586397e-05 5.487630201735320679e-01 1.056097561305674719e-04 2.641657820106975851e+05 2.208056883604456089e+05 1.224581761792593170e+05 3.822328103346131489e-01 1.879063927738348139e+05
8.840268063712417579e-01 8.799121154678523737e+01 8.599809331498525466e+01 2.415692620865475959e+01 2.975680172060981565e-01 5.885100532921048710e+01 9.578541980310222455e-28 1.083488689398550736e-27 8.232652300411933937e-29 7.952228005615818995e-01 1.084661204497754903e-28 3.007426203420575091e-04 6.094713945587473206e-04 9.520020337510805134e-05 8.501518117950780384e-01 1.097681078716671618e-04 3.211825124851588043e+05 3.999115494251156924e+05 1.024998033658469358e+05 5.125559943809897545e-01 1.508051274445483868e+05
1.536262516748606588e+00 6.703623218802943029e+01 5.687506555592428725e+01 2.022762206960069520e+01 3.260573376917011990e-01 4.343904970266293475e+01 1.581176808783228850e-27 7.769015030437890968e-28 9.896214528847237518e-29 9.094264446052955364e-01 1.117163303557976570e-28 4.815161083527445579e-04 7.622956659470855271e-04 2.416846516745923667e-04 9.553507379747208095e-01 2.682342173298177235e-04 4.868607955698845326e+05 4.631252680778958020e+05 1.356262549024150940e+05 5.906184806675768284e-01 1.744818671414589626e+05
