# R (Mpc), mean rho (Msol/kpc^3), errup (Msol/kpc^3), errlow, std, median rho (Msol/kpc^3), mean pth (Msol/kpc/s^2), errup(Msol/kpc/s^2), errlow, std, median pth (Msol/kpc/s^2), mean gas-mass-weighted metal (fraction), errup, errlow, std, median metal, mean gas-mass-weighted temp (K), errup, errlow, std, median temp  
#  nprofs 92, mean mh 217548260395.888641, median mh 209866677075.202576 
#  Mass range 11.00 - 11.5
6.706029110378903786e-04 1.246889247999675572e+07 8.265646034589529037e+06 2.965677318528942764e+06 1.859628356609816235e-01 1.039624545334298909e+07 1.631119878412365234e-24 8.064217627377929009e-25 7.395728012528276614e-25 2.874079868670948446e-01 1.367377096827186051e-24 2.164506605596172670e-03 1.585498539751791728e-03 9.347159681372934487e-04 2.358470202764510748e-01 1.945783520158262357e-03 1.338486352470041857e+04 4.425928195834416329e+03 1.815580928635537930e+03 1.064152372134139768e-01 1.203331891115218059e+04
1.165374294563389359e-03 5.212939889626082964e+06 3.425401237107424997e+06 2.683749631900118664e+06 2.700196258268886540e-01 4.842506993763378821e+06 7.078167760010162770e-25 5.596402548139684562e-25 3.972320013967351264e-25 3.740911446939520490e-01 5.678441840520429353e-25 2.022622949439897757e-03 1.208244121308961385e-03 9.629715747226789187e-04 8.022244338127428875e-01 1.827911586156991206e-03 1.303412811672025600e+04 3.522582202216570295e+03 2.166935871477871842e+03 8.849265716766395451e-02 1.243230686664288442e+04
2.025188414895478031e-03 2.490821770965436008e+06 1.218735667537628673e+06 1.037326704768776428e+06 2.475918806511015480e-01 2.402405452179013751e+06 2.630108976317118665e-25 1.760859942615579256e-25 1.098017327254420020e-25 3.099801141269498683e-01 2.184255664863136617e-25 1.962884168449663749e-03 1.253954465066806729e-03 9.677752116547880257e-04 7.005697094155061144e-01 1.819539488985384744e-03 1.141103695548810538e+04 2.268132551213342595e+03 1.203114676573077304e+03 6.590970174702895368e-02 1.103855443259772073e+04
3.519374105778993230e-03 1.026743224620951572e+06 3.643747351978649385e+05 2.835706345774419606e+05 1.614727086646671195e-01 9.995280538005731069e+05 3.190280611921564796e-25 4.125051836312420040e-26 2.478650997109307092e-26 3.766044447027588338e-01 8.596189851060509137e-26 1.787909300882610129e-03 1.232598174129808776e-03 7.803814521807012159e-04 6.896534755905961989e-01 1.607873156289365245e-03 1.902365762691150303e+04 9.020161419010764803e+02 5.041921332104175235e+02 2.605781013708562965e-01 1.036086498649019632e+04
6.115971237701829134e-03 3.287538737510833307e+05 1.144397073162968736e+05 7.225686541064793710e+04 1.537671567903583503e-01 3.059357089374406496e+05 1.272180471660637876e-25 7.124432128115591998e-26 1.172238806415234437e-26 4.312638566424376596e-01 4.000754435219311038e-26 1.420644073160144162e-03 9.095374606084161845e-04 5.167388350803010094e-04 6.746199404483828044e-01 1.203911612894127594e-03 2.931981434463824553e+04 1.136223351133161668e+04 1.029217793220104795e+03 3.446630816428369326e-01 1.153773641031087573e+04
1.062833988548557602e-02 9.610609708714780572e+04 3.284758178117030184e+04 3.384041133610470570e+04 1.613302208824786421e-01 9.595563057569705416e+04 1.128477412030894015e-25 1.497836275524803447e-25 2.141245477327808425e-26 4.975543335251768617e-01 3.867698303769534624e-26 9.331814161641793391e-04 6.528603895662859211e-04 3.532550641576284473e-04 6.610245275192209169e-01 7.978554905948984565e-04 8.215234528323415725e+04 8.591745808366683195e+04 1.385688865865498883e+04 4.475136497791373791e-01 2.986795656012178370e+04
1.846993786122688719e-02 3.341011379880698223e+04 3.102900873893311291e+04 1.216060035879743737e+04 2.448132712907536424e-01 2.678095005938632312e+04 7.144562158429078070e-26 9.229152910672402952e-26 3.007733941808419794e-26 4.452659238162070543e-01 4.469556852861753131e-26 5.325849172631505349e-04 3.926495031081429429e-04 2.104836928515776214e-04 6.461270569832511246e-01 4.652020385953201456e-04 1.654404982068311365e+05 1.737508662477321341e+05 4.546055097960650164e+04 4.084314260305818012e-01 8.498219782543797919e+04
3.209707332218952880e-02 1.178479064074230519e+04 9.085143227565484267e+03 3.683520405246150403e+03 2.379412108505859491e-01 9.457748414535421034e+03 2.867103895399834447e-26 2.104174834495566122e-26 1.148045180338859377e-26 3.102676076785920722e-01 2.175687709797486461e-26 2.816144635644010218e-04 2.243016757869889695e-04 1.490164336780338845e-04 6.365939845111874273e-01 2.540843272216519169e-04 1.886454698464417888e+05 1.501505331397272530e+05 7.335617736788859474e+04 3.000331840061470912e-01 1.458049131589055178e+05
5.577832061973046762e-02 4.333098623418399256e+03 1.860287243984323140e+03 1.597668908368895700e+03 1.942549478055990431e-01 4.057408475167869256e+03 1.394144398670998829e-26 9.930538618059871095e-27 5.810812460423348425e-27 2.839527234795328758e-01 1.129154739769139062e-26 1.544652377794182856e-04 1.476371597032607574e-04 5.016823487040186617e-05 6.140005831664008262e-01 1.175731236355358851e-04 2.260928032070419868e+05 1.371173421543133445e+05 8.442828687232683296e+04 2.379278700734903385e-01 1.951306078106971690e+05
9.693161179921591653e-02 1.590210105836528783e+03 8.115729875975227969e+02 4.657397953879813031e+02 1.744634184401236687e-01 1.445456103522304829e+03 5.352905298337814253e-27 3.641181110067341573e-27 1.915630529822142050e-27 2.561403020171583722e-01 4.359369853112712896e-27 1.015927301664008923e-04 7.310167631229475872e-05 3.672648332309361109e-05 5.853326817821997707e-01 8.476824438277982636e-05 2.275213327287877037e+05 9.729775209242719575e+04 5.654114322226689546e+04 1.825002382378287658e-01 1.992727977614195843e+05
1.684478353166902198e-01 6.446249314657799232e+02 2.700138967222723068e+02 1.769808178183578775e+02 1.599647735200482868e-01 6.016774040185125614e+02 2.090496204955252829e-27 1.394658584345840024e-27 5.232940304624968379e-28 2.841213131557819294e-01 1.460292765347780414e-27 7.456330758224883920e-05 4.342723907658935256e-05 3.224299471605810579e-05 3.511215758617650118e-01 6.836633107772192158e-05 1.983494613068633771e+05 7.889629478322394425e+04 3.536169456140571856e+04 1.689016061169306138e-01 1.636209151687916601e+05
2.927287878143824407e-01 2.972356682612744976e+02 1.305297744099938200e+02 9.808677528596186335e+01 1.870497174588253153e-01 2.669930123725947624e+02 1.129387180426962028e-27 6.582022821590408199e-28 2.972411454667781802e-28 3.971638306120856554e-01 5.209668958428933891e-28 6.372138685788827537e-05 3.568745859277378050e-05 3.099938232960989908e-05 3.369334378220348869e-01 5.620812279015449675e-05 1.834498119778586843e+05 7.928618168092324049e+04 3.845925845175722498e+04 2.369218878354134583e-01 1.291839909965027764e+05
5.087043300626336029e-01 1.570123492057925887e+02 7.929553458543031752e+01 4.030531783113019628e+01 2.287575616225144270e-01 1.224569332363767842e+02 1.115409008730486557e-27 4.389065070168559688e-28 1.045957734472625878e-28 5.413673369681506475e-01 1.898828600741892464e-28 6.072448416894954469e-05 4.116928002713280072e-05 2.154510168910717536e-05 5.273494112238960030e-01 4.625591865887703413e-05 2.038096784735542315e+05 9.731308068536201608e+04 3.770282478219857148e+04 3.271710955638030827e-01 1.060530403752692800e+05
8.840268063712417579e-01 1.016024851212829390e+02 4.611769127692946313e+01 2.802150310246706510e+01 3.063658555905666159e-01 6.345346318784639550e+01 2.837846590082349809e-27 2.955160584907415765e-28 5.077027600380043213e-29 7.562636172077911167e-01 7.663789049754638660e-29 8.248425396405447622e-05 9.774683726204141791e-05 2.659686284063649881e-05 4.940055715400955005e-01 4.156486588972331634e-05 3.048605844620678108e+05 1.318464032807994517e+05 3.570721988988506200e+04 4.608843513158801808e-01 8.419611205330102530e+04
1.536262516748606588e+00 6.552327862236997191e+01 2.847821352666164074e+01 1.472648173009098826e+01 3.328555707048733714e-01 3.614580599295326380e+01 2.183379162450388017e-27 1.349191048766669470e-28 2.880127958132089387e-29 8.895685767675175493e-01 3.937230919838574542e-29 9.321793296050152314e-05 5.979676898439593703e-05 3.570051431568874552e-05 6.466748932513983750e-01 4.619270645269395208e-05 4.311070674814043450e+05 1.392166570535870269e+05 4.207914410956174106e+04 5.634651103122376714e-01 7.460665770085155964e+04
