# R (Mpc), mean rho (Msol/kpc^3), errup (Msol/kpc^3), errlow, std, median rho (Msol/kpc^3), mean pth (Msol/kpc/s^2), errup(Msol/kpc/s^2), errlow, std, median pth (Msol/kpc/s^2), mean gas-mass-weighted metal (fraction), errup, errlow, std, median metal, mean gas-mass-weighted temp (K), errup, errlow, std, median temp  
#  nprofs 106, mean mh 552941639831.999146, median mh 499068783001.366089 
#  Mass range 11.50 - 12.0
6.706029110378903786e-04 6.283901354899066687e+07 3.744483386366640031e+07 5.012099959422349930e+07 4.149036871538157034e-01 6.142072164572659135e+07 8.801541326779112775e-23 6.352141918287825065e-23 3.229061706678169957e-23 6.437337421671391890e-01 3.879820781656296027e-23 2.425327422727845822e-02 8.633877652509558409e-03 7.002576368219021186e-03 1.579360660438438035e-01 2.377163528229913475e-02 3.293872733739572577e+05 1.651220839905756293e+04 1.708523865854958058e+04 4.831231799979492370e-01 4.608841483398524724e+04
1.165374294563389359e-03 2.838368327804424614e+07 1.845805274061784521e+07 1.222035564486424811e+07 2.755401865687243657e-01 2.503287629388665035e+07 7.261553391199740799e-23 9.086209096294195145e-23 1.031507390572885339e-23 6.650699380377482761e-01 1.557487550391255680e-23 2.395286458757524273e-02 8.399201136807130097e-03 7.282581949568666529e-03 1.599044732496141541e-01 2.336831122723927873e-02 2.125269744631573267e+05 1.657037618881567614e+05 1.118010138186373661e+04 5.454558648175265034e-01 3.688294376030581770e+04
2.025188414895478031e-03 1.368494369840393588e+07 8.091434955371145159e+06 4.159074579450448044e+06 2.841726258224018253e-01 1.195205854919554293e+07 7.559587366257150470e-24 5.745354591857697734e-24 2.154147598136758858e-24 4.335455278571767601e-01 4.133196529459030472e-24 2.306190055665753580e-02 7.316801545469889256e-03 8.601278437658080311e-03 1.717158781205138096e-01 2.336303167681034326e-02 3.717018129877380125e+04 1.213558314687292295e+04 5.902980473464038369e+03 2.384662947558269519e-01 2.489091671682373999e+04
3.519374105778993230e-03 4.365679309986256994e+06 2.177642154962366913e+06 1.452033529226691928e+06 2.077733087912075338e-01 3.802452945591565687e+06 1.371030095120894836e-24 1.066410025305730734e-24 5.655529008819578729e-25 3.566392317179203353e-01 9.873674948174216702e-25 2.106951042396049828e-02 6.841794599782943798e-03 7.536738669524926243e-03 1.657175353966782450e-01 2.108669151386218313e-02 2.100331006410762348e+04 6.539731549577751139e+03 5.788834802200790364e+03 1.706489165671049024e-01 1.856600904899406669e+04
6.115971237701829134e-03 1.338022024592919508e+06 7.246449980668125208e+05 4.331758459449043730e+05 4.147494375299732861e-01 1.224590597217861097e+06 4.951924143373345089e-25 5.089923239608909201e-25 1.601664417413235199e-25 3.506497424136659213e-01 3.086761403639248737e-25 1.389041456448833825e-02 5.985601662644880055e-03 5.264146234031014115e-03 1.830902019665359426e-01 1.335001199746392933e-02 7.434019251726404764e+04 2.840216141402578796e+04 5.847880000878880310e+03 4.471715214854794507e-01 1.737495541575799871e+04
1.062833988548557602e-02 5.164693024596699397e+05 2.256341346740645822e+05 1.801959993094250676e+05 3.737016292656507588e-01 4.966306609631917672e+05 3.103490025445154245e-25 2.701095230021811530e-25 1.332972116812398982e-25 3.240484021763543332e-01 2.387201217718578322e-25 7.910876859336897493e-03 3.147132796709538154e-03 2.386539273506726837e-03 1.636984307245994419e-01 7.270826201245133603e-03 8.682320818118985335e+04 5.189614164789415372e+04 1.997622618139469341e+04 4.435724805068707033e-01 3.525791905579305603e+04
1.846993786122688719e-02 1.594422112731162924e+05 9.936411473946314072e+04 8.097513145959549001e+04 3.114195691809201749e-01 1.581695937637936731e+05 2.347025457855893695e-25 1.503876976192346438e-25 9.939191769227728622e-26 2.611850678182224272e-01 2.019232811346086234e-25 5.371133680820291793e-03 2.668367857751022601e-03 1.518821888018552849e-03 1.686086077297719310e-01 4.790381466620059238e-03 1.749570491159102530e+05 1.497788565056248044e+05 4.773539596146658005e+04 4.091676228457533648e-01 8.944314318286269554e+04
3.209707332218952880e-02 3.660603824427122890e+04 2.213496827494639729e+04 1.508214375627584013e+04 2.378589904964036883e-01 3.293331555854486942e+04 1.367118775757333335e-25 8.711683261555729545e-26 4.846125131572522201e-26 2.556825737426459133e-01 1.108535775615069589e-25 3.764650580978498844e-03 1.632672918785747947e-03 1.147555515789065294e-03 1.914199786035268580e-01 3.412726646767053583e-03 3.379115271735269926e+05 2.720376824803086347e+05 1.441680908984698472e+05 3.390903552105093421e-01 2.445580597268359270e+05
5.577832061973046762e-02 9.476607243598333298e+03 4.097705007241544081e+03 2.636428505214812503e+03 1.745621851600601682e-01 8.888782647673113388e+03 6.125942585001616317e-26 5.005271884888703516e-26 2.174679434650333803e-26 2.616225469841091389e-01 4.746380627182406203e-26 2.341456217832184154e-03 1.186552604308726763e-03 8.068163147204952378e-04 2.136320096532049184e-01 2.120976120016477770e-03 4.542496155131896958e+05 2.820346298214343260e+05 1.280703129755904956e+05 2.233463663375446495e-01 3.768084057671280461e+05
9.693161179921591653e-02 3.534293716730955566e+03 1.594038508389728577e+03 1.169473832498612410e+03 1.610255419456011750e-01 3.393568042854952637e+03 2.440158799395317609e-26 1.731112573056927871e-26 9.593676703465385835e-27 2.818999777153351483e-01 1.995723513584510689e-26 1.557659144156937989e-03 8.247583850940396442e-04 5.306510273171403426e-04 2.284265293331718960e-01 1.352210498854706632e-03 4.436588371376487194e+05 2.171628056282422622e+05 9.158957430984597886e+04 1.783298252618504831e-01 3.675241630563604995e+05
1.684478353166902198e-01 1.272832352043909623e+03 4.772129935405112064e+02 3.891493897858731543e+02 1.631813309447640858e-01 1.196721722959503950e+03 8.972413498981333806e-27 6.183210955849722685e-27 3.897340024128014755e-27 3.488629652580686469e-01 6.475908811188294037e-27 9.824026213402844033e-04 5.005407157447968203e-04 3.595338132329678254e-04 2.380717218099989430e-01 8.554536774226955721e-04 4.267867744129131315e+05 1.711260949456584058e+05 1.219169363026171923e+05 2.291006745643160980e-01 3.382245257768434240e+05
2.927287878143824407e-01 4.526008367781195716e+02 2.560951368223230133e+02 1.400592411611265788e+02 2.028221478653748633e-01 3.826344410792424355e+02 3.819934046127823688e-27 3.863469695495328513e-27 8.832221906477332537e-28 4.825090620626870108e-01 1.524986891003745491e-27 7.388283484212747635e-04 6.385156588758855809e-04 2.822339399563913737e-04 3.554097717139126922e-01 5.374811297188598121e-04 4.176787440567557933e+05 3.214566791000767262e+05 1.182128778208830336e+05 3.083871405637338969e-01 2.782164671489219763e+05
5.087043300626336029e-01 2.021406196694358357e+02 1.719949702873525439e+02 7.475499680200192643e+01 2.753837291975311796e-01 1.627139412320315728e+02 2.453431084503061308e-27 3.386555063870808301e-27 5.156399188512660718e-28 6.717437808266815136e-01 6.457943018887085981e-28 6.859230542630674133e-04 9.935524356533980989e-04 2.857481728388853504e-04 5.937364149994927010e-01 3.997152730642382986e-04 4.537459410163483117e+05 5.048248221217156388e+05 1.710110780350355199e+05 4.152738578366413913e-01 2.720119800297562033e+05
8.840268063712417579e-01 1.215589643998807503e+02 1.270292705843764480e+02 3.391420095319233496e+01 3.138886057940462049e-01 7.831450595666878201e+01 1.922328372710784608e-27 2.419096555546775742e-27 2.403379940706812383e-28 7.981378395391329761e-01 2.958980016351182146e-28 8.393284534513580303e-04 1.231426359780500189e-03 4.265015110882796365e-04 6.921748963692216927e-01 5.270539523518139296e-04 4.620225501676384010e+05 6.075152604417733382e+05 1.747145872722017812e+05 5.001534017451332303e-01 2.448086968497362104e+05
1.536262516748606588e+00 6.852206894518705838e+01 6.853994123479307632e+01 1.935404338445356132e+01 3.005829117055420219e-01 4.822500612819692378e+01 9.265997619614164395e-28 1.246423416935545711e-27 1.479799129636453476e-28 8.338775557675458527e-01 1.729474064543677409e-28 7.335859098457390374e-04 8.423276179445875634e-04 5.581420239886899105e-04 6.309041870752558623e-01 6.437246097831450173e-04 4.571249221460313420e+05 6.059210224590647267e+05 2.008837777434488526e+05 5.474219285840777882e-01 2.579354904014723143e+05
