# R (Mpc), mean rho (Msol/kpc^3), errup (Msol/kpc^3), errlow, std, median rho (Msol/kpc^3), mean pth (Msol/kpc/s^2), errup(Msol/kpc/s^2), errlow, std, median pth (Msol/kpc/s^2), mean gas-mass-weighted metal (fraction), errup, errlow, std, median metal, mean gas-mass-weighted temp (K), errup, errlow, std, median temp  
#  nprofs 166, mean mh 543280345499.818909, median mh 498804607684.096069 
#  Mass range 11.50 - 12.0
6.706029110378903786e-04 5.913316515954375267e+07 7.156090623011872172e+07 2.322343402981030568e+07 4.086138182445667177e-01 3.749919591982993484e+07 4.404527474445994758e-23 7.103314524798569304e-23 1.261143019470218405e-23 6.085517369729801507e-01 1.681771811986897527e-23 2.860161532941847551e-02 1.037083642857063170e-02 9.030482425841687699e-03 1.753388450355773676e-01 2.785235820762093500e-02 3.797378161409233144e+04 2.274108309339396510e+04 1.164018322497212648e+04 1.888071238797115747e-01 3.310848225544407615e+04
1.165374294563389359e-03 2.264223995451830328e+07 1.901158194028666988e+07 1.252428190890977718e+07 3.673223893208124591e-01 1.944765666154075041e+07 1.556575109936915185e-23 1.533631148589642128e-23 6.007191928800331650e-24 6.200872296224569924e-01 7.408321929007624174e-24 2.695562952787590449e-02 1.022898689229231536e-02 8.823245750175470747e-03 1.874814318441568317e-01 2.618278374498428721e-02 4.102766687212762190e+04 1.322681677859829506e+04 1.024625357096132939e+04 2.468609794103145127e-01 2.807782902905977971e+04
2.025188414895478031e-03 9.505759145677654073e+06 4.603638206440083683e+06 4.247501569414915517e+06 3.195658100003986313e-01 9.326770003605963662e+06 4.153277183700590415e-24 2.438119921498417320e-24 1.555658257985455230e-24 5.180663797629811995e-01 2.528215339874054404e-24 2.600434752322137652e-02 9.052497049827246123e-03 7.802522407428156420e-03 1.822579477396928105e-01 2.540470269937702974e-02 1.271538417196966620e+05 6.609675395687674609e+03 4.060936445899042155e+03 2.859638358320691354e-01 2.112549028993838874e+04
3.519374105778993230e-03 4.041766405737449415e+06 2.430580947857880499e+06 1.264901517728880048e+06 3.722804104807432291e-01 3.471269108249966521e+06 1.164092738513422841e-24 1.002922174813198793e-24 4.053155165473730178e-25 4.256857986615293910e-01 6.932318018830141959e-25 2.314224576458239965e-02 1.137585944953792630e-02 8.938264042924434424e-03 1.947711263155726957e-01 2.261399498177931247e-02 1.228114521795618493e+05 5.286769643774448923e+03 3.966357566047048749e+03 3.996901016904019222e-01 1.614327931151789744e+04
6.115971237701829134e-03 1.889772996005634312e+06 1.165743975584293250e+06 7.511679875096767209e+05 4.630905321406751374e-01 1.698533367222153116e+06 6.567538351158667989e-25 5.415846522895980378e-25 1.904007997270762429e-25 4.271290328529275260e-01 3.042336560859818746e-25 1.828887118396478953e-02 1.088491181017090317e-02 6.783756006925410059e-03 2.257841052476220189e-01 1.685408344681156578e-02 1.546650083784653980e+05 1.126356554462391796e+04 3.782922354925589389e+03 4.885115771883523639e-01 1.453764340613872628e+04
1.062833988548557602e-02 8.597168117189541226e+05 3.328508284069033107e+05 4.634232354184335563e+05 4.753088187209426607e-01 9.120004597265945049e+05 3.617647670472845871e-25 2.939685429741741924e-25 1.410304577700665742e-25 4.112239525858172873e-01 2.278820194894919048e-25 1.330107647412427999e-02 5.395615685980809789e-03 5.829362107998116785e-03 2.342102999965526566e-01 1.327661270346618821e-02 1.038586286110905494e+05 2.205886172995625384e+04 1.014086353084840084e+04 4.809697899608320615e-01 2.149373240276174329e+04
1.846993786122688719e-02 2.417890504599926353e+05 1.384019752637743368e+05 1.051919152382895409e+05 4.579759912454583470e-01 2.255379784211348742e+05 1.959736291869762678e-25 1.773341757366776532e-25 9.557642472079016098e-26 3.664686661595705219e-01 1.602228012197476764e-25 9.593488906256508048e-03 3.803622552917010347e-03 4.736657921719092564e-03 2.377997349424444684e-01 9.693419398879091209e-03 1.410653701688037545e+05 9.715297471836431941e+04 2.807728521160267701e+04 4.745145522709937613e-01 4.889003800539991062e+04
3.209707332218952880e-02 4.141808492381725955e+04 2.141213393900652591e+04 1.524814534458184426e+04 3.459562706524526576e-01 3.803840011829140713e+04 9.956802498878962340e-26 8.383485599279683575e-26 3.611421641453007238e-26 3.198710316885682303e-01 7.688101426028350870e-26 6.592540658196290038e-03 3.962285054297765355e-03 2.822175975759779083e-03 2.634073911660458345e-01 5.927501150423683876e-03 2.408732065802469733e+05 1.858442796099156258e+05 8.536686206679540919e+04 3.813100471485347254e-01 1.553744694848813233e+05
5.577832061973046762e-02 6.630687861287346095e+03 3.987790746857606791e+03 1.998255673025105352e+03 2.740155973768245157e-01 6.045762019558262182e+03 4.130854167463285483e-26 3.604340679064669121e-26 1.643136965097391787e-26 3.075605151705144702e-01 3.379531329398130298e-26 3.231023272407111593e-03 2.329427690967516076e-03 1.304753754690155280e-03 3.393013147433520671e-01 2.310166429668191433e-03 4.685404715164222871e+05 1.922604301846055314e+05 1.608849976803637692e+05 2.377542512398072294e-01 4.074823962231967598e+05
9.693161179921591653e-02 2.061419219314416750e+03 1.005845358455803762e+03 8.375369927416936662e+02 2.571569160749329064e-01 1.960063458514625381e+03 1.496756961514522772e-26 1.226429053767565761e-26 6.028119001203643839e-27 3.187249823208688770e-01 1.210495224294973106e-26 1.287429731594516178e-03 1.157402876326888526e-03 2.012710749016363709e-04 3.972184226119212513e-01 5.423505331428747200e-04 5.558432787287499523e+05 2.178836779877396184e+05 1.207181535312266205e+05 2.389696347396725040e-01 4.016467466827066964e+05
1.684478353166902198e-01 6.609214412288671383e+02 3.307361461756670451e+02 2.179137392260792012e+02 2.189187605582620932e-01 6.170040869294874710e+02 4.562210131311535454e-27 4.155048363035925988e-27 1.768265070895814897e-27 3.728601252962339130e-01 3.128092327872271214e-27 8.484999546738820030e-04 6.672500996993978089e-04 1.168088870545576396e-04 4.147211164639003633e-01 3.227143595666634316e-04 4.464590075922638061e+05 3.021705858048554510e+05 1.168286531870531326e+05 2.641914069313693325e-01 3.182134718301242683e+05
2.927287878143824407e-01 2.272563125164243161e+02 1.712205861725246336e+02 7.350441570741961073e+01 2.430969788327200787e-01 1.810991317178680333e+02 2.030344647656408425e-27 2.479658329638698556e-27 5.494649660187129130e-28 5.392022243705957285e-01 7.914881847495994180e-28 9.002060985918782258e-04 1.602395455562681060e-03 1.637056061339586094e-04 5.579351216684456105e-01 2.739224409480957561e-04 4.516709100836995058e+05 4.043868352168749552e+05 1.653937546659859363e+05 3.670286120442861066e-01 2.933846704853565898e+05
5.087043300626336029e-01 1.173991709328296480e+02 1.113782780201824778e+02 3.675351025691561802e+01 3.077384812404735936e-01 7.991182116758372445e+01 1.388514574984525055e-27 1.495681263058980084e-27 2.986586747774817922e-28 7.255285363416286160e-01 3.630921606068436322e-28 1.197191532609566053e-03 1.947704964647748805e-03 5.805025488043315078e-04 7.022943409786728264e-01 6.506726606767081460e-04 4.727766027821803582e+05 5.301822869106407743e+05 2.435212474089722964e+05 4.754121971751620879e-01 3.264289174823366338e+05
8.840268063712417579e-01 7.276468504952516980e+01 6.690347846001397158e+01 2.751248143256879075e+01 3.497943533417440798e-01 4.836374034809240641e+01 1.280435984009733765e-27 1.100105649484436322e-27 2.062705826240396765e-28 8.812842791379419394e-01 2.289485981221416660e-28 1.403319039364031226e-03 2.174066829258721259e-03 8.985839822444671851e-04 8.492691515756347620e-01 9.922518576739283898e-04 5.739072236037064577e+05 7.860307951516107423e+05 2.586534134829466348e+05 5.678646070084377717e-01 3.183479246460549766e+05
1.536262516748606588e+00 4.843203635577366839e+01 4.507011531691477302e+01 1.670005296628785629e+01 3.235417320932348351e-01 3.418724261847538770e+01 1.192869043044693689e-27 1.257829015390088617e-27 1.497970088215803102e-28 8.495487670209987963e-01 1.759785190073323542e-28 1.787685102481926603e-03 1.421586542359292533e-03 1.277909688272488948e-03 5.893049921725354023e-01 1.730238489088084747e-03 7.177932078903311631e+05 8.487434509111919906e+05 2.873252209452383104e+05 5.472524496941669758e-01 3.753480450226457906e+05
