# R (Mpc), mean rho (Msol/kpc^3), errup (Msol/kpc^3), errlow, std, median rho (Msol/kpc^3), mean pth (Msol/kpc/s^2), errup(Msol/kpc/s^2), errlow, std, median pth (Msol/kpc/s^2), mean gas-mass-weighted metal (fraction), errup, errlow, std, median metal, mean gas-mass-weighted temp (K), errup, errlow, std, median temp  
#  nprofs 233, mean mh 523297062274.748230, median mh 445204984766.949158 
#  Mass range 11.50 - 12.0
6.706029110378903786e-04 4.444541984973208606e+07 4.125014639641068876e+07 2.335217084624661878e+07 3.569991987878362583e-01 3.541912661209012568e+07 2.981151948785697890e-23 3.529557423935383150e-23 9.439702518799605874e-24 5.684111853427777916e-01 1.284354678170333035e-23 2.063661461683077500e-02 1.124008092555580859e-02 7.109191039222143710e-03 2.030172853342961381e-01 1.884937637437015395e-02 3.724881113370786625e+04 1.725761322889652365e+04 1.310750081706334458e+04 2.194648875639260699e-01 3.169135532298831822e+04
1.165374294563389359e-03 1.951624732182969898e+07 1.229924557173711061e+07 1.183154219540591352e+07 3.591770343584665959e-01 1.823996774256394804e+07 9.095693151677909236e-24 7.577845532197293113e-24 5.255307445514766217e-24 5.547499915962970096e-01 6.520749307890193910e-24 1.944584835768787753e-02 1.152036449474726221e-02 6.960427594584655750e-03 2.199173968975494387e-01 1.760343403290464889e-02 2.734889821561549252e+04 8.912568992256790807e+03 8.715158655184779491e+03 1.661298438571389979e-01 2.598680315075732506e+04
2.025188414895478031e-03 7.933278480922114104e+06 3.944619776873288676e+06 2.688240185402633622e+06 2.416259335292435806e-01 7.287002022868068889e+06 2.347566409676302982e-24 1.855238547637520210e-24 8.230429549762350657e-25 4.036686136485477250e-01 1.580780416652970601e-24 1.900323705169007504e-02 1.013993444241825109e-02 7.323605952814307013e-03 2.145880447606389185e-01 1.790079773478933656e-02 2.036199455330785713e+04 5.218792668626017985e+03 3.008467328952647222e+03 1.321139297594465800e-01 1.835679832190734669e+04
3.519374105778993230e-03 2.988282543180083390e+06 1.271650926497428212e+06 8.477130887785947416e+05 2.437207618153305333e-01 2.712269820391686168e+06 5.461152312241963284e-25 4.713542885147801585e-25 1.691551543080223610e-25 3.320935859256374800e-01 3.616006576935189107e-25 1.682757164171001449e-02 1.029302157282256831e-02 6.610201577921609450e-03 2.234713865848861336e-01 1.544798576698473876e-02 2.023624685595557821e+04 4.232108503974841369e+03 2.082879691911171903e+03 1.786061010332924415e-01 1.316860868356009632e+04
6.115971237701829134e-03 1.219286435844618361e+06 6.167871648406574968e+05 4.171821501516591525e+05 2.416033430745152255e-01 1.098517676993002184e+06 2.227898297868771236e-25 2.103314009292663830e-25 6.874834608009336570e-26 3.521248213928186988e-01 1.349983095134164123e-25 1.294921393522995706e-02 9.713738519904178276e-03 6.082211792483461360e-03 2.717470974484731405e-01 1.166471440576227064e-02 1.960783020163944093e+04 8.666369889400091779e+03 1.537064136672133827e+03 2.318384260772896610e-01 1.129233186386754824e+04
1.062833988548557602e-02 5.583915503320798744e+05 2.573810496773513732e+05 2.339669290438215248e+05 2.282789706034824284e-01 5.438026453279467532e+05 2.023471477049299734e-25 2.018251069259503019e-25 8.789936816818977984e-26 4.187593473265533439e-01 1.289264641682665763e-25 9.019887633152944006e-03 7.599225121815516258e-03 4.348378992231137496e-03 2.952634452337855042e-01 7.776671594077953255e-03 3.138057582658835236e+04 2.598778069135178157e+04 9.875709413579994361e+03 3.433905053381605121e-01 1.976733154197771728e+04
1.846993786122688719e-02 1.649255073495693214e+05 8.041842803761642426e+04 7.469994601556225098e+04 2.428690844942553995e-01 1.605022227430447820e+05 1.683849121770679382e-25 1.630520871352878079e-25 7.462770189756097057e-26 3.682294951078026735e-01 1.230021537008647280e-25 6.489429397538106284e-03 4.844344132603263867e-03 3.255504205173185943e-03 2.918865169760118117e-01 5.807767565608476859e-03 9.496488593857287196e+04 1.141154666287520376e+05 3.275117114751979170e+04 4.127264149510442848e-01 5.445599455228067382e+04
3.209707332218952880e-02 2.558687719200530773e+04 2.055435006070742747e+04 8.242523327285147388e+03 2.502904290201417026e-01 2.024624544734393930e+04 9.191494839991810579e-26 8.538325764933354455e-26 3.629815917372334172e-26 3.039815302446093881e-01 7.060064832150337357e-26 4.357601500175691672e-03 3.907927037216426397e-03 1.930173724387195065e-03 3.126414296515968583e-01 3.557660966093301961e-03 3.097053743113061646e+05 2.513505201768926345e+05 1.738179101442639367e+05 3.686681991457159135e-01 2.566314223948147264e+05
5.577832061973046762e-02 4.752782102222986396e+03 2.627873973767347707e+03 1.113967411620609710e+03 1.798090898721998454e-01 4.159435637778044111e+03 4.114524944063070706e-26 3.695228408361847779e-26 1.289913479413197269e-26 2.777344341186897547e-01 3.079796657608067642e-26 1.764567832440711720e-03 1.715240388952478335e-03 6.793379758614181670e-04 3.359161560687817238e-01 1.251612234608208115e-03 5.672979834517345298e+05 2.709575293459277600e+05 1.646169505301722675e+05 1.852792640060814400e-01 5.051067212886548368e+05
9.693161179921591653e-02 1.748977522192134074e+03 9.002179917503087836e+02 5.161588107953680264e+02 1.795019403565603910e-01 1.596314725177317314e+03 1.329204833996865092e-26 1.208135594384466331e-26 3.889652075391874382e-27 2.898818606132417819e-01 9.358964324086285224e-27 7.274538713946274377e-04 4.504478382212280833e-04 2.090393154540841347e-04 2.739036645073661957e-01 5.173325097097573790e-04 5.000318388021726278e+05 2.519720571090653539e+05 8.491720078296313295e+04 1.953622358922908198e-01 3.918831249963759910e+05
1.684478353166902198e-01 5.463879083352611588e+02 2.764199667907241178e+02 1.642959509642803937e+02 1.838265567276151091e-01 4.903105064765573502e+02 3.947181920148387228e-27 3.670028456948835543e-27 1.220187656037242357e-27 3.869581817582525285e-01 2.310514520128403627e-27 5.108728415232442061e-04 3.484709376096508651e-04 1.092414763328473991e-04 3.345304904227286436e-01 2.840242509824868720e-04 4.357117793239196762e+05 2.472669152769531938e+05 1.155440746158618713e+05 2.663931361225688188e-01 3.169208861797168502e+05
2.927287878143824407e-01 1.817604796020155504e+02 1.350314639920517834e+02 5.795534337091105215e+01 2.605137349422982918e-01 1.392616279907599619e+02 1.821262462878388159e-27 2.065391547224319596e-27 4.776990393468008376e-28 5.866751954322165785e-01 6.341929673365540480e-28 5.290160532070292687e-04 7.078014499755996228e-04 1.012952509372428122e-04 5.325195227432969469e-01 1.742766118690592270e-04 4.601871473429123289e+05 4.187433294428382069e+05 1.707370930900028907e+05 3.700900093800668644e-01 2.968804495934341103e+05
5.087043300626336029e-01 9.625175217590530963e+01 8.939505107152896812e+01 3.335794334140256012e+01 3.392350679695880777e-01 6.516002663884307822e+01 1.530949352641942636e-27 1.424205167651671394e-27 2.668711702043860992e-28 7.937978308789206405e-01 3.139336305110894147e-28 8.701145383543641915e-04 1.285757882082263354e-03 3.208983390495946230e-04 8.221634944488993568e-01 3.547802861183449604e-04 5.425552058236066950e+05 5.449448199356424157e+05 2.433879566161199764e+05 4.920287331821673327e-01 3.313896493809613748e+05
8.840268063712417579e-01 6.675571712597610485e+01 6.231922539505576708e+01 2.358084214041105042e+01 3.647347828808862324e-01 4.281564288908498384e+01 1.888398552565822649e-27 1.392181895994032516e-27 2.341120169346200494e-28 9.076812578283024457e-01 2.580755537269865873e-28 1.410521654593572139e-03 1.782075436347117445e-03 9.784665450911866989e-04 9.180815882606550016e-01 1.084641357798300874e-03 7.423982402371937642e+05 7.789176256166364765e+05 2.936193735515839653e+05 5.690025683326397354e-01 3.756437023564219708e+05
1.536262516748606588e+00 4.743919528088793669e+01 3.076735853381873298e+01 1.697985476945071071e+01 3.567829646232166807e-01 3.124129994936929577e+01 2.700717555977514324e-27 1.303633248356232891e-27 1.888231876947050596e-28 9.263271341894327993e-01 2.180712780033767611e-28 1.580541427822439128e-03 1.021010953337867129e-03 1.182105983915021207e-03 5.169793963538485970e-01 1.606687839562611145e-03 1.136969544945378788e+06 1.140771800594248809e+06 4.025662860837460612e+05 5.871450641383932911e-01 5.169493595506254933e+05
