# R (Mpc), mean rho (Msol/kpc^3), errup (Msol/kpc^3), errlow, std, median rho (Msol/kpc^3), mean pth (Msol/kpc/s^2), errup(Msol/kpc/s^2), errlow, std, median pth (Msol/kpc/s^2), mean gas-mass-weighted metal (fraction), errup, errlow, std, median metal, mean gas-mass-weighted temp (K), errup, errlow, std, median temp  
#  nprofs 164, mean mh 218278113157.764191, median mh 210580369644.949463 
#  Mass range 11.00 - 11.5
6.706029110378903786e-04 2.046515552291338891e+07 1.987383534593158215e+07 4.890530927848763764e+06 2.837845698843896036e-01 1.366946696907554753e+07 6.884727713577853864e-24 8.657431264206631131e-24 2.643470891783049312e-24 5.194534644705167681e-01 3.506361626700525120e-24 8.951921842422164849e-03 4.340490403622151994e-03 2.522151640873706788e-03 2.117068897348781675e-01 8.373385220968178333e-03 2.086995989140133315e+04 9.308740385223361955e+03 8.241770181835418043e+03 1.905652819510341434e-01 1.967122627652979645e+04
1.165374294563389359e-03 1.037179345585123077e+07 6.988108213439164683e+06 5.967220568532716483e+06 3.126570721566874211e-01 9.771483819206064567e+06 2.612606084827942764e-24 3.115093099486578515e-24 1.369984083565626827e-24 4.909669547834223935e-01 1.856811384879474187e-24 8.110063504693686837e-03 3.962284414132488664e-03 3.597604836411399248e-03 2.709614648832603390e-01 7.904661189392793441e-03 1.793033282480633716e+04 4.410380951338924206e+03 5.476547104155555644e+03 1.252777065542367008e-01 1.773059438852027597e+04
2.025188414895478031e-03 4.171267035455251578e+06 1.828474202899642289e+06 1.431198385430876631e+06 2.006048131908062526e-01 3.967861947889816947e+06 6.353783027416340637e-25 4.619089058858427135e-25 2.606408974607894294e-25 3.122226463324693779e-01 5.102224392673534639e-25 7.961816291349380417e-03 3.687592728844498596e-03 3.624252774912042202e-03 2.795692570998542514e-01 7.938616872249146944e-03 1.387224373092554015e+04 2.655818157076111675e+03 1.973379766610143633e+03 8.217124479029969120e-02 1.345318008009864388e+04
3.519374105778993230e-03 1.295911714730802923e+06 4.106751816813496407e+05 3.276984542843718082e+05 1.564701970322447677e-01 1.224868872859409777e+06 1.444095316821826811e-25 8.055734735362400562e-26 3.188377771692040233e-26 2.337848205072458052e-01 1.084309577942638059e-25 7.344472234327150025e-03 3.452256329961294300e-03 3.169054522345555840e-03 2.753487040660116958e-01 7.292670326838853086e-03 1.140753982380170237e+04 1.084356823627251288e+03 7.228687381294021179e+02 8.338627255324908283e-02 1.075745532787339835e+04
6.115971237701829134e-03 3.580441448552778456e+05 1.280410844737618463e+05 8.114568407707361621e+04 1.346946456740777120e-01 3.335793460741428426e+05 9.895674923913678675e-26 4.218105282759539385e-26 7.469343622353414839e-27 3.722956381144302829e-01 3.608610298866523566e-26 5.744425406189765902e-03 2.832111127624494309e-03 2.643107043222365799e-03 2.716969908271312240e-01 5.621866405755916382e-03 2.058151100498038431e+04 2.890075445439902978e+03 8.344459278214799269e+02 2.828851813397954551e-01 1.083577213206171655e+04
1.062833988548557602e-02 1.131475360245498014e+05 6.362854516525375948e+04 3.350094352687758510e+04 1.946920147324187611e-01 9.801130360572731297e+04 6.980625037451021901e-26 6.404100900067420638e-26 1.092059051586194057e-26 4.359164605513757840e-01 2.566304784551431477e-26 3.809873297513491786e-03 2.388398516145267061e-03 1.622540419171224213e-03 2.822077563256703003e-01 3.469458934100430603e-03 4.493310047589694295e+04 5.759653618845216261e+04 4.982964131751279638e+03 3.859349282103367029e-01 1.830371707596908527e+04
1.846993786122688719e-02 3.947405222042280366e+04 2.813459250860831526e+04 1.205837354595605211e+04 2.358203561574481466e-01 3.162967428900002415e+04 5.029556801490439197e-26 4.667286684070084467e-26 2.380368271790142136e-26 3.719090361106839326e-01 3.705483340556449399e-26 2.244663195514894679e-03 1.264626609527381290e-03 9.557547057266362663e-04 2.755371856256833007e-01 2.032775476421915927e-03 1.054693554751846241e+05 1.066082415067839902e+05 4.214365323589459877e+04 3.793312608986924572e-01 6.995157715502948849e+04
3.209707332218952880e-02 1.131039143288166269e+04 8.845065754637094869e+03 3.653963497766212640e+03 2.670216898276815964e-01 8.957544580955667698e+03 2.150199149418411366e-26 1.656430582330595014e-26 7.137024135240675370e-27 2.510591588037630606e-01 1.728135015408193193e-26 1.268141493799126345e-03 6.836848747920583943e-04 4.755420860498989991e-04 2.782414452536640104e-01 1.094604887798316306e-03 1.708739834559367155e+05 1.318698368844673969e+05 7.330778853206108033e+04 3.091890508004777049e-01 1.304579974267760408e+05
5.577832061973046762e-02 3.026451217044754230e+03 1.629232770304517544e+03 1.104132766950573341e+03 2.108676375714844675e-01 2.785047804133241698e+03 1.052795988959775733e-26 8.040511874362415390e-27 3.428661735792736299e-27 2.490555061149214988e-01 8.609773075828078844e-27 6.633343330058795060e-04 3.969069074084202514e-04 2.593498210604490407e-04 2.830150105747112343e-01 5.721211129452431982e-04 2.533468660809131397e+05 1.342708356608228351e+05 8.320514151027167100e+04 2.088471144088339670e-01 2.198506008431400114e+05
9.693161179921591653e-02 1.158670702856156822e+03 6.109863235736135039e+02 3.154209723294329706e+02 1.794690506254069950e-01 1.023206276073797312e+03 4.788882124868933643e-27 4.234286179263370003e-27 1.442111162613549110e-27 2.893755516027731178e-01 3.300372301146631938e-27 3.905758391937519717e-04 2.112712572143522110e-04 1.646654404077034257e-04 2.716904704652058355e-01 3.483704464947215938e-04 2.709050218547937693e+05 1.271938919573911116e+05 6.470293191563789151e+04 1.925462105335366547e-01 2.254222348579682875e+05
1.684478353166902198e-01 4.845093628818559068e+02 2.336320217119332483e+02 1.574439913994601170e+02 1.818375666223631393e-01 4.491205380702008370e+02 1.968817745590698522e-27 1.941076472048414456e-27 5.433961372925703716e-28 3.712123116270087952e-01 1.129916368859135746e-27 2.930271383125695800e-04 1.573511019114900620e-04 1.171371991175021226e-04 2.566858031291443520e-01 2.631382122615578316e-04 2.318446360244699172e+05 1.208577655393382302e+05 4.920928447183170647e+04 2.265253811221469848e-01 1.744065093856955064e+05
2.927287878143824407e-01 2.213346949622991815e+02 1.696034188051735896e+02 7.595260191947659223e+01 2.255325653291672117e-01 1.922917502400587182e+02 1.045697388741595933e-27 1.146272898196434031e-27 2.486983045630005016e-28 5.166692195189256376e-01 3.860064549528671783e-28 2.688288447759063274e-04 1.704053972157342552e-04 1.059059311047944995e-04 2.921258867588577557e-01 2.321163680081073707e-04 2.160432038468719402e+05 1.866109619022060942e+05 5.415882983436591167e+04 3.116220427031091145e-01 1.339774151575239666e+05
5.087043300626336029e-01 1.247393108308490923e+02 1.065149554727539680e+02 3.788561345571714156e+01 2.910099708807268870e-01 8.763898571691436246e+01 8.899212733558961844e-28 8.165635294667318809e-28 1.110922633741847291e-28 6.656888030062777517e-01 1.505408163377084005e-28 2.977045809505421024e-04 3.286869844908918751e-04 1.242884882279581839e-04 3.889331609456821992e-01 2.129999864119312063e-04 2.247688107871928369e+05 2.559192379738274321e+05 5.498682750801889779e+04 3.920303364552278347e-01 1.111590550153268559e+05
8.840268063712417579e-01 7.563441481068794303e+01 8.527815492812041498e+01 1.945611245727557659e+01 3.463409041059531956e-01 4.391071128864317075e+01 1.106843081684272937e-27 8.701731477641312312e-28 4.655204008743948792e-29 8.620813374989723110e-01 6.120540674300224991e-29 3.217739199705979894e-04 5.086225348867635943e-04 1.043767630837372489e-04 5.198646822419628055e-01 1.609854171793659132e-04 3.125843708112089662e+05 4.325630112450780580e+05 5.299343460749892256e+04 5.279815405639111114e-01 9.520431622157934180e+04
1.536262516748606588e+00 5.255959066396933821e+01 4.607127503583484440e+01 1.539755915533184805e+01 3.390596361796125446e-01 3.294335263733188413e+01 1.210754421805654751e-27 9.129341670950622914e-28 4.652354975835478482e-29 9.306434292408847231e-01 5.877939945592323028e-29 4.259120863489368144e-04 4.940808239229663515e-04 1.978413719491968167e-04 5.203759032389074779e-01 2.819936755456546487e-04 4.890480010142261744e+05 5.943565975702959113e+05 7.546540563156720600e+04 6.011190956449230516e-01 1.181472201457611518e+05
