# R (Mpc), mean rho (Msol/kpc^3), errup (Msol/kpc^3), errlow, std, median rho (Msol/kpc^3), mean pth (Msol/kpc/s^2), errup(Msol/kpc/s^2), errlow, std, median pth (Msol/kpc/s^2), mean gas-mass-weighted metal (fraction), errup, errlow, std, median metal, mean gas-mass-weighted temp (K), errup, errlow, std, median temp  
#  nprofs 43, mean mh 207589120297.071503, median mh 198619764655.131256 
#  Mass range 11.00 - 11.5
6.706029110378903786e-04 2.170728564881304279e+07 1.939899527314058691e+07 7.979722599427436478e+06 2.969541952986879951e-01 1.612600598932708055e+07 7.417568071847533696e-24 7.086575732597255227e-24 3.238624313353020036e-24 5.140622054125233431e-01 4.257140037579268786e-24 7.603456201569370326e-03 7.512665759480242553e-03 3.892792362068092475e-03 3.612528463575681026e-01 6.331395444045701329e-03 2.152056652535542526e+04 1.021404623927909779e+04 1.120919906000893388e+04 2.031014342428160979e-01 2.135948917731784968e+04
1.165374294563389359e-03 8.240155877668886445e+06 9.548797632719729096e+06 3.634650519732837100e+06 3.873680821751309677e-01 5.711613465813745745e+06 2.591247752467818598e-24 3.981458095060901862e-24 6.324100003845732443e-25 5.964360856390031884e-01 9.414647952750765537e-25 5.960293278749059613e-03 4.985784238718030635e-03 2.655513073431781026e-03 3.399905451920219868e-01 4.979545493530120569e-03 1.838775265286608192e+04 6.384188589519177185e+03 4.665009887049371173e+03 1.623658566392169322e-01 1.648775395087192010e+04
2.025188414895478031e-03 4.854497697803867050e+06 2.882311104541351087e+06 1.533184044122584630e+06 2.898988229205979872e-01 3.947641900096697733e+06 1.008517764776219551e-24 7.920182472877713007e-25 3.311608944397301864e-25 4.637828091594479174e-01 5.834585316618779846e-25 5.086086944586254779e-03 4.310852087500988659e-03 2.442097830616560186e-03 3.092222852173535097e-01 4.398163841175182533e-03 1.498846615280026890e+04 4.194058134972114203e+03 3.239242091229647485e+03 1.232578776436414197e-01 1.410628371448015605e+04
3.519374105778993230e-03 2.246683936871259473e+06 8.771972577078163158e+05 6.541709836498589721e+05 2.333169530823724080e-01 1.987800934152927483e+06 3.587347752549788050e-25 1.865342250559776322e-25 1.271441276219693960e-25 3.569665020836891856e-01 2.373090721037845861e-25 4.254713223571000499e-03 2.722171587092804719e-03 2.083400605876750689e-03 2.824550581263063354e-01 3.817749187003821772e-03 1.277604067139903054e+04 2.748973955360592299e+03 1.450356841577127852e+03 9.208532259818365262e-02 1.181733871221792833e+04
6.115971237701829134e-03 1.061359744961947436e+06 5.026591905809663003e+05 2.808325040927915834e+05 1.810101042256732906e-01 9.232779029426077614e+05 2.398282331153497163e-25 2.833081971121053751e-25 6.775916947384380445e-26 3.819699250439335114e-01 1.358834020699715290e-25 2.950620267776048883e-03 1.284624051945197545e-03 1.151048030180048132e-03 2.406979456731785649e-01 2.566129602930133664e-03 1.894063879736333911e+04 1.684242406254055823e+04 1.474757993569748578e+03 2.360985626200693688e-01 1.173409392259767446e+04
1.062833988548557602e-02 4.159503537764194771e+05 1.689982826129347086e+05 1.060932081146689598e+05 1.632369022531428848e-01 3.909386537660588510e+05 2.241848531668303950e-25 1.763890685717603661e-25 7.973909127450939493e-26 2.753134851367808333e-01 1.698998107692817427e-25 1.930982129328779381e-03 7.718065507966397325e-04 7.299712108638693828e-04 2.279030438083391730e-01 1.790595387872970365e-03 4.269059571044432960e+04 2.876143940814703819e+04 1.549933412176161437e+04 2.392117240705210479e-01 3.610428093145559251e+04
1.846993786122688719e-02 1.502067952603321464e+05 4.004227518280540244e+04 3.805271120802735095e+04 1.323512322060898805e-01 1.450297810752115620e+05 1.632011594824319140e-25 1.109928661575150698e-25 6.345908432305902594e-26 2.659973856435682849e-01 1.347694652775325753e-25 1.256806760236074683e-03 5.542953472735825081e-04 6.232367125144554166e-04 2.385048474869326252e-01 1.214266488746437288e-03 7.631367693537048763e+04 4.950114706209204451e+04 1.752651418220854248e+04 2.154077165496072199e-01 6.313625156416070240e+04
3.209707332218952880e-02 5.497908827976140310e+04 1.803840195008661976e+04 1.142331640758070716e+04 1.318115474295339096e-01 5.085907934103777370e+04 5.794499311385240238e-26 3.024822861303294417e-26 1.853105263290940340e-26 2.434167617616507517e-01 4.647564937610347351e-26 9.141414962278838043e-04 4.474365369857951887e-04 3.836639856511921912e-04 2.489334864228687494e-01 7.943103260904018628e-04 7.041809489235965884e+04 2.796079060808614304e+04 2.743345912290016713e+04 1.694544459571563355e-01 6.816255711238917138e+04
5.577832061973046762e-02 1.410139180352905169e+04 3.972133201975051634e+03 3.336711464760934177e+03 1.158243627462024056e-01 1.361697527457544857e+04 1.772517770225028023e-26 1.141170712836937639e-26 4.596292332409008359e-27 2.274872375936051461e-01 1.397472945743887483e-26 6.947418646518271554e-04 4.079685788134142796e-04 2.738277722661020116e-04 2.730163874301165250e-01 5.976753192559848072e-04 8.301894683226873167e+04 5.323583352315051889e+04 1.378278317807117855e+04 1.631244140623240302e-01 7.117370770075758628e+04
9.693161179921591653e-02 3.534802209760307505e+03 1.049606654449552025e+03 5.395624223372774395e+02 1.021007069883281687e-01 3.373633004026117760e+03 5.752511063850522028e-27 2.608405191338202018e-27 2.065396364180010524e-27 1.876464723792090061e-01 5.178954648170966238e-27 4.757242341191261726e-04 3.647140401677983188e-04 1.895370258223683167e-04 2.808923041295151024e-01 3.780020984349567498e-04 1.082989259550128918e+05 3.101535677789639158e+04 2.745437292499288742e+04 1.294860090186935875e-01 1.052560610106540989e+05
1.684478353166902198e-01 1.161551212204244848e+03 2.720269060361320044e+02 2.400408773756446408e+02 1.261824372138675987e-01 1.078671860864622658e+03 1.944682329048942060e-27 1.063458228447834511e-27 4.840369241868124055e-28 1.904918617698131422e-01 1.619664113448087688e-27 3.019590396935588512e-04 1.796529690089049974e-04 1.683215891521214062e-04 2.698947690955426082e-01 2.910837118057542361e-04 1.095574677267999796e+05 2.690488411381276092e+04 2.432649991844221950e+04 9.418095795231769263e-02 1.099878893174878904e+05
2.927287878143824407e-01 4.051352168668911986e+02 2.393050862051947547e+02 5.881930694095450463e+01 1.457148513846934779e-01 3.521909657902415915e+02 6.443322823203790941e-28 6.211576047507087167e-28 1.389936616471663050e-28 2.771354012200512029e-01 4.397122685742830258e-28 1.787537828197277698e-04 1.200731861528639573e-04 9.033425692357293117e-05 2.486592832194383929e-01 1.672915946985972465e-04 9.962973926396649040e+04 5.670359842380776536e+04 1.268730848404148128e+04 1.641365345473973780e-01 8.025043845896914718e+04
5.087043300626336029e-01 1.731429661920927003e+02 7.726614459602953389e+01 5.043732994162530758e+01 1.934738238055694892e-01 1.511301275092659466e+02 3.181814028138810980e-28 4.352126502866508424e-28 5.709704073093511782e-29 4.191249647599322725e-01 1.346579618357020326e-28 2.194226119475485299e-04 8.446548319691487867e-05 5.317439733260711295e-05 4.351175449306189935e-01 1.022646375752626950e-04 9.960300388103075966e+04 1.058488238263541716e+05 1.261109849741631479e+04 2.560463127748625056e-01 6.335573998623071384e+04
8.840268063712417579e-01 8.992758809731758163e+01 5.595023173080105039e+01 2.733795412436961669e+01 2.280739713551286352e-01 7.525344859096438199e+01 1.799582425209543436e-28 3.571536850745977475e-28 4.228814032798963775e-29 5.498639363262133317e-01 6.518453521434928989e-29 3.669355040544057815e-04 4.779062341055212654e-04 1.122652685082412726e-04 8.007443630657951061e-01 1.302423083226680737e-04 1.030396323805287393e+05 1.265686020865227038e+05 2.679656567401620850e+04 3.422461352497307985e-01 6.166649604798745713e+04
1.536262516748606588e+00 5.448746843598751610e+01 4.144663074031390693e+01 1.994704320291718602e+01 2.399353097206878560e-01 4.531600727904429959e+01 1.616770425683639265e-28 2.842592107934926276e-28 4.236054140189407658e-29 6.803307372815338150e-01 5.034027483239826712e-29 5.965184239362483938e-04 9.655688574396571267e-04 1.704700176579086496e-04 8.170102317102382328e-01 1.880270130804416581e-04 1.341362998915509088e+05 2.134617314252392680e+05 3.911894674344320811e+04 4.622551662419866481e-01 6.048273304896105401e+04
