# R (Mpc), mean rho (Msol/kpc^3), errup (Msol/kpc^3), errlow, std, median rho (Msol/kpc^3), mean pth (Msol/kpc/s^2), errup(Msol/kpc/s^2), errlow, std, median pth (Msol/kpc/s^2), mean gas-mass-weighted metal (fraction), errup, errlow, std, median metal, mean gas-mass-weighted temp (K), errup, errlow, std, median temp  
#  nprofs 247, mean mh 548335089124.741882, median mh 505916110592.829163 
#  Mass range 11.50 - 12.0
6.706029110378903786e-04 6.654844422460453212e+07 6.619330358144981414e+07 3.173970528461696953e+07 4.561847302791783298e-01 4.369007825738724321e+07 1.675228067866864536e-22 1.539482158489875983e-22 2.556493287372710933e-23 8.141626435759121705e-01 2.985923382414946851e-23 2.439968161747827977e-02 9.106699676978434466e-03 9.211207794708195853e-03 1.696769308417809541e-01 2.428268025561820809e-02 3.794861145241534687e+05 3.433618475883252540e+04 1.995880792146001841e+04 5.917799652900119778e-01 4.159226661800388683e+04
1.165374294563389359e-03 2.794982023145078123e+07 2.753868929389995337e+07 1.571098355947512388e+07 4.160697246107334935e-01 2.316114535042083263e+07 7.032834059737354146e-23 4.395194856734334573e-23 1.007193150400876452e-23 8.413447879708429999e-01 1.194478128755327414e-23 2.336992637347856672e-02 9.779842704380779794e-03 9.121848263168204352e-03 1.883619997194117268e-01 2.308307777488662060e-02 2.302882436082923086e+05 2.209119363295310905e+04 1.558344102681261211e+04 5.530364236326978933e-01 3.334567493175606796e+04
2.025188414895478031e-03 1.366378447310837545e+07 1.152608162102111988e+07 6.813019564247379079e+06 3.687909242269222232e-01 1.118941532152803056e+07 9.787949395329283456e-24 1.138934707592313556e-23 2.787172313430721715e-24 6.540453402381964931e-01 3.518241051587056797e-24 2.284999598243675489e-02 1.045576692640088831e-02 8.046624147116633596e-03 1.838583281325925634e-01 2.176989010782646658e-02 3.679403455049131298e+04 1.693405705207620849e+04 7.319566237654951692e+03 2.812876471197167105e-01 2.375299439073379108e+04
3.519374105778993230e-03 4.525147983562357724e+06 2.849175184490400832e+06 1.695560159246841911e+06 3.212077262532140876e-01 3.909613705695579294e+06 1.654398651932841114e-24 1.460530931120958788e-24 5.278841501598919377e-25 4.581424099492231172e-01 8.842140407154158261e-25 2.155681103687413780e-02 9.560869103869662489e-03 7.700689152576285085e-03 1.798235862834763332e-01 2.104770155454806918e-02 3.406922084437175363e+04 9.983736796479905024e+03 4.721641255498270766e+03 2.872961758426015311e-01 1.768927581383045617e+04
6.115971237701829134e-03 1.627488490481441142e+06 1.017472685286039487e+06 6.343105574533509789e+05 3.277078484773575107e-01 1.479802536425552331e+06 4.687796931106270203e-25 4.291071321894868981e-25 1.911410794152734795e-25 3.858188862261784924e-01 3.136603901979700046e-25 1.673532569461345584e-02 7.134220227609629206e-03 5.916201362722715851e-03 1.881472696962699087e-01 1.640533954355623616e-02 3.719573843765632773e+04 1.467310646367314985e+04 4.954422734489127834e+03 3.113696318811580710e-01 1.590909565244352416e+04
1.062833988548557602e-02 6.267351926948672626e+05 2.889966126568221953e+05 2.277930724922175868e+05 3.253089396141854994e-01 5.938194727352363989e+05 2.639051218764567426e-25 2.746722109666058807e-25 1.057328761292900681e-25 3.875851793312420357e-01 1.753276431952071046e-25 1.085576688694478605e-02 5.644560078976660136e-03 4.070075349900230573e-03 2.130439652589035116e-01 1.029328574028536177e-02 1.435861939085586928e+05 3.229957669703376450e+04 9.849742542890782715e+03 4.223917053418681511e-01 2.134658815796281124e+04
1.846993786122688719e-02 1.802160850498002546e+05 7.200672739387105685e+04 8.728337431449012365e+04 3.236932309177171785e-01 1.815993331449170946e+05 1.875840183031711640e-25 1.958857091840337709e-25 6.214858924376807654e-26 3.441262814187155961e-01 1.231702191259701918e-25 7.473949254276292427e-03 3.079777723227368307e-03 2.894111194881162849e-03 2.172315859062100563e-01 7.042763851357825879e-03 1.369491789257097989e+05 1.032578851212023292e+05 2.856861955853710970e+04 4.350396351784169835e-01 5.181260889781811420e+04
3.209707332218952880e-02 2.929133692011410676e+04 2.764200544792644723e+04 1.032894158038748355e+04 3.030652544904602341e-01 2.321371389462519073e+04 1.080113591269760790e-25 8.602564218831469542e-26 4.051502162267354668e-26 3.142956214087079259e-01 8.205940988773990951e-26 4.886835757857904868e-03 2.579565077383079788e-03 2.122080952960288518e-03 2.557633925443841272e-01 4.419774147627520029e-03 3.378930244998774142e+05 2.617644373930100701e+05 1.529186015070988215e+05 3.687871539786849451e-01 2.522200224699945538e+05
5.577832061973046762e-02 5.885392890462019750e+03 2.906011275594650215e+03 1.816503025704904303e+03 2.271462924240331693e-01 5.421936612977462573e+03 4.683767047570901860e-26 3.427404358767462813e-26 1.714338496744650762e-26 2.864485477244150813e-01 3.735560496905770868e-26 2.023775513689050724e-03 1.605136596089835107e-03 6.184894654144678771e-04 3.571486230815155705e-01 1.258773070349821811e-03 5.399969489333666861e+05 2.486043871866061236e+05 1.426068961089352379e+05 1.965854802416970026e-01 4.753949272516773199e+05
9.693161179921591653e-02 2.151418504767383638e+03 1.074132022787107189e+03 5.535135496305006200e+02 2.210924105645553084e-01 1.951113268644048048e+03 1.506039395790747954e-26 1.198420920677780865e-26 5.751398791770893660e-27 2.843048536405158866e-01 1.208693717102070122e-26 1.026538778108161904e-03 6.845450275362179341e-04 2.398812011990504242e-04 3.726561981812920865e-01 5.241038793099352415e-04 4.889041916567629669e+05 1.949453727604203159e+05 1.280450175780742429e+05 1.899829055776725839e-01 4.174358718320014887e+05
1.684478353166902198e-01 6.627567924916355651e+02 3.579227023359438817e+02 2.043767797386601615e+02 2.047912217045126937e-01 5.946062168627687470e+02 4.334792577748715765e-27 3.809957753915032030e-27 1.511041504054652731e-27 3.675697924557464469e-01 2.790625348663732381e-27 6.594581094048206256e-04 5.040031851989781615e-04 1.285921556438336145e-04 3.966336487603269179e-01 2.991707378085749474e-04 4.246279571119764005e+05 2.832103809358517174e+05 1.158084930752510554e+05 2.658527128573353604e-01 3.093627147351335734e+05
2.927287878143824407e-01 2.133052924453193668e+02 1.397453575007109805e+02 6.880798428895364793e+01 2.173345660987056338e-01 1.811169278502177065e+02 1.666509499128442151e-27 1.982478199592166794e-27 4.269740573253578898e-28 5.266327328151465537e-01 6.622093786186325799e-28 6.649115529936924134e-04 1.124111216486405095e-03 1.525165363354885281e-04 6.235957628388905105e-01 2.103874261738041495e-04 4.097725853821539204e+05 3.785905049863394815e+05 1.248269076194525987e+05 3.722297245527506071e-01 2.427352975458922738e+05
5.087043300626336029e-01 1.118831099755527987e+02 1.099860558422221288e+02 3.948872129036175238e+01 2.840664246603926135e-01 8.447692175954634308e+01 1.110543773656301105e-27 1.400822695365499286e-27 2.542629989409888494e-28 7.288383876775910153e-01 3.033521937355560070e-28 1.198825134721518814e-03 1.817542051628622500e-03 7.283278674834495160e-04 9.706087784278494279e-01 7.600929866481411987e-04 4.147810993435754790e+05 5.968651252143769525e+05 1.463534549654192815e+05 4.921546304020509854e-01 2.163969330943839159e+05
8.840268063712417579e-01 6.442381924269446358e+01 5.271754080411028553e+01 2.167073107386107722e+01 2.783370490911831197e-01 4.975027150260743269e+01 8.512381296273043651e-28 1.073233642400962129e-27 1.719826384940080078e-28 7.966780074750922092e-01 1.981333798627010726e-28 1.259164541604240739e-03 1.473575968850858019e-03 7.865345337086411667e-04 7.449163026946017396e-01 9.751787020904792262e-04 4.780513933341698721e+05 6.758135363233272219e+05 1.920699771671656054e+05 5.473922790540250993e-01 2.523441197699039476e+05
1.536262516748606588e+00 4.194899245361687434e+01 2.470665172556456923e+01 1.773947630213840654e+01 2.532963587213292178e-01 3.649726072243844754e+01 5.165235621028415575e-28 6.798388161805636622e-28 1.786647853112302454e-28 7.610472532827645686e-01 2.036696412350207677e-28 1.333917630676787055e-03 9.143462913730137330e-04 9.458284002417009046e-04 5.386897196952568079e-01 1.301180242145423809e-03 5.330122831587765832e+05 6.354702749711988727e+05 3.056502458061165526e+05 5.334822532066508805e-01 3.820643641228723573e+05
