# R (Mpc), mean rho (Msol/kpc^3), errup (Msol/kpc^3), errlow, std, median rho (Msol/kpc^3), mean pth (Msol/kpc/s^2), errup(Msol/kpc/s^2), errlow, std, median pth (Msol/kpc/s^2), mean gas-mass-weighted metal (fraction), errup, errlow, std, median metal, mean gas-mass-weighted temp (K), errup, errlow, std, median temp  
#  nprofs 264, mean mh 534942511700.737915, median mh 472352402058.537231 
#  Mass range 11.50 - 12.0
6.706029110378903786e-04 4.853321900289100409e+07 4.335705691532216966e+07 2.622742997043842077e+07 3.809601163056972606e-01 3.824995224632869661e+07 6.796952227642717340e-23 3.529324556604210474e-23 1.350627324622099715e-23 6.381926001731941245e-01 1.685128757336876256e-23 1.656581834554812782e-02 7.691379147454272674e-03 5.717923286770378033e-03 2.216412070552358227e-01 1.534922908402954270e-02 1.269822448082629562e+05 1.459813093807159021e+04 1.380526053695508745e+04 3.316947804148321910e-01 3.354860850666787883e+04
1.165374294563389359e-03 2.094711314372819662e+07 1.233036793804779649e+07 9.785904277892626822e+06 3.160332680498192937e-01 1.922121520089178532e+07 1.164976177086055583e-23 9.002184893716855654e-24 4.247198938813955864e-24 5.043879891099026791e-01 6.353635759803618345e-24 1.583509236018403044e-02 7.614343245778816549e-03 6.317328841130179923e-03 2.346452844154555406e-01 1.490881646019420401e-02 3.080299999256559749e+04 9.378745715237659169e+03 7.521999451220402989e+03 1.747498337628239085e-01 2.585614628429897130e+04
2.025188414895478031e-03 8.219778735818346031e+06 3.949573322916447185e+06 2.374986706867734902e+06 2.487520424183234102e-01 7.492971873565592803e+06 2.502343440948688629e-24 1.823756595512776743e-24 8.377258095598965526e-25 3.993834840488198479e-01 1.686472123833747099e-24 1.539848105899466885e-02 7.763230365491455981e-03 6.254890296025102797e-03 2.283625574525494084e-01 1.471773431743543872e-02 2.020256614504182653e+04 5.287352760495203256e+03 3.340732588873324858e+03 1.216657722240471612e-01 1.879061328939646046e+04
3.519374105778993230e-03 2.852662211546935141e+06 1.531999239309357479e+06 7.003796197887423914e+05 1.919644096754050400e-01 2.455446935626846272e+06 5.011174711214459534e-25 4.426527429511521486e-25 1.448959480557727042e-25 3.286442298965184250e-01 3.207201606368470764e-25 1.394257240251945730e-02 7.840114456579417093e-03 5.586028016981318955e-03 2.333055274954036751e-01 1.284034559160456869e-02 1.392831755350081403e+04 4.185461024275609816e+03 1.973101690831266751e+03 1.082238867423860329e-01 1.273082602052738002e+04
6.115971237701829134e-03 1.036905130770092248e+06 6.025648837851637509e+05 3.385985431807740824e+05 2.074035357325068052e-01 9.010482027442387771e+05 2.247251448337886628e-25 2.328322959347614233e-25 6.372112179924581057e-26 3.712300261576419458e-01 1.289604904294056531e-25 1.022978741010336853e-02 7.033799064018290970e-03 4.068403439176877974e-03 2.637865677859823621e-01 8.883667287792936657e-03 1.784776674602356070e+04 1.018999654880882008e+04 1.514104504607332274e+03 2.384170677439480523e-01 1.156658608317131439e+04
1.062833988548557602e-02 4.328910533638286870e+05 2.123907500654268079e+05 1.874685697587601026e+05 2.078889107848092554e-01 4.220136389477215707e+05 2.075601303520274523e-25 1.963073264947362252e-25 8.895744872010284932e-26 3.874403159125205387e-01 1.460632565494377292e-25 6.382515722809493745e-03 5.156700128235521333e-03 2.619805951241907516e-03 2.757765390665617433e-01 5.557130470709872525e-03 4.066012183118055691e+04 4.215644306955993670e+04 1.340474093502622600e+04 3.584208727223469060e-01 2.497731525377404614e+04
1.846993786122688719e-02 1.289997224079555017e+05 6.814662136728144833e+04 6.055619159126095474e+04 2.478490175872005430e-01 1.234646567858713970e+05 1.827930296623813461e-25 1.497131349464538148e-25 6.328476830029606822e-26 3.107037090998351347e-01 1.293584337387608404e-25 4.531568577293052479e-03 3.170681191138823365e-03 2.057174167491480042e-03 2.791854535482675148e-01 4.043049422142033951e-03 1.375836468440451135e+05 1.520123261391555425e+05 4.157594462352972187e+04 3.945720137580942533e-01 7.592495533435822290e+04
3.209707332218952880e-02 2.176525822135909038e+04 1.522476073302009900e+04 5.609603263768163742e+03 2.244001352228048585e-01 1.743737568539750282e+04 1.002568034658096510e-25 6.918690345266819455e-26 3.631970302831274657e-26 2.799087478617637847e-01 7.763861931408414919e-26 3.115691813646271312e-03 2.461474663372385623e-03 1.508748536867919338e-03 3.005299205537649287e-01 2.796483623627066435e-03 3.612544203431820497e+05 2.732875303632509895e+05 1.702395307301958383e+05 3.041915388142092391e-01 3.059693840784248896e+05
5.577832061973046762e-02 5.109253300238077827e+03 2.387893879312731769e+03 1.371054038815645981e+03 1.634644943227166192e-01 4.599990884162940347e+03 4.427237577618779288e-26 3.769050817800539618e-26 1.295293449776308310e-26 2.622992653059633139e-01 3.326774527868183522e-26 1.493044272904551616e-03 1.161095513560381296e-03 6.639191162008125464e-04 3.107117506849893518e-01 1.237312640325480967e-03 5.653676855420880020e+05 2.585306386495938059e+05 1.547174228303850978e+05 1.734172039906904106e-01 5.172823187207108131e+05
9.693161179921591653e-02 1.965592260555374196e+03 9.660597657292262284e+02 4.734865031151066432e+02 1.530527851085651259e-01 1.783800788578172842e+03 1.482707226268757032e-26 1.274255956169670627e-26 5.029083829391166507e-27 2.790473530636207178e-01 1.119184264638184425e-26 7.774416233447202680e-04 6.387083636737539644e-04 3.247048191859791826e-04 2.960532952110166982e-01 6.388387046027461285e-04 4.857586684368713177e+05 1.962180351868428988e+05 1.401999298888609628e+05 1.862755494354391972e-01 4.195893941692380467e+05
1.684478353166902198e-01 6.039203590841259484e+02 2.810480376242563807e+02 1.573956152459899727e+02 1.740129693963087532e-01 5.359113515813542108e+02 4.743924633188445966e-27 4.126509806031391902e-27 1.629704236587741368e-27 3.817159589897277105e-01 2.807632663721765785e-27 4.360829443021998196e-04 4.430960479595007651e-04 1.481119744384808384e-04 3.244481276663829794e-01 3.083540870265030244e-04 4.399226144391631242e+05 2.748410416800970561e+05 1.187093938794066198e+05 2.528374128716451286e-01 3.246729593237345689e+05
2.927287878143824407e-01 2.029035168130343152e+02 1.617165405400387215e+02 5.806091892607551586e+01 2.655850648604685116e-01 1.489385849295136097e+02 2.451929171535948852e-27 2.587184260094074914e-27 4.071180948761149877e-28 6.048464627179265252e-01 6.002214207919934203e-28 4.370708672049897995e-04 7.502479548462012400e-04 1.092312241457634039e-04 5.417851253405369105e-01 1.648260072245006172e-04 4.700639082776763244e+05 5.839317182043688372e+05 1.284349358293368859e+05 3.830262651767964432e-01 2.570187911005762871e+05
5.087043300626336029e-01 1.123781339141202835e+02 1.285077616707505683e+02 3.941660230624636796e+01 3.656844536986136873e-01 7.156652139440458882e+01 2.199191094158035602e-27 2.690008173873933314e-27 2.011828432178754239e-28 8.745201766580986691e-01 2.372787264193255690e-28 8.180185422203086918e-04 1.798351927288433655e-03 2.340237239248126250e-04 9.732851269710729447e-01 2.463585106295363911e-04 5.415108122811685316e+05 9.002460268412163714e+05 1.666201476626135409e+05 5.358700618148424244e-01 2.364766846092717024e+05
8.840268063712417579e-01 7.013621318020281592e+01 6.906539579518249639e+01 2.236462732467566283e+01 3.644437889058743107e-01 4.337358746601043435e+01 1.984873975678212578e-27 1.819724509206166128e-27 1.631906381133552455e-28 9.080677680224777948e-01 1.867157220579169597e-28 1.048288144389313090e-03 1.454988857257888965e-03 6.584836378183030192e-04 8.920124449005144562e-01 7.170047699125851100e-04 6.366033071993092308e+05 7.603248323775803437e+05 2.173245879283489194e+05 5.679688790954338096e-01 2.915558112849161262e+05
1.536262516748606588e+00 4.559373350074230302e+01 4.386249143523393457e+01 1.434034877494308802e+01 3.415022230959615657e-01 2.854934200574966496e+01 1.573993310027355917e-27 1.293681804557448157e-27 1.261717355577597617e-28 9.088486872771577296e-01 1.438094631807699546e-28 1.105837218322387218e-03 9.638135569229205370e-04 8.904695234821389995e-04 5.413146129562435016e-01 1.064545754794361636e-03 8.329082711444912711e+05 9.209635162636730820e+05 2.655149051090596477e+05 5.844135969977165557e-01 3.438953449725208338e+05
