# R (Mpc), mean rho (Msol/kpc^3), errup (Msol/kpc^3), errlow, std, median rho (Msol/kpc^3), mean pth (Msol/kpc/s^2), errup(Msol/kpc/s^2), errlow, std, median pth (Msol/kpc/s^2), mean gas-mass-weighted metal (fraction), errup, errlow, std, median metal, mean gas-mass-weighted temp (K), errup, errlow, std, median temp  
#  nprofs 205, mean mh 553041624893.172974, median mh 505069840098.258667 
#  Mass range 11.50 - 12.0
6.706029110378903786e-04 6.981799861978666484e+07 4.424828085079644620e+07 4.433918631746369600e+07 3.571977948167027739e-01 6.598843616555280983e+07 1.027655307648279312e-22 5.996202777287674753e-23 3.577958672423065960e-23 6.280152039338764425e-01 4.397192794495754812e-23 2.899575182068820853e-02 8.763193372798707553e-03 8.662239434462502830e-03 1.453052934455482947e-01 2.841292219473764633e-02 1.484260420766525494e+05 1.474112907035243552e+04 1.830358032893203563e+04 4.055154523347578310e-01 4.545297884624082508e+04
1.165374294563389359e-03 3.018185090515564010e+07 1.947661028319578618e+07 1.198345729490468651e+07 2.911504779826079026e-01 2.663826209419655800e+07 5.386738889273724411e-23 2.734160856328535996e-23 9.491891859850504846e-24 5.976250151208862826e-01 1.395738777001697100e-23 2.910410716178866292e-02 8.874757815294353341e-03 8.921084336818058819e-03 1.758951589849817032e-01 2.882310924760147705e-02 1.107218950402840273e+05 2.090023330850129423e+04 1.103512342295629787e+04 4.267454900877804547e-01 3.444055532483640127e+04
2.025188414895478031e-03 1.102675857563419640e+07 7.491471833561997861e+06 3.687985839307297021e+06 3.350829048017018863e-01 9.215147613477189094e+06 7.327340334716415928e-24 5.012201620329205485e-24 1.691535505959267120e-24 4.952867161044036126e-01 2.871630082918989780e-24 2.873111789327074950e-02 8.798250508991842245e-03 9.238767331147257345e-03 1.598781823494425103e-01 2.881459969038688979e-02 4.294158234908559098e+04 1.444866827816580189e+04 7.085552721279353136e+03 2.912645329861884291e-01 2.382123604023337975e+04
3.519374105778993230e-03 2.872961017705059610e+06 2.014655429619129281e+06 8.845418852640937548e+05 4.358604815600747306e-01 2.383339640845592599e+06 1.155449739439757708e-24 1.299966040779075985e-24 4.540948239965137270e-25 4.467657488989090209e-01 6.890399869422278134e-25 2.706683869005408263e-02 8.291840927700390440e-03 8.914924822411806477e-03 2.012739265964477997e-01 2.693691859373551628e-02 8.818164570781547809e+04 3.371587742064656049e+04 5.308007033027748548e+03 4.715652122315177053e-01 1.703157690187752451e+04
6.115971237701829134e-03 6.938872734323495533e+05 5.202498143205362139e+05 2.489783089595276979e+05 5.471903663653666650e-01 5.690009532624079147e+05 3.248246324253399205e-25 3.033879858832564367e-25 1.112980700495156429e-25 4.273003272199339397e-01 1.862402485113088253e-25 2.306881863958867851e-02 8.242067673045246762e-03 9.607487540463175574e-03 2.341002023983420055e-01 2.325331810622438197e-02 1.611133801494329819e+05 7.770706254378567974e+04 6.266283314771679215e+03 6.165818991017630868e-01 1.737244793406999088e+04
1.062833988548557602e-02 2.252250768854812486e+05 1.764356235750699416e+05 1.638100983890795324e+05 6.219364895115364611e-01 1.905105303618834587e+05 1.629771195880627038e-25 1.831379569623056042e-25 5.556840712210365363e-26 4.275765797242174204e-01 9.152647322278752917e-26 1.616252333568725039e-02 8.780471551728310370e-03 5.520904982607627298e-03 2.471626033769097619e-01 1.497734411800509188e-02 2.342840144890923984e+05 2.882457526809269330e+05 2.471536185737822962e+04 6.749679817508990043e-01 3.771393437713621825e+04
1.846993786122688719e-02 7.976081163703721541e+04 6.337564375455188565e+04 6.096836515835849423e+04 5.664780215766026528e-01 7.184950488875829615e+04 9.646216624192912848e-26 9.401637229090739343e-26 3.749576669766857997e-26 3.670008482860631083e-01 6.450955625694160073e-26 1.093897310113819445e-02 6.646871160268552278e-03 4.247998951093421259e-03 2.436606617926933838e-01 9.523566626952367428e-03 2.621096628795099095e+05 3.995022184393118368e+05 5.638077356991025590e+04 5.923842582040625970e-01 7.917049346718125162e+04
3.209707332218952880e-02 1.993396227586343957e+04 1.626048209907204728e+04 1.333831731901275452e+04 4.466842278745316031e-01 1.744759991099016042e+04 5.417127293759701478e-26 4.481166178746866140e-26 2.249678893567215741e-26 3.293349642311551584e-01 4.047462985122741766e-26 7.366053381724192196e-03 4.374016631329607184e-03 2.777701805007085772e-03 2.552804040657584150e-01 6.469362253696156299e-03 3.369776706794141210e+05 4.621387208421730320e+05 1.588270167945975554e+05 4.485883229147807905e-01 2.188635526438285015e+05
5.577832061973046762e-02 4.073502243741079383e+03 2.946023481555871058e+03 1.735065838760945098e+03 3.093469231093690652e-01 3.514047252989342724e+03 2.765033969447166569e-26 2.233497469496341095e-26 1.029296152274606139e-26 3.142081428481821037e-01 2.044377459075817831e-26 4.325353911228993833e-03 3.558257010143449882e-03 1.507367840847075036e-03 2.973739565190564038e-01 3.301909854284342492e-03 5.313748382627741667e+05 3.742892532891989686e+05 2.058463984908837592e+05 2.750158731295779257e-01 4.394990762707893737e+05
9.693161179921591653e-02 1.417702838169347842e+03 8.493630952663183962e+02 4.604712286064037698e+02 2.611315110020848707e-01 1.254860612483843397e+03 1.229675361979693581e-26 1.195726323394835424e-26 4.231617257318837241e-27 3.415206575050037663e-01 8.251029840622079315e-27 2.441522996469287950e-03 2.105765588122720557e-03 9.671702672022217725e-04 3.320300239598422687e-01 1.760989480794441934e-03 6.014543050488894805e+05 3.871661805889059906e+05 1.517412834953025449e+05 2.451219724452944615e-01 4.471068183075717534e+05
1.684478353166902198e-01 5.847828764811986275e+02 4.084699014795181142e+02 2.032861957499944197e+02 2.444563012997520435e-01 5.067658052202364729e+02 4.875537505491935309e-27 5.021989685632456597e-27 1.658965782486347673e-27 3.970573549406513081e-01 2.964415183865985029e-27 1.555911389889690728e-03 1.531968015218939478e-03 4.924300006579852493e-04 2.902648846565133445e-01 1.125867045180933010e-03 5.408393832537822891e+05 4.126250656463378109e+05 1.509246632272030693e+05 2.738597777573869019e-01 3.890294119747609366e+05
2.927287878143824407e-01 2.384076129350892188e+02 1.617678072588498992e+02 6.971573436742382057e+01 2.357814824476054116e-01 1.933119463477398483e+02 2.327562505464845295e-27 3.246678794684763928e-27 6.375630205418423573e-28 5.342829839993191721e-01 9.659724088556047671e-28 1.305813494532850286e-03 1.137949397373212972e-03 4.023487953992180245e-04 2.657288101243863165e-01 1.001930236860302907e-03 5.195539623854836100e+05 6.387417046637189342e+05 1.668148377553301107e+05 3.659902803328381471e-01 3.219515791056320304e+05
5.087043300626336029e-01 1.195355702699560538e+02 8.881895250337264258e+01 3.614070137809849115e+01 2.631781351781694034e-01 8.864568382840765537e+01 1.579139781325522855e-27 2.268245949184551022e-27 3.272217381742560804e-28 6.631457194521139797e-01 4.299661058222588116e-28 1.373492739263204284e-03 1.266258056808906244e-03 6.428030860046848784e-04 3.240622816682129925e-01 1.105722297605908188e-03 5.542564237309955060e+05 6.972494747804180952e+05 2.255098328693790245e+05 4.360197480463484654e-01 3.344365122214510338e+05
8.840268063712417579e-01 7.211581283167325296e+01 6.558796640187092919e+01 2.732035066320510452e+01 3.128129574496400500e-01 5.326939075896839881e+01 1.218869202924147584e-27 1.633315007447204198e-27 2.354693550520584048e-28 7.750698720102110473e-01 2.790041336721738437e-28 1.525710279662069544e-03 1.014202235238613383e-03 9.939942517853312971e-04 3.982493700803431125e-01 1.488334579982125705e-03 6.229107483470721636e+05 7.264642117319640238e+05 2.488015170766682422e+05 4.877544765392837212e-01 3.647400555105597596e+05
1.536262516748606588e+00 4.290213598193059141e+01 4.132171291515265210e+01 1.404092997292607592e+01 2.877156103772845475e-01 3.223481703663728837e+01 7.204030250127027833e-28 1.161294236973486558e-27 1.849635647358218855e-28 7.366223499185379220e-01 2.222644916654048987e-28 1.504578634657060317e-03 5.860306925770180590e-04 9.071440619394657368e-04 2.911262052262506006e-01 1.624818155009245769e-03 7.011915866021554684e+05 7.905497116382122040e+05 3.624565054807525594e+05 4.740412332565370201e-01 4.940459302798833232e+05
