# R (Mpc), mean rho (Msol/kpc^3), errup (Msol/kpc^3), errlow, std, median rho (Msol/kpc^3), mean pth (Msol/kpc/s^2), errup(Msol/kpc/s^2), errlow, std, median pth (Msol/kpc/s^2), mean gas-mass-weighted metal (fraction), errup, errlow, std, median metal, mean gas-mass-weighted temp (K), errup, errlow, std, median temp  
#  nprofs 319, mean mh 217205758537.274506, median mh 210952616682.920868 
#  Mass range 11.00 - 11.5
6.706029110378903786e-04 1.628410493815141916e+07 1.282410055842594802e+07 4.685614236722513102e+06 2.522542058557286082e-01 1.225967518633603677e+07 3.691851296301668009e-24 3.930328719382925233e-24 1.060232178088367815e-24 4.354684223779222707e-01 1.910036133202470322e-24 6.683886771444502023e-03 3.764095636818237320e-03 2.468899380849660929e-03 2.240011919232639814e-01 6.160776038677023142e-03 1.678396722458746081e+04 5.145239099724716652e+03 4.302170076117959979e+03 1.769153199302188617e-01 1.607920013365936757e+04
1.165374294563389359e-03 7.242323001292621717e+06 5.742699257417558692e+06 3.554003799061703496e+06 3.057785774105352683e-01 6.268943138758261688e+06 1.378070965190687049e-24 1.568033067809626553e-24 6.089365955030253607e-25 4.696643606833185713e-01 8.735626646607531431e-25 6.233688979215852750e-03 3.356492180009356362e-03 2.759102985306484228e-03 2.412803314393587861e-01 5.892646820090164696e-03 1.512759874630503873e+04 4.324177460123055425e+03 3.475605112665029083e+03 1.458128456249776772e-01 1.495419080928846415e+04
2.025188414895478031e-03 3.004562599512252491e+06 1.364633353127405979e+06 1.355973539692380000e+06 2.497178560859909524e-01 2.938398364647009410e+06 3.849811372469385759e-25 2.987524001220825051e-25 1.641916180402274774e-25 3.156885702766889512e-01 3.147842621341697818e-25 6.052575154940238733e-03 3.367975568119979494e-03 2.733778550395517867e-03 2.426122445650601978e-01 5.716055116947278518e-03 1.300029684010688106e+04 2.018677193530698787e+03 1.723654946035783723e+03 7.159115071930999274e-02 1.292939987596949504e+04
3.519374105778993230e-03 9.951811973461232847e+05 3.668114923402825370e+05 3.249412962370335590e+05 1.687339285021089152e-01 9.714049161365269683e+05 1.115779119602423611e-25 4.022141671153303859e-26 2.964906774581470713e-26 1.976425805966627869e-01 9.366727315000965096e-26 5.818613162467141560e-03 3.162181781410774647e-03 2.471468904319357347e-03 2.394262622203388591e-01 5.439381014417739649e-03 1.282380941543848712e+04 1.047546187469077267e+03 1.123739280764340947e+03 1.033899000956666897e-01 1.158954115965176243e+04
6.115971237701829134e-03 2.663734528066172497e+05 9.224100361137287109e+04 6.524313029518100666e+04 1.644893706949720202e-01 2.548718099842901865e+05 7.835615827908903590e-26 1.283459548324444878e-26 8.225762576669024727e-27 3.185929011242555897e-01 3.546813957999840685e-26 5.151703548777772888e-03 2.902207417639399156e-03 2.273730225404108421e-03 2.427032307572343783e-01 4.806869680636866385e-03 3.389717487389758753e+04 3.930559070986319057e+03 1.102931184532468251e+03 3.027204050147063730e-01 1.222089772846480810e+04
1.062833988548557602e-02 7.494215609205924557e+04 2.849921864279487636e+04 2.064490276774631639e+04 1.945108209072027305e-01 6.967098754945219844e+04 6.047418742145331410e-26 6.706230822972165342e-26 8.617315307007107713e-27 4.033596254856129937e-01 2.451357879279477662e-26 4.025806081197090547e-03 2.541607788880608822e-03 2.049909402096936843e-03 2.572724881626820559e-01 3.751130637060826056e-03 8.915126853692362783e+04 5.794623767348629917e+04 9.647591630711474863e+03 4.053249609286772026e-01 2.616609906899731868e+04
1.846993786122688719e-02 2.445524819373935316e+04 1.409910795554394281e+04 8.232307025326917937e+03 2.500117578792823148e-01 2.178414370057780616e+04 3.355322784067184842e-26 3.273446725296780722e-26 1.094376718779735442e-26 3.147241629976738619e-01 2.256471754602613126e-26 2.679217727547191126e-03 1.662105333643676582e-03 1.116304456184226933e-03 2.627787629226225330e-01 2.320345327742991300e-03 1.488710944773748051e+05 7.829295727566411369e+04 3.309499115175169572e+04 3.483212795439457610e-01 7.347544221899897093e+04
3.209707332218952880e-02 6.975983831426061442e+03 4.393204625260045759e+03 2.417259255036245577e+03 2.437671771531649823e-01 6.071069428320247425e+03 1.880363608067171189e-26 1.087995814648198028e-26 5.963440477454026489e-27 2.532757049539448579e-01 1.464929909610766680e-26 1.552498148508870595e-03 1.017806416473282950e-03 6.412903620456629613e-04 2.804143991525562818e-01 1.331663271950331469e-03 2.640066674959420925e+05 1.561136051971159177e+05 7.649681831952757784e+04 3.200451020846571404e-01 1.695233544255130109e+05
5.577832061973046762e-02 1.799472843365436574e+03 8.780788010240680705e+02 5.526883139015667439e+02 1.928056861204275885e-01 1.617192068108435251e+03 9.833956655064770676e-27 7.021184558048520016e-27 2.730364219256109791e-27 2.810070076187459187e-01 6.817972840607628642e-27 7.362066507375678807e-04 5.490932321963847961e-04 2.927024242997791127e-04 3.073695207342383995e-01 5.763364391558778877e-04 4.249958209579574177e+05 1.835775132220630185e+05 9.371185747980675660e+04 2.689513903561869257e-01 2.867796020594961592e+05
9.693161179921591653e-02 7.206648932760472235e+02 3.166231412226036355e+02 2.558250744407863522e+02 1.872395469709310922e-01 6.688048464349287769e+02 5.067039335540688853e-27 3.703483235621870634e-27 1.374632795309399689e-27 3.841205311064441186e-01 2.678008858700813829e-27 4.402651320890569914e-04 3.505500784373581538e-04 1.609812858026920960e-04 2.955421199748973216e-01 3.429199117197598702e-04 4.451507884819756146e+05 2.781466732167269220e+05 7.267699190494025243e+04 2.987015304447846464e-01 2.544301614570329548e+05
1.684478353166902198e-01 3.236543845171419207e+02 1.874334936998309331e+02 1.156169963039031643e+02 2.243014664182066686e-01 2.836058456399870238e+02 3.068485090092485743e-27 2.635319036138289621e-27 5.006740153940288422e-28 5.496301899111416533e-01 8.471840066372410091e-28 3.713692675112492377e-04 2.750333171603575955e-04 1.398884342677891683e-04 2.938151983395121403e-01 2.896917382820819687e-04 4.352575342758977204e+05 4.901792228284445591e+05 6.762085036250296980e+04 3.843242894130619036e-01 1.893794907016936049e+05
2.927287878143824407e-01 1.822657923028700964e+02 1.523491287250907362e+02 4.673382910816727076e+01 3.002887297020599977e-01 1.188749093728668385e+02 2.680877013987092173e-27 2.472809746850676246e-27 2.501865449066529095e-28 7.380814011988563461e-01 3.436463048673425015e-28 4.328726509676824263e-04 4.028744631636619429e-04 1.472129168657953081e-04 3.776086472431181007e-01 2.737945169023045435e-04 4.762558297304001171e+05 6.139221716715197545e+05 8.951676520378357964e+04 4.783497917305326586e-01 1.715854325758814230e+05
5.087043300626336029e-01 1.144949100292227513e+02 1.243524494360955970e+02 2.862371093489735330e+01 3.754454536446152346e-01 6.112636189307859524e+01 2.909745298897039566e-27 2.087284834603263394e-27 1.493417371153680233e-28 9.104418899821403732e-01 1.824929717789247890e-28 4.668448659081376236e-04 6.936213291280290353e-04 1.567599694152102909e-04 5.166565435215672020e-01 2.425578486866649330e-04 5.951812941086703213e+05 8.514770951067749411e+05 1.490119121034104028e+05 5.660294012464917035e-01 2.113456214854779537e+05
8.840268063712417579e-01 7.485983014276999370e+01 7.491019269697238769e+01 2.272579989812375345e+01 4.287226262937560706e-01 3.790926954454642583e+01 2.474236552445858622e-27 2.116442088271522829e-27 1.464665018795487825e-28 1.059347385869871649e+00 1.593607645663237980e-28 5.792655643994412771e-04 7.740238007249670028e-04 3.642769954472415837e-04 6.562804369833084017e-01 4.291411430220719043e-04 7.384721697192748543e+05 1.071421378878751770e+06 2.174418996441929776e+05 6.501590324750710082e-01 2.689426232308963663e+05
1.536262516748606588e+00 4.812800077262520659e+01 5.981585207554359584e+01 1.777722285898391164e+01 3.921078962355439290e-01 2.993064204668019812e+01 1.355393441247811564e-27 2.095622913359586738e-27 1.453295880322896086e-28 1.020039988067854786e+00 1.585970216184823857e-28 6.812629770993391259e-04 6.322131371257216524e-04 4.472779160958915761e-04 5.728860840269160981e-01 5.898302795716588555e-04 8.728737643968167249e+05 1.338463952689811587e+06 3.129644523111747112e+05 6.434323720800314561e-01 3.828680935227883165e+05
