# R (Mpc), mean rho (Msol/kpc^3), errup (Msol/kpc^3), errlow, std, median rho (Msol/kpc^3), mean pth (Msol/kpc/s^2), errup(Msol/kpc/s^2), errlow, std, median pth (Msol/kpc/s^2), mean gas-mass-weighted metal (fraction), errup, errlow, std, median metal, mean gas-mass-weighted temp (K), errup, errlow, std, median temp  
#  nprofs 115, mean mh 213449443092.446808, median mh 208301470294.259460 
#  Mass range 11.00 - 11.5
6.706029110378903786e-04 6.235927909099894017e+07 3.804175662712048739e+07 3.067940644079693034e+07 3.042738084182158298e-01 5.452317298165778071e+07 5.249245873051877661e-23 4.407969354273405622e-23 1.877585502234353198e-23 4.564341634103513679e-01 2.815324724000132215e-23 2.440300561379151259e-02 9.106056880474666659e-03 6.045941505097480323e-03 1.384243567351267079e-01 2.295126643376622921e-02 9.759601896586593648e+04 1.218383292976822850e+04 1.053993450123834555e+04 2.536837242169227014e-01 3.916438786945909669e+04
1.165374294563389359e-03 2.414958123239351436e+07 9.575308831573013216e+06 8.630788339267451316e+06 2.601088775779126228e-01 2.295676498533986509e+07 1.256570895609604496e-23 7.528140907070801548e-24 4.770458453801396284e-24 4.153767582518697599e-01 9.504039724172295956e-24 2.350900343910191856e-02 8.499047699110633125e-03 6.773058228727681096e-03 1.490357570950187616e-01 2.237759523248322030e-02 3.375709127445446211e+04 8.246993843901618675e+03 6.379068198745138943e+03 1.603659026447383784e-01 2.957372994821652537e+04
2.025188414895478031e-03 9.119441362726524472e+06 3.458665666450418532e+06 2.558383547008736059e+06 1.805479989508211314e-01 8.574691516453819349e+06 2.655105504507300758e-24 1.783199754814763918e-24 1.066273621603086859e-24 2.992498657433935172e-01 2.270311983557129494e-24 2.282076456688038324e-02 8.597784869269309987e-03 6.505783557478902676e-03 1.496461745265521837e-01 2.209725594895088283e-02 2.109842809635917365e+04 5.422499248573491059e+03 4.312525267656608776e+03 1.112087859001103657e-01 2.016912720481621363e+04
3.519374105778993230e-03 2.796133404484019615e+06 1.364801219150487334e+06 1.108466173056044616e+06 1.922912548990457493e-01 2.677102167991883121e+06 5.561203782848152263e-25 4.945897685649103941e-25 1.571237547714062546e-25 2.961794324372058473e-01 3.818159614547626386e-25 1.998569029895019139e-02 7.484816742690213187e-03 5.649292203387265565e-03 1.566227264456721002e-01 1.948480745873604203e-02 1.536286142625632601e+04 5.461993689245018686e+03 2.263146948875899398e+03 1.375006502704284317e-01 1.329594168176468338e+04
6.115971237701829134e-03 1.026958897693290259e+06 4.868086989373114193e+05 4.639922933223636937e+05 2.175926527127514387e-01 9.839671027944631642e+05 2.141599282337434777e-25 1.776824272143717708e-25 5.603769983146082075e-26 3.147822573082198483e-01 1.406842110742526934e-25 1.335657489777560512e-02 6.485224669310009696e-03 4.747719775442671084e-03 2.006758423951012227e-01 1.268934099913538414e-02 1.722500235911432173e+04 8.816791963274723457e+03 1.968890369063739854e+03 2.079405752373452709e-01 1.234911660490661416e+04
1.062833988548557602e-02 4.465302957186342683e+05 2.020240469696916989e+05 1.576286134142619558e+05 1.904501094716944676e-01 4.244771441638954566e+05 1.380945760798701323e-25 1.248340270585183268e-25 4.343187924435426625e-26 3.245006743507348745e-01 9.513720694165866037e-26 7.993067453039775366e-03 4.597867168974468371e-03 2.769830885177609198e-03 2.027699035545561246e-01 7.238036592925758614e-03 2.370764409041382896e+04 2.019750435869476496e+04 5.976724655520791202e+03 2.474474473161893118e-01 1.738572114993758441e+04
1.846993786122688719e-02 1.298445973466992145e+05 5.267922251528603374e+04 5.093340685862505052e+04 1.833024831920047892e-01 1.282337272821607476e+05 8.519055682810584934e-26 5.802759789711955175e-26 3.490824883784955765e-26 2.610704209799727948e-01 7.341899947826429920e-26 5.708375161907969578e-03 2.478036656452918367e-03 2.199483051419083741e-03 2.014063537066360099e-01 5.331156574602701446e-03 5.386056096641376644e+04 4.148960649405385630e+04 1.995377428319672617e+04 2.886740891148603105e-01 4.206083763560232910e+04
3.209707332218952880e-02 2.848684563200227058e+04 1.564955437169440120e+04 1.086607825258792582e+04 2.174317317144995598e-01 2.536741109650237922e+04 3.971653217825834992e-26 2.513313137861401303e-26 1.284860038160723185e-26 2.413413633185651774e-01 3.343987131823872778e-26 4.117748327914473420e-03 2.208448276765111705e-03 1.342409389580458308e-03 2.055502563433132812e-01 3.586098352348207272e-03 1.142143705119930091e+05 8.709897368137682497e+04 5.261420705882416951e+04 2.945601158119434682e-01 9.997375565888111305e+04
5.577832061973046762e-02 6.396171828633596306e+03 2.704553363300016827e+03 1.727878355063485287e+03 1.711815682047255482e-01 5.770012076640728083e+03 1.523786816618692127e-26 9.782942805747625589e-27 5.042399267703710672e-27 2.365234432965071243e-01 1.276872813443577991e-26 2.650681302587958813e-03 1.654795998841230350e-03 7.089700387203346204e-04 2.043215607944400547e-01 2.282352589185708113e-03 1.731896592750303098e+05 1.178763068622915016e+05 6.364052876141906017e+04 2.358946813804786158e-01 1.496986025985757296e+05
9.693161179921591653e-02 2.020432365388707012e+03 6.581720540138146589e+02 6.781445468411088768e+02 1.591232954897176810e-01 1.972075053247228652e+03 5.823486682722630478e-27 4.600686477294821800e-27 1.604717495713029659e-27 2.513353462136755367e-01 4.364931727127131952e-27 1.637453615285357472e-03 9.608788710813399511e-04 6.414934293215662862e-04 2.158191205833968340e-01 1.485156071812335221e-03 1.954168564703849261e+05 7.687254708851463511e+04 5.077989163595087302e+04 1.991587964888081042e-01 1.694017965869366017e+05
1.684478353166902198e-01 7.005168077953140937e+02 2.969791985342365024e+02 1.874568138497709242e+02 1.505897048978060149e-01 6.448413795774132495e+02 2.122506164123101386e-27 1.518538246876708002e-27 6.750915939164450866e-28 3.079148170913548754e-01 1.445250543619344599e-27 1.086854068911420135e-03 6.465027865370047682e-04 4.871462267629835408e-04 2.384810580028501603e-01 9.893263377844096085e-04 1.898817042534347856e+05 8.467149155019220780e+04 3.828050478161178762e+04 2.223899562126015472e-01 1.429659728983136592e+05
2.927287878143824407e-01 2.647883526119305770e+02 9.578811998194854027e+01 7.657796530374113786e+01 1.679102764284717275e-01 2.412640261062722118e+02 1.019046276995915411e-27 8.051967059881239039e-28 2.083797708404247143e-28 4.533850750441288935e-01 4.013433044731859258e-28 7.879427657951775139e-04 6.195199478120067384e-04 3.096137215267980849e-04 2.900392900498848792e-01 6.620651059618519072e-04 2.000678749322887161e+05 1.846794326362822321e+05 3.874104196041644900e+04 3.290715236108244235e-01 1.128966005520918989e+05
5.087043300626336029e-01 1.266665393705384588e+02 7.917274764282922206e+01 2.889317651972180556e+01 2.297503895101125904e-01 9.671329821810797966e+01 6.991626827494049601e-28 6.512786155455731464e-28 1.038691030532982977e-28 6.120840400445118901e-01 1.585984195786162270e-28 8.300292334173189250e-04 1.171445514958720756e-03 3.629806374671583759e-04 4.584818749763848178e-01 5.154233685436339666e-04 2.242993348248783441e+05 3.009731256469536456e+05 4.826061211525375256e+04 4.217604612393563435e-01 9.752227505620829470e+04
8.840268063712417579e-01 8.193798990379025327e+01 7.441107294087771606e+01 2.648789440443930587e+01 3.074394805741162973e-01 5.649385496539002816e+01 9.057159410532387969e-28 8.118639726323609192e-28 8.808058636619557114e-29 8.075231034164946919e-01 1.063672328644226225e-28 9.457287707481772587e-04 8.581724732676755197e-04 7.526287944224252817e-04 7.130167789429714409e-01 8.590376999722382613e-04 3.000021636983384960e+05 4.597444654564667144e+05 7.143679229995011701e+04 5.334970176787412477e-01 1.083043861434314749e+05
1.536262516748606588e+00 5.809494398381308145e+01 3.927378917341229680e+01 2.051586145048896981e+01 3.296744070626334011e-01 4.012996607605971633e+01 8.528732892405721166e-28 5.782185730982131929e-28 7.992832774245554517e-29 9.178104780342088986e-01 9.202828766458031798e-29 1.066722094184621673e-03 1.172744615401499161e-03 6.652929349484059665e-04 5.996032158476499729e-01 8.715835234536567153e-04 3.952173974167709821e+05 5.026294110124714789e+05 9.721066265225090319e+04 6.062549038899582854e-01 1.307967228813561960e+05
