# R (Mpc), mean rho (Msol/kpc^3), errup (Msol/kpc^3), errlow, std, median rho (Msol/kpc^3), mean pth (Msol/kpc/s^2), errup(Msol/kpc/s^2), errlow, std, median pth (Msol/kpc/s^2), mean gas-mass-weighted metal (fraction), errup, errlow, std, median metal, mean gas-mass-weighted temp (K), errup, errlow, std, median temp  
#  nprofs 89, mean mh 227630726281.542847, median mh 227378040325.657623 
#  Mass range 11.00 - 11.5
6.706029110378903786e-04 1.800063483001599461e+07 9.770225985446350649e+06 2.977163497396260500e+06 2.547495889665854496e-01 1.271268331118413620e+07 5.673527417611830134e-24 7.889554201744807946e-24 1.568453061078776810e-24 4.541522677171871969e-01 2.586437051977560117e-24 5.242657742299020387e-03 3.082954982088027818e-03 2.970603224658929092e-03 2.446892476183038234e-01 5.400647715742890043e-03 1.984496557386755740e+04 8.887024567364325776e+03 6.512408733678003045e+03 1.619269872572337565e-01 1.777367131447035354e+04
1.165374294563389359e-03 8.709947672298584133e+06 9.149462509307978675e+06 3.823304912284722086e+06 3.112914290549910756e-01 6.908119160182340071e+06 2.039290936273182941e-24 3.548954956165540402e-24 7.787355684503944612e-25 4.984672840935536753e-01 1.107295669591937002e-24 4.532300625473070430e-03 2.133735261503709631e-03 1.869766808683728625e-03 2.485711986246544047e-01 4.131975616223779874e-03 1.665827915150645276e+04 6.066877892951761169e+03 4.923722456276787852e+03 1.340332507804805062e-01 1.613481149283952618e+04
2.025188414895478031e-03 4.159946539906869642e+06 2.170022911311886739e+06 1.569214782339705620e+06 2.591820051623425214e-01 3.879895576826096978e+06 6.603393121002884919e-25 6.434599881128514855e-25 2.916045625926056794e-25 3.853558866423454909e-01 4.919523440106339376e-25 4.257108196978025803e-03 2.049750411496952321e-03 2.028166179260739149e-03 2.631988953654614827e-01 4.134609432888319835e-03 1.386989138202763752e+04 3.248383765893731834e+03 2.676654193991418651e+03 8.770028582086868141e-02 1.357235445960988181e+04
3.519374105778993230e-03 1.838984058843803592e+06 6.481271608481707517e+05 5.229335020996127278e+05 1.570677322267369225e-01 1.752806388760478934e+06 2.459189265182110235e-25 1.949810681961135999e-25 6.806787667024373709e-26 2.822335814922634079e-01 1.654536905342877012e-25 3.466906704735683506e-03 1.733159516597774282e-03 1.349931464109118935e-03 2.255148908586012968e-01 3.202050200598353154e-03 1.278894166492679142e+04 1.683739018350088372e+03 1.503802319205897220e+03 1.200171999045840099e-01 1.155777073577531155e+04
6.115971237701829134e-03 8.366742997077830369e+05 3.969234563179850811e+05 2.311330094028778840e+05 1.529874630045361950e-01 7.807162751983815106e+05 1.744642608568558530e-25 2.280573139213717208e-25 4.191423135981713659e-26 3.791219997787926843e-01 9.050740452259897027e-26 2.254596126705436712e-03 1.026687411101966357e-03 8.118463243962975497e-04 2.008942159369668246e-01 2.122706848000159487e-03 1.822396694770030081e+04 1.854894515870041141e+04 1.469224708415011264e+03 2.600522021088278457e-01 1.090308101582408926e+04
1.062833988548557602e-02 3.545264113440895453e+05 1.300953890102204168e+05 1.167408440442417632e+05 1.873247055805933314e-01 3.297530995276549365e+05 1.808957735590845701e-25 1.128045604507401101e-25 1.170979699345177394e-25 3.687111934191918405e-01 1.646357121817530812e-25 1.380904135132719757e-03 7.165084756712472146e-04 4.777424707158386703e-04 2.045251786452408904e-01 1.302564619910288228e-03 4.221119985435431590e+04 3.170508443214402359e+04 2.375491267626508488e+04 3.177913640916892324e-01 3.656858770675954293e+04
1.846993786122688719e-02 1.134849240960067254e+05 6.088716784756141715e+04 3.969340262858272035e+04 2.042327312668111294e-01 1.047201557153354515e+05 1.084861453303542947e-25 6.797175299173102470e-26 5.941309117232281894e-26 2.971940786428119430e-01 1.028022233245893853e-25 9.005858924922161696e-04 3.927447857895035536e-04 3.225885166151396194e-04 2.047493375074232180e-01 8.548695313463346244e-04 7.323891127751969907e+04 5.270242048006720870e+04 2.312539755874170078e+04 2.561790783800497184e-01 5.867181451023396949e+04
3.209707332218952880e-02 3.359291037012166635e+04 1.052810129964555381e+04 1.355025312752518221e+04 1.873193601532654462e-01 3.326841115925343183e+04 4.242045864513965499e-26 2.797132886874966848e-26 1.320743301039329827e-26 2.448093958243844070e-01 3.412530757495323417e-26 6.563693339849300612e-04 3.713350631326679113e-04 2.345382172901736570e-04 2.283217881636906699e-01 5.705457007362864808e-04 8.996721212663315237e+04 5.232341366850401391e+04 2.597684455869729572e+04 1.966604150623621483e-01 7.814020879397192039e+04
5.577832061973046762e-02 8.775894188299929738e+03 2.580130696226819055e+03 2.561895345596465631e+03 1.404216963201201374e-01 8.667505481672456881e+03 1.693519228135442450e-26 8.514735989878362093e-27 5.094405710226161315e-27 2.064874881450114441e-01 1.457841733874295990e-26 4.697728650975586668e-04 3.258628593715832858e-04 1.968806843731436308e-04 2.484294488329500672e-01 4.157314897205633309e-04 1.324720095318366075e+05 5.909503557770248153e+04 2.810247172161651542e+04 1.658604220422419118e-01 1.178969897269933717e+05
9.693161179921591653e-02 2.594136141625173877e+03 6.649868336412941972e+02 6.303321524502800912e+02 1.304434063598235161e-01 2.503189625289944615e+03 5.991758698509615346e-27 2.875750651524423204e-27 1.873638867002274417e-27 1.813128808712725082e-01 5.398146483115888321e-27 3.186897561615191260e-04 1.778210996849456725e-04 1.171716967498655194e-04 2.404725411675630031e-01 2.800104560303118988e-04 1.561482176568549185e+05 4.108314113686833298e+04 2.783638980304432334e+04 1.149929200784992334e-01 1.492337893596497888e+05
1.684478353166902198e-01 8.607109244970105237e+02 2.698961160897297304e+02 1.408219397083640843e+02 1.262665185325594075e-01 7.942594270266693002e+02 1.974127139246500190e-27 9.430505288446698464e-28 6.845429576645540787e-28 2.269086103694885614e-01 1.710303393766568492e-27 2.043956066817725653e-04 1.151624568060369866e-04 7.130948319265040583e-05 2.343478054954408474e-01 1.808371697266337248e-04 1.507841057698827644e+05 5.251886237793246983e+04 2.819772451528441161e+04 1.504766253332809334e-01 1.320795608656457334e+05
2.927287878143824407e-01 3.055154762121052840e+02 8.531627909935508569e+01 8.830026893027712731e+01 1.274712549878090628e-01 2.971911070764565466e+02 7.267080514609211352e-28 5.247192427583080189e-28 2.232255820662256840e-28 3.278906179297787493e-01 4.824159117651815858e-28 1.551960100537925656e-04 8.869990774959245227e-05 4.965803893048385484e-05 2.939725106068959981e-01 1.157856343249115839e-04 1.478988812671783962e+05 9.999052374086585769e+04 3.020679483852766862e+04 2.443128693059251344e-01 1.037555390448921971e+05
5.087043300626336029e-01 1.332271694426812303e+02 5.424039588392098210e+01 4.345322888119495985e+01 1.834653527501150516e-01 1.208111390392346749e+02 3.800328042629320032e-28 5.750624835636844775e-28 1.096524264667059529e-28 4.950332502054394235e-01 1.637536777633491981e-28 2.328649263518329409e-04 3.236997577969551697e-04 3.481822003972852135e-05 5.806616258361636529e-01 6.093045620352511226e-05 1.523164510159893543e+05 1.630248160217385739e+05 4.202249720900943066e+04 3.460164977244581941e-01 8.883977839178308204e+04
8.840268063712417579e-01 6.833287286523449211e+01 4.541538267342914281e+01 2.242178976881780983e+01 2.204672084283348377e-01 5.805479850018864596e+01 3.167843179865571733e-28 3.738654288705444341e-28 4.723315173408895996e-29 6.760975801434988552e-01 6.405111108919182980e-29 3.414786331880289585e-04 6.295867412108870596e-04 5.188776903225358824e-05 1.039140473309756008e+00 6.063110562363822935e-05 1.901460448190727620e+05 2.815468879509563558e+05 4.116226996608296758e+04 4.779221041772868661e-01 7.570782158258554409e+04
1.536262516748606588e+00 5.710776483725923924e+01 5.304097860010440257e+01 1.729936528549085750e+01 2.722596588158505138e-01 4.282899630689072268e+01 4.812095647614711188e-28 7.211598802809926567e-28 3.449782245290308402e-29 8.282981566359386427e-01 4.807192107422206875e-29 6.507597189217322530e-04 1.383623907020067184e-03 1.823975180680653305e-04 9.236563549587422095e-01 2.058113978808572475e-04 2.914593553235166473e+05 4.848834583723702817e+05 3.919087720960737352e+04 5.710361009426326850e-01 7.653974986340774922e+04
