# R (Mpc), mean rho (Msol/kpc^3), errup (Msol/kpc^3), errlow, std, median rho (Msol/kpc^3), mean pth (Msol/kpc/s^2), errup(Msol/kpc/s^2), errlow, std, median pth (Msol/kpc/s^2), mean gas-mass-weighted metal (fraction), errup, errlow, std, median metal, mean gas-mass-weighted temp (K), errup, errlow, std, median temp  
#  nprofs 26, mean mh 205511104158.340027, median mh 191423310694.938232 
#  Mass range 11.00 - 11.5
6.706029110378903786e-04 1.263728476804861240e+07 2.077999363032821566e+05 3.012914979283206165e+06 9.886487794419879238e-02 1.398589776948126778e+07 1.887777031135499750e-24 1.941251130546905615e-25 3.170472804678467079e-25 6.357587163961715693e-02 1.946874227007209627e-24 3.849226249718468856e-03 9.476527225056327955e-04 1.139244108424791908e-03 1.757294436871984777e-01 3.941337492948834148e-03 1.484055791361458614e+04 1.113523232516585267e+03 3.097699012656212290e+03 9.692179499820829935e-02 1.579448857714325277e+04
1.165374294563389359e-03 4.518657450493695214e+06 2.794646146843527909e+06 2.348826236049467232e+06 2.797140513201535339e-01 4.104485287107011769e+06 5.503163954027749322e-25 4.152259874924174872e-25 2.206697448612464258e-25 3.124512845705536557e-01 4.112374395159563307e-25 2.736870151088310887e-03 1.152576079088669415e-03 1.130702140207139007e-03 2.399923636185964659e-01 2.706762197459433063e-03 1.279528513859409395e+04 3.679272160813909068e+03 3.021214396397946985e+03 9.947910497204361102e-02 1.249345036120536679e+04
2.025188414895478031e-03 3.130536704815631267e+06 1.255284029858109541e+06 1.714861328414128162e+06 3.246396948520969827e-01 3.244131406768723391e+06 3.700933713346665289e-25 3.334639679100136452e-25 1.782317214815655362e-25 3.759285883003113948e-01 2.890035074061606426e-25 2.461194411560281830e-03 1.288033445571914494e-03 1.402702151773319852e-03 2.698553730550258822e-01 2.350724180920375252e-03 1.210717918523962180e+04 2.387293321246434061e+03 1.444094655144144781e+03 1.051735803291789367e-01 1.116332582092388111e+04
3.519374105778993230e-03 1.147326065821609460e+06 4.522721944246306084e+05 3.718554740778661799e+05 2.036943288620820525e-01 1.111497007935142377e+06 7.187837931563924377e-25 1.192346782685907822e-25 3.540048115555148102e-26 4.988271671739656354e-01 9.232419853497198474e-26 2.302348284019877130e-03 1.684229256104205529e-03 8.286968102420109311e-04 2.933624386209281454e-01 1.885782299291767711e-03 4.470288092451417469e+04 2.428693472597926302e+03 8.500511429323687480e+02 3.810213423259535825e-01 1.023967725305069325e+04
6.115971237701829134e-03 4.828628063115967670e+05 1.912115713695763261e+05 2.040377669115387835e+05 2.021423847667389861e-01 4.902138360560403089e+05 9.301981428697990068e-26 1.080526318662745798e-25 2.945614244844928528e-26 3.526523337056399199e-01 5.698650887445982430e-26 1.904353628924023876e-03 1.193070956302261405e-03 1.001516291033530646e-03 3.433032254620886348e-01 1.707926335612095208e-03 1.570102427397889369e+04 1.407685281551154912e+04 2.260010077294098664e+03 1.881647080672776140e-01 1.219037256914710088e+04
1.062833988548557602e-02 1.537611981037187215e+05 6.965023135251601343e+04 3.346410261661733966e+04 1.944397886553679011e-01 1.253364469866723521e+05 1.974101334491641835e-25 3.779304240261289311e-25 6.561494046046744030e-26 6.294687052285773410e-01 8.144812488017938082e-26 1.356112358400816649e-03 1.055346130501458790e-03 7.363675676029034049e-04 3.615654168092643506e-01 1.201848243579413085e-03 8.909303363498690305e+04 9.574226702121895505e+04 3.075981700614563306e+04 5.164609641030901699e-01 4.196757834593591542e+04
1.846993786122688719e-02 5.537553856268642994e+04 1.570935220496738475e+04 3.048917342523206753e+04 2.029802099709974716e-01 5.748139052832070593e+04 1.215342457634805377e-25 1.449719419843967539e-25 6.204500646162133706e-26 5.541700990896603063e-01 7.375708162796555538e-26 8.019212528906558262e-04 5.901265458482282244e-04 5.073365173130565909e-04 3.166466237112232629e-01 7.531048606172995302e-04 1.427362811727409717e+05 1.776434397730004566e+05 6.010147592960989277e+04 4.573581176465552067e-01 9.013993248292346834e+04
3.209707332218952880e-02 2.341845342859301672e+04 1.495742998898536825e+04 5.221641768880937889e+03 1.930884525045553912e-01 2.000372633217628390e+04 5.335272130045807250e-26 6.020589129703638098e-26 2.541647462766058865e-26 4.345298953131572772e-01 3.615965710163510210e-26 4.499964272331156718e-04 2.974900017128827377e-04 1.299507280059465566e-04 2.651757438641802467e-01 3.659831267028925989e-04 1.460216119580776722e+05 1.434855829339906632e+05 3.758179207555216999e+04 3.264565550646920111e-01 8.587390334372117650e+04
5.577832061973046762e-02 9.805282485497997186e+03 3.548808544968631395e+03 2.556478653782929541e+03 1.420398024982470475e-01 9.224702827403745687e+03 2.264998246826810362e-26 2.698932854232086302e-26 8.176942915389877585e-27 3.145231920325424202e-01 1.645661668957117844e-26 2.917386657747059729e-04 1.953309195241250979e-04 9.037275646512916549e-05 2.768850633399814187e-01 2.397716113345781260e-04 1.550893951386461849e+05 1.190899282898264501e+05 4.979769359058843111e+04 2.537204792785014984e-01 1.280486695520602661e+05
9.693161179921591653e-02 3.657883873731088897e+03 1.243060694613008309e+03 5.943308749671009537e+02 1.412747513289406565e-01 3.334427586692413570e+03 9.550095497343592685e-27 8.298046305621923218e-27 2.341150179103186556e-27 2.446938174172921254e-01 7.454923983727314582e-27 1.952811747555663845e-04 1.295570045719967320e-04 5.888625898081076011e-05 2.691573681130935980e-01 1.623536022177056708e-04 1.819310103052281775e+05 1.099039975649176340e+05 5.153228069843372214e+04 2.065334582883791570e-01 1.554686674563792476e+05
1.684478353166902198e-01 1.276671902721153629e+03 7.427556749490590846e+02 2.195369632861220452e+02 1.527933368938023395e-01 1.149116703786821745e+03 3.611398219342192429e-27 1.866481728868433556e-27 1.334625414760872282e-27 2.282132136870788919e-01 3.280930359293111835e-27 1.372443267386795314e-04 8.002210521812155603e-05 3.922246667885748931e-05 2.349229266361271551e-01 1.118387745082856128e-04 1.876939340526247106e+05 6.985523975310541573e+04 5.039059474203118589e+04 1.363236689258766343e-01 1.770528065961974207e+05
2.927287878143824407e-01 5.054754565666997905e+02 2.148358943473780300e+02 1.433489765686626924e+02 1.456443352860982143e-01 4.840158161704742952e+02 1.403925997556409387e-27 9.453438441469842168e-28 5.285280182191652878e-28 2.674851770730776179e-01 1.151619766770844206e-27 9.482953516824050265e-05 4.932497330952510285e-05 1.878777925369683617e-05 2.239087685032850883e-01 7.669419576097644760e-05 1.756499548110964824e+05 8.209306108852816396e+04 5.153097782326795277e+04 1.480360909842360628e-01 1.670290555774375389e+05
5.087043300626336029e-01 2.393291963051050004e+02 1.405988040674827744e+02 4.814934747136510396e+01 1.501121142979792988e-01 2.156964055128526638e+02 5.031412132256529282e-28 5.187211251710030218e-28 1.105572531035618608e-28 2.889336323742670021e-01 3.331027211465939905e-28 6.951843405994246987e-05 3.359981562752645701e-05 2.436176597793141858e-05 2.732017943833433549e-01 6.591292793827618771e-05 1.289421325272415561e+05 6.408189779715276381e+04 1.433130771743330115e+04 1.537564716866830217e-01 1.091969994009450747e+05
8.840268063712417579e-01 1.145609645227114726e+02 5.493611564206281628e+01 2.829974400980063365e+01 1.493762532013945543e-01 1.030958907172921499e+02 2.012344258422963914e-28 2.125704856872239028e-28 8.038410979291582376e-29 3.020119625420096821e-01 1.573618367542155874e-28 5.610894450420220414e-05 2.960838837922979624e-05 2.328775633814540914e-05 2.226690430885413796e-01 5.501532725487589550e-05 1.074889439790852630e+05 5.136126049948114087e+04 3.149796326011988276e+04 1.664341363058055578e-01 9.969158916001458419e+04
1.536262516748606588e+00 4.685157104137180539e+01 3.141937666979511334e+01 1.319860554955151244e+01 1.743657068514688491e-01 4.194635104641926659e+01 7.121853200573710482e-29 1.202338867560624786e-28 2.319784950878125289e-29 4.194772746718103407e-01 3.911331939836963750e-29 4.080812167718912340e-05 4.558463862335816426e-05 1.283681561122766684e-05 3.612915419965017083e-01 2.776029161008769909e-05 8.501551283795628115e+04 6.826323587063356536e+04 2.883710328424635372e+04 2.598271833131316488e-01 6.898875769812971703e+04
