# R (Mpc), mean rho (Msol/kpc^3), errup (Msol/kpc^3), errlow, std, median rho (Msol/kpc^3), mean pth (Msol/kpc/s^2), errup(Msol/kpc/s^2), errlow, std, median pth (Msol/kpc/s^2), mean gas-mass-weighted metal (fraction), errup, errlow, std, median metal, mean gas-mass-weighted temp (K), errup, errlow, std, median temp  
#  nprofs 35, mean mh 4846341795149.587891, median mh 3542005584130.182617 
#  Mass range 12.30 - 13.1
6.706029110378903786e-04 3.771811776314120740e+07 5.574501871696931124e+07 1.548869605127348006e+07 4.294151924970271428e-01 2.313556212220695615e+07 2.896328924151143145e-22 6.994985328393078822e-22 5.115735570516358594e-23 8.356576415736732821e-01 6.263205000901506633e-23 1.892844658462087062e-02 3.409306687165651606e-03 9.736773015527406400e-03 1.950733386475059228e-01 2.133189102429156048e-02 2.244654287085408345e+06 6.445408369872279465e+06 1.761588902242702898e+04 1.000803197500494957e+00 5.572577860444653197e+04
1.165374294563389359e-03 2.211676354672169313e+07 2.520774114144551381e+07 1.243800400413363054e+07 4.641071873283458271e-01 1.760497325996490940e+07 5.935423598936504723e-23 1.347796094954147155e-22 1.595639748569479447e-23 7.266743635070657126e-01 2.043074581728286602e-23 1.530502588396678680e-02 7.874810226110107517e-03 7.375735101968186949e-03 2.796645729190959107e-01 1.494923216810363324e-02 3.057514380881998804e+05 7.222164315853714943e+05 1.521509116815419111e+04 6.831222633700232416e-01 3.949518022570106405e+04
2.025188414895478031e-03 1.224124694402565621e+07 1.035039517172970809e+07 1.066787486481540836e+07 7.021312191707058670e-01 1.134019883609098755e+07 1.663534298868500811e-23 1.541807899166604191e-23 6.828069876800575435e-24 4.330522229625465291e-01 9.974022096223347689e-24 1.365620402478988187e-02 6.366957118857940329e-03 1.025880978256487816e-02 3.685577804585140616e-01 1.451014861765862266e-02 1.287248963886870537e+06 9.092463741699629463e+05 1.020869490826959372e+04 8.705412519310187225e-01 3.645930622124062211e+04
3.519374105778993230e-03 3.551338014589711092e+06 2.790020474960481748e+06 2.791758793279793579e+06 6.154885573478542371e-01 3.216851447616204619e+06 5.046457876305097272e-24 9.806637653690303739e-24 1.414987833314493672e-24 6.151554077883936156e-01 2.436370613580247472e-24 1.149293311677822282e-02 4.849694003817680427e-03 7.326131686025052353e-03 3.512239672118923073e-01 1.136373579985858889e-02 9.186045380333177745e+05 1.648788395412370795e+06 1.090411591969943402e+04 9.073286543656349235e-01 3.007342533188661037e+04
6.115971237701829134e-03 9.898311234392094193e+05 8.203404750280954177e+05 7.377851171375646954e+05 5.080260597637120679e-01 9.140681732285924954e+05 3.581237108415847209e-24 5.811865341045146644e-24 1.153588588783211690e-24 4.884828694216186706e-01 1.703328778015642933e-24 7.980425497916217997e-03 5.645473970374314567e-03 2.479835391487271098e-03 3.046010536389052170e-01 5.996063053485709178e-03 1.738490815337374574e+06 2.609599258476018440e+06 1.268397861782285909e+05 9.097503633296897263e-01 1.580360900539507566e+05
1.062833988548557602e-02 3.583837494469005032e+05 2.582317720817495137e+05 2.399537019625831454e+05 3.936836757268936116e-01 3.301325087598639075e+05 4.287246971984734322e-24 3.251860133056085400e-24 1.192896858779043078e-24 4.151407450258757792e-01 2.435828644438318722e-24 5.070425478834304604e-03 2.721979026423198070e-03 1.412908811942430436e-03 2.414920629550923736e-01 4.335554470926937347e-03 2.341460563843305688e+06 5.280773846594029106e+06 3.024401775249166531e+05 7.044834873231220485e-01 4.664111079904710059e+05
1.846993786122688719e-02 1.154995381011705322e+05 1.175468017006864538e+05 3.621370018432170764e+04 2.803957121038743727e-01 8.466586180942109786e+04 3.071563780588965038e-24 2.472005489005326721e-24 8.414548579936602739e-25 2.644777465608922351e-01 2.340047989909057026e-24 3.412993386770096435e-03 1.361043405715175146e-03 1.140925714124796722e-03 1.930114404350042057e-01 3.358197118898056596e-03 2.793732038764124736e+06 4.400324928117673844e+06 1.031632627316243597e+06 4.311417275076023237e-01 1.662857760818372946e+06
3.209707332218952880e-02 4.478028398996763281e+04 2.107772833304718370e+04 1.290678409420985554e+04 2.080581121758713348e-01 4.020468763229605975e+04 2.120601136422354598e-24 1.094197051460775589e-24 5.605412175674581015e-25 2.340027288153035123e-01 1.651589487524060651e-24 2.379842444287495317e-03 1.273030180011510987e-03 5.207893764332214171e-04 1.762859980444514418e-01 2.023729252995174876e-03 3.613450869387721643e+06 1.760247947598593775e+06 1.254489757720479276e+06 2.532818206376211134e-01 2.851676703367710579e+06
5.577832061973046762e-02 2.451009309155708979e+04 7.977690377494815039e+03 7.697542288086517146e+03 1.934731580120523375e-01 2.378560824595351733e+04 1.119684505195301458e-24 7.103838025906231352e-25 3.073746284915391250e-25 2.425118423602290740e-01 8.752521182975291071e-25 1.707035568239011810e-03 8.226429158432833205e-04 4.490702968805984283e-04 1.709676859508897917e-01 1.554374837616724105e-03 3.294393406270931009e+06 2.129913933759049512e+06 7.746086050350142177e+05 2.115378246644681881e-01 2.617448590224364772e+06
9.693161179921591653e-02 1.345663886617686148e+04 4.313182696060690432e+03 3.108512209253100082e+03 1.772380736280533553e-01 1.269302649304744955e+04 5.268732053056717347e-25 4.579050920431718959e-25 1.228304242939451027e-25 2.834131927548231289e-01 3.540637763539281333e-25 1.394069669443872249e-03 4.329990479893970623e-04 4.311301610103933325e-04 1.543999981326601711e-01 1.373753191672671351e-03 2.517878829852715600e+06 1.771303264636884909e+06 5.998047324293740094e+05 1.864545599736204262e-01 2.040308723355758470e+06
1.684478353166902198e-01 5.864097857883745746e+03 4.044723389848648367e+03 1.005930133409832706e+03 1.601029252578477780e-01 4.951250791805452536e+03 1.768920514536203764e-25 2.080210752373573903e-25 5.708594544932542394e-26 3.292439905245055920e-01 1.217370104120314735e-25 1.094775119840980977e-03 3.046751254016132667e-04 4.573960195850818164e-04 1.655404674904231432e-01 1.162010416620919617e-03 1.848586778103636578e+06 1.404380194103642600e+06 6.395682451043513138e+05 2.099228839211730036e-01 1.587212926706873579e+06
2.927287878143824407e-01 1.829663723583372985e+03 1.573880154215246648e+03 6.154588155223596004e+02 2.228355215679504453e-01 1.513876427144459058e+03 4.159334543408221010e-26 7.219953372226384202e-26 1.611242767848444869e-26 4.345585543096431302e-01 2.529561274625900788e-26 8.026853700906244095e-04 3.079515803201977051e-04 3.087225094356449168e-04 1.849060318969392991e-01 8.055758265438605877e-04 1.249409674712252337e+06 9.159087767494148575e+05 4.843594664262245642e+05 2.239678060006340399e-01 1.122356987668240443e+06
5.087043300626336029e-01 3.837046690232761534e+02 4.314653825115016161e+02 1.050273700942657058e+02 2.636286103084449217e-01 2.838686466196808169e+02 6.103993341590900135e-27 1.167052860709062317e-26 2.045402971384445924e-27 5.071157537490630363e-01 3.027110941421049856e-27 4.861588302243104588e-04 3.630146992144142235e-04 1.692035570456368711e-04 2.824181001166896077e-01 3.745118874935224177e-04 8.050364094729961362e+05 6.324336411676153075e+05 3.039995319629948935e+05 2.520476726816347490e-01 6.839631186972905416e+05
8.840268063712417579e-01 1.007525321573036194e+02 6.432405740152390194e+01 3.584731084340296547e+01 2.393383772735107051e-01 8.055811336572830328e+01 1.025943615182151931e-27 1.323115867374770769e-27 3.480214845640877828e-28 5.315706515151100708e-01 4.807014869097029834e-28 2.510818809240510487e-04 4.270454286346982934e-04 9.733177090146322348e-05 4.384202278588262836e-01 1.526640548367103414e-04 5.117262870264910161e+05 5.868755828297374537e+05 1.650967246560596977e+05 3.158683550252066596e-01 3.516160288094043499e+05
