# R (Mpc), mean rho (Msol/kpc^3), errup (Msol/kpc^3), errlow, std, median rho (Msol/kpc^3), mean pth (Msol/kpc/s^2), errup(Msol/kpc/s^2), errlow, std, median pth (Msol/kpc/s^2), mean gas-mass-weighted metal (fraction), errup, errlow, std, median metal, mean gas-mass-weighted temp (K), errup, errlow, std, median temp  
#  nprofs 151, mean mh 527893982759.352661, median mh 487685938951.528931 
#  Mass range 11.50 - 12.0
6.706029110378903786e-04 2.648788988514257967e+07 2.534049059538482502e+07 7.812107197601437569e+06 3.242603495973734318e-01 1.740248250630847737e+07 1.053989506794741674e-23 1.578702940584109021e-23 3.550880547466932285e-24 5.501943346873668927e-01 4.864245582824730174e-24 8.749821485052759751e-03 5.069120822594749137e-03 2.600071480613318047e-03 2.373376887815131508e-01 8.088924458255923600e-03 2.331396266847708830e+04 1.300241256135287040e+04 8.136953378363192314e+03 1.873834982450720832e-01 2.170516986982331218e+04
1.165374294563389359e-03 1.102879320697844960e+07 9.447495594689302146e+06 5.464883868512409739e+06 3.450341142498570823e-01 9.177904265682648867e+06 3.168668413112455056e-24 3.817686535729622198e-24 1.561222734643083690e-24 5.482110425072034277e-01 2.091460953832758741e-24 8.033323648157194782e-03 4.220345586932475190e-03 3.482814455384829547e-03 2.548409971474212554e-01 7.651155931218560358e-03 1.910598713484912150e+04 6.157148691192058322e+03 5.875553252411253197e+03 1.639032704091148152e-01 1.880973247954244289e+04
2.025188414895478031e-03 4.415947351466816850e+06 2.295771716346244793e+06 1.720263951213398948e+06 2.450663029261397896e-01 4.177551268678385299e+06 1.021656300730204945e-24 6.155240874484468920e-25 3.894618844606684175e-25 3.979049814164507537e-01 6.578322479548259168e-25 7.619765907079605570e-03 4.436563229679339922e-03 3.025902161766038517e-03 2.702071940418084850e-01 7.147119547925053808e-03 1.862021135977688755e+04 3.596245779501772631e+03 1.978012950610182088e+03 1.575466457731181380e-01 1.409951734683855466e+04
3.519374105778993230e-03 1.493575090282919817e+06 5.150281463188049383e+05 4.352294952907075640e+05 1.705160784156568021e-01 1.434104436717742356e+06 1.951543177595494453e-25 1.156147133159921153e-25 5.716857169197562135e-26 2.601162543061367738e-01 1.513487270639225081e-25 6.958089968617331943e-03 3.725038193432328275e-03 2.841947410496826251e-03 2.533814728170421526e-01 6.673486946660829762e-03 1.195169371554434838e+04 1.344729475451329563e+03 1.050646643628453603e+03 8.185923552779211798e-02 1.135592541207767317e+04
6.115971237701829134e-03 4.063448238781358232e+05 1.362241281290707993e+05 1.036211426340253092e+05 1.334490317671245818e-01 3.879602390697764349e+05 1.120999899984810141e-25 6.738999717620459169e-26 1.787081487272217261e-26 3.419575180822923555e-01 5.287648118478727598e-26 5.332690782820060683e-03 2.754956934275083758e-03 2.108792200404893159e-03 2.407936934624932690e-01 4.916862631815739626e-03 2.094483787590201246e+04 8.249533547045628438e+03 1.595197893979979199e+03 2.513423135834064182e-01 1.226128207704736451e+04
1.062833988548557602e-02 1.199945308852806775e+05 5.588772991321505106e+04 3.998050677564027137e+04 1.798264318498145886e-01 1.103060258464871295e+05 1.732428746023691886e-25 2.662902964941401739e-25 5.104846276520135183e-26 4.628114214471041876e-01 8.263581924300348315e-26 3.434626042597722310e-03 1.566435409254882290e-03 1.556264690015419063e-03 2.350946407937116456e-01 3.273700407476735560e-03 1.065850642299947212e+05 1.513266380938507791e+05 2.646486726741603707e+04 4.288327799822068132e-01 5.081493687263843458e+04
1.846993786122688719e-02 3.901449582139609265e+04 2.877044575435084698e+04 1.364451166391579318e+04 2.559533238367882602e-01 3.142549155950776913e+04 1.300453132649446727e-25 1.002508407019477441e-25 6.558540279183195480e-26 3.421664889078827043e-01 1.059946663688018460e-25 1.985057836994892373e-03 1.194592974185189078e-03 7.540783802716029835e-04 2.580046389426160491e-01 1.717055536452787891e-03 2.777129658569075982e+05 2.249251266197952209e+05 1.139259350833969074e+05 3.400465394020287802e-01 2.060722198517393554e+05
3.209707332218952880e-02 1.116978320988805535e+04 6.746410347489585547e+03 4.060265007443094873e+03 2.487296122203723758e-01 9.458125328576037646e+03 6.700345038907015858e-26 4.744382669441602109e-26 3.053151713128645480e-26 2.820128422359255427e-01 5.591970054941440261e-26 1.010247428194019879e-03 6.192657640229252492e-04 4.151179719116056700e-04 2.656805616804778780e-01 8.949243634972346576e-04 4.843362927067856072e+05 3.327381905365896528e+05 2.193019941704812518e+05 2.826410047423146832e-01 4.243387564350505709e+05
5.577832061973046762e-02 4.216849657126115744e+03 2.210293228712506789e+03 1.513604973000943119e+03 1.935927019240129832e-01 3.902468468138133176e+03 3.530571763618658180e-26 2.485912923227141976e-26 1.380731421185189614e-26 2.673169466109200920e-01 2.930016747407503118e-26 5.112824665908254941e-04 3.485055044186572185e-04 1.967067643565936948e-04 2.562447068518838300e-01 4.477085967758541603e-04 5.659700038809101097e+05 2.681664489805183257e+05 1.769966909354211530e+05 1.802355577323254410e-01 5.036647377329504234e+05
9.693161179921591653e-02 1.923392833894110254e+03 1.020264520114063771e+03 6.506414399883140049e+02 1.849904010951833877e-01 1.776815201040313468e+03 1.570919020885453534e-26 1.247766260044796945e-26 6.084117244751456157e-27 3.074492598242783981e-01 1.221639707854116351e-26 3.240511087201153806e-04 1.403557241717922959e-04 1.332060573757534250e-04 2.311957921032838092e-01 3.004631071076703888e-04 5.141363503992991755e+05 1.703933012831685483e+05 1.772572141405576258e+05 1.770933780089054832e-01 4.817548779171016649e+05
1.684478353166902198e-01 8.246515838419802549e+02 3.807885753723572861e+02 3.071430729708041554e+02 1.999400213834068019e-01 7.575823908785031335e+02 6.165156667140217114e-27 5.101076281197419154e-27 2.283453574197003867e-27 3.835950772590055458e-01 3.947366833734057348e-27 2.371539171971589728e-04 8.392381865633466030e-05 1.012651105917034792e-04 2.182532843527309196e-01 2.314556349999667923e-04 4.280867700314773247e+05 1.811907984770863550e+05 1.274697123609961418e+05 2.149918096230181153e-01 3.559356277279448695e+05
2.927287878143824407e-01 3.292386741569101218e+02 1.730499556431028623e+02 9.341580072427737491e+01 2.210737186267772991e-01 2.767336506558476685e+02 2.617903926529024844e-27 2.559425161222539599e-27 6.373211857110425620e-28 4.974546913565618955e-01 1.039594587953574225e-27 1.941743077231094464e-04 1.101270436785426192e-04 8.632096456872927854e-05 2.301520855350800421e-01 1.795401261413327905e-04 3.755854238114902982e+05 2.255682569239378790e+05 8.152801362141739810e+04 2.983255783111511961e-01 2.371913672088576714e+05
5.087043300626336029e-01 1.543046066487927135e+02 1.036297085848284496e+02 4.821586077126647751e+01 2.596712121543622298e-01 1.198010152009495357e+02 1.768097863261689124e-27 1.294832894319087664e-27 1.956393807475451304e-28 6.399484539035936725e-01 3.086077806354758105e-28 1.705705425724383007e-04 1.166968843963454188e-04 5.807823616017334842e-05 3.082510470750799980e-01 1.269091038759546594e-04 3.972541212136276881e+05 2.863905111245692242e+05 8.441065157686981547e+04 3.944347092092749807e-01 1.866194719663791184e+05
8.840268063712417579e-01 9.244412586668843801e+01 6.297558285202271833e+01 2.615125401548693418e+01 3.432867596928302345e-01 5.691598996593670989e+01 2.646498380194647104e-27 8.975474201057749141e-28 9.055602611324748149e-29 8.847556291877909374e-01 1.191349882662728327e-28 1.767475752086570119e-04 2.284862126548679927e-04 6.787047314883625838e-05 4.866218370939016102e-01 1.037325797538383228e-04 5.785243258644676534e+05 4.842629921424409840e+05 1.086632866028196004e+05 5.529175904431649080e-01 1.708172226523493591e+05
1.536262516748606588e+00 6.573442527200799645e+01 4.433518761153850107e+01 1.710468588643311350e+01 3.645919474414390793e-01 3.700548852180264703e+01 4.030453661314104577e-27 1.148214674012685104e-27 7.955683218127623234e-29 1.024548117359947552e+00 9.285239859905982719e-29 2.149492482320530817e-04 2.669732447606283166e-04 1.022896200275568671e-04 6.795511463605906632e-01 1.251281992314372954e-04 9.669436467495730612e+05 7.218860297743004048e+05 1.211282230038411071e+05 6.687238276361759937e-01 1.670436161902923195e+05
