# R (Mpc), mean rho (Msol/kpc^3), errup (Msol/kpc^3), errlow, std, median rho (Msol/kpc^3), mean pth (Msol/kpc/s^2), errup(Msol/kpc/s^2), errlow, std, median pth (Msol/kpc/s^2), mean gas-mass-weighted metal (fraction), errup, errlow, std, median metal, mean gas-mass-weighted temp (K), errup, errlow, std, median temp  
#  nprofs 111, mean mh 220600861446.639801, median mh 209542795862.531250 
#  Mass range 11.00 - 11.5
6.706029110378903786e-04 1.283810074573215470e+07 5.035613331626240164e+06 4.068783717844024301e+06 2.026077519057152554e-01 1.126171479494179785e+07 2.223577509958491559e-24 1.895870180549277211e-24 3.950169525285660327e-25 3.548056359153740069e-01 1.111762706550302915e-24 2.628048603570654410e-03 1.545048849253035338e-03 1.434095813009441918e-03 3.020129288712981031e-01 2.473073781284904939e-03 1.389796204794042023e+04 5.758148801829327567e+03 1.593784139743096603e+03 1.256823795759323958e-01 1.157532083696183327e+04
1.165374294563389359e-03 5.552256887340888381e+06 4.875567029344005510e+06 2.276899111756743863e+06 2.950957474174097372e-01 4.258925937846247107e+06 9.521339809437455013e-25 1.120743413172619142e-24 3.659336720381740817e-25 4.347501774297042321e-01 5.662382625337627275e-25 2.815983452150366394e-03 2.249244098981788547e-03 1.489349643808661385e-03 2.898291934504083622e-01 2.547457165597692610e-03 1.415119438403037748e+04 4.217109842901145385e+03 3.412428284732422981e+03 1.085933825407504327e-01 1.369896923284392506e+04
2.025188414895478031e-03 3.392742050486782566e+06 1.611858734937142115e+06 1.177141817796720657e+06 1.944434516357116116e-01 3.205612349083429668e+06 4.456783391078611797e-25 2.630078964319427226e-25 1.491354794223427030e-25 2.811910910108300632e-01 3.678922751530433046e-25 2.645006339808042475e-03 1.850587176452038202e-03 1.221349412729062995e-03 2.670637326625128760e-01 2.313129424646310443e-03 1.294598952371480846e+04 2.001765937341784593e+03 1.952830436593401828e+03 6.371803722850194474e-02 1.279491683139712222e+04
3.519374105778993230e-03 1.583567448295305017e+06 4.613493670081603341e+05 4.319208407120313495e+05 1.288658514688476864e-01 1.529362198197750840e+06 1.842974003755517465e-25 7.933456095294873644e-26 3.966730030801580375e-26 2.302522596779639774e-01 1.403955243631381681e-25 2.265828291873419210e-03 1.317402259555676500e-03 1.091888056807589075e-03 2.497005331096236458e-01 2.105623044729426369e-03 1.261139842754138954e+04 1.192230811190664099e+03 7.969212483239298308e+02 1.394842274616216460e-01 1.087391497296689340e+04
6.115971237701829134e-03 6.950367450608520303e+05 2.912960385928486940e+05 2.021981513912250521e+05 1.647257110755926401e-01 6.529089083587471396e+05 1.509555926369011187e-25 2.520543147141459273e-25 2.378024972830861511e-26 3.800696091354198169e-01 6.906855424564496110e-26 1.473537526921229329e-03 7.679124433994277861e-04 6.550523337055290732e-04 2.247747797940153336e-01 1.383519141920423485e-03 2.050956556362163974e+04 3.134743908198554709e+04 1.521198997097755637e+03 3.091515725146249949e-01 1.042402015937661054e+04
1.062833988548557602e-02 3.040980632332094829e+05 1.328906514685828006e+05 1.306745658342414827e+05 2.181631439191623056e-01 2.919980118296587607e+05 1.473875411261564810e-25 1.307574209203091531e-25 7.165347091800152257e-26 3.517212040478417401e-01 1.204207786394201644e-25 8.982016114822416334e-04 4.570980946052955688e-04 3.822780434207415047e-04 2.222870198883397930e-01 8.135787096403446651e-04 4.300369474152021576e+04 4.696791374012102460e+04 1.658587042814645247e+04 3.288664557460053151e-01 3.040794044239995856e+04
1.846993786122688719e-02 9.964576135783294740e+04 5.808153697033003846e+04 3.563448973957545240e+04 2.340180460949504160e-01 8.903959899054175185e+04 9.427886017719784285e-26 7.310370460401153715e-26 3.646565608614312311e-26 2.817187774194937488e-01 7.579124305119267255e-26 6.271766137228026268e-04 3.587571779194443896e-04 2.743410723754823380e-04 2.337198639180254056e-01 5.663693023815648264e-04 7.816345884272354306e+04 6.928229793338855961e+04 3.103675779251821950e+04 2.911245488836436413e-01 6.226993930514483509e+04
3.209707332218952880e-02 2.456001235101974817e+04 1.612913661568505267e+04 8.167127655673015397e+03 2.180654330376171068e-01 2.142550574263105591e+04 3.859578512988007636e-26 2.474344649612050918e-26 1.476767934751344714e-26 2.335502960320240129e-01 3.403914003901963405e-26 4.631035734154357675e-04 2.884498072084168375e-04 1.833097362245878479e-04 2.610652531878274729e-01 4.013774203044140646e-04 1.195796878809272748e+05 8.544515919952047989e+04 4.316618303596563783e+04 2.144108857326725293e-01 1.055895566853954224e+05
5.577832061973046762e-02 6.170476008659114996e+03 3.041290255820121274e+03 1.906742883728211382e+03 1.677462830216397416e-01 5.615994192326935263e+03 1.661492695252660764e-26 1.157264799826448011e-26 4.963184730487666250e-27 2.144251297291583647e-01 1.375585207575201221e-26 3.344450613954454230e-04 2.327537662677909040e-04 1.324482204632193116e-04 2.917572186293781455e-01 2.772889557831932509e-04 1.896801464134577836e+05 5.479175938462739578e+04 5.292482240821837331e+04 1.722148202823629848e-01 1.723793610440936172e+05
9.693161179921591653e-02 2.050565776006004398e+03 7.500974996161594390e+02 5.980208320478459427e+02 1.368202716517449846e-01 1.953142277993425068e+03 7.002568124249428739e-27 3.495773030999159974e-27 2.372643075737350106e-27 2.647432521791477922e-01 5.363936638025068165e-27 2.452062229302826154e-04 1.522238113351805945e-04 1.130006957990208126e-04 2.905286160155641784e-01 2.146311289385576242e-04 2.350228927681111090e+05 5.794638310363236815e+04 3.774292610813444480e+04 2.208873162487180464e-01 1.710355486606376944e+05
1.684478353166902198e-01 6.736094712763888310e+02 2.120117030508221205e+02 2.226897384690873309e+02 1.365338651556730065e-01 6.648986223666075830e+02 2.919067250109940984e-27 1.529122827992402590e-27 6.402699116945186115e-28 3.953819855086539992e-01 1.313163058155862855e-27 2.029250106463708150e-04 1.084860915831006997e-04 7.816493714478029461e-05 3.252178380452315221e-01 1.512950519950768036e-04 2.598073932191270287e+05 7.846674032836040715e+04 3.288484194093715632e+04 3.171889424865991236e-01 1.355560878637302376e+05
2.927287878143824407e-01 2.730390634548227808e+02 1.158223676002392892e+02 6.162213141520717841e+01 1.910362641843078302e-01 2.278127939425297939e+02 1.762147162015905112e-27 1.454081405150021335e-27 1.462982385906505154e-28 5.702654685770558451e-01 3.150908133098438858e-28 2.059476817567050977e-04 1.405416146563043646e-04 5.073610756500308459e-05 4.444107877601217171e-01 9.701798407621172306e-05 2.652558598464358365e+05 2.272402912825662643e+05 3.201586649518056947e+04 4.098239445729177644e-01 9.947471816450693586e+04
5.087043300626336029e-01 1.517789379276835007e+02 7.941559039687868449e+01 2.895999361835615105e+01 2.969636548498828521e-01 9.157622285478797153e+01 1.515270206402115880e-27 1.014335540062096453e-27 6.579097638228555646e-29 7.583064476019452105e-01 1.090658310380368952e-28 2.915180794432483086e-04 4.970668326710405175e-04 3.673769050997902693e-05 6.740497902794764240e-01 5.434682768318111856e-05 2.714571680226246244e+05 3.637406174835705315e+05 3.245849438596774417e+04 4.890366662893117500e-01 7.870492287982274138e+04
8.840268063712417579e-01 1.023840460932165257e+02 1.023028669148724390e+02 2.010565691325948023e+01 3.655712723172649947e-01 5.063502578880435578e+01 1.931917422481790911e-27 9.188171537081044567e-28 4.689614270880287027e-29 9.263387598204205764e-01 6.341196762708602571e-29 5.328439807643786403e-04 1.092793680577114086e-03 5.735283046630926886e-05 9.702582142480284944e-01 7.154638277738155068e-05 3.681790593202048331e+05 5.498242333308716770e+05 4.587236088596635818e+04 5.779657604219122780e-01 8.170206045228318544e+04
1.536262516748606588e+00 5.929956498501316275e+01 6.419812121677827577e+01 9.959573492914035597e+00 3.305848036821997238e-01 3.222804548310014638e+01 1.119877168158131218e-27 8.686981937814874914e-28 2.397024842399795751e-29 9.366909878782306853e-01 3.730237003955150854e-29 6.307685740891131373e-04 1.514405055404116325e-03 1.047722787474328972e-04 7.965975687574284869e-01 1.354317076070878176e-04 4.523267626207669382e+05 7.195645748563061934e+05 4.186645954965461715e+04 6.229006343256509037e-01 8.356745211585033394e+04
