# theta(arcmin),best SZ fit(muK*sqarcmin,max logprob),median fit, 84th percentile,16th percentile 
#  best fit params: 3.53,1.87,2.00,1.51
1.000000000000000000e+00 -1.205620455003049846e-01 -6.387013498050840565e-02 -3.033705212168856177e-02 -1.121316639314894059e-01
1.625000000000000000e+00 3.997339390943570325e-02 2.563543777147393454e-01 3.558729948660130371e-01 8.306931057979588529e-02
2.250000000000000000e+00 4.398041677738966093e-02 4.291656712170530130e-01 5.564910710291519624e-01 1.598891560120158928e-01
2.875000000000000000e+00 -3.004309452807471525e-02 4.039151357416234100e-01 5.364769844545478339e-01 1.300468964468954880e-01
3.500000000000000000e+00 -1.176245267953465595e-01 2.474899727782192138e-01 3.455420749953369564e-01 4.185947970290341408e-02
4.125000000000000000e+00 -3.463049102103624155e-01 -9.727264827642326250e-02 6.045130527384978691e-02 -2.050767876935020717e-01
4.750000000000000000e+00 -7.970767904504924006e-01 -6.074122664351735423e-01 -4.521172217506336244e-01 -7.427847729134838817e-01
5.375000000000000000e+00 -1.346574287944379167e+00 -1.191338676502810667e+00 -1.029713121916407959e+00 -1.337398632180060609e+00
6.000000000000000000e+00 -1.355524621005476105e+00 -1.215538191296044346e+00 -1.056426766540594642e+00 -1.381146972236614534e+00
