# R (Mpc), mean rho (Msol/kpc^3), errup (Msol/kpc^3), errlow, std, median rho (Msol/kpc^3), mean pth (Msol/kpc/s^2), errup(Msol/kpc/s^2), errlow, std, median pth (Msol/kpc/s^2), mean gas-mass-weighted metal (fraction), errup, errlow, std, median metal, mean gas-mass-weighted temp (K), errup, errlow, std, median temp  
#  nprofs 88, mean mh 553958671873.052856, median mh 499762573605.979187 
#  Mass range 11.50 - 12.0
6.704502643857072897e-04 6.202579402054356784e+07 4.398423258462041616e+07 3.280634215044983104e+07 4.519433209245653504e-01 4.313852651806573570e+07 5.626629574391568693e-23 1.734197796167738960e-23 1.319466367068795364e-23 7.218890346269667413e-01 1.471759806442012294e-23 7.894488345704386845e-03 3.778865737294866828e-03 3.306405876641176425e-03 3.477024362195539897e-01 7.231779375447546995e-03 3.772390181926422520e+04 1.584772508005725467e+04 9.296829026428151337e+03 3.432860151813015293e-01 2.175636431681936301e+04
1.165109025084719785e-03 2.398180118282409385e+07 2.180654307497212663e+07 1.212716323666432872e+07 4.480856915927843853e-01 1.715129791398509964e+07 1.597234699798676402e-23 9.936218922770666913e-24 3.623687775216367069e-24 7.212490366712801526e-01 4.513807147388124224e-24 7.419763639953141920e-03 2.206720606088993786e-03 2.432799168322522833e-03 1.976584427020793011e-01 7.209887901448268355e-03 4.024092731188666221e+04 2.233401567453735697e+04 7.154182197059448299e+03 3.639968474483316618e-01 1.945940770110714584e+04
2.024727429375604119e-03 1.139539872200364061e+07 7.633525893271537498e+06 4.842487318166716956e+06 3.506906662762754312e-01 9.096474385719291866e+06 8.307220517381208056e-24 1.404481197759455874e-23 1.439572823783051112e-24 6.642563804397878524e-01 2.183398362716831076e-24 7.095225163591928341e-03 2.891230266085847642e-03 1.924608743251905729e-03 1.622879649006656322e-01 6.645104872438431162e-03 4.566884384279411461e+04 6.245746060131453851e+04 5.409433768251057700e+03 4.073923032209760264e-01 1.847828829612111440e+04
3.518573004760514565e-03 4.260614743734940886e+06 1.929424024507675786e+06 1.503216439124042168e+06 2.028282059419870276e-01 3.922349881812010426e+06 3.006290030364666704e-24 5.999910217098481394e-24 6.375841463484675501e-25 5.842673166008256480e-01 9.596479631013932100e-25 7.116277820980238498e-03 6.597954509191316340e-03 1.982919692976627124e-03 2.447333297924519091e-01 5.682559786647342105e-03 5.364205013207669981e+04 8.561642288399495010e+04 6.082685114506162790e+03 4.392473116679418421e-01 1.804611597242969219e+04
6.114579083688004638e-03 1.508935061852414161e+06 6.131067296481537633e+05 9.078776525583316106e+05 3.147174207514542021e-01 1.550164071986761875e+06 1.121534359244213842e-24 9.566405711452607342e-25 4.770718669872742696e-25 5.901479333129129312e-01 6.287948752149895274e-25 6.127768694874819594e-03 6.653104062901237133e-03 2.060290984294769600e-03 2.888261045414300399e-01 4.534033628740192536e-03 7.260249701549852034e+04 6.762358221880417841e+04 2.142402786433879373e+04 4.498207957587726513e-01 3.283879327814653516e+04
1.062592059908660722e-02 3.618435047750724480e+05 4.527101933886731858e+05 1.867320991264734766e+05 4.915705239104221080e-01 2.534920732370472397e+05 4.332702502935356675e-25 4.795517515253498599e-25 1.930722748564310712e-25 5.964070227975449834e-01 3.050039639442333917e-25 5.155056098379407793e-03 6.568097884601456493e-03 1.391040649808285377e-03 3.405871870553364711e-01 3.278343295018854367e-03 1.980370106419880176e+05 3.053702740827378584e+05 5.982516725705337740e+04 5.882213745332359744e-01 8.480668814812564233e+04
1.846573362331777393e-02 7.260895575777279737e+04 1.166457903908311564e+05 2.142582943342977524e+04 4.469561685013298535e-01 3.640971404085919494e+04 1.843718981124571665e-25 1.394527004398014062e-25 8.506388503016293860e-26 4.054399189827497252e-01 1.476531856149593522e-25 3.842872277478724240e-03 3.686698001333660150e-03 1.288492328420256291e-03 3.263895885275929221e-01 2.619290975651699001e-03 3.443772894576668041e+05 3.056262753585863393e+05 1.839336550541284960e+05 4.836910624952321935e-01 2.597346268695055041e+05
3.208976719406681638e-02 1.431572519965169522e+04 1.406316916231697905e+04 5.319339666211038093e+03 3.669099738948131129e-01 1.038064759375293579e+04 7.114847589853932253e-26 5.483786930047248072e-26 2.798720486806632485e-26 3.050015112424716568e-01 6.045241515201104813e-26 3.309600825502081838e-03 3.290616429940049822e-03 1.062341076183610485e-03 2.904567645622810335e-01 2.386992327644504083e-03 4.512444137842634227e+05 2.655600026589594781e+05 1.945295830704918772e+05 2.516958454210700413e-01 4.073090687562375097e+05
5.576562402422385878e-02 5.385006409263361093e+03 4.226438347647472256e+03 2.118341041422188027e+03 3.242570323518241260e-01 4.407305577994580744e+03 3.338971725761793888e-26 2.824007768875278897e-26 8.241525369756074459e-27 2.933030314126607863e-01 2.281447689988750871e-26 2.403622539387694022e-03 1.423017055210962049e-03 8.140136124754355357e-04 2.379594062897657514e-01 2.011157829619073488e-03 5.168886197958678240e+05 3.056699291197523708e+05 1.448463533813492104e+05 2.381506195437293472e-01 4.012684174068542197e+05
9.690954764502224261e-02 2.148268158035868055e+03 1.214837133180927140e+03 8.711584450289016104e+02 2.769386461924026599e-01 1.870310648265673080e+03 1.402318447527058238e-26 8.643145687430205079e-27 4.832918975124907454e-27 3.013937544181484185e-01 1.040677527047317445e-26 1.849758178046104727e-03 1.023772654209645274e-03 5.029558925059858087e-04 1.796260452717082512e-01 1.612298655434591006e-03 5.346550269883064320e+05 4.541769607136171544e+05 1.249479983351745759e+05 2.623596749859720134e-01 3.714377234943906078e+05
1.684094922112467918e-01 8.031094105862620154e+02 2.865029774847980661e+02 3.364125809616953120e+02 2.266085333016245595e-01 7.602071526071199514e+02 5.651795570179299372e-27 5.319232824004948750e-27 1.844006008895108122e-27 3.547485294265947386e-01 3.651337637388882548e-27 1.441894874916543933e-03 5.752540553733975770e-04 4.028250033027049992e-04 1.577385656387215451e-01 1.355589862456172811e-03 5.616470977377799572e+05 5.138742801800629823e+05 1.494992648771861277e+05 3.153598487366452430e-01 3.611533547339995857e+05
2.926621551339660399e-01 3.232944469102467338e+02 1.651698640468721351e+02 1.032743004584098685e+02 2.030373778239376037e-01 2.889097624649255067e+02 2.302733580961784875e-27 2.880838084156417733e-27 5.664157365001744505e-28 4.350307008965776379e-01 1.173736340258057790e-27 1.170518567335837546e-03 3.614405186609054386e-04 2.889460387383582188e-04 1.433239237704973246e-01 1.108183744096245772e-03 5.005072437714945409e+05 4.667876256120669423e+05 2.196098561103654210e+05 3.480504698991703783e-01 3.722723149270762224e+05
5.085885357353842062e-01 1.506593551475822039e+02 9.357228810896782534e+01 4.219320222201982062e+01 1.971856155591762139e-01 1.317093391823407558e+02 1.337742517169777084e-27 2.092936645052913150e-27 5.499289504630439378e-28 5.339800708468794843e-01 7.702375701970395707e-28 9.650077006820689373e-04 3.798656003543585211e-04 2.984417918258554106e-04 1.526530307985472790e-01 9.318260766335846428e-04 5.752946462621240644e+05 5.418089366274850909e+05 2.941234169232616550e+05 4.062217988838873195e-01 4.184449152101850486e+05
8.838255788933832013e-01 8.424977987828670223e+01 5.555191224355691304e+01 2.795858358158159973e+01 2.339474027833313152e-01 7.002070220554533364e+01 1.034477095603406684e-27 1.166893964119911786e-27 4.191340782014475424e-28 6.523791958930375001e-01 5.127876135308643521e-28 8.394630244837392912e-04 4.020961820532730716e-04 3.585772830382336985e-04 2.226428996481109868e-01 7.926817139782737966e-04 6.764241383081673412e+05 6.073661700877961703e+05 3.860413411651554052e+05 4.583522460758821526e-01 5.449920360809068661e+05
