# R (Mpc), mean rho (Msol/kpc^3), errup (Msol/kpc^3), errlow, std, median rho (Msol/kpc^3), mean pth (Msol/kpc/s^2), errup(Msol/kpc/s^2), errlow, std, median pth (Msol/kpc/s^2), mean gas-mass-weighted metal (fraction), errup, errlow, std, median metal, mean gas-mass-weighted temp (K), errup, errlow, std, median temp  
#  nprofs 66, mean mh 532342965343.972351, median mh 494434218562.283447 
#  Mass range 11.50 - 12.0
6.704502643857072897e-04 1.171651262108947188e+08 8.685235322103738785e+07 5.179670569606391340e+07 4.437663304659799635e-01 7.096421542112827301e+07 2.254632046378808320e-22 4.952444040674508519e-23 2.482447173690961448e-23 7.374551006119061114e-01 3.126213629340812282e-23 1.068239551995363648e-02 4.787116942014838644e-03 2.759833666203422020e-03 2.591746674597276701e-01 9.684021040620317128e-03 6.470562306905643345e+04 3.839139075225328270e+04 1.192969550287723723e+04 4.156235558158787313e-01 2.791386162918868649e+04
1.165109025084719785e-03 3.866732718420691043e+07 4.889403046713025123e+07 2.080912823956290260e+07 5.373535807808907938e-01 2.501484729086487740e+07 1.835376452784907313e-22 2.123941188919125080e-23 7.280057857000330729e-24 9.491065000716447653e-01 9.318500083845757823e-24 9.740933351506759694e-03 4.774901223153176291e-03 1.792104301540046497e-03 2.080014544993840087e-01 8.419473198494446808e-03 1.296529813429429196e+05 1.204524756437319156e+05 1.283165374986848474e+04 5.646013693573145309e-01 2.586147675328610785e+04
2.024727429375604119e-03 1.232476899723022059e+07 9.489104550711113960e+06 9.094752875902459025e+06 4.519143029444255832e-01 1.196258357609462738e+07 4.719799243184028341e-23 8.718313854884563529e-24 3.362995380642813567e-24 9.477062203637038884e-01 4.143557395935191125e-24 1.038472344440690906e-02 6.800876359938761925e-03 3.010091545531961080e-03 2.104461640554111668e-01 9.039276550998167833e-03 1.982972653726509016e+05 1.251563279522057273e+05 1.087142082754182047e+04 6.230234374816201459e-01 2.254326078995643184e+04
3.518573004760514565e-03 4.468168093078947626e+06 3.251043389801870100e+06 2.046122412978290580e+06 2.685549589713154273e-01 4.124001103708949871e+06 8.907787339714779738e-24 1.670563951835474781e-23 9.800314372559860449e-25 7.738139178943906904e-01 1.398687109301702671e-24 1.056817999957749589e-02 9.387814949753603422e-03 2.832351789894271832e-03 2.361071068563122821e-01 8.269663144213033890e-03 1.459270134007357992e+05 1.822049037079551781e+05 8.536467812820890686e+03 6.313196988357611117e-01 2.089148668434479623e+04
6.114579083688004638e-03 1.653013732702679234e+06 8.119721500762493815e+05 1.099653110867650714e+06 3.128080408667596735e-01 1.702229993045857875e+06 2.715722222879071991e-24 4.870623006235059158e-24 5.944872693132271219e-25 7.844616004259737929e-01 7.490069171904399259e-25 9.590719731849219401e-03 1.007754626282441994e-02 2.870408714045101332e-03 2.670230350229494398e-01 7.072239252074020641e-03 1.363441095019913337e+05 2.252472604112580884e+05 2.325329429821358281e+04 6.133831905516170524e-01 3.404323450541456259e+04
1.062592059908660722e-02 4.005168692543889629e+05 3.780716647902678233e+05 2.252570784098927397e+05 4.075819935047672038e-01 3.191937266330113634e+05 9.446809103984865731e-25 1.489793506696092230e-24 3.656460357176423001e-25 7.200615699424766092e-01 4.287660319183329923e-25 8.518094547890094764e-03 1.071866448812742838e-02 2.654824832989404089e-03 2.976175662236535957e-01 6.081082727549499620e-03 1.875462641989688564e+05 2.914199971415776527e+05 6.432296756874302810e+04 5.528463318376973801e-01 8.634494872760435101e+04
1.846573362331777393e-02 9.420266366847886820e+04 1.281316064136589412e+05 3.784283183547397493e+04 4.789032745991361750e-01 5.577295201290983823e+04 3.271469362989039484e-25 4.221910226466023318e-25 1.503357991684047627e-25 4.935120586105998797e-01 2.188417473764405960e-25 6.900997011995583207e-03 7.762025406657413126e-03 1.838225063805874401e-03 3.090447227727104451e-01 4.438085482914230773e-03 3.900767810337686678e+05 3.424988902263979544e+05 9.764024112091073766e+04 3.834237727302564069e-01 2.165786325907111750e+05
3.208976719406681638e-02 2.184016430857918749e+04 2.566832240982932490e+04 8.201188124168229479e+03 4.092859177203134746e-01 1.463804060396469504e+04 1.291768303934876080e-25 1.618467576242376055e-25 3.097910119504161818e-26 3.418136007808925680e-01 8.200532169293790460e-26 5.326709111341261516e-03 4.177902095871906599e-03 1.557840473439000683e-03 2.888215235642940248e-01 3.915929289121896847e-03 5.546338632419612259e+05 3.041280639004569966e+05 2.427089760940056003e+05 2.554161440307072262e-01 4.737968834888248239e+05
5.576562402422385878e-02 6.816481268562613877e+03 4.915295543834110504e+03 3.406987453057254243e+03 3.479281581260453282e-01 5.285230430959709338e+03 5.547500653459286745e-26 4.383075715208076456e-26 2.071434579704244988e-26 3.342365180735015762e-01 3.967675757823425907e-26 3.837471943982077253e-03 2.794307712207886631e-03 1.032257480958004292e-03 2.358215303778159744e-01 3.022825149783864816e-03 6.821340732317299116e+05 3.361633436389565468e+05 3.200831637123577530e+05 2.700601610881794290e-01 5.836500232985492330e+05
9.690954764502224261e-02 2.527384697251018679e+03 1.834610412308878949e+03 1.156373320019658877e+03 2.712321339283660371e-01 2.205296640312150885e+03 2.153107850000592323e-26 2.286297116355814911e-26 6.501006277611074458e-27 3.171864952619999900e-01 1.467608910632967376e-26 2.747370920954379011e-03 1.432096437601227713e-03 8.644220361074285690e-04 2.114929978534615118e-01 2.433599170139720720e-03 6.818884517525925767e+05 3.545224568971113767e+05 3.144364077961220173e+05 2.895996395600488604e-01 6.064368320022284752e+05
1.684094922112467918e-01 9.720989662272712621e+02 4.408889421281901377e+02 3.568272134060687222e+02 2.255439172876527176e-01 8.789101507709231100e+02 9.013780968131675939e-27 8.193692696810999412e-27 3.231272115725481876e-27 3.381952463143057530e-01 6.715199151051104706e-27 1.986487689386421535e-03 8.233184526076232218e-04 4.794117605473029869e-04 1.735147288112666442e-01 1.779528596707670527e-03 7.010209795701665571e+05 3.927017866381232161e+05 3.990828607401024201e+05 2.943646935262302367e-01 6.428582623460141476e+05
2.926621551339660399e-01 4.087750144922151776e+02 1.904620568399960803e+02 1.131305772566139467e+02 2.109187027316579977e-01 3.616047277253946959e+02 4.528940154081853007e-27 3.564763253836013185e-27 2.560475980578500854e-27 4.284660885648521877e-01 3.616516728460495481e-27 1.559892487807214333e-03 6.255802014022669721e-04 3.998060642847072778e-04 1.770985109938660318e-01 1.396762201979400396e-03 8.093276630700987298e+05 5.288691127704889514e+05 4.036976628027385450e+05 3.458916942178132947e-01 6.703133566128772218e+05
5.085885357353842062e-01 1.855931609888671971e+02 8.101293264574678687e+01 6.010248476287003427e+01 2.010532168759832650e-01 1.654672136549741595e+02 2.651364542422381728e-27 3.058622743928498205e-27 1.251932378251124293e-27 5.317626245381641414e-01 1.692316648228084993e-27 1.212710984032891069e-03 3.941364734425195724e-04 4.093351782040507286e-04 1.781454129801783581e-01 1.196728179850821286e-03 8.951998440699285129e+05 8.377662157328792382e+05 4.626723287364676362e+05 3.849454533697654335e-01 7.709551471520627383e+05
8.838255788933832013e-01 1.065333966691483027e+02 9.244711034973586550e+01 3.489467106059309742e+01 2.340243946646387574e-01 8.694649575148422116e+01 1.719771362001872845e-27 2.185514337007522071e-27 8.599177832613047967e-28 6.298648901964964963e-01 1.116375430646731582e-27 1.069752136873996931e-03 4.542569930236130954e-04 6.518227564872162202e-04 2.695670199940495837e-01 1.098574672822694859e-03 9.655679048496051691e+05 7.907386004773143213e+05 5.578191088376562111e+05 4.310799905503402973e-01 8.724773114173889626e+05
