# R (Mpc), mean rho (Msol/kpc^3), errup (Msol/kpc^3), errlow, std, median rho (Msol/kpc^3), mean pth (Msol/kpc/s^2), errup(Msol/kpc/s^2), errlow, std, median pth (Msol/kpc/s^2), mean gas-mass-weighted metal (fraction), errup, errlow, std, median metal, mean gas-mass-weighted temp (K), errup, errlow, std, median temp  
#  nprofs 69, mean mh 561512109375.052612, median mh 524121498923.030945 
#  Mass range 11.50 - 12.0
6.704502643857072897e-04 9.872367291533748806e+07 6.966100439631736279e+07 3.762538814476326108e+07 4.125690609368838913e-01 6.048795927014740556e+07 1.025579816640296604e-22 4.533086344805957494e-23 1.486185363717996585e-23 6.482088815185997888e-01 1.851034509680638940e-23 4.779545673927575698e-03 2.718157703970213411e-03 1.763400088218616477e-03 2.963049878786269686e-01 4.494311610925725772e-03 2.888729265944043800e+04 7.449646937742250884e+03 5.595509638808005548e+03 2.062345309317813735e-01 2.241241836829666863e+04
1.165109025084719785e-03 4.561715021574950218e+07 3.280014051173342764e+07 2.451029782204737514e+07 4.501773093221705935e-01 3.582091155395837128e+07 3.441760564443215121e-23 2.106549679914982355e-23 7.309934791332936380e-24 7.126944887489090608e-01 9.404828315832348661e-24 4.789235413725868862e-03 3.181617353580661577e-03 1.945984433930983155e-03 2.331408501941781564e-01 4.258513707179801058e-03 3.395962456905298313e+04 1.378934475484953873e+04 6.602253412839370867e+03 2.796425191653744147e-01 2.115483738711748447e+04
2.024727429375604119e-03 2.102706080364760011e+07 1.565804941526342928e+07 1.059074785127787292e+07 4.302636474816119438e-01 1.743865474803270400e+07 1.220803433269002726e-23 1.129329415821353943e-23 4.004599912911145121e-24 6.812315776111482757e-01 5.088133031526126993e-24 5.003641743473103906e-03 3.000767816261358523e-03 1.911430069595601404e-03 2.575502867093296122e-01 4.088990258048527671e-03 3.432447921433764714e+04 1.548221589163723183e+04 5.527047145253191047e+03 3.007513465519324192e-01 1.962549764245531333e+04
3.518573004760514565e-03 8.109603543458292261e+06 4.062133926103625447e+06 3.846958783793778624e+06 2.667888126243291858e-01 7.191562815145665780e+06 6.369896497712480808e-24 4.862837714673209681e-24 1.374167473842232007e-24 5.654235490279719833e-01 2.096618773993015635e-24 4.567294123500442032e-03 3.391103080754304631e-03 1.414253638768179708e-03 2.802327609899081806e-01 3.405280367993662564e-03 5.092416960455614026e+04 4.370287478608456149e+04 7.204299235955837503e+03 3.882939328672318502e-01 2.075225084514525588e+04
6.114579083688004638e-03 2.704535064583364874e+06 1.091285204743444454e+06 1.026473964781485498e+06 2.585442074403263568e-01 2.670461826709581073e+06 1.651603567847790886e-24 1.671260798991805228e-24 5.524811377077353310e-25 4.994261510962129669e-01 8.991232092279198600e-25 4.187580858981097831e-03 2.550987481113413217e-03 1.293172946490052985e-03 2.906995707220216829e-01 2.929810017042616156e-03 4.677086864633443474e+04 5.287092102807716583e+04 6.771995966562482863e+03 3.616399036855554305e-01 2.136806521146783780e+04
1.062592059908660722e-02 8.238961884154311847e+05 3.599833749122222653e+05 3.929395771741460776e+05 3.515053956623251374e-01 8.263273102240349399e+05 6.081834005158687862e-25 5.882076220864896032e-25 2.305019668133403520e-25 4.858643533176723595e-01 3.673103165682148831e-25 3.809052519097857852e-03 2.483791474725868375e-03 1.164096167299954153e-03 3.015154013750807604e-01 2.641558335351340461e-03 6.224907391202135477e+04 7.533910079883341677e+04 1.881221364931800781e+04 3.687702239654535585e-01 3.664970366762730555e+04
1.846573362331777393e-02 2.052265952294972667e+05 1.375967490095810499e+05 1.057149577545729262e+05 3.975554875851675107e-01 1.867179052485771826e+05 3.322577767254127246e-25 2.839777912854455735e-25 1.137180619237108357e-25 4.950385379357456483e-01 1.732700948349524031e-25 3.555285072914109688e-03 2.282646927814961733e-03 8.182243127271364956e-04 3.032907984964540171e-01 2.234912955402455857e-03 1.603742118760011508e+05 1.570993198453498189e+05 4.497899761632063019e+04 4.724812482235612454e-01 7.393949594064340636e+04
3.208976719406681638e-02 4.740488422111702675e+04 2.709078256919518026e+04 2.312863965134965474e+04 3.537926712735388612e-01 4.284591922949047148e+04 1.432760618093461480e-25 1.503813333171273119e-25 3.334328819718578804e-26 4.493762083000657492e-01 6.465330605562815397e-26 3.306342086536856115e-03 1.992914941428208537e-03 9.611276639356789928e-04 2.838710566338324970e-01 2.415316183493900013e-03 2.978036870825063670e+05 4.789468410497308942e+05 7.166475585522962501e+04 4.952014100109206063e-01 1.157217665960955346e+05
5.576562402422385878e-02 1.499216595157863412e+04 6.143730334089101234e+03 7.721145078975673641e+03 3.129744647567827553e-01 1.494009347026719843e+04 5.465681441054108641e-26 4.727485741163331553e-26 1.509666967076091614e-26 3.733347670316699007e-01 3.206609296648082195e-26 3.031307684540415683e-03 2.304500576291061004e-03 7.469648249393617476e-04 2.637298365145862022e-01 2.148577233827911499e-03 3.300624705695810262e+05 5.529625198073191568e+05 6.638010657591850031e+04 4.107358231373953172e-01 1.516226828445255233e+05
9.690954764502224261e-02 4.760063274002988692e+03 1.753930395777148988e+03 2.104859152653091769e+03 2.644279415116959631e-01 5.023261650301526970e+03 1.990857554407167704e-26 1.959428483867937887e-26 5.601061200935540652e-27 3.603949809447791752e-01 1.241609969813334173e-26 2.381073423851720692e-03 2.058549254637896935e-03 6.273520513661739757e-04 2.651090819549921096e-01 1.754532353957737739e-03 3.370588114758531447e+05 4.818000078829828999e+05 6.699631880706394440e+04 3.527877306915885303e-01 1.762279229677284020e+05
1.684094922112467918e-01 1.344763971689935033e+03 4.880460925562699686e+02 4.655747153246468315e+02 2.125979594819759899e-01 1.293734862988055511e+03 8.373084103948129591e-27 8.072991365633843424e-27 4.306634385092370676e-27 4.519861777575145401e-01 5.941615835019511044e-27 1.747676049174866309e-03 1.426754306384648251e-03 7.137594965549337893e-04 3.157166490260646108e-01 1.333797108821807749e-03 4.460999185059575830e+05 4.371315551629376714e+05 2.253776411136426032e+05 3.857572521619481720e-01 3.403956664396796259e+05
2.926621551339660399e-01 4.589858127684262854e+02 2.423121126627240756e+02 1.543317599967053866e+02 2.016160778227275019e-01 4.193255390293024902e+02 4.224388190884594576e-27 5.134991900428315654e-27 2.416575188394258128e-27 5.873980774734873789e-01 2.799563227729371367e-27 1.047118893433348664e-03 1.007818849112464971e-03 4.655266027597311398e-04 3.772522237902859454e-01 7.588211794765435626e-04 6.135857093297649408e+05 6.395520337346529122e+05 4.073121024527662084e+05 4.753977189492090139e-01 4.983566025577532127e+05
5.085885357353842062e-01 2.027269619265650249e+02 1.418277967544933631e+02 6.439263591838184198e+01 2.314146216688602320e-01 1.708354556510361135e+02 2.339170033842281572e-27 2.677562687134424398e-27 1.426097518307886621e-27 7.031925443112537755e-01 1.515360872309896631e-27 7.661183290918027310e-04 7.618442576615769898e-04 4.899303867812124930e-04 4.678751887434993151e-01 5.910792216790622562e-04 7.408967718862623442e+05 7.427595520093168598e+05 5.036482924757956644e+05 5.491784322723738399e-01 5.609211421002349816e+05
8.838255788933832013e-01 1.085332648784116429e+02 1.089026346410915949e+02 3.134976640193137598e+01 2.724840024650782566e-01 8.041351027225053372e+01 1.644452952125059261e-27 2.128870505869432967e-27 7.527612171207447324e-28 8.166595183623659437e-01 7.824693164012913930e-28 7.837471114501536875e-04 9.995803803819086099e-04 4.646688432221926491e-04 7.451564636760767968e-01 5.528987841133303814e-04 7.826818842463836772e+05 5.577795295669541229e+05 6.431926952201991808e+05 5.965359669439211920e-01 6.942364532035191078e+05
