# R (Mpc), mean rho (Msol/kpc^3), errup (Msol/kpc^3), errlow, std, median rho (Msol/kpc^3), mean pth (Msol/kpc/s^2), errup(Msol/kpc/s^2), errlow, std, median pth (Msol/kpc/s^2), mean gas-mass-weighted metal (fraction), errup, errlow, std, median metal, mean gas-mass-weighted temp (K), errup, errlow, std, median temp  
#  nprofs 155, mean mh 545297023331.967529, median mh 505433859190.630310 
#  Mass range 11.50 - 12.0
6.704502643857072897e-04 7.660776658986930549e+07 1.011256184436966032e+08 3.640532901770322770e+07 4.602077191740702178e-01 4.735509792501981556e+07 1.518718938806198950e-22 5.418675616934017684e-23 1.237769463257058382e-23 7.674930354661574361e-01 1.554938236625230734e-23 8.927134036491941177e-03 3.704150388598646121e-03 2.937876563666855234e-03 2.644282783279318094e-01 8.553589358536770049e-03 8.859817512609210098e+04 2.087671459640376634e+04 7.731215951631013013e+03 4.447018572260159619e-01 2.465320479394306676e+04
1.165109025084719785e-03 3.429227578310833126e+07 3.201057521604449302e+07 2.258466215515211597e+07 4.834128268028779485e-01 2.818507666402915865e+07 6.094950088276060802e-23 2.785574165844050843e-23 6.539393558924936897e-24 8.043018745863161900e-01 8.220268886909782454e-24 9.161224890738915716e-03 3.471938829626482897e-03 2.431503749169652319e-03 1.774472436506928374e-01 8.459303245483378031e-03 1.553952211323651427e+05 1.115229111266170075e+05 8.519326043992414270e+03 4.989369423690109828e-01 2.371639539984207295e+04
2.024727429375604119e-03 1.304860546002292447e+07 1.112105819785789959e+07 5.973258460139272735e+06 3.667257370883560408e-01 1.121285833649405278e+07 3.186197244972326321e-23 5.030722521672602720e-23 2.688655512568806529e-24 8.390735816803984726e-01 3.591774406593667851e-24 8.343878189955586736e-03 3.450892299800075932e-03 2.523713478687491900e-03 1.802488541641648345e-01 7.957951793824405082e-03 1.305064098934287904e+05 2.753517827886498999e+05 9.674866935963134893e+03 5.903288223682742197e-01 2.393228336302503158e+04
3.518573004760514565e-03 5.099053053380972706e+06 2.387465210574707948e+06 1.804059476432191208e+06 1.934396935510787063e-01 4.763315667754274793e+06 9.624541991072780384e-24 1.649295556536813854e-23 2.485065918269470983e-24 6.774024866408547840e-01 3.049397954512285859e-24 8.302402219756194537e-03 7.022065063610109445e-03 2.202249647550207773e-03 2.438402790308925872e-01 6.549429897070925197e-03 1.444952128970386693e+05 2.046636545517489722e+05 4.007263150451384718e+04 5.708430354934231898e-01 5.467511029007277830e+04
6.114579083688004638e-03 1.564807866057404084e+06 1.040268942804935155e+06 7.023527386512107914e+05 3.096920939129788608e-01 1.334629966319497908e+06 2.584347258458070030e-24 3.836868752834733247e-24 1.069689199437588575e-24 6.660457192982327523e-01 1.301036233257654146e-24 7.512462737821790776e-03 7.567704849087543081e-03 2.272618770361882912e-03 2.953997874199201790e-01 5.480852384826822785e-03 1.586669801111724519e+05 2.029373156613641186e+05 6.166329972207846004e+04 5.728026563482958577e-01 7.608975763755633670e+04
1.062592059908660722e-02 3.020720804822310456e+05 4.491347531140736537e+05 1.046377562986494449e+05 4.767823238082596893e-01 1.645007690632349986e+05 6.984506825596367234e-25 7.894365245052686336e-25 3.378208621023148022e-25 6.393535655062891898e-01 4.678544715549620836e-25 6.610992533406414087e-03 7.061630856697704260e-03 2.376739308094092881e-03 3.079048980441751460e-01 4.834363446704363111e-03 3.321555660508346045e+05 3.795057080474338727e+05 1.413905876232991577e+05 6.012702909490916792e-01 1.805109912721066503e+05
1.846573362331777393e-02 5.904310952253649157e+04 7.350707503406032629e+04 1.696689775990877388e+04 4.340695390483262361e-01 3.123484490033375550e+04 2.436649483411982091e-25 1.856298186579118018e-25 1.214973751825112122e-25 3.626080627544490120e-01 2.051707221984499348e-25 5.157997883601104713e-03 4.447020265590293127e-03 1.616745937836128796e-03 2.786604250488429746e-01 3.878815291433238520e-03 5.057993864534808672e+05 4.332336923722103238e+05 2.529785490352630732e+05 3.808008020057108700e-01 3.912425072063030675e+05
3.208976719406681638e-02 1.417232976998869708e+04 1.148534301097604839e+04 4.590221291769368690e+03 3.199812829882133225e-01 1.008971251686606411e+04 9.227522837911079300e-26 7.671688362007627967e-26 2.935408213099339770e-26 2.728221457689455898e-01 7.079072852727436006e-26 3.626362542421097783e-03 1.754941219002928952e-03 1.124479396079463775e-03 2.191165158319638151e-01 3.133977114270738301e-03 5.925066309819221497e+05 3.245641789443804882e+05 2.248311605715152691e+05 2.481533866888299966e-01 5.103464631107705645e+05
5.576562402422385878e-02 4.755987484641953415e+03 2.900304690538907835e+03 1.604979751566541381e+03 2.493758385397280009e-01 3.973043453984487769e+03 3.310439472675155983e-26 2.360552219079856327e-26 1.240772849365392135e-26 2.618400130096837919e-01 2.770960249735591189e-26 2.693661239476158493e-03 1.346194769367583741e-03 7.195846874422317206e-04 1.804341104988158861e-01 2.393771529564133263e-03 5.534818610319152940e+05 3.746308444794797688e+05 1.286361225814036443e+05 2.196380674945587475e-01 4.429831710768391495e+05
9.690954764502224261e-02 1.726971188880905856e+03 7.995291456150343947e+02 7.719629599114376788e+02 2.090450763167819581e-01 1.701981045352880756e+03 1.203650443667008944e-26 1.022227975389803482e-26 3.748030923312944264e-27 2.916317550030399497e-01 8.809186423856570976e-27 2.126169233526925464e-03 8.364119730595563369e-04 4.969906308808535230e-04 1.594704194733478353e-01 1.949829831970102982e-03 5.310967673206343316e+05 4.753311307635218836e+05 1.083281418163669296e+05 2.490434330941739549e-01 3.755103357011316111e+05
1.684094922112467918e-01 6.196491475050746658e+02 3.162754841480524419e+02 1.887258127247716857e+02 1.896244741627151342e-01 5.647943736129094532e+02 4.846405994574070324e-27 4.414093253162046911e-27 1.683039142799557872e-27 3.776176577393660638e-01 3.033909107778868476e-27 1.724231027931948535e-03 5.026638008827010676e-04 3.849062301627289000e-04 1.429727231782103314e-01 1.667172154313640827e-03 5.418634022377406945e+05 4.511458804246099317e+05 1.605968315981486230e+05 2.976436640192993144e-01 3.759166805882292683e+05
2.926621551339660399e-01 2.509700378232009257e+02 1.470004167010557978e+02 8.034234221520623009e+01 2.221674721151979115e-01 2.152515073610868228e+02 2.398399258839287235e-27 2.940040544628029898e-27 7.131129173742473690e-28 5.004516457529261109e-01 1.106371817326813686e-27 1.440746298255171339e-03 5.225305671945157469e-04 3.872905763257830907e-04 1.424882812886550387e-01 1.379807056528407645e-03 5.664819779179919278e+05 4.799511343515040353e+05 2.304376479392766487e+05 3.542634290177317236e-01 4.076881526966809761e+05
5.085885357353842062e-01 1.169033428159616506e+02 6.716565413941052043e+01 3.907952507181794033e+01 2.486641161443939596e-01 9.484843807063148802e+01 1.460373536084424617e-27 1.753684134934970643e-27 3.560959270232374170e-28 5.899604143109093979e-01 5.134794317227937654e-28 1.244503023130852154e-03 5.263162438280117976e-04 4.368546140604383232e-04 1.836524881585575586e-01 1.173248255336481992e-03 6.482604135141364532e+05 6.359515135307577439e+05 2.881492254468856263e+05 4.039685058286086039e-01 4.587879545243799221e+05
8.838255788933832013e-01 6.374575294347089738e+01 5.002279470532490535e+01 1.906490122344169436e+01 2.726404677137094223e-01 4.667528666440043850e+01 1.081276275821518571e-27 1.407179403619997634e-27 2.143529625184728931e-28 6.488990449234437463e-01 3.164472421674531421e-28 1.105505697447501995e-03 4.787372905302644723e-04 4.324773230192917751e-04 2.333149259998070213e-01 9.965147674790202168e-04 7.735186183618629584e+05 9.125799873112109490e+05 3.023317897863510880e+05 4.267689111290984272e-01 5.393752096891538240e+05
