# R (Mpc), mean rho (Msol/kpc^3), errup (Msol/kpc^3), errlow, std, median rho (Msol/kpc^3), mean pth (Msol/kpc/s^2), errup(Msol/kpc/s^2), errlow, std, median pth (Msol/kpc/s^2), mean gas-mass-weighted metal (fraction), errup, errlow, std, median metal, mean gas-mass-weighted temp (K), errup, errlow, std, median temp  
#  nprofs 170, mean mh 542105116575.805603, median mh 484108331572.581421 
#  Mass range 11.50 - 12.0
6.704502643857072897e-04 1.394567600075288117e+08 1.808077030961598158e+08 6.475128653487728536e+07 4.571656800861452763e-01 9.054060202044278383e+07 5.524057243698253849e-23 8.490142079580475230e-23 2.576680421327875956e-23 6.122929268745399556e-01 3.028688853590948468e-23 3.322229239526734278e-03 1.663869617390218488e-03 1.767817508740478433e-03 3.141878564225433768e-01 3.317739134401548589e-03 2.604098373122336852e+04 7.124194995820100303e+03 7.019070518836611882e+03 1.572413369640976444e-01 2.366673019263959577e+04
1.165109025084719785e-03 7.472052972439207137e+07 8.368194953783437610e+07 3.149725383975182474e+07 4.305488098371190175e-01 5.161108152166935802e+07 2.345061032691225604e-23 3.100492083786616155e-23 1.219826788950461780e-23 5.615319901944954006e-01 1.540640027199236180e-23 3.039725355830579911e-03 1.685598620434039172e-03 1.678216464894592610e-03 2.928402463596765370e-01 2.943164344697352976e-03 2.118109908909045407e+04 4.961698227100754593e+03 3.706371841013806261e+03 1.295562178333876935e-01 1.944016848853135161e+04
2.024727429375604119e-03 2.708193643839329109e+07 2.209645077385836467e+07 1.216893811006506532e+07 3.200434147959222986e-01 2.146651400890704617e+07 7.224455211818075280e-24 7.668184691644105862e-24 3.387682776634413166e-24 4.315278753548287827e-01 4.831013033449294372e-24 2.775665741113549512e-03 1.581353012883084976e-03 1.558288561431390865e-03 2.983743851865595653e-01 2.726811575733643044e-03 2.725589204585050538e+04 8.468635135804752281e+03 3.171199063565900360e+03 2.444640574326914784e-01 1.616587462889055496e+04
3.518573004760514565e-03 7.655870655723585747e+06 4.345712176263751462e+06 2.799742101674115285e+06 2.044730361288842058e-01 6.890507364534070715e+06 2.108176025129612831e-24 1.994345117702627284e-24 9.747603643549650257e-25 4.127546932739683538e-01 1.443156472278692281e-24 2.450106478005615630e-03 1.415040696598748524e-03 1.472594645490089577e-03 3.218164831321450592e-01 2.410734271477401203e-03 2.167574992016840406e+04 1.561009348600390149e+04 4.546309956253749988e+03 2.258342927223547236e-01 1.657163362349163799e+04
6.114579083688004638e-03 1.888801684289571829e+06 9.476631297073224559e+05 7.967490688139630947e+05 2.245103051992776155e-01 1.746234170899822377e+06 7.954655257849143722e-25 8.624806788144430143e-25 3.516374816100584367e-25 3.801697460842379250e-01 5.755330777533367368e-25 2.199608175213481776e-03 1.492214588503137668e-03 1.258636074325431486e-03 3.301081440123121991e-01 2.003445903303848787e-03 4.012884953318001499e+04 3.733524667228419275e+04 1.370733562346033978e+04 3.145313620684228040e-01 2.718627288349950686e+04
1.062592059908660722e-02 4.018127786876286846e+05 3.203868123700660653e+05 1.545365479914475582e+05 2.873099727189334374e-01 3.271353849462462822e+05 4.221826001627108776e-25 3.079539407566545201e-25 2.237933360924886537e-25 3.588792032381733499e-01 3.641798146127060048e-25 2.064655853989151406e-03 1.376502630314642862e-03 1.128093865496424680e-03 3.141398642850202760e-01 1.811248199413827142e-03 1.109086240564383334e+05 1.198368141578611685e+05 5.715090136009755952e+04 3.925910926694360925e-01 8.561855560886094463e+04
1.846573362331777393e-02 7.771074547789055214e+04 4.998738068649535126e+04 2.581972739063537301e+04 2.449754362187525347e-01 6.386289586179837352e+04 1.828604357343040341e-25 1.112851367725086251e-25 8.582661104980214581e-26 2.710249322683084827e-01 1.611177101326899721e-25 1.911145832320637053e-03 1.427756541907264799e-03 1.016694876592063321e-03 2.916043546399062492e-01 1.748633722189944870e-03 2.070810495973526558e+05 1.601823842778140097e+05 9.155133757092435553e+04 2.931292524707314606e-01 1.794658964627514943e+05
3.208976719406681638e-02 2.114925630071499836e+04 1.499462152303591938e+04 6.305978659975202390e+03 2.239571591022191388e-01 1.737571863025989296e+04 7.825450291096011391e-26 6.410327289911183747e-26 2.410107669229380605e-26 2.326727173637331281e-01 6.148889188214588716e-26 1.757956503623172217e-03 1.204753390105380104e-03 8.826854861768057602e-04 2.588114499639846411e-01 1.604755064311107031e-03 2.938106463209803333e+05 1.291545492738942849e+05 9.394487091356480960e+04 1.835473978030689457e-01 2.693886430376288481e+05
5.576562402422385878e-02 7.006700205428848676e+03 4.773213162225010819e+03 1.891400053374542040e+03 2.084162683184773712e-01 5.817927092100306254e+03 3.513571408678736732e-26 2.548138558932563735e-26 1.135149466694110399e-26 2.552253986794213447e-01 2.764602597572352761e-26 1.377133359449115224e-03 1.047525545395502954e-03 5.343574835994506934e-04 2.598063802098591890e-01 1.162874879877838280e-03 3.793981922001354978e+05 1.647958253441659035e+05 9.914811085104965605e+04 1.744928579583736594e-01 3.355763969932823675e+05
9.690954764502224261e-02 2.228112565549035025e+03 1.254507481541316793e+03 7.165208718344515546e+02 1.940316053948539787e-01 1.997859842693572318e+03 1.319559224224022155e-26 1.187255610041500260e-26 4.849969260185616425e-27 3.234578499233169979e-01 9.466174232551916039e-27 9.277368922472415541e-04 6.526612783978337756e-04 3.118038200859762151e-04 2.584054880161222312e-01 7.474020105403165418e-04 4.327644810027250205e+05 2.798871588754917029e+05 1.016655616523787030e+05 2.362057150599494171e-01 3.251333934592957376e+05
1.684094922112467918e-01 6.685193408210114967e+02 2.934779169431911896e+02 2.794224310038168824e+02 1.965690494849981207e-01 6.427988904500774652e+02 5.203133313533382897e-27 4.709143411720640903e-27 1.947740871550484930e-27 4.586681195646188369e-01 2.941525902698081412e-27 6.101326200488801791e-04 5.064485057185502074e-04 1.556286030727434310e-04 2.601684939346777248e-01 4.352728994291538253e-04 5.137824030205027084e+05 4.342630455644848989e+05 1.623329580945968046e+05 3.416819356677857078e-01 3.270027364398267819e+05
2.926621551339660399e-01 2.492710161921096699e+02 1.955443670470733082e+02 6.588167571741827544e+01 2.382741604630973509e-01 1.903613925587166023e+02 2.850697985201692617e-27 4.206776074450890162e-27 8.145868282645844066e-28 6.390717074902196870e-01 1.023371879085504235e-27 4.493636358348330139e-04 3.328196525685516989e-04 1.505509851537712232e-04 2.691682665116908457e-01 3.426818457979695387e-04 6.476549961700731656e+05 7.131384475328641711e+05 2.540593674140348448e+05 4.733990170633876615e-01 3.595524286639591446e+05
5.085885357353842062e-01 1.296020655696594872e+02 1.285935125714165679e+02 3.758733761919421568e+01 2.952962300768782744e-01 8.871214908928283194e+01 2.314949464922906934e-27 3.521211055856532814e-27 6.149768547269817135e-28 8.045890678949950692e-01 6.762517396918735548e-28 4.859605533131226038e-04 5.433854111174533019e-04 1.155926652724435528e-04 3.853969690719864505e-01 2.532534872531930301e-04 8.409152426894424716e+05 1.048540925489801913e+06 4.513029315670736250e+05 5.770308022964710792e-01 5.313035504476299975e+05
8.838255788933832013e-01 7.862087369975816387e+01 7.671034202813933689e+01 3.018405642646580134e+01 3.162404668678100439e-01 5.753845779277930461e+01 1.864603721857740142e-27 2.132401069268581966e-27 5.456149442598567501e-28 8.433385551381468170e-01 6.128827624709062076e-28 7.135131519670886904e-04 8.793305033159094569e-04 3.903765865371931678e-04 4.918931828050526756e-01 5.119843940124185538e-04 1.101286912966415752e+06 1.274323820678840624e+06 5.938376631928043207e+05 5.951804109584948321e-01 7.219621986786155030e+05
