# R (Mpc), mean rho (Msol/kpc^3), errup (Msol/kpc^3), errlow, std, median rho (Msol/kpc^3), mean pth (Msol/kpc/s^2), errup(Msol/kpc/s^2), errlow, std, median pth (Msol/kpc/s^2), mean gas-mass-weighted metal (fraction), errup, errlow, std, median metal, mean gas-mass-weighted temp (K), errup, errlow, std, median temp  
#  nprofs 205, mean mh 562570186070.841553, median mh 499091946302.450012 
#  Mass range 11.50 - 12.0
6.704502643857072897e-04 1.599412450961814225e+08 1.996978365264883637e+08 6.263543933406542242e+07 4.297054313173859774e-01 1.044113138231709599e+08 7.313190987479064163e-23 1.087629831790093566e-22 2.819932900316452859e-23 5.806863466789443651e-01 3.893876382339511144e-23 4.546170242479244568e-03 2.599693863298157930e-03 1.894472530132326402e-03 2.750369725747248140e-01 4.016824603208637989e-03 2.782210276355963288e+04 9.304604480035384768e+03 6.676395491359224252e+03 1.508975531618494959e-01 2.559039571901939780e+04
1.165109025084719785e-03 8.780298286245135963e+07 8.960655948486167192e+07 4.885894102983717620e+07 3.958561792126562562e-01 7.120792243568640947e+07 3.271987667503888535e-23 3.754551613611420011e-23 1.444459046180028340e-23 5.057666942683913813e-01 1.950076286991464438e-23 4.057492170380177197e-03 2.181117749460857735e-03 1.534673636362957842e-03 2.606177974843756351e-01 3.562168150901708769e-03 2.365613979307435511e+04 6.852808094660682400e+03 4.581714026349476626e+03 1.304796310053427111e-01 2.192075387835219954e+04
2.024727429375604119e-03 2.954205157299455628e+07 2.273896812605394796e+07 1.479185174349932000e+07 3.027205135354624765e-01 2.568679341350078210e+07 8.125508464202953203e-24 8.369034920369256924e-24 3.253435930866394316e-24 4.296208274601636679e-01 5.066925154044677220e-24 3.483814600982855503e-03 2.096082037043377460e-03 1.520223065234365019e-03 2.836394394128226026e-01 3.051998482839764475e-03 2.150622790103615625e+04 9.344262897297510790e+03 3.757741062635688650e+03 2.118957838265383697e-01 1.648307812362592449e+04
3.518573004760514565e-03 7.934394233173848130e+06 3.409077745734845288e+06 2.840063237657655962e+06 1.988018794877057793e-01 7.359599594039418735e+06 2.150516910251489526e-24 2.273014829615897479e-24 8.621790342069631446e-25 4.077018878870615204e-01 1.398964984663170216e-24 3.089580638939455354e-03 2.042429404803603517e-03 1.411123066742024255e-03 3.033924761161466144e-01 2.601757764421881811e-03 2.083761266826049177e+04 1.357826183821329687e+04 4.474645880015064904e+03 2.239141323748790047e-01 1.648435674445637414e+04
6.114579083688004638e-03 2.035569918156179599e+06 1.061436328053750796e+06 8.593151276379646733e+05 2.474842281958999080e-01 1.900080488205696223e+06 7.817011994099053381e-25 7.127961928580982525e-25 3.712742982632689325e-25 3.959575961769981611e-01 5.992389848921046169e-25 2.761027208482047697e-03 2.114744106852265750e-03 1.186775539613464745e-03 3.295951539450052148e-01 2.165761223880346108e-03 3.424231900516078167e+04 2.904704423981828222e+04 1.224496673139553968e+04 2.775282988782687976e-01 2.633028975673050081e+04
1.062592059908660722e-02 4.311374506308941054e+05 4.602161958069604589e+05 1.740967381947611866e+05 3.279940643695097857e-01 3.235492753570803907e+05 3.858697310699112095e-25 3.031963873416423338e-25 2.088438244078316469e-25 3.458550029466992415e-01 3.330013012048112554e-25 2.585113438308707465e-03 1.953653897746888621e-03 9.597972489810487496e-04 3.238214171443640210e-01 1.963411575094349722e-03 1.015164513378978154e+05 1.124685990735309606e+05 4.610866965036470356e+04 3.963504044361014778e-01 7.158589933923137141e+04
1.846573362331777393e-02 8.031770301986180129e+04 6.064464597454386967e+04 2.852769002070191345e+04 3.025439959523968936e-01 6.277601026677311893e+04 1.814451239223303875e-25 1.073621463615242560e-25 8.188524695187297754e-26 2.880946234602059786e-01 1.582238695717843042e-25 2.385035697028238706e-03 1.707421086974018030e-03 9.382855247616391642e-04 2.992166015669583401e-01 1.940784825008881609e-03 2.282352949016811035e+05 1.663530892844091868e+05 1.110824804779670958e+05 3.425040609213861886e-01 1.886508857320881798e+05
3.208976719406681638e-02 1.969413500040326107e+04 1.096251376819386132e+04 7.491197122213576222e+03 2.474165782752901221e-01 1.712906920213197373e+04 8.033710031574045607e-26 4.617041119725368557e-26 2.777160633784692054e-26 2.315243103521577028e-01 6.833319227996627464e-26 2.129193661441248706e-03 1.500945724205460631e-03 8.765869306109539110e-04 2.820792638210447012e-01 1.790224118429787877e-03 3.601576290626277332e+05 1.996543986423973111e+05 1.177663881885347073e+05 2.659573538584170116e-01 2.908485446391453734e+05
5.576562402422385878e-02 6.800417299411718886e+03 3.338222510854870961e+03 2.562830786248340701e+03 2.261925170611402691e-01 6.238106275832014035e+03 3.820549363022799634e-26 2.732113046801498476e-26 1.320524004910071553e-26 2.641455468952853547e-01 3.072520942205118705e-26 1.706895620325549548e-03 1.425305006558559660e-03 6.525495770436144866e-04 2.814616531325829785e-01 1.371858480530078073e-03 4.658630026787896059e+05 2.609427014756959397e+05 1.172574060564708197e+05 2.508972689978223869e-01 3.477954056691603037e+05
9.690954764502224261e-02 2.280105125700193639e+03 1.321186646209778246e+03 7.337472346115787332e+02 2.088520046939669195e-01 2.006833861842683291e+03 1.425787628687128830e-26 1.221934363974171073e-26 5.269783195240527903e-27 3.117693239646263659e-01 1.064411019201913240e-26 1.178060878764809055e-03 7.815034156835008738e-04 4.377324344445746376e-04 2.640563482401312445e-01 9.517041592211430458e-04 5.027127157404550817e+05 3.676046607893307810e+05 9.216196242428018013e+04 2.680123457423975175e-01 3.373516861683347379e+05
1.684094922112467918e-01 7.223672209291900117e+02 3.879342700940480881e+02 2.105017172580699025e+02 1.976141639986899179e-01 6.399649976350431189e+02 5.287647592471317192e-27 6.460644097484476211e-27 1.805091881885484985e-27 4.183024194774118132e-01 3.126472909686521459e-27 7.737664627013629602e-04 5.011700878292232788e-04 2.429410818279766765e-04 2.540881206027384986e-01 6.050323244923619392e-04 5.581868216887781164e+05 6.272145230424038600e+05 1.390252103602849820e+05 3.444129414844253612e-01 3.174561148210931569e+05
2.926621551339660399e-01 2.628630534455260772e+02 1.642157232127319730e+02 6.911798875213790438e+01 2.155456235123769937e-01 2.175923487556689224e+02 2.769111653543961597e-27 3.719753972259300124e-27 7.102782038221512147e-28 6.084497814532489057e-01 9.518930994756236976e-28 5.254403082945951044e-04 4.256330856541066057e-04 1.627079890361296597e-04 2.601577075895283309e-01 4.011040191329753152e-04 5.965887221338647651e+05 7.820089051265435992e+05 1.615682351580436807e+05 4.580923907106851933e-01 2.725992715501791099e+05
5.085885357353842062e-01 1.379384120344178655e+02 1.021291057258796968e+02 3.579530067393611148e+01 2.853738343035350788e-01 9.440588363327171351e+01 2.332258119273698087e-27 2.892063848525634905e-27 4.202478540907739026e-28 7.754711006744237078e-01 4.860528864713632468e-28 5.824492832615163138e-04 7.169634931893916017e-04 1.914402558721864725e-04 3.732693959681627760e-01 3.525857691562886138e-04 6.943725942301579053e+05 9.903172419289142126e+05 2.900875712930611917e+05 5.493949567925732191e-01 3.628743119050002424e+05
8.838255788933832013e-01 8.247076174420924133e+01 6.574129777941865882e+01 2.194937937325401123e+01 3.221692219230570808e-01 5.077796361973546624e+01 2.250794887792540759e-27 1.753449118409687473e-27 2.825777301280079276e-28 8.602411231733128050e-01 3.143131049706796526e-28 6.607222427295297070e-04 9.304542500936059191e-04 2.750086711430872657e-04 4.382085766506279567e-01 4.119842225401337864e-04 8.418360374942459166e+05 9.753762015843598638e+05 3.820552745302689727e+05 5.847880460721698315e-01 4.653789279443265987e+05
