# R (Mpc), mean rho (Msol/kpc^3), errup (Msol/kpc^3), errlow, std, median rho (Msol/kpc^3), mean pth (Msol/kpc/s^2), errup(Msol/kpc/s^2), errlow, std, median pth (Msol/kpc/s^2), mean gas-mass-weighted metal (fraction), errup, errlow, std, median metal, mean gas-mass-weighted temp (K), errup, errlow, std, median temp  
#  nprofs 135, mean mh 212792977217.420776, median mh 205753123488.445374 
#  Mass range 11.00 - 11.5
6.704502643857072897e-04 8.434402343069206178e+07 5.966849199683918059e+07 3.967722063401742280e+07 3.858863812317123165e-01 6.719610891968896985e+07 8.783904707092660499e-23 6.965021252394176752e-23 1.750962914768509937e-23 7.196770137009759205e-01 2.181700448526011310e-23 6.609261886716330525e-03 2.704768916444392352e-03 1.888445255225976518e-03 2.099885149479987778e-01 6.429459256392704158e-03 4.989053784134898888e+04 9.162585533775167278e+03 5.952102535695907136e+03 3.588929419592244985e-01 2.295416626067822290e+04
1.165109025084719785e-03 3.244801553739283234e+07 3.198686421704868972e+07 1.692279230882737786e+07 4.434030746957410285e-01 2.429445234485225379e+07 5.557982146639641215e-23 1.051929727210025022e-22 8.153595857380733210e-24 9.599938130375667011e-01 8.906554296902589337e-24 5.935641915422282429e-03 2.269505932798133660e-03 1.649287177905803953e-03 1.819416128065782789e-01 5.703807494043892576e-03 7.929608622888260288e+04 1.602588763123002136e+05 7.570884837029934715e+03 5.240648023042424608e-01 2.174194702270736525e+04
2.024727429375604119e-03 1.114402694286098331e+07 7.177620814793635160e+06 3.933115986874260008e+06 2.887120452192666331e-01 9.034866619850961491e+06 2.129818621640305073e-23 3.437232154853406952e-23 1.931455513174390669e-24 8.707180735309888453e-01 2.492895111008592146e-24 5.061485980742627851e-03 2.247917972801851544e-03 1.388074710807302766e-03 1.878301281537658185e-01 4.888092079760732005e-03 9.709493322698313568e+04 1.957143130717974564e+05 4.843543753027704952e+03 5.735184620478854800e-01 1.745074445896610996e+04
3.518573004760514565e-03 4.103188240558886435e+06 1.870649475404767320e+06 1.460392732007975690e+06 2.590371449661070802e-01 3.908440219522517174e+06 5.501780035696033974e-24 6.938317576318181802e-24 2.784496193683203096e-24 7.295997770025098861e-01 3.070593921935344136e-24 4.048969425875494944e-03 1.948427995352090651e-03 1.224968022508593837e-03 1.896602585343154790e-01 3.739280741034449289e-03 9.599265364180985489e+04 1.581487842207332142e+05 4.224433726157448837e+04 5.275165990985238862e-01 5.440192383855208755e+04
6.114579083688004638e-03 1.276920070634162053e+06 5.527616615306797903e+05 7.318114374114561360e+05 2.999440575220716498e-01 1.301673785823687911e+06 1.370705710242514122e-24 1.478909347979461004e-24 8.688589493412973734e-25 6.050503693297163421e-01 1.023455435347001529e-24 3.155057722246164525e-03 1.501232755682710331e-03 1.042872897865007847e-03 2.161054961600877289e-01 2.864721844891204936e-03 9.358567631715458992e+04 1.029535378564944840e+05 4.804402439700797549e+04 4.639151256521680255e-01 6.095304426422837423e+04
1.062592059908660722e-02 2.746537520093963249e+05 3.360985546005758224e+05 1.254732931784987304e+05 4.352548462471245161e-01 1.906668937334028597e+05 3.385549182497099906e-25 3.009773649947420408e-25 1.792747878914012578e-25 5.343887485610833155e-01 2.651569357552609272e-25 2.891180183933679624e-03 1.786340287809795938e-03 1.166211031469563397e-03 2.395273928498004301e-01 2.594943212027251388e-03 1.328659701462109224e+05 1.283519866681055719e+05 6.068899329930472595e+04 4.333933716580771200e-01 9.148881090030442283e+04
1.846573362331777393e-02 4.989672250139775861e+04 5.595226316628578206e+04 1.718658517590802148e+04 4.268727753725595764e-01 3.323317371292126336e+04 9.325509864327672368e-26 5.682596039514529008e-26 5.267139537346389956e-26 4.999812358287741842e-01 8.084924570453913453e-26 2.489027367064067502e-03 1.544663704491675872e-03 9.191704213589882520e-04 2.158603890612169063e-01 2.212617668734588594e-03 1.711831966511141218e+05 1.477954076760770404e+05 8.009055387136424542e+04 3.334918510844600559e-01 1.435095768752614968e+05
3.208976719406681638e-02 1.124017806494114302e+04 9.168743206680190269e+03 4.826817056675346976e+03 4.276584978411924753e-01 9.258440274750102617e+03 2.733987260063454956e-26 1.667599139765283556e-26 1.106612852354429094e-26 4.874462135548596753e-01 2.265400005507251728e-26 2.306907467248021492e-03 1.297619101512281509e-03 7.622546477677890307e-04 2.743451818697968392e-01 2.086959418654669735e-03 2.348686443924233899e+05 1.275453750424691825e+05 7.266053938905145333e+04 3.227101837135804563e-01 1.789175652439544210e+05
5.576562402422385878e-02 3.614640246044719788e+03 2.021735789815741555e+03 1.515919630215390953e+03 3.398957299176857405e-01 3.340820051463602795e+03 9.999225019203660595e-27 4.867245453695438027e-27 4.259500896629095069e-27 3.177954573833545182e-01 8.556713823914153922e-27 2.095193661178053682e-03 8.634332337757017438e-04 7.510111059261081589e-04 3.894894032819879448e-01 1.995387103552205381e-03 3.017375437930785120e+05 1.192133251402420574e+05 6.913122362100009923e+04 2.901689179403015850e-01 1.859343168128443067e+05
9.690954764502224261e-02 1.286531627655050443e+03 7.170699744131397892e+02 3.821110693835400980e+02 2.443958827805934597e-01 1.158796904471321795e+03 4.616692622857740077e-27 2.739569342772693524e-27 1.653595714386436704e-27 3.286932167575023489e-01 3.219515358194033147e-27 1.772776390997333465e-03 8.102354831302331639e-04 6.375945994729953405e-04 1.817535627778790464e-01 1.676207014496011900e-03 3.483082541547506116e+05 2.325434326041463064e+05 7.345813700211539981e+04 3.377732553449316333e-01 1.829701269355243421e+05
1.684094922112467918e-01 4.740224962654565957e+02 2.145984665212992013e+02 1.675849330640744483e+02 2.044797525531598381e-01 4.460619779227343997e+02 2.879079544289672834e-27 2.337255600234319941e-27 1.035220777904142748e-27 4.395126032509626413e-01 1.613931446216868373e-27 1.399674409613565346e-03 7.179683937025738323e-04 4.734089841077976715e-04 1.972649604992710026e-01 1.278919683184347959e-03 5.065712427629132872e+05 4.441312060038074851e+05 1.551542298364437593e+05 4.219317583002036853e-01 2.591260657111039327e+05
2.926621551339660399e-01 2.065747920450980928e+02 1.161559131386094919e+02 7.436437681122696119e+01 2.071082479467237503e-01 1.876654801266686832e+02 2.195153228088147806e-27 2.020184245654691574e-27 7.987810950567066457e-28 5.564976849552193405e-01 1.082211050688469364e-27 1.114048598945228778e-03 6.885138216930373686e-04 3.877996174855213515e-04 2.248158081756823079e-01 9.836914652092086913e-04 7.310084379857807653e+05 8.627530695522229653e+05 2.861088816399467760e+05 4.754016698415086117e-01 4.112213120262418524e+05
5.085885357353842062e-01 1.097926277666157802e+02 6.258748498197468280e+01 3.816272472399149507e+01 2.350946058079308731e-01 9.234634535543818856e+01 1.742035558594964743e-27 1.832193140348519573e-27 7.387733378968337097e-28 6.511631015831631508e-01 8.920300917846788534e-28 9.506239496380507539e-04 5.802577007173842201e-04 3.846912012409837772e-04 2.728863617462568003e-01 8.141686702332005246e-04 9.289170365647015860e+05 8.238411707025698852e+05 5.900906622632136568e+05 5.012910260303805599e-01 7.389247646692614071e+05
8.838255788933832013e-01 7.075196477059725453e+01 4.574114866072231678e+01 2.958871719893213736e+01 2.788720650816624014e-01 5.872842723583664792e+01 1.564489488786699588e-27 1.463495945529096448e-27 5.845021564763475232e-28 6.958061331092281199e-01 7.496015292694049139e-28 1.014257848688093723e-03 7.255542770404532944e-04 5.178652220308396260e-04 3.649197544453099407e-01 8.805527434884150885e-04 1.202907195628870744e+06 1.136918653477519751e+06 6.844535090483860113e+05 4.884152444491225431e-01 1.006665862119486555e+06
