# R (Mpc), mean rho (Msol/kpc^3), errup (Msol/kpc^3), errlow, std, median rho (Msol/kpc^3), mean pth (Msol/kpc/s^2), errup(Msol/kpc/s^2), errlow, std, median pth (Msol/kpc/s^2), mean gas-mass-weighted metal (fraction), errup, errlow, std, median metal, mean gas-mass-weighted temp (K), errup, errlow, std, median temp  
#  nprofs 76, mean mh 220656445817.536224, median mh 216170107620.232422 
#  Mass range 11.00 - 11.5
6.704502643857072897e-04 8.545802441300615668e+07 9.934650809431745112e+07 3.748016235247527063e+07 4.480755860578246041e-01 5.277370366487981379e+07 1.056442976753379892e-22 6.451648117982123985e-23 1.189922135084980387e-23 7.623220695602513919e-01 1.498808296048121080e-23 7.792644417139212541e-03 2.739796217366381910e-03 2.528393688201995698e-03 1.704994237185370742e-01 7.506263578461957152e-03 5.203386421425048320e+04 1.075989938856495064e+04 8.647759025328858115e+03 3.684976417710847385e-01 2.184718384496688668e+04
1.165109025084719785e-03 3.195718630231100693e+07 2.508177426001930237e+07 1.973767445921537280e+07 4.155969593530123296e-01 2.733516059611131251e+07 4.548312614688973243e-23 2.698997976396201943e-23 5.798695154309492178e-24 8.458320473527864980e-01 7.143000822977061931e-24 6.904897700547249668e-03 2.859201520704684682e-03 1.854769267705260773e-03 1.813083669206791426e-01 6.300554899589326519e-03 6.055551982190378476e+04 1.183866679860649674e+04 8.355757855893476517e+03 4.723904679759354797e-01 1.964890774886376676e+04
2.024727429375604119e-03 1.212540087355479971e+07 9.247294911284668371e+06 4.660325512552739121e+06 2.736269742682893025e-01 9.842963206150142476e+06 2.057870858794268444e-23 2.960967815362026870e-23 1.640046862076474418e-24 8.166579834791445336e-01 2.208794167638171098e-24 5.684016259222637348e-03 3.204933998412760540e-03 1.660310351336615961e-03 1.845439025063080052e-01 5.129573306828992887e-03 8.599877072840850451e+04 1.218642771878211643e+05 6.593774404565252553e+03 5.586245254066413146e-01 1.748489206876599201e+04
3.518573004760514565e-03 4.330074831795556471e+06 2.019465229150444735e+06 1.660381651976040099e+06 2.267066664036397061e-01 4.085030884574058931e+06 6.947325292402458551e-24 1.113300672296601727e-23 1.553165524185356085e-24 7.550771568385624688e-01 1.788422496278376600e-24 4.927224507645092642e-03 2.976807252577064883e-03 1.500980438491678146e-03 2.227202244116426588e-01 4.146721246897286384e-03 1.290774014145382680e+05 2.082171050506264146e+05 2.035416036700128461e+04 6.409830942696209677e-01 3.120048592133325292e+04
6.114579083688004638e-03 1.273067882824861445e+06 6.074848663817602210e+05 8.334211951741848607e+05 2.763461132826300348e-01 1.337782187352833804e+06 2.011720419403259022e-24 2.516191908747166654e-24 1.156565258015672140e-24 7.073041793775335373e-01 1.266796410282364104e-24 3.905838570081156778e-03 2.641063800717261077e-03 9.834480996420082340e-04 2.570212338441051347e-01 3.004904150253609550e-03 1.512236006905447575e+05 1.076172220461367979e+05 6.540035825724929600e+04 5.862596558936624680e-01 7.667043333792538033e+04
1.062592059908660722e-02 3.233159569899057969e+05 3.130019264477469842e+05 1.979066121707048733e+05 4.078303814627948776e-01 2.618385841476771166e+05 5.401579030791830452e-25 6.292989112469858785e-25 3.226611273288531510e-25 5.997160087894534142e-01 3.912105506311597825e-25 3.419900423596633487e-03 2.323979905602598442e-03 1.228778120509310028e-03 2.797946783701746876e-01 2.592725761145713015e-03 2.371065935250546318e+05 3.414915326982142287e+05 6.365564583886107721e+04 6.199787932936600132e-01 8.370339604107086780e+04
1.846573362331777393e-02 6.619964047730772290e+04 9.393674479111819528e+04 2.344438433142983558e+04 4.325384032540572354e-01 3.929556953947816510e+04 1.266654568717603569e-25 1.178735370674454932e-25 6.589413515991279956e-26 3.799456532073449688e-01 1.013694567812832593e-25 2.993201954534627143e-03 1.838333759725668815e-03 1.116124735236960529e-03 2.820804073262476730e-01 2.276347822044699418e-03 2.371103371432172717e+05 2.245377860135730298e+05 7.612133590152193210e+04 4.085960583000765034e-01 1.455330478475196578e+05
3.208976719406681638e-02 1.537428882593915841e+04 1.530235128751944831e+04 5.056437847040554516e+03 3.305031631477792775e-01 1.040222855364177849e+04 3.821684423844204966e-26 4.013090910502023032e-26 1.829609896104455668e-26 3.221316929063833268e-01 3.051315826073288208e-26 2.589853951464452398e-03 1.155420485574472009e-03 6.694084476375394745e-04 2.295341657550028225e-01 2.087636652957832253e-03 2.176646787237483950e+05 1.171234299531000433e+05 9.474686115486636118e+04 2.404726864815357190e-01 1.996553599026744487e+05
5.576562402422385878e-02 5.130348443773613326e+03 3.521792658256952564e+03 2.100684928402015885e+03 2.389192137185311149e-01 4.464320420063613710e+03 1.470591589931839320e-26 8.544695567137400320e-27 5.143761437554998118e-27 2.604377702148421014e-01 1.161387419753575185e-26 2.090367901502354197e-03 7.703277027636575014e-04 5.813215275989839104e-04 1.919315465700052181e-01 1.835414840295294340e-03 2.299794138806058909e+05 1.378175062376689166e+05 7.095516970647439302e+04 2.151267856951906143e-01 1.937965050510299625e+05
9.690954764502224261e-02 1.966239299692280838e+03 1.224764218315903236e+03 7.026735264679425654e+02 2.248125240886723331e-01 1.742588830641160712e+03 7.588813575469654667e-27 4.778689978103312551e-27 2.526234492946867018e-27 3.395062879946271761e-01 4.981603098287490604e-27 1.702249834605774111e-03 8.074392029731481280e-04 3.631344115287379361e-04 1.589836351908529288e-01 1.469017722862201282e-03 2.969668531773198629e+05 2.961818325893051806e+05 7.388380001417426683e+04 2.925057810436025307e-01 1.958895042097112746e+05
1.684094922112467918e-01 7.315136268746409769e+02 3.387670872608501895e+02 2.418990778704821309e+02 2.094856080155288736e-01 6.511307431198691802e+02 4.353601215498423473e-27 5.543001468540278469e-27 1.391876167228336147e-27 4.651352581699899624e-01 2.155823551140499342e-27 1.354487055630061460e-03 5.455014395038533352e-04 4.873294345267796795e-04 1.539525217840570781e-01 1.328017476139259226e-03 4.210762707154829404e+05 4.716004966740751988e+05 1.295226031455768389e+05 3.848533477509377687e-01 2.440065804381792550e+05
2.926621551339660399e-01 3.096181309744860641e+02 1.355071686346703359e+02 9.251330265674306474e+01 1.918593297120533836e-01 2.830985943264947764e+02 2.797356031362076735e-27 3.928760649019126678e-27 9.382898765457788124e-28 5.714317809349764854e-01 1.229741327241623542e-27 1.024123658651799164e-03 4.203297234963532074e-04 3.662888439889047925e-04 1.789466631855770040e-01 9.876121276011428848e-04 6.118657131300974870e+05 7.719162959210649133e+05 2.238162553445128142e+05 4.693234707393970639e-01 3.362547286369501962e+05
5.085885357353842062e-01 1.688590598056822785e+02 9.976925123762038083e+01 5.203166305231215460e+01 2.279769390610718871e-01 1.397602767123805734e+02 1.959233436326617654e-27 3.018515716868037268e-27 6.176237182448151553e-28 5.979841181246282611e-01 9.137342923609568000e-28 9.879744368235052893e-04 5.103805316466557924e-04 3.751099343000251392e-04 2.782190358685842080e-01 8.845024298427122149e-04 7.388993022694019601e+05 9.172806404566784622e+05 3.502746191730180872e+05 4.584994607818813073e-01 5.326646706156117143e+05
8.838255788933832013e-01 9.767271109038048849e+01 6.975363818854486908e+01 3.077713124623014096e+01 2.497885313801001816e-01 7.947892135855738616e+01 1.508787182633255008e-27 2.329966173017983559e-27 5.700270764909831172e-28 6.211522491369989574e-01 7.577208015221958328e-28 9.253241776814588940e-04 5.923065818893879283e-04 3.631551288881062307e-04 3.427886829892848319e-01 8.524754996466915331e-04 9.355449389038971858e+05 8.096690104529294185e+05 5.153895881859399960e+05 4.455680510647271331e-01 7.800656497622996103e+05
