# R (Mpc), mean rho (Msol/kpc^3), errup (Msol/kpc^3), errlow, std, median rho (Msol/kpc^3), mean pth (Msol/kpc/s^2), errup(Msol/kpc/s^2), errlow, std, median pth (Msol/kpc/s^2), mean gas-mass-weighted metal (fraction), errup, errlow, std, median metal, mean gas-mass-weighted temp (K), errup, errlow, std, median temp  
#  nprofs 172, mean mh 531801819833.965393, median mh 487555030773.869385 
#  Mass range 11.50 - 12.0
6.704502643857072897e-04 7.353169546918920279e+08 1.164641568796164036e+09 2.488570902210927010e+08 6.557340157735722652e-01 3.063044160817407370e+08 2.333444751751148738e-22 4.010874324015153118e-22 8.673579283095577225e-23 7.222058113596026008e-01 1.009866713478318358e-22 4.053255950792037515e-03 2.910671468648915773e-03 1.084693145237256105e-03 3.820901020018340200e-01 2.701312932145502263e-03 2.277608067712015691e+04 6.743248068444063392e+03 4.141242590157366067e+03 1.355451754435386125e-01 2.075620856635475502e+04
1.165109025084719785e-03 3.094744679030454755e+08 4.179656677834428549e+08 1.399378512720074356e+08 5.556389558950385332e-01 1.797640707057904303e+08 5.029537619362270900e-23 4.779755529158027799e-23 2.885400024617015666e-23 5.416452309383195107e-01 3.862144430372958682e-23 3.813836606745965672e-03 3.021153290958036690e-03 1.012782837716082098e-03 3.461011863010415857e-01 2.381397857809401143e-03 1.695859792460743120e+04 6.277883633132150862e+03 6.629100119496270054e+03 2.355245373603394310e-01 1.540428129705222818e+04
2.024727429375604119e-03 7.571628852855150402e+07 6.218863118312898278e+07 4.430029845439932495e+07 3.891395970409329275e-01 6.588333130222523212e+07 9.658649884947001091e-24 8.457519904595331321e-24 3.927985202255628619e-24 3.965966258799873412e-01 6.477952356187550020e-24 3.878053393860298338e-03 3.517089369321609905e-03 1.054523032793369935e-03 3.613206413313040932e-01 2.329964669057138157e-03 1.316157351889761776e+04 6.171275245607714169e+03 7.046705193281734864e+03 2.912574113295839373e-01 1.159096536356989964e+04
3.518573004760514565e-03 1.255652154089484178e+07 7.383357755274564028e+06 4.276614651663788594e+06 2.487504498822529220e-01 1.093079686374273151e+07 1.773973790130831533e-24 2.138475473529329707e-24 7.437307616008783392e-25 4.245131198415043605e-01 1.163575491468545235e-24 3.898227204774056421e-03 3.506730522370812841e-03 1.290003270416547948e-03 3.886088234259797991e-01 2.441238888900312820e-03 1.252154885393306904e+04 7.438906124970395467e+03 6.669312652854775479e+03 2.671809586476062148e-01 1.138759382229704352e+04
6.114579083688004638e-03 2.160291095725960564e+06 1.726632849123503547e+06 1.145785273934000172e+06 4.121663182510598711e-01 1.808237875342083629e+06 6.212273635973854029e-25 6.570557338379816736e-25 3.266957773720449865e-25 5.959310913391229203e-01 3.900992289991484688e-25 4.027973810451285740e-03 4.860139968384392939e-03 1.300719608694763958e-03 4.206154230582723752e-01 2.254973054379765841e-03 3.014126238247088259e+04 1.688477697817140142e+04 6.486192764309007543e+03 3.649536770350274018e-01 1.563150305047323491e+04
1.062592059908660722e-02 3.975740718982918188e+05 4.484314456216685358e+05 2.226028064551498101e+05 5.354642166589774765e-01 2.915387584420092753e+05 3.020870975577852363e-25 2.901728118515357192e-25 1.482710248694782062e-25 6.541479923755015857e-01 1.944584899179782676e-25 4.195673338160262403e-03 6.501332194235308684e-03 1.141358004563720148e-03 4.519251757450110651e-01 1.988455377676608387e-03 9.590073878331319429e+04 1.020805244564654131e+05 2.594694706348490945e+04 4.676952884113771969e-01 4.200974397870238317e+04
1.846573362331777393e-02 7.888710184235616180e+04 6.868367321667009674e+04 5.150149943319903105e+04 5.541161568847592367e-01 6.126205931714711187e+04 1.526426010990298366e-25 1.342265226432776290e-25 7.452359087075613490e-26 5.879798106008280456e-01 9.566036912148758207e-26 4.322329274590947824e-03 5.371986074551643106e-03 9.441285390522437303e-04 4.717231976215642830e-01 1.805401952260282227e-03 2.261455445503871306e+05 2.326827454694829939e+05 6.765598723891281406e+04 4.557597136793050674e-01 1.127075464768692909e+05
3.208976719406681638e-02 1.936776277373646371e+04 1.417561808300146367e+04 1.436630438914375191e+04 5.225062752322737758e-01 1.718959658424215013e+04 8.952819773782228757e-26 6.029639815583778089e-26 2.937609756452635914e-26 5.638917218471229953e-01 4.372955275509289693e-26 3.739219459064081243e-03 3.252198993393519769e-03 7.695766388171605254e-04 4.535611518917205820e-01 1.522129960402134443e-03 1.510476852606735891e+06 3.294040096512190648e+05 1.064039443201988033e+05 4.543394938655276327e-01 2.039041875172760920e+05
5.576562402422385878e-02 5.628415911070548646e+03 4.673487720770633132e+03 4.431183767305845322e+03 6.094335716544566628e-01 5.163982572342613821e+03 4.711100548949869017e-26 2.602057594525153070e-26 1.284466985764893546e-26 7.441460526626004768e-01 2.207636153749896388e-26 3.067612208257939049e-03 3.108951419277207993e-03 6.202743965356612718e-04 4.709433603945596403e-01 1.184439064542458855e-03 2.404829009305591229e+06 5.498465883903640788e+05 1.610565049923315528e+05 5.117000979020083218e-01 3.195022530757416971e+05
9.690954764502224261e-02 1.550011297002220090e+03 1.079765793759395820e+03 1.089947265683675369e+03 5.737020850562701835e-01 1.457967729192547267e+03 1.985633283074178543e-26 1.790896253560428246e-26 6.122743307381549982e-27 6.894954898699664492e-01 1.025740177106272721e-26 2.379346606843135703e-03 2.167569527528859837e-03 3.859350132487750261e-04 5.124950049555125897e-01 7.125106457096791598e-04 2.216235028036409523e+06 1.510236234596674331e+06 2.894641402852389147e+05 5.570210985275364513e-01 5.252150521190678701e+05
1.684094922112467918e-01 4.452038848020733894e+02 2.637241978847380324e+02 2.518319265295109233e+02 4.491659182496153813e-01 4.345616081515665883e+02 1.304609207193901851e-26 1.577100754216702182e-26 5.818116756283443215e-27 5.548905831987187565e-01 7.269806034511128209e-27 1.509243146246211495e-03 1.433306279413508032e-03 1.658631192887851833e-04 5.227167350998250805e-01 3.522566958225462931e-04 4.404879341441765428e+06 4.543230107833368704e+06 1.108345396704893792e+06 6.331033205114776630e-01 1.421421088831576053e+06
2.926621551339660399e-01 1.895189392307263745e+02 1.407671220130561380e+02 6.987019014096796354e+01 3.733352237376113547e-01 1.561757606699407290e+02 9.853095977433472636e-27 1.434354557183380266e-26 4.964343813633759105e-27 6.996876331009926897e-01 5.743677640237582509e-27 8.319738621647808233e-04 8.137988555295742844e-04 1.946446165264772250e-04 5.057430552127276657e-01 3.038249445898665675e-04 5.746297834826823324e+06 6.579128813353253528e+06 2.448659273247610778e+06 6.813849145761681214e-01 2.896257868978628889e+06
5.085885357353842062e-01 1.100769006362786655e+02 8.534184029142154770e+01 4.502159269849295242e+01 3.087781476961177218e-01 9.264214653016180989e+01 8.319158695587481053e-27 9.255951784423574211e-27 5.043120342801726479e-27 7.562230784154136964e-01 5.718890794125470112e-27 7.682011076684800745e-04 8.472451408080264226e-04 3.198700059936494637e-04 5.627498245451033609e-01 4.219002004562418928e-04 6.175411860568591394e+06 5.806579435287845321e+06 3.583008482410801575e+06 6.483468445557423188e-01 4.444157561218255199e+06
8.838255788933832013e-01 6.819361877421695795e+01 4.821027053082372760e+01 2.110417600326520216e+01 2.919057604969666486e-01 5.335161414787700807e+01 6.846241926521854052e-27 6.146709220300520912e-27 4.435469154671639929e-27 7.329469806322743697e-01 5.214491082152122007e-27 9.146244368227891526e-04 1.072626273360384810e-03 4.291742047713888045e-04 5.726045806282225037e-01 5.990173624247038288e-04 6.958567512774302624e+06 5.560713127183347940e+06 5.008024565343013965e+06 5.724412757103063409e-01 6.393556801935566589e+06
