# R (Mpc), mean rho (Msol/kpc^3), errup (Msol/kpc^3), errlow, std, median rho (Msol/kpc^3), mean pth (Msol/kpc/s^2), errup(Msol/kpc/s^2), errlow, std, median pth (Msol/kpc/s^2), mean gas-mass-weighted metal (fraction), errup, errlow, std, median metal, mean gas-mass-weighted temp (K), errup, errlow, std, median temp  
#  nprofs 363, mean mh 218068846010.606049, median mh 211965634524.067291 
#  Mass range 11.00 - 11.5
6.704502643857072897e-04 2.472488318585403264e+08 1.965741673552436829e+08 1.753303060379508734e+08 4.361138871396474936e-01 2.275037473314875960e+08 5.846047327671305062e-23 5.550874841162299468e-23 3.859482809855826121e-23 4.877262389191498460e-01 4.969727281558513066e-23 2.631666283942877844e-03 1.257077125657113294e-03 1.427763145102366616e-03 3.439563487165607780e-01 2.561363452624117534e-03 1.727619909162602926e+04 4.006165564790906501e+03 3.114301957797437353e+03 9.529543384183118693e-02 1.696196360452150839e+04
1.165109025084719785e-03 9.680332886857995391e+07 7.666774554475004971e+07 6.095977758676004410e+07 3.669755581347173834e-01 8.760607658459405601e+07 1.353073162762255451e-23 1.125228442486124588e-23 7.311968909997105425e-24 3.818260560022396222e-01 1.147919737354901637e-23 2.396714293901712305e-03 1.151833158335965543e-03 1.363113113440076341e-03 3.198639877358521733e-01 2.354817136900416719e-03 1.204595626533183167e+04 4.214670084874704116e+03 3.700343736740607710e+03 1.569512871057522629e-01 1.190146907409163759e+04
2.024727429375604119e-03 1.951430459865856543e+07 1.405170136262301728e+07 7.437854848719630390e+06 2.783252864687980055e-01 1.652547312078591064e+07 1.901749638966093190e-24 1.412943997669656722e-24 9.166159720018086984e-25 3.905796881654716168e-01 1.460685676160977962e-24 2.316763074537894849e-03 1.240256240454667373e-03 1.180298882292022842e-03 3.264095826168864067e-01 2.196764976277542671e-03 9.558739383256468500e+03 5.100309396210188424e+03 3.946132952356833812e+03 2.221495835950571540e-01 8.636326650168335618e+03
3.518573004760514565e-03 3.334907686014957260e+06 2.363457579039467499e+06 2.162728221298606135e+06 4.211622782161413836e-01 3.134983855553824455e+06 3.387516856294665884e-25 3.508551246124519699e-25 1.711399468017935812e-25 5.512640877780109472e-01 2.323486079899577392e-25 2.042036952562174650e-03 1.596691494156942271e-03 9.533281840276817964e-04 3.483924717421611472e-01 1.684402019964328576e-03 1.043445302479547536e+04 2.479842817277884023e+03 2.976326415221754360e+03 1.836938050832160885e-01 1.007338976562732933e+04
6.114579083688004638e-03 6.843864720173049718e+05 6.461662315204227343e+05 4.516148830671221949e+05 4.788447625916912864e-01 5.958503642235554289e+05 1.354857293263938310e-25 1.764516564021876032e-25 3.544967056799247325e-26 5.293929970824419184e-01 5.919856806823908494e-26 1.572575489993170272e-03 1.215515511434716754e-03 6.118160906269418759e-04 3.477259395259015839e-01 1.162969702124776314e-03 2.512762180283796260e+04 1.216161712720849573e+04 1.421148218334779813e+03 3.140947322235425054e-01 1.170499256463931488e+04
1.062592059908660722e-02 1.064711839677443641e+05 1.037965396954785829e+05 4.300769727851790230e+04 4.465040222171575146e-01 7.176579349313744751e+04 5.841750748704435678e-26 7.105091840207233394e-26 2.682733396279830325e-26 5.665391087323264907e-01 3.553379751376556205e-26 1.372645163477666979e-03 9.258009199315598084e-04 5.446556039832815832e-04 3.343871150543112347e-01 1.002960237345151351e-03 6.425108819745525398e+04 6.997270663719685399e+04 1.961562431841186117e+04 4.469784866294668757e-01 3.117786829488748481e+04
1.846573362331777393e-02 1.610347733394658098e+04 1.624752662716257873e+04 7.352901359397808847e+03 4.443331340375172855e-01 1.100011539588996857e+04 3.264263659852303119e-26 3.614495217196185876e-26 1.852205089845790162e-26 6.143933951600100141e-01 2.385996458058662182e-26 1.292069664262078792e-03 1.055367428437901673e-03 4.817304534016324117e-04 3.563802623866975661e-01 9.310276455366336577e-04 1.973065590162622102e+05 1.842589355991366901e+05 7.851483060166290670e+04 4.278823162429586380e-01 1.288952052557469142e+05
3.208976719406681638e-02 4.530823101126550682e+03 3.138438121020659764e+03 2.890019931365217417e+03 4.316694401377922374e-01 4.052613083772222581e+03 1.769413788387719334e-26 1.509048173729554924e-26 1.022427998760616665e-26 5.679705413555943272e-01 1.390944922097204388e-26 1.065146535000622251e-03 7.824872594691946156e-04 3.829091851161962054e-04 3.485767540318545632e-01 7.413038276491843359e-04 3.820995265930842725e+05 2.059872757681677467e+05 1.263225490952268883e+05 3.655957740928370558e-01 2.499906854801028385e+05
5.576562402422385878e-02 1.559363566171404955e+03 9.114846071216811652e+02 8.754077260179138875e+02 3.640930711562518907e-01 1.486939327268441502e+03 8.417485210276530220e-27 5.354827563223558812e-27 3.361515424225006659e-27 5.004279592949394395e-01 5.862090135390050893e-27 8.510072224496499334e-04 6.301251433451444993e-04 2.542212862636710835e-04 3.225425420770002827e-01 5.663045407349641880e-04 5.093468201642223285e+05 3.157808259866262088e+05 1.090149108729905565e+05 3.690280165116499589e-01 2.701837795689899940e+05
9.690954764502224261e-02 5.113858559044099366e+02 2.909973651199123310e+02 2.248399471532613347e+02 3.297746298598633330e-01 4.775869492620296910e+02 5.829287267256191054e-27 6.180131618623384046e-27 1.588577923429058489e-27 5.276800573741303735e-01 2.763749083089617873e-27 6.606087204953324781e-04 4.349611531733578256e-04 1.568835575834047090e-04 2.931476214889695009e-01 4.343475558571650050e-04 1.127155011828571092e+06 9.475226347871834878e+05 2.634925935465754010e+05 4.827747569080910739e-01 4.514077552053863183e+05
1.684094922112467918e-01 1.931828354142169815e+02 1.215050382323476299e+02 6.970442881704451565e+01 3.066496866773503194e-01 1.667194526513486892e+02 4.888371814318483869e-27 4.933302483120123201e-27 1.744762455472187969e-27 5.399379899835926588e-01 2.412819116503988601e-27 6.330155282471297508e-04 5.364174452840405130e-04 1.688152016437757894e-04 3.163311583458272569e-01 4.048116978700801757e-04 1.900859561507744249e+06 2.164552652742930688e+06 7.420611011637519114e+05 4.798351935269835056e-01 1.104260961681992281e+06
2.926621551339660399e-01 1.060776033722794409e+02 9.184847793704831531e+01 3.047975364612495497e+01 3.086714779412184084e-01 7.535602745194360352e+01 4.435773417872819013e-27 3.848965559502483214e-27 1.787413302448187594e-27 5.369799019907814941e-01 2.522760662235590142e-27 8.386812733835402817e-04 8.655816190628850800e-04 2.934622762741020963e-04 3.643729647062215471e-01 5.333438321577531121e-04 3.150828000030965544e+06 3.368041862682028674e+06 1.400290267334204167e+06 4.599553960045151269e-01 2.145866111952777021e+06
5.085885357353842062e-01 7.022215796162993229e+01 6.165640023270932346e+01 2.076833586166261369e+01 3.135689228952103780e-01 4.779711695486182776e+01 4.217175520545095153e-27 3.560185781280357510e-27 1.573484483813426005e-27 5.317766339618147375e-01 2.255346986960265824e-27 1.197695195831825939e-03 1.047003308895610172e-03 4.801068537239042882e-04 3.852875622142490353e-01 8.450340774978461807e-04 4.017107637997974176e+06 3.338708255812768824e+06 1.872962646563201910e+06 4.015079983505049910e-01 3.302170700238241814e+06
8.838255788933832013e-01 4.809790565459966416e+01 3.896847567740469032e+01 1.566693567345851790e+01 3.014871504403557889e-01 3.468064832851539592e+01 3.993581236593596695e-27 2.919159547140547101e-27 1.309269101483922148e-27 4.586872997872780133e-01 2.166066852525195459e-27 1.390960250993227834e-03 9.975394827363883842e-04 6.392659367172915958e-04 3.195304824902328589e-01 1.225086241431234827e-03 5.184653828934881836e+06 3.126716851094412617e+06 2.287746027330365032e+06 2.807773804262788109e-01 4.721903227580155246e+06
