# R (Mpc), rho (Msol/kpc^3), errup, errlow, std, pth (Msol/kpc/s^2), errup, errlow, std 
#  nprofs 13, average weighted mh 11910133708754.291016
6.704502643857072897e-04 3.266840820112413764e+08 4.231475973451701403e+08 6.348945366017615795e+07 6.216523913510197952e-01 3.011575313837588098e-22 3.949615332669939542e-22 3.612728869254727782e-23 6.916941128072101597e-01
1.165109025084719785e-03 9.985262940060107037e+06 7.929085435651500523e+07 9.959870881119720638e+06 6.840393979106776934e-01 9.005517627979014737e-24 1.910247784542003274e-22 8.794818283731069283e-24 9.730037263271259507e-01
2.024727429375604119e-03 6.119703773464291357e+06 2.098791099896167219e+07 1.682828623952616006e+06 5.317808593586919041e-01 4.505061031576803823e-24 4.126109825984539136e-24 2.801138475916744863e-24 6.524682668377358441e-01
3.518573004760514565e-03 1.461783845663714223e+06 1.039446606235761754e+07 2.933424341028619092e+06 4.657119718443967771e-01 1.344133108038986425e-23 3.447760072711619403e-24 3.150426722127270343e-24 4.981381333400233258e-01
6.114579083688004638e-03 5.425660439568704460e+05 2.145022918616843410e+06 1.040551217855766881e+06 3.796791025644642437e-01 5.756147151299769930e-24 4.428804929057089881e-24 1.245283839790511548e-24 5.356873461700002448e-01
1.062592059908660722e-02 2.314637106627913308e+05 9.259547678387842607e+05 3.023368162297550007e+05 4.143718723001674764e-01 9.536826173734893031e-24 9.561922118078433241e-25 1.730513812589123832e-24 4.642258139290096342e-01
1.846573362331777393e-02 6.534257659793706989e+04 3.637656111555389361e+05 1.520047738405531854e+05 4.876844924941942105e-01 3.573632701407896173e-24 8.174755382294924633e-25 6.739193799972781368e-25 4.118247228448368435e-01
3.208976719406681638e-02 3.217666698704353985e+04 8.881007464924566739e+04 5.635131669686950772e+04 4.062403564800902145e-01 2.250261497523966270e-24 5.945723884193838873e-25 2.703813628521784116e-25 3.162711303885050729e-01
5.576562402422385878e-02 1.646491871708463077e+04 1.841553383731122449e+04 9.630139187861184837e+03 2.513055623461543098e-01 1.587579255675583773e-24 1.556599073105981593e-25 1.732358965064556893e-25 2.931798782662182190e-01
9.690954764502224261e-02 1.090961829500008025e+04 5.678651311218627598e+03 5.442788362852081264e+03 2.395321735932781082e-01 9.106240155071604735e-25 1.356850174237123352e-25 5.351536264927229837e-26 3.152019600872619787e-01
1.684094922112467918e-01 7.891214248674443297e+03 2.955969745275788682e+03 1.223764418157291402e+03 1.918769659948217909e-01 4.622697703018563318e-25 9.400718894588341290e-26 1.954294319781626295e-26 4.403609643809924257e-01
2.926621551339660399e-01 4.875635394999809250e+03 9.936455341734001649e+02 6.884299094114003310e+02 2.725760331416851034e-01 1.865106828642320671e-25 2.793239184102768845e-26 9.626114789039151136e-27 6.013257367843222179e-01
5.085885357353842062e-01 1.422440581171476879e+03 2.358837644254963948e+02 1.736613133907937367e+02 2.554663883351616094e-01 4.475567724337891186e-26 6.289222205733435202e-27 3.051057820955962035e-27 6.754585660591065910e-01
8.838255788933832013e-01 4.909938891726469592e+02 1.097445976915790311e+02 4.318965197547858281e+01 2.498026497468449070e-01 1.164977308249011961e-26 2.084011063716007016e-27 3.761685217098669116e-28 6.952689976309845976e-01
1.535912823470817035e+00 1.793106641783008115e+02 2.539676120262490144e+01 1.482637638370633937e+01 1.919133992090754637e-01 3.441044843051944635e-27 7.530233018082679593e-28 1.604485221783925340e-28 5.344035761548342478e-01
