# R (Mpc), mean rho (Msol/kpc^3), errup (Msol/kpc^3), errlow, std, median rho (Msol/kpc^3), mean pth (Msol/kpc/s^2), errup(Msol/kpc/s^2), errlow, std, median pth (Msol/kpc/s^2), mean gas-mass-weighted metal (fraction), errup, errlow, std, median metal, mean gas-mass-weighted temp (K), errup, errlow, std, median temp  
#  nprofs 336, mean mh 214177930925.442047, median mh 205130634640.389709 
#  Mass range 11.00 - 11.5
6.704502643857072897e-04 8.347450908984015882e+07 8.015911688109605014e+07 4.170557776226280630e+07 3.553025716285515556e-01 6.780857072924230993e+07 4.958416550306055768e-23 8.517784776526961070e-23 1.376436377097957517e-23 6.131649870501091337e-01 1.867346168097682997e-23 3.769863525014547495e-03 2.762778584303583404e-03 2.104071655546449916e-03 3.691285899171707907e-01 3.377685748079783078e-03 3.435051023859527777e+04 2.622226134080676638e+04 4.618073973474532977e+03 2.761793744571336973e-01 2.096554041030757435e+04
1.165109025084719785e-03 2.685269470068390667e+07 1.710247649731147289e+07 8.814511146019410342e+06 2.295397139700176559e-01 2.324653983806627244e+07 1.871635523534223507e-23 3.173448866180342937e-23 3.760683303900536522e-24 5.702153616593976793e-01 6.074421545876650879e-24 3.227379323521332392e-03 3.055077700806162460e-03 1.478953011395044278e-03 3.714953551594536996e-01 2.575362235702212833e-03 4.627260330431148031e+04 6.521694771190475149e+04 3.757009303606009780e+03 3.725995931882332690e-01 1.889451375375086718e+04
2.024727429375604119e-03 6.982533765454375185e+06 3.345727604234519415e+06 3.239522980942784809e+06 2.716230893688971748e-01 6.692022438497611322e+06 4.813894815960638421e-24 7.640562839543856347e-24 1.787760513320246015e-24 6.165970642552214276e-01 2.307482521536402042e-24 2.888599112061024897e-03 3.566362655771670477e-03 1.151354643977628650e-03 4.519255520640784729e-01 1.836123363518761152e-03 6.276074958000874904e+04 1.100689859822974540e+05 5.131567952761663037e+03 4.704708030064397861e-01 1.787371474024398049e+04
3.518573004760514565e-03 1.837369237018242944e+06 1.196942369860284263e+06 9.830591366934229154e+05 3.489432451430807269e-01 1.688928237340172520e+06 7.214048407986383046e-25 1.018768222264865971e-24 3.178246867726023656e-25 6.239890160165261213e-01 3.969162666756203383e-25 2.224774246292586695e-03 2.607008385854863754e-03 1.030593507344447057e-03 5.176521935677855790e-01 1.466689495602917399e-03 4.218352421285622404e+04 5.886665364623688220e+04 2.983986063931726676e+03 4.201555653006134317e-01 1.376893399644677811e+04
6.114579083688004638e-03 4.277880774092389620e+05 4.373622574926452944e+05 1.978363930361097155e+05 3.963245350524107757e-01 3.321510914194644429e+05 1.667063402430548492e-25 2.179475717423785726e-25 7.283122680727652990e-26 5.988830444349800830e-01 9.482316638347616645e-26 1.598661124837376683e-03 1.519230281738725551e-03 9.261401417826574389e-04 5.464013374915178689e-01 1.255214864844237613e-03 4.654011884032827220e+04 7.288452895797374367e+04 7.087091394658989884e+03 4.447020124308082578e-01 1.773108567605073040e+04
1.062592059908660722e-02 6.647424950315400201e+04 5.272927364386290719e+04 2.537060313540791321e+04 3.960035295109273212e-01 4.798525417573377490e+04 6.468109730189228562e-26 7.510508969682847947e-26 3.192511385037225283e-26 5.382759780330246269e-01 4.172509879214315935e-26 1.387648286279270044e-03 1.315805840682074488e-03 6.262385579556229917e-04 4.990948132390192193e-01 1.031724825932341539e-03 1.030208547126347403e+05 1.169116867244472960e+05 4.453187493117793201e+04 4.815771418201910126e-01 5.950398474221641663e+04
1.846573362331777393e-02 1.325186129190308202e+04 1.023524878226143119e+04 6.362918531350547710e+03 3.770598089383467300e-01 1.089671203573853199e+04 3.810605740852100884e-26 4.157511153743232449e-26 1.990755502584791708e-26 5.164798132202780279e-01 2.702854542942419481e-26 1.053132671112297705e-03 8.303486364606511762e-04 5.118351023777778942e-04 5.530544343966332654e-01 8.677411949226164576e-04 2.598988321557592717e+05 1.677002840810404741e+05 1.209810930574696395e+05 3.805258103543512904e-01 1.915924196475031204e+05
3.208976719406681638e-02 4.436159487992623326e+03 2.969312393662674367e+03 1.913830613642893240e+03 3.069147875368995471e-01 3.998886900469359716e+03 1.880053996226244665e-26 1.321608069349841005e-26 9.797083981169442557e-27 4.199047312164315704e-01 1.579842232251744826e-26 8.943248889745349876e-04 5.569474006250431418e-04 3.653399327563588116e-04 3.675169262432397277e-01 7.250727472874286600e-04 3.896893292019689688e+05 1.602964441449189326e+05 1.050116603008467064e+05 3.013670554825289005e-01 2.639411499579006340e+05
5.576562402422385878e-02 1.677853061416095670e+03 9.963695082209460452e+02 6.318437189608260951e+02 2.871360941810623957e-01 1.513204647155121165e+03 8.693723950283124565e-27 6.992602715872454370e-27 2.610977805317836211e-27 3.961162999094074433e-01 5.119813898236124238e-27 7.062645768318732411e-04 4.110093556665898699e-04 2.700759070512269260e-04 2.765816661811791866e-01 5.994870667252599761e-04 4.986015991972553311e+05 2.566534100756185653e+05 7.581334428906443645e+04 3.513931966365187454e-01 2.373888272732052428e+05
9.690954764502224261e-02 5.945811251726540831e+02 3.489329035580490199e+02 2.275437942847473778e+02 2.603531393546144601e-01 5.461157827893966896e+02 5.175928389679259929e-27 4.798597042485103836e-27 1.296005461535808249e-27 5.089617288967751563e-01 1.994890149790139812e-27 6.225092201631170523e-04 3.152278298301307811e-04 1.954224291216510282e-04 2.446631276454149795e-01 5.305672408574523815e-04 7.345427716540109832e+05 5.812535733292584773e+05 1.027014269045831752e+05 4.521740393605718777e-01 2.360597128871500609e+05
1.684094922112467918e-01 2.584470388171718014e+02 1.870284704125405426e+02 9.307890284668624759e+01 2.744902359824257232e-01 2.064936355307343945e+02 3.963081556733576972e-27 4.298465418139821516e-27 8.349735032363445300e-28 7.019175839863748267e-01 1.034719995464710732e-27 5.820621739003750553e-04 2.617451868078015092e-04 1.652236772951070840e-04 2.108848466324020898e-01 5.015719831349901110e-04 9.692335036393621704e+05 1.151306493932459503e+06 2.323124935409801255e+05 5.653802171940185417e-01 3.292170883753499365e+05
2.926621551339660399e-01 1.455933445466884848e+02 1.377222864179188093e+02 4.245855351037944558e+01 3.172205662318265951e-01 9.834568200180558506e+01 3.474178546902389861e-27 3.728896256872902071e-27 6.772075674804918684e-28 8.526577057196681464e-01 7.492671842506111348e-28 5.791386191516868266e-04 2.988273474876973522e-04 1.502015753307753515e-04 2.321549026234269175e-01 4.617047942774262295e-04 1.208775118492811918e+06 1.674377307590830373e+06 4.408017133659867104e+05 6.467668582898365992e-01 5.173751450271161739e+05
5.085885357353842062e-01 9.819961348566528159e+01 8.873604821099232254e+01 2.896493168934131290e+01 3.426586217971880899e-01 6.271309631805408458e+01 3.515221217603967813e-27 3.308320733040898110e-27 6.599854219005314363e-28 8.842403551388510197e-01 7.118192555053324739e-28 6.489885066991243640e-04 6.002199477412747085e-04 1.849931130757945458e-04 2.903482222060648210e-01 4.514470316667885518e-04 1.522085704081406817e+06 1.776849254518896341e+06 7.347920521600256907e+05 6.583624041142144279e-01 8.231052951274071820e+05
8.838255788933832013e-01 6.518982700915017858e+01 4.142838420725817627e+01 2.079394376512859566e+01 3.458297740106609508e-01 4.094284400630397158e+01 3.885609167335647967e-27 2.544422824173531744e-27 5.823861049098509347e-28 9.370119888332197888e-01 6.382475044792682584e-28 6.534214734332121797e-04 5.939107959073075191e-04 2.918992765149176034e-04 3.306765827142189029e-01 5.177347213669619870e-04 1.938589934425115120e+06 2.215404564231275581e+06 1.224552559948486509e+06 6.772537403990336324e-01 1.357932250205604825e+06
