# R (Mpc), mean rho (Msol/kpc^3), errup (Msol/kpc^3), errlow, std, median rho (Msol/kpc^3), mean pth (Msol/kpc/s^2), errup(Msol/kpc/s^2), errlow, std, median pth (Msol/kpc/s^2), mean gas-mass-weighted metal (fraction), errup, errlow, std, median metal, mean gas-mass-weighted temp (K), errup, errlow, std, median temp  
#  nprofs 267, mean mh 546503905682.341858, median mh 503149247173.047241 
#  Mass range 11.50 - 12.0
6.704502643857072897e-04 2.206152644395508468e+08 2.094017060751953125e+08 1.213253846448840499e+08 4.221910495111202977e-01 1.782211755770235062e+08 7.612696174515259137e-23 7.812789095834448308e-23 4.006454920665889461e-23 5.402925106296684321e-01 5.082650102218725682e-23 2.644667761590928628e-03 1.323405134475529824e-03 1.594147246548953097e-03 3.306698182762032312e-01 2.610000847109399894e-03 2.170565653548830596e+04 5.363051174608790461e+03 4.244620500205204735e+03 1.167089671131867623e-01 2.080904949905286776e+04
1.165109025084719785e-03 1.122990622508067042e+08 9.562020230011224747e+07 6.631730771316773444e+07 3.596434101871106570e-01 9.766387139375028014e+07 2.820112322128500456e-23 2.738260354007156859e-23 1.344840247385768703e-23 4.373738867435398858e-01 1.977146531225982811e-23 2.366091179548700414e-03 1.219110499102575487e-03 1.333935590357007489e-03 3.214940535202190364e-01 2.301726061712900881e-03 1.922418994023612322e+04 4.208014430475010158e+03 3.521359682348887873e+03 1.716402383386736730e-01 1.611824360356253965e+04
2.024727429375604119e-03 3.223805223952788115e+07 2.426467053651877493e+07 1.652291756362188235e+07 2.952543608229772909e-01 2.852659496728647500e+07 5.360339673924637832e-24 6.656261924477027913e-24 1.765215142115856378e-24 4.275386826185783029e-01 2.957416458447587263e-24 2.267910173011672414e-03 1.174387275099030622e-03 1.327622445991906690e-03 3.362666199142967383e-01 2.246498121522610969e-03 1.340792686677130587e+04 6.751289748613347911e+03 4.721229118552080763e+03 2.493983550020612283e-01 1.103623216241087357e+04
3.518573004760514565e-03 6.241053850344642065e+06 3.842210632161414251e+06 2.112930101299169473e+06 2.512271951094224298e-01 5.438092931063881144e+06 1.889374981280272345e-24 2.857579758997715040e-24 6.735767205474893091e-25 5.298176022127457641e-01 9.559803258514682263e-25 2.177091083654405807e-03 1.361071518331476854e-03 1.374495605878601080e-03 3.576675356225592628e-01 2.136853323884565191e-03 2.374156587465276243e+04 2.652176498502766481e+04 6.780004111153883059e+03 3.347286420957445441e-01 1.498195456597655539e+04
6.114579083688004638e-03 1.114798029979993589e+06 8.360811798156907316e+05 6.649906335644626524e+05 3.425441869065384837e-01 9.975163103009529877e+05 9.670817927814006742e-25 1.062150525275603878e-24 4.581652296913501532e-25 5.741688560220895576e-01 6.020356104243605955e-25 1.914072876691847976e-03 1.403114640396803739e-03 9.823227801529200130e-04 3.537752551374256926e-01 1.705421193575700108e-03 1.012818551993408764e+05 8.006670739747428161e+04 3.423967893136357452e+04 4.887161136378960768e-01 4.723215836554455745e+04
1.062592059908660722e-02 1.838320527944270580e+05 1.493774945692897891e+05 6.818218087620587903e+04 3.225238621933658734e-01 1.359795802371758036e+05 5.194892602649357060e-25 5.492238940831739747e-25 2.554624607318471623e-25 4.337525545469110289e-01 4.005602592560609567e-25 1.600376687314125678e-03 1.089158731329750458e-03 7.959375016248508485e-04 3.139192483908534448e-01 1.412350002386915469e-03 2.768720912585017504e+05 2.476942226225865888e+05 1.465693688367913710e+05 4.412908888808687591e-01 2.085826632920574630e+05
1.846573362331777393e-02 3.574282761920095072e+04 2.064779270138561333e+04 1.180046841287531424e+04 2.751900283396803149e-01 3.028114823574097318e+04 2.312575769594102950e-25 1.631559207581663026e-25 1.010115802315995739e-25 3.516376835164972126e-01 2.009128408476567669e-25 1.285108682792207189e-03 9.990681971874678345e-04 5.843448489782970476e-04 3.378551954080700748e-01 1.066255219622916969e-03 5.001288830609198194e+05 2.202137958309380338e+05 2.071866795151124243e+05 2.824975536755213179e-01 4.737497069259983255e+05
3.208976719406681638e-02 1.099300000268808799e+04 5.672985637022578885e+03 3.394882659546869036e+03 2.426686777209318135e-01 1.004113178389465975e+04 9.118838318962396163e-26 6.270321638539741708e-26 3.269538131839214685e-26 2.919162634354954267e-01 7.572843010465402541e-26 9.922420655582285011e-04 8.396806456177521687e-04 4.426646841088916623e-04 3.411689502844034161e-01 7.636096155459106295e-04 6.093895989378952654e+05 2.188812668939532014e+05 1.729457319339573733e+05 1.844323066644015241e-01 5.657828632325002691e+05
5.576562402422385878e-02 4.023680213581571024e+03 1.971997751143270307e+03 1.302300566964631798e+03 2.452199919886055290e-01 3.733471270492249005e+03 3.715291816268272390e-26 2.998222581491838814e-26 1.439698644189367908e-26 3.080110455101819356e-01 2.879205381943484586e-26 6.944059782635750083e-04 5.401521440417600883e-04 2.877741994001464321e-04 3.281983410544542235e-01 5.322986255971987784e-04 8.340617877900585299e+05 2.954974116550753824e+05 1.555415280516429339e+05 2.488172659121909713e-01 5.467124625283656642e+05
9.690954764502224261e-02 1.434579677567008957e+03 6.984631738339501226e+02 4.798391065671755769e+02 2.203975129581474957e-01 1.334230316267735589e+03 1.507615792214327033e-26 1.153132904748955044e-26 5.549734340774925997e-27 3.808592460907804789e-01 9.700041144912293603e-27 4.352488250039497630e-04 2.871289146056935277e-04 1.344860983974265588e-04 2.687799755448315175e-01 3.218782965732067450e-04 1.232797533254055073e+06 4.402217432323747780e+05 1.656801342031476670e+05 3.365550918047928164e-01 4.749711445896425284e+05
1.684094922112467918e-01 4.715535929639401047e+02 2.589027162874887722e+02 1.524379026068963299e+02 2.226430915433706692e-01 4.136284627115886110e+02 7.643101754181066418e-27 7.814362788985598017e-27 1.835316311481897713e-27 5.539583369505032273e-01 2.720676576009814560e-27 3.365233862877923111e-04 2.147608464891671560e-04 8.164143810817227169e-05 2.246132969104468746e-01 2.637418682829697288e-04 1.230736739440217381e+06 1.133267696746687638e+06 2.203599050148692331e+05 4.699629726041635314e-01 4.252791609308592160e+05
2.926621551339660399e-01 1.892173421979805994e+02 1.502818073359545963e+02 5.795515526924337735e+01 2.797680970482367968e-01 1.400272813294481864e+02 5.283508434452144901e-27 6.387937773456371132e-27 1.083185476556247083e-27 7.938657862228621909e-01 1.232655989677088467e-27 3.584673027630838724e-04 2.015197654329398699e-04 6.703171761460784898e-05 2.565164107867962673e-01 2.322588946009932441e-04 1.588390317210072884e+06 1.944808349499020027e+06 4.879016719518449390e+05 6.170926238225781235e-01 6.068097521275354084e+05
5.085885357353842062e-01 1.053163751435074715e+02 9.617598512047193537e+01 2.819279355268740517e+01 3.346234839295656460e-01 6.315448257023864187e+01 4.903160384967296178e-27 5.077677685742728906e-27 9.426849200367252035e-28 9.108181267115214030e-01 1.009144316448065839e-27 3.997782045653826386e-04 4.101266495749707674e-04 9.015249711299153177e-05 3.391917747295656871e-01 2.218846116054925882e-04 2.177266668543577660e+06 2.829977571456254460e+06 1.005248547690907842e+06 6.850924691392794585e-01 1.106927137099154526e+06
8.838255788933832013e-01 7.382071050078083374e+01 7.358106712070667754e+01 2.014373427939785444e+01 3.759644923550881090e-01 4.099835183472679034e+01 5.549144477175380152e-27 4.921904675968548927e-27 8.313791501344488382e-28 9.521847922688573274e-01 9.335424780401018040e-28 5.100009385799896986e-04 5.708485075414438704e-04 2.194805645931443509e-04 3.965134499094987719e-01 3.503942666682173133e-04 2.764091688265664969e+06 3.172903577676650137e+06 1.659587558506169589e+06 6.839126053344930511e-01 1.899644706957423827e+06
