# R (Mpc), mean rho (Msol/kpc^3), errup (Msol/kpc^3), errlow, std, median rho (Msol/kpc^3), mean pth (Msol/kpc/s^2), errup(Msol/kpc/s^2), errlow, std, median pth (Msol/kpc/s^2), mean gas-mass-weighted metal (fraction), errup, errlow, std, median metal, mean gas-mass-weighted temp (K), errup, errlow, std, median temp  
#  nprofs 117, mean mh 213502400218.264221, median mh 208895729757.282532 
#  Mass range 11.00 - 11.5
6.704502643857072897e-04 6.463839395071619004e+07 7.012881137114652991e+07 1.935904805453192443e+07 4.218706051950670832e-01 3.616091050878089666e+07 4.070280954499439186e-23 4.035077356147592026e-23 5.856659560760599164e-24 6.850173796112698499e-01 8.278978986585304902e-24 4.425183212472108552e-03 2.187997515030684452e-03 2.404342569797775220e-03 3.040038521883006162e-01 4.390719950064503156e-03 3.824581993996468373e+04 9.650946811793011875e+03 3.249831831628751388e+03 2.792255565276077767e-01 1.886091731791595521e+04
1.165109025084719785e-03 3.420398597340730578e+07 2.816721194657386094e+07 1.284041471308205277e+07 3.661830963350831691e-01 2.400185134429737180e+07 2.216357305176630895e-23 2.444724282719504705e-23 3.968068995204211924e-24 6.608719423538073068e-01 5.454205411027947447e-24 3.778046136121537835e-03 2.093665263949525627e-03 1.920558830633344385e-03 2.744747724930357013e-01 3.531715277001747002e-03 2.819784652089649535e+04 2.802855382663799537e+04 3.253386067872883359e+03 2.603143711149589201e-01 1.830201013346479886e+04
2.024727429375604119e-03 1.385456635459773429e+07 7.877681062702592462e+06 5.511287751837624237e+06 2.442129484729062827e-01 1.216954220720426366e+07 8.685072341172671355e-24 1.206884943971220313e-23 2.078636005034523744e-24 5.745156779997883101e-01 3.018871024521856011e-24 3.018068094966717702e-03 1.710076521385069277e-03 1.560076415315435339e-03 2.820708006055290817e-01 2.805095355299675602e-03 3.474416532828762138e+04 3.691731557568346761e+04 3.574626922132451000e+03 3.072893111781965780e-01 1.843541991641411005e+04
3.518573004760514565e-03 5.192022738949691877e+06 2.278994833745034412e+06 1.188163083716499619e+06 1.592707694851360212e-01 4.697076696383042261e+06 2.601308026601183421e-24 3.394050484750900556e-24 8.476306533458674098e-25 4.795987196456830692e-01 1.315094165515901689e-24 2.318929932466822896e-03 1.356296261714161951e-03 1.190960845259997651e-03 3.039075803770068807e-01 2.111496913858095566e-03 3.552675425288399128e+04 4.021217001896576403e+04 5.837872455294065730e+03 3.144567707526766398e-01 1.960489096286134009e+04
6.114579083688004638e-03 1.631190872594186105e+06 5.671578216664989013e+05 7.067077915626154281e+05 1.994631664395827286e-01 1.616178028789071599e+06 7.395599309095616120e-25 7.326394842513333848e-25 3.312915229783281295e-25 3.808737701028714895e-01 5.316467084044167117e-25 1.872657173377113892e-03 1.061963571933696986e-03 9.056079720616439649e-04 2.989687075932958016e-01 1.591742531936575240e-03 4.309785200378135778e+04 3.943936018693975348e+04 1.249909157881212195e+04 3.290993158216596881e-01 2.642397371981208198e+04
1.062592059908660722e-02 4.079861427814812632e+05 3.221901066568956594e+05 1.954243901802978944e+05 3.213659137303271907e-01 3.452912798710167990e+05 2.384331971105061640e-25 2.038593674357207542e-25 1.065023127116160349e-25 3.785807983090722639e-01 2.007355632864336189e-25 1.741988826374180543e-03 1.508330366591433859e-03 7.436907946536161062e-04 3.122380518126122717e-01 1.358859597113312376e-03 6.076868834878335474e+04 6.299566123108032480e+04 1.670013939638287411e+04 3.404691190621390029e-01 3.716387430201782990e+04
1.846573362331777393e-02 8.110550253700649773e+04 7.331263962546789844e+04 3.583893702674813539e+04 3.096530484797024863e-01 6.645221905717816844e+04 7.761285028026426445e-26 5.424259603237603447e-26 2.855808354767442996e-26 2.772469143666065339e-01 6.731252747812841546e-26 1.786218233923089673e-03 1.448506448353770138e-03 7.171274986505621601e-04 2.929065745964446466e-01 1.394046066875163090e-03 9.437186276919936063e+04 6.784842103776428849e+04 4.008007619177587185e+04 2.915779034941935466e-01 7.563333704976187437e+04
3.208976719406681638e-02 1.739984647405070427e+04 1.159089623234981991e+04 4.264789794029866243e+03 2.367634038498647453e-01 1.442382879370473529e+04 2.413971768505039439e-26 1.353273441197496767e-26 8.682526944119076351e-27 2.437026469749065394e-01 2.199415133082709151e-26 1.813123342914066318e-03 1.112370796075671207e-03 7.508326515741467391e-04 2.489657023371253941e-01 1.578479322728803570e-03 1.172064155630796158e+05 6.520690711090661353e+04 3.709421807643379725e+04 2.049382286121625152e-01 1.014447709836995928e+05
5.576562402422385878e-02 5.795680181396111948e+03 2.234974793680045877e+03 2.171232896514714412e+03 2.215221728436852777e-01 5.523966235888198753e+03 9.297599608013359379e-27 6.576113472810176987e-27 3.355000312480001602e-27 2.410824124454092610e-01 8.096321432277414091e-27 1.627496512572235501e-03 7.839693237619560755e-04 6.642004066480956120e-04 2.261963112125912612e-01 1.484406943408134562e-03 1.299168508737250959e+05 5.830209861555666430e+04 3.210423360971736838e+04 1.890098383622678402e-01 1.099018379578371532e+05
9.690954764502224261e-02 1.780469566087560224e+03 8.851919118716773482e+02 5.191153212430249368e+02 2.005948641809636723e-01 1.648185174495695264e+03 3.928476242838996613e-27 3.100574509361322707e-27 1.140244243679503253e-27 2.821106400920502244e-01 2.762822101201511547e-27 1.278006045246952386e-03 6.563973622291442191e-04 4.828075056402144054e-04 2.256825207033711089e-01 1.145383032205587624e-03 2.048570433519810322e+05 9.018044415812898660e+04 4.931461883773939917e+04 2.888336571341001968e-01 1.309206275542672374e+05
1.684094922112467918e-01 5.733467123342129526e+02 2.650047311517222397e+02 1.446306205467752761e+02 1.903464933124537073e-01 5.180217600661093229e+02 1.971340372399864823e-27 2.332008296622397669e-27 7.928839233777397398e-28 4.064987344083466625e-01 1.249226038794291405e-27 8.831570754221370429e-04 5.023360032391317644e-04 3.668656839434462219e-04 2.446995959124083075e-01 7.737145028688689405e-04 3.617039058227782953e+05 2.864796176489728969e+05 8.289682612287340453e+04 4.049537886673535980e-01 1.558165664952695079e+05
2.926621551339660399e-01 2.135851520050378838e+02 9.602990431636558810e+01 6.138078356893379350e+01 1.852519411268385707e-01 1.899639903389835069e+02 1.425258211844730885e-27 2.038324612447404090e-27 6.267647190185195055e-28 5.665433625891379554e-01 7.638189153461040324e-28 6.107825214600964923e-04 3.787130864891013397e-04 2.395700753601433491e-04 2.856620239353950819e-01 4.833439289894195267e-04 5.892781284337512916e+05 7.166179992954975460e+05 1.892466700896186521e+05 5.273572954420148173e-01 2.517805931571466499e+05
5.085885357353842062e-01 1.084292706880495132e+02 5.643561658247857338e+01 3.424550361311811741e+01 2.025265060005783380e-01 9.570192945730521217e+01 1.204141123759973236e-27 1.352876867465439942e-27 5.388471731277843382e-28 6.670640187071389393e-01 6.176098414715003160e-28 5.493387579215421685e-04 6.080745137686116445e-04 1.904829776077900051e-04 3.715817627390174405e-01 3.428528741696209572e-04 8.662278626392232254e+05 1.141036291064503370e+06 3.245422173622960690e+05 5.933792935257042878e-01 3.987479848074380425e+05
8.838255788933832013e-01 5.682785246876600382e+01 3.582235132055836146e+01 1.874277891007616859e+01 1.943108214469518036e-01 5.036617169147609019e+01 9.618261777792588351e-28 1.165627437520484023e-27 4.285042518641796881e-28 6.725223211925696054e-01 5.173256611017017653e-28 5.791360293723169222e-04 6.720790293483910275e-04 2.915338315489591548e-04 4.712339870628923788e-01 3.961833366877543752e-04 1.106856861090594903e+06 1.178878081623551901e+06 5.830928202149569988e+05 5.641998273011578080e-01 7.636381786641123472e+05
