# R (Mpc), mean rho (Msol/kpc^3), errup (Msol/kpc^3), errlow, std, median rho (Msol/kpc^3), mean pth (Msol/kpc/s^2), errup(Msol/kpc/s^2), errlow, std, median pth (Msol/kpc/s^2), mean gas-mass-weighted metal (fraction), errup, errlow, std, median metal, mean gas-mass-weighted temp (K), errup, errlow, std, median temp  
#  nprofs 174, mean mh 547305652041.483459, median mh 493240583815.139038 
#  Mass range 11.50 - 12.0
6.704502643857072897e-04 1.154252488516203910e+08 1.299073512144804150e+08 6.259846409614636004e+07 5.206272523982365952e-01 7.870692405129109323e+07 8.213364072231388891e-23 1.282926029933027776e-22 2.690560243769928364e-23 8.315584128499415861e-01 2.891169543014281156e-23 6.359418481220780600e-03 3.522947045853805359e-03 1.452372844225282948e-03 1.936075381471198675e-01 5.376027435711710004e-03 6.131603892975096096e+04 2.451256539249555499e+04 6.950480837347862689e+03 4.108766981309935895e-01 2.350504363035452843e+04
1.165109025084719785e-03 4.825764949421665817e+07 5.856559602218673378e+07 2.179602068545081466e+07 5.523017063312615216e-01 2.724036625823185593e+07 4.120195277461828545e-23 5.218912101629736253e-23 1.071269175072960472e-23 9.048948370982375922e-01 1.120065941518297316e-23 6.516351932369756142e-03 3.054669279129229587e-03 2.247002043685134183e-03 2.254387148360414428e-01 5.958056340475593668e-03 6.281014940353644488e+04 5.435008453462237958e+04 9.802771343343418266e+03 4.360591651475794195e-01 2.231909380876558134e+04
2.024727429375604119e-03 1.813954313257469237e+07 1.815658695202779770e+07 9.859360012882644311e+06 5.107586144033403608e-01 1.328033309717442282e+07 1.900072045793476027e-23 1.669428806461767990e-23 4.659535589116232529e-24 8.811276413495786608e-01 5.102856854011394318e-24 6.416381516340430996e-03 2.817303868177876980e-03 1.975896159887331662e-03 2.263050848566929008e-01 5.561010155109019290e-03 9.150692011014680611e+04 6.658242868253252527e+04 1.014462470269688492e+04 4.615414795232279377e-01 2.225516397655283799e+04
3.518573004760514565e-03 6.955944080258631147e+06 4.376876985763588920e+06 3.205238855148841627e+06 2.597255822830494831e-01 6.390726797002719715e+06 5.520426862038354400e-24 5.537138560507994770e-24 2.444450254815070959e-24 5.739229213698552323e-01 3.170385795359215446e-24 6.252189020145319451e-03 2.569277709358524196e-03 1.810450019888054651e-03 2.578011501139922390e-01 4.939122216518783588e-03 5.574326474452023103e+04 4.082667624497390352e+04 1.938322040277124688e+04 3.705378323692374853e-01 3.436435997802666679e+04
6.114579083688004638e-03 2.099787104512426537e+06 1.166936818989216350e+06 1.124867205429823603e+06 3.227985136128362909e-01 1.885711526987712365e+06 1.758594873731556263e-24 1.826869132228557646e-24 7.474687281069763414e-25 5.464565846904501090e-01 1.093620915214678645e-24 5.468689906876483299e-03 2.311323109194011148e-03 1.503689444103720272e-03 2.796773306929113412e-01 4.081973269887511670e-03 6.705015236677973007e+04 5.048841369117215800e+04 2.347023966342206040e+04 3.678227531710433484e-01 4.345121980311522202e+04
1.062592059908660722e-02 3.806406614227785612e+05 4.176170222468479187e+05 1.508312527711021830e+05 4.121907755319506594e-01 2.638468121889099129e+05 5.319049971072481993e-25 5.751379282142455815e-25 2.063918550044146618e-25 5.990795491172511422e-01 3.214101306351304343e-25 5.172039546189125848e-03 2.588629372977031915e-03 1.181435573575809889e-03 2.988456546113328893e-01 3.598179666219736891e-03 1.237923528178257548e+05 1.667632004893415142e+05 4.064818983817351545e+04 4.338941596985924076e-01 7.488140574657345132e+04
1.846573362331777393e-02 7.361885545740036468e+04 5.965008418398020149e+04 3.620236715561299206e+04 4.275988836441007024e-01 5.529433536454830028e+04 2.008955336318247424e-25 1.874561864156069550e-25 9.566180176802375222e-26 4.752642377277617181e-01 1.488502323835987859e-25 4.697767947403437214e-03 1.921166048112143802e-03 1.572704558052585334e-03 2.862622932097541040e-01 3.579214110075563948e-03 2.689556504061363521e+05 2.377239283361388370e+05 1.083563917282035691e+05 3.905169358058935281e-01 1.904388885798164411e+05
3.208976719406681638e-02 1.939648022742646208e+04 1.474258989157606993e+04 9.924292621039334335e+03 3.737920986104320553e-01 1.578052348868182889e+04 7.328740880012491809e-26 5.613797119855079120e-26 3.193016545314437179e-26 3.540908684061966905e-01 5.790774465786991530e-26 4.276829363701448519e-03 1.522955307323658157e-03 1.396366664767860130e-03 2.704035126151362878e-01 3.352342752605950993e-03 3.781814214642173029e+05 2.724686434375040699e+05 1.277421720353137061e+05 3.082636953339244479e-01 2.671959039799838793e+05
5.576562402422385878e-02 6.298200025807656857e+03 3.862638767069969617e+03 3.587663394363042244e+03 3.486848840369498603e-01 5.799377092484590321e+03 3.080779482523784097e-26 2.109457431746242486e-26 1.113195812323976984e-26 3.185824405800232184e-01 2.335363311239398153e-26 3.373533164804442836e-03 1.387807191099058902e-03 1.150688490051071308e-03 2.634704954940860211e-01 2.903045995701183761e-03 4.801935733694535447e+05 3.398745356396528077e+05 1.272599129702259379e+05 3.042967068943939757e-01 3.232073378300746554e+05
9.690954764502224261e-02 1.871623508522495058e+03 1.092862753377087756e+03 9.054216368463210074e+02 2.922929235223098443e-01 1.768048490702339222e+03 1.374302952965692400e-26 1.086357897637151119e-26 4.141388995213280548e-27 3.531639351088812773e-01 9.053552466549739176e-27 2.396235302907230580e-03 1.126389134910191301e-03 9.359240441676787165e-04 2.623840954119640023e-01 2.143996441922391052e-03 7.063162098765008850e+05 6.199772705977945589e+05 1.319858903533006669e+05 3.520011056170445074e-01 3.566835663042033557e+05
1.684094922112467918e-01 5.433765355075543084e+02 2.825982371596144276e+02 2.386887779786918600e+02 2.480754786907019005e-01 5.313630661385844860e+02 6.600154995249825598e-27 5.820711642330281366e-27 2.073042022441227837e-27 3.988871624611580735e-01 3.942607473976484346e-27 1.625443894746008257e-03 8.899896883180075102e-04 9.155237912298523715e-04 2.907455245342884242e-01 1.498785692678968311e-03 9.746504593567961128e+05 1.030817408419203246e+06 2.528122354234200320e+05 3.617713016956106142e-01 5.563694010873942170e+05
2.926621551339660399e-01 2.012797297001600043e+02 1.081995397189125754e+02 6.556941610218400740e+01 2.278947864364000708e-01 1.795839100458724431e+02 4.078339395207225700e-27 4.330978391250663651e-27 1.534439374667201960e-27 4.378789441377866631e-01 2.492644772638405758e-27 1.127346627005603678e-03 9.811091429176078439e-04 5.837946063925911980e-04 3.380101823092204194e-01 9.158325349624044489e-04 1.498567299927689135e+06 1.163529486930381041e+06 5.405924708172644023e+05 3.708342905933775246e-01 1.009500744592340663e+06
5.085885357353842062e-01 9.861999336371388836e+01 7.704065663640153616e+01 3.051393049028958870e+01 2.503375818839132516e-01 7.929691729774097553e+01 3.341836632219475850e-27 3.450283770292596999e-27 1.098061997634258737e-27 4.728969175419668880e-01 1.892520924170081027e-27 9.674699368873520850e-04 9.973703679610269098e-04 4.625763576538798440e-04 3.977566870472666882e-01 7.088218744442673167e-04 2.437904973430004437e+06 2.319830628716626205e+06 1.016442412953445455e+06 3.836377507993536939e-01 1.792030736531053437e+06
8.838255788933832013e-01 5.598214305259470081e+01 3.389130840591987948e+01 2.229072715834086438e+01 2.419219186452820358e-01 4.954746633365054009e+01 2.868481306007568574e-27 2.881169827089279701e-27 1.079731322335842850e-27 4.557629403774013377e-01 1.757983531621810930e-27 9.348839982154590359e-04 8.495051930501723841e-04 4.134400446445087376e-04 3.717144596723767069e-01 7.396178807044585021e-04 3.472731275841826573e+06 2.439682447653882671e+06 1.694343518844141625e+06 3.334122316673283626e-01 2.983758492765152361e+06
