# R (Mpc), mean rho (Msol/kpc^3), errup (Msol/kpc^3), errlow, std, median rho (Msol/kpc^3), mean pth (Msol/kpc/s^2), errup(Msol/kpc/s^2), errlow, std, median pth (Msol/kpc/s^2), mean gas-mass-weighted metal (fraction), errup, errlow, std, median metal, mean gas-mass-weighted temp (K), errup, errlow, std, median temp  
#  nprofs 131, mean mh 541922892943.877869, median mh 508047930086.943298 
#  Mass range 11.50 - 12.0
6.704502643857072897e-04 6.775925386950311065e+07 7.624903669193521142e+07 2.325183364207456633e+07 4.349078861824582365e-01 3.702066375576879084e+07 1.605076033352599835e-22 9.331499495604761349e-23 1.322233788913307209e-23 9.248853882600142073e-01 1.557236453472748727e-23 7.493296179203917315e-03 3.489107628919818974e-03 2.559785743199804835e-03 3.432408081002241151e-01 6.945399736671889826e-03 1.043114867954985675e+05 1.244984823246667802e+05 7.925201165645208675e+03 5.640680465870058224e-01 2.229140137928937474e+04
1.165109025084719785e-03 2.670488834461040422e+07 4.698436003874046355e+07 6.214784602477436885e+06 5.182183404671256710e-01 1.095590951154194027e+07 5.566378411235639577e-23 1.991864223527649748e-23 2.734540790157681008e-24 9.640544832057811320e-01 3.114187946334687639e-24 6.440152428800562968e-03 3.427798841521023133e-03 1.843990400944145285e-03 2.443057948233866850e-01 5.738021981329595976e-03 8.211415116886817850e+04 1.162963326603474852e+05 6.045755448653575513e+03 5.119427894780339550e-01 1.860558199128930573e+04
2.024727429375604119e-03 8.388793635210549459e+06 1.237634580186806619e+07 3.587661259041980840e+06 5.554927704375351993e-01 4.695674640132828616e+06 2.462262244080214819e-23 2.688344520710746227e-23 6.713387791930627180e-25 1.129347783372213421e+00 7.571149656049332297e-25 6.721521991002270963e-03 3.246082521991420534e-03 1.865771791182724813e-03 1.981712670190946823e-01 6.116828928600471192e-03 1.425040952419779787e+05 1.383869581704355951e+05 4.302250258425725406e+03 6.396322390530191360e-01 1.430338760067107069e+04
3.518573004760514565e-03 4.745481006597584113e+06 2.939124602203558199e+06 1.591568147895291448e+06 2.517853102528058162e-01 3.979315744990247302e+06 6.045545405666204735e-24 9.574674498705463271e-24 7.916099714615054552e-25 7.365730289940859432e-01 1.053590033168988769e-24 6.887274963665003351e-03 3.018508296675758221e-03 2.329892832604246473e-03 2.100217052127568429e-01 5.985433183166652057e-03 9.873640625538901077e+04 1.298167450112947554e+05 5.446986778635184237e+03 5.401570449332235846e-01 1.735997531295166846e+04
6.114579083688004638e-03 1.926817494572944706e+06 1.067903538488042541e+06 1.140783834088712465e+06 3.532015139720154351e-01 1.829541860378504265e+06 3.226598868579481417e-24 3.958275894591315612e-24 1.202180307109505169e-24 6.678452649608612735e-01 1.483200142347324141e-24 5.792396033539301547e-03 2.547747527975881277e-03 1.915918641578296527e-03 2.270583908699012610e-01 4.877923719633165713e-03 1.377228101992796292e+05 1.639117215218738129e+05 5.292275850947068830e+04 5.213693748373865455e-01 7.143952177934732754e+04
1.062592059908660722e-02 4.512242401011963957e+05 5.055722897536783130e+05 2.750353444932817947e+05 4.563579773698855924e-01 3.596498232616765308e+05 8.563069620061414515e-25 9.684811265456100785e-25 4.256575135442145524e-25 5.592010721703316589e-01 6.224342747235396094e-25 4.763821127198093752e-03 2.828298949607682342e-03 1.153789339887698398e-03 2.501937257757734234e-01 3.508548472252155138e-03 2.283489004133462731e+05 2.338571839383851329e+05 9.011942844688540208e+04 4.951086052506792901e-01 1.332189212237027532e+05
1.846573362331777393e-02 8.534511153721487790e+04 1.239305886549012503e+05 3.341838155342958635e+04 4.442311624969668693e-01 5.572223153260198887e+04 3.285143935896960067e-25 3.080630410471354401e-25 1.145917455096023591e-25 5.156257711132320454e-01 2.418863072294054819e-25 3.845629088786394183e-03 1.691624646183980969e-03 9.503886761915714132e-04 2.630391986526152137e-01 2.890959267699276612e-03 4.190346615120558417e+05 4.113883653714941465e+05 1.834867250035080360e+05 4.193062544486546028e-01 3.044599132301993086e+05
3.208976719406681638e-02 1.845827652368576673e+04 1.353707600156227454e+04 7.069413104986191684e+03 3.401447971099651468e-01 1.421552802280504147e+04 1.137456227650344665e-25 8.766447429602615530e-26 4.178455890724838737e-26 3.953506964734380125e-01 8.649859359142596364e-26 3.067367455689015265e-03 1.579107205601588872e-03 7.833236950812133385e-04 2.210666601463839032e-01 2.551002981467538015e-03 5.050259332509238739e+05 2.786662438587768702e+05 1.729532778442403651e+05 2.746723934934036659e-01 4.231239121235067723e+05
5.576562402422385878e-02 6.417202468562041759e+03 3.622659583372896122e+03 2.344529664588852938e+03 2.955698662505866214e-01 5.885134741593073159e+03 4.119040557705410368e-26 3.688385139042790613e-26 1.485168785715426830e-26 2.939424649255945043e-01 3.286522196716952349e-26 2.378015356762879038e-03 1.176032663196980004e-03 6.124107102987341907e-04 1.829920976968966440e-01 2.155956358390602890e-03 5.406575285858709831e+05 2.281305420757914544e+05 1.333536680160416290e+05 2.308094264349045688e-01 4.146512486262487364e+05
9.690954764502224261e-02 2.400430278334499690e+03 1.009459245344858573e+03 9.344665525529296701e+02 2.354692184900349927e-01 2.263692655524495876e+03 1.419233308003775218e-26 9.559109421803289254e-27 5.968585814121986465e-27 2.921666019985513230e-01 1.151078611297855799e-26 1.989382905629042721e-03 6.399549354987646953e-04 5.417738101551130853e-04 1.472876430806476511e-01 1.927472220858916611e-03 4.480752063207104220e+05 2.582061772761587636e+05 1.169379558871223126e+05 2.175191405946331202e-01 3.603636728522409103e+05
1.684094922112467918e-01 7.968191382831407736e+02 3.294922634479052022e+02 3.365570157008740466e+02 2.122989136844964653e-01 7.771491768730880949e+02 4.858050379557198421e-27 3.943553331838700619e-27 1.857406281093009834e-27 3.435033638864470329e-01 3.418791422831494124e-27 1.730425673080720995e-03 4.728127827788146127e-04 4.611038580087376600e-04 1.341643850098883650e-01 1.672666203183409287e-03 4.519380209062161157e+05 3.451188284475198016e+05 1.319855142365900392e+05 2.631559395416226965e-01 3.407069056935071712e+05
2.926621551339660399e-01 2.839937773061886901e+02 1.395341230560347299e+02 9.811482379037528290e+01 1.979813848933194842e-01 2.626581618897851058e+02 2.278232945185162636e-27 2.580175694324680166e-27 9.829652428849175130e-28 4.388754090106892214e-01 1.452793226321598470e-27 1.492734494510056286e-03 5.062147493373801797e-04 3.918044236955221804e-04 1.486586067429243319e-01 1.415464414820367901e-03 5.760981907468766440e+05 5.541470479354746640e+05 2.495436829683169199e+05 3.566138645946853036e-01 4.226284675332905608e+05
5.085885357353842062e-01 1.273608156756707785e+02 6.916958207453541263e+01 4.971971472553099147e+01 2.042272996562712606e-01 1.179743394034234996e+02 1.376023866248162937e-27 2.040198048220537303e-27 6.334939199530670978e-28 5.295646164749634455e-01 8.757540722147520329e-28 1.244231504895073389e-03 5.546146616765743574e-04 4.534259790480406945e-04 2.017840092959195253e-01 1.149127139346641218e-03 7.430003614350995049e+05 7.053504983093878254e+05 4.204561329233164433e+05 4.216820959409463554e-01 5.936476766827984247e+05
8.838255788933832013e-01 6.887057582427314628e+01 5.003783521484305652e+01 2.189991823329294363e+01 2.299885773967795533e-01 5.584548625034913982e+01 1.015598969754942432e-27 1.389028012056727038e-27 4.575050375582576189e-28 6.119047594447463156e-01 5.821810476622305590e-28 1.073422129300271536e-03 7.429718763122431869e-04 4.688312832579759511e-04 2.761105498989455120e-01 9.570074484417631687e-04 9.125833216676898301e+05 8.431179265475792345e+05 5.611585982547044987e+05 4.607182093997141958e-01 7.676218331546797417e+05
