# R (Mpc), mean rho (Msol/kpc^3), errup (Msol/kpc^3), errlow, std, median rho (Msol/kpc^3), mean pth (Msol/kpc/s^2), errup(Msol/kpc/s^2), errlow, std, median pth (Msol/kpc/s^2), mean gas-mass-weighted metal (fraction), errup, errlow, std, median metal, mean gas-mass-weighted temp (K), errup, errlow, std, median temp  
#  nprofs 201, mean mh 211262301173.896362, median mh 199776835492.037018 
#  Mass range 11.00 - 11.5
6.704502643857072897e-04 1.038666095494301617e+08 1.126765574091240466e+08 4.068294255245774239e+07 3.971353036126361036e-01 7.300043114501926303e+07 2.423883839784725257e-23 2.952042273931210188e-23 1.092900216480062190e-23 4.570240535610963772e-01 1.613584877238011277e-23 9.021308603030869181e-04 9.626514200798807347e-04 4.690773778750850992e-04 4.015843853315178014e-01 6.938913514848207148e-04 1.752977269005649941e+04 3.190229115125872340e+03 2.352822376417792839e+03 7.615306770852028895e-02 1.739770666047026680e+04
1.165109025084719785e-03 5.349703629320653528e+07 5.699915070411697775e+07 1.866904770025572553e+07 3.323215424209652324e-01 3.718098104611005634e+07 9.303013064146659140e-24 8.785733579242249118e-24 4.091155696484664765e-24 3.495375894882519208e-01 7.158930569158051762e-24 8.441092903539336098e-04 8.484984095837933612e-04 4.234843081676475550e-04 3.701259858678736525e-01 6.572351977738636296e-04 1.497328935645261663e+04 2.365457429040858187e+03 2.819547902617612635e+03 8.112207155536887981e-02 1.516999948577309078e+04
2.024727429375604119e-03 1.686437143794016168e+07 1.045446390172988735e+07 5.720389393527254462e+06 2.406516645884045347e-01 1.394732215206522308e+07 2.182541941834929826e-24 1.386984633570857747e-24 9.415240841515916053e-25 2.814431170616147337e-01 1.834541345400905412e-24 7.874528871549585536e-04 8.787375003559225878e-04 3.506322852201767138e-04 3.927981552287039824e-01 5.461536080058110223e-04 1.287929765211647100e+04 2.592173417805743156e+03 4.259249478029527381e+03 1.517909946546927846e-01 1.310611810001123922e+04
3.518573004760514565e-03 4.677769421202344820e+06 1.776049912375094369e+06 1.382804765033403877e+06 1.888758704317645976e-01 4.471704599926176481e+06 5.698211106639722903e-25 3.753548849936959383e-25 1.778900645652155441e-25 3.349862466380058579e-01 4.365145420393967010e-25 6.962154892392525456e-04 7.701862876718622037e-04 2.619563393602968460e-04 3.970278008546741511e-01 4.514444788143949353e-04 1.245200755941362331e+04 2.192975502425202649e+03 3.128035274539237435e+03 1.591784238552644559e-01 1.218545639873338041e+04
6.114579083688004638e-03 1.165515854533793870e+06 5.355788527234308422e+05 5.713633355478482554e+05 2.716316607492846869e-01 1.161784169566143304e+06 1.878417474642705911e-25 1.810788646339269418e-25 6.937508240858959335e-26 3.548131875718807393e-01 1.366465950029297812e-25 6.007356053169505628e-04 5.487085542745379074e-04 2.665831881305674180e-04 3.840286598371839832e-01 4.433546406569513422e-04 1.901678617643694815e+04 1.178813506664512897e+04 1.622789599627436473e+03 2.366693313859500325e-01 1.188718148868720527e+04
1.062592059908660722e-02 2.236341595122368599e+05 2.228768710778609093e+05 8.057458926863921806e+04 3.405628937805892931e-01 1.563243286469674495e+05 8.796207280464537634e-26 9.246843422844770880e-26 3.190842262213826405e-26 3.879857550648584397e-01 6.237272479912147359e-26 5.578661006080195975e-04 5.301251086837076472e-04 2.693217162838325860e-04 3.717012219099474768e-01 4.377940077800616730e-04 4.771941127961694292e+04 7.032215774490324839e+04 1.454198937117410242e+04 3.776654367018264513e-01 2.700859180974627088e+04
1.846573362331777393e-02 3.771700331187518168e+04 2.466874912307902559e+04 1.499250545469463759e+04 3.447560786887072237e-01 2.968277641108506214e+04 4.483939679019510379e-26 3.299871959371962740e-26 1.965618091588397402e-26 3.550380168955364901e-01 3.812830495147781595e-26 5.074406256553798877e-04 3.711239823088987775e-04 2.486088572674157891e-04 3.436387822223323507e-01 4.232175855616175154e-04 1.476404188127007219e+05 1.205568995717491634e+05 6.121336243656001898e+04 3.794841234393076523e-01 9.701287998867822171e+04
3.208976719406681638e-02 8.970365897436618980e+03 3.851546047854306380e+03 3.437306153567507863e+03 2.799294299925972895e-01 8.307653097194885049e+03 2.037326112246687929e-26 1.093015765027985274e-26 6.460266408826637684e-27 2.911377708556441291e-01 1.772739163952438446e-26 4.829830983232722471e-04 3.470351241699721426e-04 2.015945906266572636e-04 3.024665227062318662e-01 3.911681230262009949e-04 2.075753149161048932e+05 1.123592067402194953e+05 6.579260774661962932e+04 2.524600468721012736e-01 1.639324307082286687e+05
5.576562402422385878e-02 3.052641219707509208e+03 1.629917533946067124e+03 1.194769580530852409e+03 2.524585123878325121e-01 2.802381817967363531e+03 9.598128649168312282e-27 6.056190441311559852e-27 3.655063331079727752e-27 2.844554575125761708e-01 7.565379207678885687e-27 4.264509535324720953e-04 2.349008557571000740e-04 1.342953656184052490e-04 2.780103062135770853e-01 3.174688316280365125e-04 3.256206678277486353e+05 1.264897571967473195e+05 4.765267624933281331e+04 2.733524853971183721e-01 1.854264772403242823e+05
9.690954764502224261e-02 1.056817957797042482e+03 6.628768440598184952e+02 3.719313764581424948e+02 2.223552338316229504e-01 9.528393393978110453e+02 4.854425610534859645e-27 4.410119169537565366e-27 1.630241520201258529e-27 4.230417471306934796e-01 2.651927671300235167e-27 3.122520324222144406e-04 1.749453061627178176e-04 8.293538346395136571e-05 2.447794112767377739e-01 2.401749393407090656e-04 3.795330195711336564e+05 2.498160991741904872e+05 6.940223086328017234e+04 3.475296653077704634e-01 1.821661659548068419e+05
1.684094922112467918e-01 3.764064186022450826e+02 2.279359710244029884e+02 1.329348960734853904e+02 2.263607218947010780e-01 3.269972082454676183e+02 3.039838128334232158e-27 3.462259143356645296e-27 7.324817073824854817e-28 6.087517597780882639e-01 9.693040460375683291e-28 2.849211853668799860e-04 1.468131604435275012e-04 6.376486823520655751e-05 2.829918849335391062e-01 1.938986190165108939e-04 5.450987257062311983e+05 6.402157768276691204e+05 1.253685400741494814e+05 4.890151209558342149e-01 2.078152103422953805e+05
2.926621551339660399e-01 1.694228232687336231e+02 1.574990206552756149e+02 5.188592310644791894e+01 2.724194588582236065e-01 1.240857959963827426e+02 2.404730159648874821e-27 2.916197125051331135e-27 6.181614058359337725e-28 8.159718290193818113e-01 6.792104802184170133e-28 3.305621818185213497e-04 3.211592959413430521e-04 5.797607567263845900e-05 3.742926881132936923e-01 1.550232965219195498e-04 8.287699964106098050e+05 1.290518559726755135e+06 2.402013908694740094e+05 6.472865321186196397e-01 2.901859643805458909e+05
5.085885357353842062e-01 1.059615049392024133e+02 1.002404123048065259e+02 3.959809457015577294e+01 3.271464996290796567e-01 7.427251809173328922e+01 2.185017146246337886e-27 3.003787525752645785e-27 5.719733284734658272e-28 9.322506743995218059e-01 5.941425430132733548e-28 5.030753487068218444e-04 6.579342628421659938e-04 1.438946535812961141e-04 5.232348870374825545e-01 2.096989806282233690e-04 1.014798837475365610e+06 1.488784861596469302e+06 4.459961102586505585e+05 7.047067196372930331e-01 4.869694624542103847e+05
8.838255788933832013e-01 6.823762785442299617e+01 6.858166698727143284e+01 2.488855940548558365e+01 3.623187538872094104e-01 4.430245750777724112e+01 1.735257704571447393e-27 2.121285644821127504e-27 5.378519835643977161e-28 9.916728622758143041e-01 5.576683649159822242e-28 6.499444269659586382e-04 9.977870346066560620e-04 3.011578668186078080e-04 6.191348631321739182e-01 3.558324067820380033e-04 1.250111702771140728e+06 1.481085702030955814e+06 7.574692854612867814e+05 7.191356075251352786e-01 8.139233385121288011e+05
