# R (Mpc), mean rho (Msol/kpc^3), errup (Msol/kpc^3), errlow, std, median rho (Msol/kpc^3), mean pth (Msol/kpc/s^2), errup(Msol/kpc/s^2), errlow, std, median pth (Msol/kpc/s^2), mean gas-mass-weighted metal (fraction), errup, errlow, std, median metal, mean gas-mass-weighted temp (K), errup, errlow, std, median temp  
#  nprofs 27, mean mh 522365258592.749634, median mh 469919687020.158691 
#  Mass range 11.50 - 12.0
6.704502643857072897e-04 1.373335596910034418e+08 1.800449350924549997e+08 6.629537804063729942e+07 6.146330650296998321e-01 7.938600844523292780e+07 1.782212261856501662e-22 1.377989879257813665e-22 2.951780442308028548e-23 1.120076765392184148e+00 3.051806956536948467e-23 8.265492665361430166e-03 1.213526199065957656e-03 3.641503263374032580e-03 1.486380739552765340e-01 9.027460802779203528e-03 5.373701317515366827e+04 2.716833202627211722e+04 1.925322756480202224e+04 4.789126123302715476e-01 2.957092456164053146e+04
1.165109025084719785e-03 3.328297876667052135e+07 8.236824223400762677e+07 5.267422435865456238e+06 6.232161004610964339e-01 8.399445715730851516e+06 1.769962806902900670e-23 4.133904775482172614e-23 4.802850746031570774e-24 1.036859520771630461e+00 4.987882891953357329e-24 8.801114658615277406e-03 3.800591533785493970e-03 3.820195191802601767e-03 2.231325560950550291e-01 8.699918471428889910e-03 5.006777091132765054e+04 6.307440699712577043e+04 2.403125786103363862e+04 5.222501503494748620e-01 3.235211265619951882e+04
2.024727429375604119e-03 9.443860221859745681e+06 1.838196589659763500e+07 3.370063091479656752e+06 5.123716612881239474e-01 4.634761899370845407e+06 5.731193873679736523e-24 8.301609140464704051e-24 1.083234185476811591e-24 9.034691487219450590e-01 1.178818024077168210e-24 1.042862326423195027e-02 5.875648303161125352e-03 5.557422394339863077e-03 2.431569896585574486e-01 1.052205264762547457e-02 3.675227826548290614e+04 5.142853803226318996e+04 1.490470479079133293e+04 4.196295158189974894e-01 2.347579075810558425e+04
3.518573004760514565e-03 3.519092298253043555e+06 2.319365731231249869e+06 7.048787200922276825e+05 2.249536237336464684e-01 2.732085481986386701e+06 9.851740903903549602e-25 8.577196642988191395e-25 4.164324142548219345e-25 5.077725412933639104e-01 5.557574261647688787e-25 1.128467587337208394e-02 4.503842466400070563e-03 6.488675467725973575e-03 2.353022982118605222e-01 1.202225421759245579e-02 2.539866202897575931e+04 2.214580481384613813e+04 1.045285683940124909e+04 3.175348160778031503e-01 1.895213809397188015e+04
6.114579083688004638e-03 1.232482794296707027e+06 7.200662264546439983e+05 6.424480124106711010e+05 3.140591298230257511e-01 1.078205516245289007e+06 1.345149320104560427e-24 2.939185301904857095e-24 9.735893688937277849e-26 8.354557166090214038e-01 1.355902219923321873e-25 1.116854187673440267e-02 5.177859884130596793e-03 6.223866194774023940e-03 2.583249635762184249e-01 1.127484459909255769e-02 7.448081039832859824e+04 1.082595896988661698e+05 2.672839838326497556e+03 5.771377675917916950e-01 1.178783577313295064e+04
1.062592059908660722e-02 2.875520542831816711e+05 3.996890742018789169e+05 1.191440742230082396e+05 4.848465245629877685e-01 1.641992263094314258e+05 4.329548852171378740e-25 5.976832532599549711e-25 1.179593652453925040e-25 7.459794197329423504e-01 1.376704555872337678e-25 1.055598396927695005e-02 8.691076795321953097e-03 4.922326039335002575e-03 2.811103820969300671e-01 9.257272355314111884e-03 2.001105571174156503e+05 2.396483361676229397e+05 3.779642621562762361e+04 6.464923001619633514e-01 4.995156672379258816e+04
1.846573362331777393e-02 6.401077762978035025e+04 9.503771952951690764e+04 2.481578004123261053e+04 5.661231645636293219e-01 3.158046329676023015e+04 2.375348672392365958e-25 2.322633768518142613e-25 8.327859187545488784e-26 7.336824708061687739e-01 1.036047915252904903e-25 9.981171626682676726e-03 8.631831416783966246e-03 4.553936418209476346e-03 2.814509980267245193e-01 8.389668372103082153e-03 4.595946186483028578e+05 6.181957376433553873e+05 8.911061406697552593e+04 5.472479143570702087e-01 1.486506936901754234e+05
3.208976719406681638e-02 1.813022185303359583e+04 2.682415550626991899e+04 5.263350315231788954e+03 4.687095770222863278e-01 8.520177151302073980e+03 9.541228973614049250e-26 1.362221715725536280e-25 2.917424648113566190e-26 3.893306657033032137e-01 5.306253136384036636e-26 7.261406499935681158e-03 7.013369012457261985e-03 2.615370918546292521e-03 2.869782804854418834e-01 5.606104462945894935e-03 5.529915138990051346e+05 2.700370407228502445e+05 2.994257157344784355e+05 3.438891516270346504e-01 5.268045703126190929e+05
5.576562402422385878e-02 7.168406077785725756e+03 1.248567688885332973e+04 1.935908091942092142e+03 4.733959830935824398e-01 3.256783621307164594e+03 4.251790623412036776e-26 3.511246821659061009e-26 7.669019402160408148e-27 3.590615940902397440e-01 2.367871660741769572e-26 4.853569952890244427e-03 4.211968800812366902e-03 8.592107227421109591e-04 2.697607516568831243e-01 3.226206808443046574e-03 6.049134600312017137e+05 3.278015083695653593e+05 2.955736289019910619e+05 3.003248545513287904e-01 5.275360891556742135e+05
9.690954764502224261e-02 2.176013840366760633e+03 2.641660617426703539e+03 8.038768857093074303e+02 3.526467306253213696e-01 1.427240297653354219e+03 2.212754569123043115e-26 1.175704005384757396e-26 6.392323797787884356e-27 3.471108892879273822e-01 1.453584331199289860e-26 3.364818817131303482e-03 1.998464721700454316e-03 6.649176809752424533e-04 2.317729961397991256e-01 2.537069804701426023e-03 9.000770025070845149e+05 7.854550918697643792e+05 4.142000274550031172e+05 3.416402190747603318e-01 7.310519107112922939e+05
1.684094922112467918e-01 9.630041307677088298e+02 9.074514430661598681e+02 4.365049531778046230e+02 3.113964889197739505e-01 7.535115547643027867e+02 1.097840408515293798e-26 5.446266604790442703e-27 4.701876681392178625e-27 3.421429633768406364e-01 8.536449988590715169e-27 2.228054539534994084e-03 9.622199801683308830e-04 5.769344612075444616e-04 1.847043150566604619e-01 1.957716159982991668e-03 9.646109936853471445e+05 1.011267092363277217e+06 4.173756781955434126e+05 3.382678801209246799e-01 7.714648405639391858e+05
2.926621551339660399e-01 4.014036933371993427e+02 3.539154487389967016e+02 1.813001993668273713e+02 2.770671494910845745e-01 3.550662204692361001e+02 5.088936464917392154e-27 3.873969215707227609e-27 2.645489458867195029e-27 3.621353051255044586e-01 4.220864711629547201e-27 1.621392300101665235e-03 6.530276150503583343e-04 2.675484017077942468e-04 1.517036314660919760e-01 1.392124870202805006e-03 1.009911588143932750e+06 8.667120225470657460e+05 4.774623977410592488e+05 3.410624210232394704e-01 7.413068834212110378e+05
5.085885357353842062e-01 1.981070337031178212e+02 1.416439294144227290e+02 9.295957275945389142e+01 2.555773070762676902e-01 1.846147699782963798e+02 2.599747452863620035e-27 2.836007436017332537e-27 1.543997938741062287e-27 3.776020574553364262e-01 2.308695524204682083e-27 1.380690525098689529e-03 5.937751749987129485e-04 4.237045034153681016e-04 1.525294264103154440e-01 1.331443763822277859e-03 9.865075123949632980e+05 5.527667490124233300e+05 5.230034085138696828e+05 3.032069609001534216e-01 8.998721417008758290e+05
8.838255788933832013e-01 9.741099675574163541e+01 4.490887074185022243e+01 4.009991437179517959e+01 1.920657134511953856e-01 9.682360861249370032e+01 1.388942892243157172e-27 1.415986419449655417e-27 5.383868975020836186e-28 4.439519787432731901e-01 1.006358851687126240e-27 1.066669252409680737e-03 4.742383297069537778e-04 2.918780466256018979e-04 1.975389350303333180e-01 9.584205367463492732e-04 9.694127885509127518e+05 8.389844087714027846e+05 2.521319089431593311e+05 3.105903717232178507e-01 7.317992929037854774e+05
