# R (Mpc), mean rho (Msol/kpc^3), errup (Msol/kpc^3), errlow, std, median rho (Msol/kpc^3), mean pth (Msol/kpc/s^2), errup(Msol/kpc/s^2), errlow, std, median pth (Msol/kpc/s^2), mean gas-mass-weighted metal (fraction), errup, errlow, std, median metal, mean gas-mass-weighted temp (K), errup, errlow, std, median temp  
#  nprofs 120, mean mh 205151126938.120087, median mh 197911429486.923401 
#  Mass range 11.00 - 11.5
6.704502643857072897e-04 3.138961724998510256e+07 2.349262223389233649e+07 9.168550206281267107e+06 2.819795546191540825e-01 2.535263669501981139e+07 6.106438210133582642e-24 6.936410313175925620e-24 2.588188061523464497e-24 3.934424281102341658e-01 4.275109625609062887e-24 5.171562908518830036e-04 4.867612784679727989e-04 2.145487310866978873e-04 3.879867237104755451e-01 3.631399635850705203e-04 1.620204117315769145e+04 3.375531545721103612e+03 2.230605434307559335e+03 6.885913687838353392e-02 1.581443963234278272e+04
1.165109025084719785e-03 1.926850173340857774e+07 1.076662402584328875e+07 4.730646766766216606e+06 1.997888123639219582e-01 1.707651479785493016e+07 3.635335657523622794e-24 3.283137401078220246e-24 1.217401549165630729e-24 3.155112548419622409e-01 2.678040544820972902e-24 4.479478162114963660e-04 3.254061278114060794e-04 1.552031505767684726e-04 2.841269557079471597e-01 3.385463690268069497e-04 1.605284442938493521e+04 2.657710736680553964e+03 1.927760313029835743e+03 6.663500008536915598e-02 1.571201570727541184e+04
2.024727429375604119e-03 1.050128269637396932e+07 5.346165817994153127e+06 1.799376340099185705e+06 1.677632393830599533e-01 8.851516456909285858e+06 1.910515509333602325e-24 1.421679609287271119e-24 4.350291454200656103e-25 2.900304387560288522e-01 1.297628333624963411e-24 3.189997074249275428e-04 1.909768749058006216e-04 1.034030599065559114e-04 2.491759147123122631e-01 2.653607126432879892e-04 1.637948844999317407e+04 2.023212266452017502e+03 1.628128288022549896e+03 1.073751578159926057e-01 1.507711203928172836e+04
3.518573004760514565e-03 4.647898138426605612e+06 1.968535030043509789e+06 1.165855204841473605e+06 1.434032098353179296e-01 4.315448034869134426e+06 6.149940153353432594e-25 3.882243959292476497e-25 2.180426300532953904e-25 2.249065174007286172e-01 5.236978154241703375e-25 2.448736727255583089e-04 1.511667291053343169e-04 8.343813256090016001e-05 2.857166131970376721e-01 2.015119392517732296e-04 1.388218385202186619e+04 1.157656684951392890e+03 1.278609843705216917e+03 5.834970922379927039e-02 1.365379023832333951e+04
6.114579083688004638e-03 1.434457810358739458e+06 5.275249320470900275e+05 6.120692769937382545e+05 2.247645567177927184e-01 1.475643701147013810e+06 1.660161291954354603e-25 1.141130104845774761e-25 7.962021797065503523e-26 2.873491921229019419e-01 1.515863506414314874e-25 2.253895829769413995e-04 1.310408181200463915e-04 7.557529136539006072e-05 2.900269737595320696e-01 1.716955851845963928e-04 1.324841539341545831e+04 4.682176351519614400e+03 9.341039072179737559e+02 9.708790047097823339e-02 1.191767765111479457e+04
1.062592059908660722e-02 3.329162725715229171e+05 2.414061929655006388e+05 1.331663216762713273e+05 2.966436011242457038e-01 2.812590954396752641e+05 6.510605527377513837e-26 6.059275602397711990e-26 2.231565477508913356e-26 2.938469609516951575e-01 5.076625013675544444e-26 2.356756832398322469e-04 2.186062666215434066e-04 8.766042432342090716e-05 3.511183744364447801e-01 1.718391323377171931e-04 2.300126803691958412e+04 1.762902324841152586e+04 4.735259199126554449e+03 2.451241696305360707e-01 1.579747933740170993e+04
1.846573362331777393e-02 6.047549629015930986e+04 4.472843213494008523e+04 1.939475476688912750e+04 2.662984375903564294e-01 4.840143026264612854e+04 3.110616028298642864e-26 2.264165891507753246e-26 1.059384247231626372e-26 2.512140541630302204e-01 2.507542955619407839e-26 2.632660337739043646e-04 1.856427959169839811e-04 1.030996467821048129e-04 3.190901551642516543e-01 2.032918769689388491e-04 5.494901946495127777e+04 5.644593779489495500e+04 1.830244638546691567e+04 3.103548905587927842e-01 3.816543915408698376e+04
3.208976719406681638e-02 1.483825097315333187e+04 8.941185406249824155e+03 4.486443095046928647e+03 2.084844632292444377e-01 1.282690610264585848e+04 1.661995358978060263e-26 1.011379987195328807e-26 5.484933631469407693e-27 2.003068366714942650e-01 1.465489741785784482e-26 2.857799155946816718e-04 1.562441287393717465e-04 9.816317814112190498e-05 2.772183642579466589e-01 2.349482336004742652e-04 9.685435236851139052e+04 5.417728411176947702e+04 4.029196717336728034e+04 2.272068432619297751e-01 8.851431667515893059e+04
5.576562402422385878e-02 5.120118706259110695e+03 2.427098987183447207e+03 1.379142387616314409e+03 1.645019834780304391e-01 4.636360556543680104e+03 8.168546160896275013e-27 5.564501947533382265e-27 2.230530422459819225e-27 2.062306138403326716e-01 6.683867864259405321e-27 2.746333141123229963e-04 1.259249851275811769e-04 9.245247671295763066e-05 2.280071995913906802e-01 2.394960394478209173e-04 1.218818058873934351e+05 6.085318665058282204e+04 3.735728188545400917e+04 1.708768452347304012e-01 1.120860685883463011e+05
9.690954764502224261e-02 1.743103332152255007e+03 7.820837750094244711e+02 4.963497891499480374e+02 1.508927225407299955e-01 1.627247639135311829e+03 2.766646538097665651e-27 1.894367963665568111e-27 7.710694460287931365e-28 2.193094437468472158e-01 2.285043856295935732e-27 2.320897483536814255e-04 9.590180339651296036e-05 8.567015275735801686e-05 1.911908600644927347e-01 2.188983690641897761e-04 1.147591271585294307e+05 3.793009240501586464e+04 2.402336159009383118e+04 1.289854812395004324e-01 1.060347307206590485e+05
1.684094922112467918e-01 6.163398678790089207e+02 2.192694442744137859e+02 1.584140175371775285e+02 1.523935401977278004e-01 5.590752141297507478e+02 8.516929739363139285e-28 6.439402869122674410e-28 2.671593869500637055e-28 2.534571972420421315e-01 6.637971510184741348e-28 1.700340737821225883e-04 7.558798631828757535e-05 5.083763212992090531e-05 1.793092952742697255e-01 1.560323156315212580e-04 9.614136740348003514e+04 3.136342224069163785e+04 1.820304000897779770e+04 1.290582233762831155e-01 8.773970852056627336e+04
2.926621551339660399e-01 2.506908314951501495e+02 1.059715477823951346e+02 5.836190720639774554e+01 1.708979349392420743e-01 2.177612629452547139e+02 3.290672840118528798e-28 2.511475373057077204e-28 9.147548200225501686e-29 3.338584565374428381e-01 2.050823524357045819e-28 1.194046331926910801e-04 5.160570095853679769e-05 3.140969367518131182e-05 1.833070347837889857e-01 1.061764684650067035e-04 8.472973119367584877e+04 4.528223228130905773e+04 1.720441238196885388e+04 1.830695889388603836e-01 6.948995016438495077e+04
5.085885357353842062e-01 1.238086255142865042e+02 8.809471733119366377e+01 3.311128620326755367e+01 2.171721345382179313e-01 9.978609257389638287e+01 1.826933213206128797e-28 2.347226580475066386e-28 4.565838656104036836e-29 4.597066231336460751e-01 7.822365529021196246e-29 1.090274771879138829e-04 5.896107064708242928e-05 2.805993561780867546e-05 3.037412878893572810e-01 7.252775111105165692e-05 8.147600539861216384e+04 5.489350684762469609e+04 2.329857816666107828e+04 2.565202866591301811e-01 6.054739508369992836e+04
8.838255788933832013e-01 6.519045136093915005e+01 5.169358198380083280e+01 2.226908676351845173e+01 2.453737752448402476e-01 5.319614876964099182e+01 1.135262823477473924e-28 1.565361790893630603e-28 2.587195176797291609e-29 6.201844416329787002e-01 3.435744196373006316e-29 1.221997973731626420e-04 1.986455693723711974e-04 3.777321684858126578e-05 6.261361718545052080e-01 5.211362871381835973e-05 8.763106816533760866e+04 7.962300835358191398e+04 2.983509987915247984e+04 3.877319184279120479e-01 5.215905192368046119e+04
