# R (Mpc), mean rho (Msol/kpc^3), errup (Msol/kpc^3), errlow, std, median rho (Msol/kpc^3), mean pth (Msol/kpc/s^2), errup(Msol/kpc/s^2), errlow, std, median pth (Msol/kpc/s^2), mean gas-mass-weighted metal (fraction), errup, errlow, std, median metal, mean gas-mass-weighted temp (K), errup, errlow, std, median temp  
#  nprofs 325, mean mh 209903559062.711121, median mh 197701517399.830658 
#  Mass range 11.00 - 11.5
6.704502643857072897e-04 1.986563490241203308e+08 1.483462997617231011e+08 1.428369446121662855e+08 4.589971397631539274e-01 1.890853639272062182e+08 5.861036223094956106e-23 4.909374607560780544e-23 3.937123304757133119e-23 5.767088463530121167e-01 4.941327654307798902e-23 3.525120114982677969e-03 2.020623205465187869e-03 1.614634228918838954e-03 3.542986027457458720e-01 3.200685154893618319e-03 2.156666636080293756e+04 5.163519736967322387e+03 4.129291343680046339e+03 1.627188872979780099e-01 1.971768654117617916e+04
1.165109025084719785e-03 6.761460240077301860e+07 5.636894355001459271e+07 3.445542142115555704e+07 3.751830069079230001e-01 5.610525061467771977e+07 1.287525722276871643e-23 1.092848473148468282e-23 6.524658325075853145e-24 4.366365540590944616e-01 1.033126634022465317e-23 3.172906751474275245e-03 1.697499465257103560e-03 1.742756269130212726e-03 3.558433955711394203e-01 2.969958932491448614e-03 1.686406770045611120e+04 5.770201538386463653e+03 4.277571381354639016e+03 2.107210124946099494e-01 1.424580991626912510e+04
2.024727429375604119e-03 1.351176233977983892e+07 9.242488032412266359e+06 5.618457101833181456e+06 3.418497410164391126e-01 1.139792184717389010e+07 1.754909058501742192e-24 1.626645906234057265e-24 7.472578527088840208e-25 4.337751978297355038e-01 1.276341650435125160e-24 2.996086468884960607e-03 1.949418065893080126e-03 1.752063693024855703e-03 3.728984396602592066e-01 2.708202393857556210e-03 1.306765689238675441e+04 5.737944353138369479e+03 3.811727296397007194e+03 2.335033568241542123e-01 1.091126929536831813e+04
3.518573004760514565e-03 2.749949069905455224e+06 2.733628836665168405e+06 1.594433066501522437e+06 4.597798764296239793e-01 2.314466352666392922e+06 3.573874323038193514e-25 3.868334738508966788e-25 1.660037605371155072e-25 5.594131974345565306e-01 2.238609511586522720e-25 2.547615494839780299e-03 1.778601178795330851e-03 1.115251140725470168e-03 3.788101788567309613e-01 2.001086914247475913e-03 1.372483385839232687e+04 3.787307037649981794e+03 2.592736441851247946e+03 2.162848676377992219e-01 1.121530196713007535e+04
6.114579083688004638e-03 5.351642196359263035e+05 5.404045399438901804e+05 3.306844680508556776e+05 4.902391014038762762e-01 4.420839481152577209e+05 1.032918695966833163e-25 1.421717939050074768e-25 2.667800561268850209e-26 5.458821460082353694e-01 4.616098466901394607e-26 1.897680748320015659e-03 1.609488186338069605e-03 7.983758336696022495e-04 3.833640761707330924e-01 1.445943266819075829e-03 2.028824823696136446e+04 1.355204765992699868e+04 1.631950734683430710e+03 2.613909768564435243e-01 1.199555733690451416e+04
1.062592059908660722e-02 7.723486393938631227e+04 6.770897032824423513e+04 3.294406526138751360e+04 4.369130838093546743e-01 5.560118627316208585e+04 4.662561064772272961e-26 5.825072950594434422e-26 2.145648371625997918e-26 5.554500853151514983e-01 2.761313055959361712e-26 1.689728131520667337e-03 1.404930268974155646e-03 6.046968531623309832e-04 3.434122084006141495e-01 1.237701281552893535e-03 5.801794207509945409e+04 5.184971630756406375e+04 2.157187665392206691e+04 4.029317474788837172e-01 3.343724008126410627e+04
1.846573362331777393e-02 1.243348900124347347e+04 1.291417266616174675e+04 5.396273389395532831e+03 4.505332854270283072e-01 8.922972804377975990e+03 2.722778525317606577e-26 3.221352209236822005e-26 1.493555712588243275e-26 6.521776584710917701e-01 1.783141158323248891e-26 1.506717311664746827e-03 1.154929804415789907e-03 6.468453312991594975e-04 3.451475072649392017e-01 1.177310239633765944e-03 2.457163707869071804e+05 1.835006454537573154e+05 7.037646306511093280e+04 4.493115222833450884e-01 1.160339904987748014e+05
3.208976719406681638e-02 3.837430485782620053e+03 3.686759627207256017e+03 2.135569193492110571e+03 5.005387245135546337e-01 2.976289202156822284e+03 1.394488338469746854e-26 1.141352788043495613e-26 9.098145786055519475e-27 7.173264921013549067e-01 1.097672362945227999e-26 1.310323229741604386e-03 1.306433251328764297e-03 4.258893936502148973e-04 3.828371216587596604e-01 9.036066754903533714e-04 7.773162891446186695e+05 1.826087196526344342e+05 1.267157348602351267e+05 4.893890298499818936e-01 2.149695129401653830e+05
5.576562402422385878e-02 1.270331602883274854e+03 1.072076306787660087e+03 8.552996424791192567e+02 5.392753601433868393e-01 1.168324918926128248e+03 7.992227643616340962e-27 5.681373539439728445e-27 3.775674783016506603e-27 5.896747556672582435e-01 5.640422704851551355e-27 1.122417226085006088e-03 9.548743728830596947e-04 3.264847760169406346e-04 4.419354053284260675e-01 6.975585656275213068e-04 1.446748643839854747e+06 5.076909870182962622e+05 1.684906202622955025e+05 5.355976107918913875e-01 3.303301665765177459e+05
9.690954764502224261e-02 4.222295795857258440e+02 2.807797453454658125e+02 2.629804293436210401e+02 5.109928352713662969e-01 3.830511245555472897e+02 7.772797506865504422e-27 7.441532449114027256e-27 2.450551952333642390e-27 5.351432269440189460e-01 3.956059746102665602e-27 9.632336555061378393e-04 7.833760500597320917e-04 2.355602894279822872e-04 3.640120100114794810e-01 5.696272479234429104e-04 5.554645545842653140e+06 2.116700044576623477e+06 5.151299586894080858e+05 6.228970499246108128e-01 7.994892739399829879e+05
1.684094922112467918e-01 1.739019810346969450e+02 1.084635610743646623e+02 7.711882203415845538e+01 3.966144642143173971e-01 1.477090442843498579e+02 6.737221428810223492e-27 6.872675218453544679e-27 2.865317488956695457e-27 4.805224731355502987e-01 4.463195434063380630e-27 8.815943518584991269e-04 6.220738256029714102e-04 2.522098085903821344e-04 3.467011105265145332e-01 5.234076408657969927e-04 5.696340945359751582e+06 4.787893219048332423e+06 1.755520711020124145e+06 5.594428319592366083e-01 2.446802736311956774e+06
2.926621551339660399e-01 9.448410738824640021e+01 7.725446091663880566e+01 3.475026855299152118e+01 3.158255239203440756e-01 7.525235254778735339e+01 6.621236010540331673e-27 5.711893901855143241e-27 3.126108143311880670e-27 4.851340696330284641e-01 4.799599952974650780e-27 9.482521222512679338e-04 8.759915957023928050e-04 3.129694890626799663e-04 3.701272085004988499e-01 5.816185275282510087e-04 7.187820518264986575e+06 6.896023079578382894e+06 2.945180496935511939e+06 4.893517239349308157e-01 4.448928134480619803e+06
5.085885357353842062e-01 6.421112272550882949e+01 4.783577234137930390e+01 2.683505545234190137e+01 2.850102239884184652e-01 5.366978895841230468e+01 6.201782781550309274e-27 4.888551735587695284e-27 2.750039404159470521e-27 4.512710285937374111e-01 4.726185908215847253e-27 1.245484586228573541e-03 1.488153421670210556e-03 5.063897980296648040e-04 4.194951271346319954e-01 7.809198435426679356e-04 8.436479830263918266e+06 6.872002079155337065e+06 4.054088586317968555e+06 4.035981976305229590e-01 6.710131166443673894e+06
8.838255788933832013e-01 4.675867279621518691e+01 2.991177747720666247e+01 1.802367505910650536e+01 2.587480202253576445e-01 4.062436363398352768e+01 5.669153815750067914e-27 4.355913724421368252e-27 2.767547187447465289e-27 4.067294532025376719e-01 4.655213788639108590e-27 1.222261135142092489e-03 8.831762902606009845e-04 6.272072338333050008e-04 3.279672696193525749e-01 1.060407158236694337e-03 9.287436299802424386e+06 5.787244381383052096e+06 4.231822944249311462e+06 2.970404692528824664e-01 8.435364290509263054e+06
