# R (Mpc), mean rho (Msol/kpc^3), errup (Msol/kpc^3), errlow, std, median rho (Msol/kpc^3), mean pth (Msol/kpc/s^2), errup(Msol/kpc/s^2), errlow, std, median pth (Msol/kpc/s^2), mean gas-mass-weighted metal (fraction), errup, errlow, std, median metal, mean gas-mass-weighted temp (K), errup, errlow, std, median temp  
#  nprofs 131, mean mh 215907636980.032990, median mh 209547101678.622314 
#  Mass range 11.00 - 11.5
6.704502643857072897e-04 5.401098705807458609e+07 4.849953407548469305e+07 2.701455152771871909e+07 3.450875597557143126e-01 4.470053504092130065e+07 2.211400485925404182e-23 2.232015182560035354e-23 7.357216343819732301e-24 5.186397167536441755e-01 9.752519805507840790e-24 6.090657736788657184e-03 2.371082894609535807e-03 2.622834870578196007e-03 2.367064201646815469e-01 5.990707012482429650e-03 2.224882129511277526e+04 5.508496511573237512e+03 4.092052168847767462e+03 1.767394883152410556e-01 1.828549070707070496e+04
1.165109025084719785e-03 2.385481064843944088e+07 1.413426957457409054e+07 9.036124463928729296e+06 2.882821301696218974e-01 2.079214400456837565e+07 1.527703141382336034e-23 1.281653803247026076e-23 2.665804270925589003e-24 6.054974507477207668e-01 4.365831465722305099e-24 5.158034983851950139e-03 1.580723670489558863e-03 2.168623375909778730e-03 1.961086533683523425e-01 5.280385264863293043e-03 3.539087864526631893e+04 9.216238870788598433e+03 3.785161394386079337e+03 3.352852853323702864e-01 1.739556010572416926e+04
2.024727429375604119e-03 8.203811640775829554e+06 3.917906159903435037e+06 2.739263100610874593e+06 1.874933702309177774e-01 7.516742802750768140e+06 3.995618549791102581e-24 6.441032113248871035e-24 5.767794101729285429e-25 5.341153518775368925e-01 1.172526470249712114e-24 3.643500602811222851e-03 1.435141685830541251e-03 1.566340699756949700e-03 2.599278055737503368e-01 3.579931958792187310e-03 3.452869966908069182e+04 4.769689335199874040e+04 2.180329272156994193e+03 3.603991288075763522e-01 1.482547122185762601e+04
3.518573004760514565e-03 3.491351339777666144e+06 1.336124078821904026e+06 1.044305991855624132e+06 2.011378356191706185e-01 3.342835086382008158e+06 1.362930288904237397e-24 2.001540146509805309e-24 3.535218593085928256e-25 5.050745294048691880e-01 5.892621122655571822e-25 2.514181134639296555e-03 1.406673611163714466e-03 1.152931435809559499e-03 3.059601788473846895e-01 2.307063010563778840e-03 3.367600360970361362e+04 3.872323492950999935e+04 2.941303870218764132e+03 3.589895015338537831e-01 1.424828123775662607e+04
6.114579083688004638e-03 1.188830436630061362e+06 4.860509312740252353e+05 7.060387897138750413e+05 3.197724584683218629e-01 1.218655253652353771e+06 3.600274275939733100e-25 4.683985003842222455e-25 1.357786384276623024e-25 4.987039295180374365e-01 2.152930496903601016e-25 1.797795636061364638e-03 1.085584269695022072e-03 7.513120793057364221e-04 3.376705003893254453e-01 1.503020273379360693e-03 3.512324604046784953e+04 2.866824395010478474e+04 6.530271305987243977e+03 3.648596705318077893e-01 1.715218588537073083e+04
1.062592059908660722e-02 2.769167779688047012e+05 2.940343964164406061e+05 1.488926816778237117e+05 4.634967113483118295e-01 2.253685177088884811e+05 1.401876674866583785e-25 1.494559481044797864e-25 7.096255944317874466e-26 4.748501628801559682e-01 1.044018367184837233e-25 1.655658446652569053e-03 1.301484036897515096e-03 5.943401768310741483e-04 3.588649996122153518e-01 1.262592618497527163e-03 1.144345900349835138e+05 1.179074162277365685e+05 2.196560843460632532e+04 4.980592690930937261e-01 3.509766096850606846e+04
1.846573362331777393e-02 4.774402883815825044e+04 5.972998119836849219e+04 1.791122303035088044e+04 4.555594533294991533e-01 2.937542083313644980e+04 5.193927659327861542e-26 3.698986352127832076e-26 2.103210005801513257e-26 2.970414795445686096e-01 4.192250440270455491e-26 1.669023935419015198e-03 1.068457535660564386e-03 5.782553608611928821e-04 3.128228047162794900e-01 1.270219952590854887e-03 2.068038939456813387e+05 1.899089947936345707e+05 9.217408445116059738e+04 4.750969222589190299e-01 1.227331412115696439e+05
3.208976719406681638e-02 9.653952866559106042e+03 5.492642274295716561e+03 3.367930465443496360e+03 3.138402297592185475e-01 7.621977721838520665e+03 2.214494372246787322e-26 1.281228714719173269e-26 8.141489313084337468e-27 2.389009589648284360e-01 1.897045827765724566e-26 1.494143336821904863e-03 8.491531433355420638e-04 5.740457638930408606e-04 2.248273058380627354e-01 1.344650245811842637e-03 2.713361492591110873e+05 1.382906309807498183e+05 8.258073285076687171e+04 3.153484496806752135e-01 1.773291671058834472e+05
5.576562402422385878e-02 3.135336494044558094e+03 1.706202511750112080e+03 1.091926006383560889e+03 2.265870600065653662e-01 2.722044640417876963e+03 1.036477421787533519e-26 6.079117010150007088e-27 3.136494480342629107e-27 2.650978186671092973e-01 7.765984558141161578e-27 1.309887712616729979e-03 6.236874552962411861e-04 4.143541676181173271e-04 1.922485312199996021e-01 1.209783487541669878e-03 3.125931121858302504e+05 1.153386838513084804e+05 8.036616951882850844e+04 2.700952162451928928e-01 2.049739267086872715e+05
9.690954764502224261e-02 1.195038687804861866e+03 5.698624403040971629e+02 4.151645670882161312e+02 2.015033267931410910e-01 1.079943532834150119e+03 5.282757680023332399e-27 3.177431136973367678e-27 1.393579937116838504e-27 3.463223212122499284e-01 2.855397899223635612e-27 1.159527120974553332e-03 4.356598116831945314e-04 3.272307623499129837e-04 1.626541096601225589e-01 1.092379572980600776e-03 3.433599831220050110e+05 1.325204620114915015e+05 5.152366708227476920e+04 2.977977039353604805e-01 1.853994848661950382e+05
1.684094922112467918e-01 4.978495843655721842e+02 2.860941412019149084e+02 1.681990579233007566e+02 2.079923626752536725e-01 4.408296012581813557e+02 3.226998232484380859e-27 2.493168065663825954e-27 5.580135120881205414e-28 4.543834338605650114e-01 1.029111146066135050e-27 9.659952163827705170e-04 3.877063859839391781e-04 2.778544263231399981e-04 1.648692771231909660e-01 8.986598744142060844e-04 3.646229277816535905e+05 2.259573471850197238e+05 6.355907468753897410e+04 3.481164384637556730e-01 1.720019866840916511e+05
2.926621551339660399e-01 2.313177345067539079e+02 1.474414163892846545e+02 7.428032824883528917e+01 2.285454900077525109e-01 1.917945767714518865e+02 2.397350915708375340e-27 1.846375153476547543e-27 2.960770612988893655e-28 5.822446339820424033e-01 4.584860811947751790e-28 8.258485477019396944e-04 3.344561103639933459e-04 2.373920537375643182e-04 1.630833001914123725e-01 7.665708139064458760e-04 4.109705621298191836e+05 3.364695179218992125e+05 9.142308866118881269e+04 4.217910413045036777e-01 1.757747153324989195e+05
5.085885357353842062e-01 1.366405082089943051e+02 9.474538744981809657e+01 4.144226469932070955e+01 2.780889789269543333e-01 9.627145449763754925e+01 2.476290248414588925e-27 1.306011294337217699e-27 2.532936868748884177e-28 7.137712982427034669e-01 3.148792090927303283e-28 7.619457638000637616e-04 4.333376985492079546e-04 2.353522518593864068e-04 2.172660743686699869e-01 6.502202997006725554e-04 4.966214729890531162e+05 4.294906332864363794e+05 1.748972726985652989e+05 4.924467901582419982e-01 2.407631262983573251e+05
8.838255788933832013e-01 9.308751305441811041e+01 6.503928176446933662e+01 2.439690610912925450e+01 3.285138569172268430e-01 5.515935363077561249e+01 4.036746775350404268e-27 1.065074861773686574e-27 2.168266495481853701e-28 8.606905198629556386e-01 2.477425445423674076e-28 7.662420071472149895e-04 5.208233063084000960e-04 3.621811955708968190e-04 2.983619720801530262e-01 6.598855152701120887e-04 7.030626423188701738e+05 6.461332091249905061e+05 2.749101874817038188e+05 5.763291941024115683e-01 3.353746607164751040e+05
