# R (Mpc), mean rho (Msol/kpc^3), errup (Msol/kpc^3), errlow, std, median rho (Msol/kpc^3), mean pth (Msol/kpc/s^2), errup(Msol/kpc/s^2), errlow, std, median pth (Msol/kpc/s^2), mean gas-mass-weighted metal (fraction), errup, errlow, std, median metal, mean gas-mass-weighted temp (K), errup, errlow, std, median temp  
#  nprofs 153, mean mh 215705527023.864136, median mh 210216677396.703522 
#  Mass range 11.00 - 11.5
6.704502643857072897e-04 4.541590613254108280e+07 2.558680986221403629e+07 2.217320700539410859e+07 2.821452004431540539e-01 4.050963775368074328e+07 1.178719590898330421e-23 1.034995891223884708e-23 4.812485066501254277e-24 4.152119564247764849e-01 7.390138063111745577e-24 4.693460942863264020e-03 2.758634283409091593e-03 2.281893500953137595e-03 4.586823896585581206e-01 4.502873507430156172e-03 1.844406578510419786e+04 4.963823049800659646e+03 2.993444302752737713e+03 9.268221205469356905e-02 1.761206293319947872e+04
1.165109025084719785e-03 2.196088992368680984e+07 9.647916188138492405e+06 8.067973670949466527e+06 2.442238929331723707e-01 1.930924864940551668e+07 8.108892056491653197e-24 5.528323708161927082e-24 2.058807705894557124e-24 4.660680071015049775e-01 3.505284470934489169e-24 3.268199538696776266e-03 1.828894670939139929e-03 1.450121485609029296e-03 2.577492589782497956e-01 3.055574358848228613e-03 2.284499663482109827e+04 4.550635874585626880e+03 2.464976640360026067e+03 2.090198083693846354e-01 1.698856052893258311e+04
2.024727429375604119e-03 8.512594766713913530e+06 3.948124981938850135e+06 2.381561500902822241e+06 1.707631417142249086e-01 7.685368506889414042e+06 2.481584045839709490e-24 2.734895624083763648e-24 5.206500455307191765e-25 4.216754667030055415e-01 1.125730402398763511e-24 2.148021995749946431e-03 1.388577219684162568e-03 1.075706449374815629e-03 3.029459585537709887e-01 1.913303832091488473e-03 2.187172394344081476e+04 4.797030704554423210e+03 1.834268363704433796e+03 2.296388713973264994e-01 1.489309668162923663e+04
3.518573004760514565e-03 3.377931363082872238e+06 1.384687263088112231e+06 8.751181164688058197e+05 1.693263015538764293e-01 3.202056560132841114e+06 8.419151057163640862e-25 9.647231764292728079e-25 1.991549949993440390e-25 4.072316232781844070e-01 4.150253964854017342e-25 1.410069539298291911e-03 1.009756747412329184e-03 7.328980435637411040e-04 3.343874021893532555e-01 1.201512442218428175e-03 2.459042302775940698e+04 1.699625390082556987e+04 1.763500110558132292e+03 2.885556200844530683e-01 1.326019050759325182e+04
6.114579083688004638e-03 1.019337084877596935e+06 6.718760561199026415e+05 5.395278875117900316e+05 2.924148945040963010e-01 9.267459815048890887e+05 2.441789302635195451e-25 2.681968940750499637e-25 9.659749019513689384e-26 4.389065617277227993e-01 1.569521628623579788e-25 1.053948342991732319e-03 8.565914859732773248e-04 4.595888978845977051e-04 3.298197548145723745e-01 8.365448568656125815e-04 2.907912964727048529e+04 2.854215211051653023e+04 3.102596474734689764e+03 3.340158504196013567e-01 1.385154983661774713e+04
1.062592059908660722e-02 2.080298303103234502e+05 2.306257526511286269e+05 9.219028013801912311e+04 4.241946427862997582e-01 1.442393165974459844e+05 8.113792393228612915e-26 7.010243254304705890e-26 4.201922174153233480e-26 4.183937355070148079e-01 6.329261637480759638e-26 1.033244526799610881e-03 1.148770452443417280e-03 3.755691337581977367e-04 3.925779464754971526e-01 6.665310167543224765e-04 6.609672443901647057e+04 5.974192575459372893e+04 1.435548835210642574e+04 4.413836190913095203e-01 2.743523301006883048e+04
1.846573362331777393e-02 3.717215404509377549e+04 3.280568686804198660e+04 1.388839142183447802e+04 3.912104494899047991e-01 2.535407034254840619e+04 4.186151184169686746e-26 2.932947915841118466e-26 1.734003129738749146e-26 3.175968416049939624e-01 3.258265508081353010e-26 1.008251258876883844e-03 8.763672995367990850e-04 4.760426746306508023e-04 3.667397190801701679e-01 7.795135890651097490e-04 1.398039339173973713e+05 1.630068574733060377e+05 6.283478249051417515e+04 3.870187757301225551e-01 9.772159309147697059e+04
3.208976719406681638e-02 7.841526259538200065e+03 5.067128549540248059e+03 2.740304904989966417e+03 2.690066931736049272e-01 6.832632076185967890e+03 1.850803395954964002e-26 1.163991581741900028e-26 5.866212654278983158e-27 2.418691137110016431e-01 1.603384366134982139e-26 1.007497703588765585e-03 6.696328494659548004e-04 4.613469315970797086e-04 3.057892858140184300e-01 8.794846231502548512e-04 2.148693151523909182e+05 1.216459668003422557e+05 7.548552815960095904e+04 2.505003049495028722e-01 1.779863337417611037e+05
5.576562402422385878e-02 2.905162229707745155e+03 1.776642624281053941e+03 1.021135650026789335e+03 2.372405601256660501e-01 2.529569767921243511e+03 7.872346426709667606e-27 5.779296100722607779e-27 3.186448656725917030e-27 2.686676737888000766e-01 6.637198574081248639e-27 8.847886191859779485e-04 5.275874453745592156e-04 3.477311745606764012e-04 2.202236891744362712e-01 8.122602414161140746e-04 2.325452424538142222e+05 8.304141005054791458e+04 7.711181913570489269e+04 2.363198399227749713e-01 1.914362575611773646e+05
9.690954764502224261e-02 1.090881601097714338e+03 6.677097457941434868e+02 3.284669612021775720e+02 2.070417592212129010e-01 9.361420026441911659e+02 3.533538281915275342e-27 3.115861318775802277e-27 1.209429027612132487e-27 3.341794139730439595e-01 2.391394156679270217e-27 7.818052851524165446e-04 3.655711904921096897e-04 2.142181918638772853e-04 1.720575721258054691e-01 7.145098538478758662e-04 2.525312296184601437e+05 1.317278683971061546e+05 4.946108786229969701e+04 2.606799832697194730e-01 1.717388531638616405e+05
1.684094922112467918e-01 4.307162461137582454e+02 3.017314611142319336e+02 1.333851321171233053e+02 2.235878109137587888e-01 3.549260073878281219e+02 1.857477867389270157e-27 1.865434611098114625e-27 4.312759656986253053e-28 4.632695457666908267e-01 7.590269440828148033e-28 6.528626240792975016e-04 2.837582752849354207e-04 1.633878660709622063e-04 1.661076238702614005e-01 5.842684008168289294e-04 2.918102219580433448e+05 2.186193610636348021e+05 5.685833036559131870e+04 3.385065861893815087e-01 1.555717977058084216e+05
2.926621551339660399e-01 2.023856914125625508e+02 1.688802078643280709e+02 6.455984732887679911e+01 2.469797550894813898e-01 1.612924602185983360e+02 1.216595885989539840e-27 1.184898270403289756e-27 2.717661036720322164e-28 6.029448376779468211e-01 3.683768244999604937e-28 5.439756679343007864e-04 2.569791994585645268e-04 1.770857499998048853e-04 1.931271684807644440e-01 5.006380144011979803e-04 3.229207638000561274e+05 4.197384973360184231e+05 8.435557970112048497e+04 4.365264970011167311e-01 1.510783339728933643e+05
5.085885357353842062e-01 1.192984637334182452e+02 9.175440228531483911e+01 3.098874130173026487e+01 2.799155913170742749e-01 8.113782415724681130e+01 1.104971284728094343e-27 1.041279063070241588e-27 1.594146578788930654e-28 7.353034008504600871e-01 2.043918016375946299e-28 5.216819835825731036e-04 4.702474308922456841e-04 1.463173120473428555e-04 2.556324931955958335e-01 3.934490360153167937e-04 3.755656879734255490e+05 6.265884360354826786e+05 1.033446159656113305e+05 5.189930977864861683e-01 1.559214011674551002e+05
8.838255788933832013e-01 7.431464311019503555e+01 4.467692131576952619e+01 1.825027631506086223e+01 3.110164819003214398e-01 4.555899288628983612e+01 1.405385323219200077e-27 9.376720381887357555e-28 1.134220590105280764e-28 8.733537549159137159e-01 1.290847785387729638e-28 5.443873723207607197e-04 4.610987691250990135e-04 2.392612789056933252e-04 3.631806560283311613e-01 3.981948063656705144e-04 5.250438941365821520e+05 8.410269771714650560e+05 1.738535338098064240e+05 6.142610012207719850e-01 2.135409682658773090e+05
