# R (Mpc), mean rho (Msol/kpc^3), errup (Msol/kpc^3), errlow, std, median rho (Msol/kpc^3), mean pth (Msol/kpc/s^2), errup(Msol/kpc/s^2), errlow, std, median pth (Msol/kpc/s^2), mean gas-mass-weighted metal (fraction), errup, errlow, std, median metal, mean gas-mass-weighted temp (K), errup, errlow, std, median temp  
#  nprofs 173, mean mh 215824350193.837280, median mh 202928408658.410339 
#  Mass range 11.00 - 11.5
6.704502643857072897e-04 1.271551318799497634e+08 1.275792507912643254e+08 5.671320236693137884e+07 4.116925853449663331e-01 9.700650227811148763e+07 2.923032438722923765e-22 6.200788698835758252e-22 2.296773162880902422e-23 9.369364120968514120e-01 2.990858911867486513e-23 6.985352389521068406e-03 2.727801038209491311e-03 2.506727818206345819e-03 2.460570308133483430e-01 6.939824778869839103e-03 9.990793802451551892e+04 2.152555565981993277e+05 8.415129971429854777e+03 5.286163265369751008e-01 2.475153463501383885e+04
1.165109025084719785e-03 3.750352632677151263e+07 3.545424325499829650e+07 2.030702870231989771e+07 4.726959177264281609e-01 2.873186931927840412e+07 1.425303486997315626e-22 2.675273361465107778e-22 1.265578602632608021e-23 1.164639122744147937e+00 1.374931131023832827e-23 6.591559029121923929e-03 2.438219015774141692e-03 2.399218131290797515e-03 1.815438538758054055e-01 6.354902066604428516e-03 1.837412291002502025e+05 3.603914512518453412e+05 1.007753080712602969e+04 6.926545366673297899e-01 2.353054909381758625e+04
2.024727429375604119e-03 9.174306291516350582e+06 7.848317295896178111e+06 6.564806919965568930e+06 4.644710083470857120e-01 8.347050919175112620e+06 2.626871401153556950e-23 4.719147954069107814e-23 1.208164531120770634e-23 1.163668034151532638e+00 1.220258509217524376e-23 5.617117068744746471e-03 2.519834406739900751e-03 1.815757469131871679e-03 2.021375198845642152e-01 5.284791461910793089e-03 1.962261080231897940e+05 2.549998988073563378e+05 6.683472685584117426e+04 7.055588132664087908e-01 7.691166851897552260e+04
3.518573004760514565e-03 3.548963106174918823e+06 2.002307636271993630e+06 1.331583858479755931e+06 2.613690490084774609e-01 3.268910085733975284e+06 5.587432902732891330e-24 8.240259520391112652e-24 3.529756414613348789e-24 8.205606267110375773e-01 3.731459059656226286e-24 4.318931010070256073e-03 1.762102654264069770e-03 1.433090349700075032e-03 1.953875337333274564e-01 4.107543081244792969e-03 1.043069510625245894e+05 1.359146941142705036e+05 5.617140762217992597e+04 5.600236860548505335e-01 6.669794835915898148e+04
6.114579083688004638e-03 1.104393462630967144e+06 6.565834420595762786e+05 6.844772877441828605e+05 3.235848762311428484e-01 1.114662844678717898e+06 1.118394565220360229e-24 1.556422277923366359e-24 6.794436294328923671e-25 6.814331267971843742e-01 7.703582365168947128e-25 3.344577402361748140e-03 1.759885783779506236e-03 1.038119738499629612e-03 2.115529351580924811e-01 3.028791514202941373e-03 8.898343300068507961e+04 1.003676752475045796e+05 4.440041997606919176e+04 5.018182562757121934e-01 5.547308824704113795e+04
1.062592059908660722e-02 2.169309566594688222e+05 2.497891892150808708e+05 9.929235155133536318e+04 4.487058164022273976e-01 1.534819022100195289e+05 2.735493002181252456e-25 2.452689130654072163e-25 1.805933611049338140e-25 6.536108474835463644e-01 2.137740738289157751e-25 3.233164204299792972e-03 2.216733344530357613e-03 9.255579799370425645e-04 2.392125306173482346e-01 2.582248363038347309e-03 1.193671204046258645e+05 1.452318660904542776e+05 6.920138909043527383e+04 4.813765961302114427e-01 8.879883500166336307e+04
1.846573362331777393e-02 3.410003946909039951e+04 3.368303940344873263e+04 1.377729404811410677e+04 4.622991987325069663e-01 2.287184263322500919e+04 6.754406783376307596e-26 5.969540417859848905e-26 3.554376041756718959e-26 6.020462335080726257e-01 5.459931740461558950e-26 2.916283780258634162e-03 1.517801019861893860e-03 8.491372103782584592e-04 2.233077078498691415e-01 2.429211030754117265e-03 2.088002296192496433e+05 1.946378122683369729e+05 9.262003303363246960e+04 4.401539838771017510e-01 1.460889247988013958e+05
3.208976719406681638e-02 7.747343848897475254e+03 5.957853857717701430e+03 3.979732226299016020e+03 3.969366836239273666e-01 6.877696290058959676e+03 2.243374660369719933e-26 1.524005777917020550e-26 9.985573450661844006e-27 3.903532648629742252e-01 1.897695455824012813e-26 2.516851837916180522e-03 1.069214550655978903e-03 1.014636978171368957e-03 2.140149216932335507e-01 2.395343419616165030e-03 2.965552094800190534e+05 1.232144555856104416e+05 8.506949217387102544e+04 2.854349995495547021e-01 2.069689013259478670e+05
5.576562402422385878e-02 2.703731887255741640e+03 1.469074927304406629e+03 1.229361696825682884e+03 3.901838629129981140e-01 2.478926831599217621e+03 9.473336779759878420e-27 7.554962345333900628e-27 3.793594938277347100e-27 4.288763859293781566e-01 7.710772323522237742e-27 2.199954217417159855e-03 8.818160986239901612e-04 8.381346897301088922e-04 2.075386192180639078e-01 2.010585797902384852e-03 1.136047011196141364e+06 2.394226752219875343e+05 8.379513931001324090e+04 4.025878851348850818e-01 2.127431823750299518e+05
9.690954764502224261e-02 9.809095793509047780e+02 4.976160896000025105e+02 4.150067186280818987e+02 2.982529216799619798e-01 8.986107798294643771e+02 5.648547326941749226e-27 6.231056939733545894e-27 1.530502321716152907e-27 4.204049608454166753e-01 3.127958402695968639e-27 1.807362910303654795e-03 9.703624276841955713e-04 5.918180667101569613e-04 2.057561501521437408e-01 1.590320634669900070e-03 5.959637298509727698e+05 6.728112940439861268e+05 1.015254727690074942e+05 4.202094815889882429e-01 2.376774209795942588e+05
1.684094922112467918e-01 3.712508636337840926e+02 2.245388752282336213e+02 1.492912612869523628e+02 3.231563685057086688e-01 3.375985595269176542e+02 4.455820920397625463e-27 5.222602414000218931e-27 1.677871289435917202e-27 5.039672568652749929e-01 2.323837597834827923e-27 1.489687926134570031e-03 9.082423320765852740e-04 5.329523046709370819e-04 2.302986102913036903e-01 1.299544248291373055e-03 1.861461502541625407e+06 1.746978433139862493e+06 2.807018325450712582e+05 5.508718567821289103e-01 4.405115140495123342e+05
2.926621551339660399e-01 1.717089831352696478e+02 1.195201999059546836e+02 7.074540485069471174e+01 2.879028840920156984e-01 1.486938975430966536e+02 3.907552946440481992e-27 4.869626963007776313e-27 1.169628769790956109e-27 5.651211917880972768e-01 1.775179431335965561e-27 1.117089416805053725e-03 7.061846180084038922e-04 4.095945064302754235e-04 2.470482069833118133e-01 9.616725080204549178e-04 1.962483787700801156e+06 2.121238245308734942e+06 6.374009988405364566e+05 5.290976113794118030e-01 9.408897075157320360e+05
5.085885357353842062e-01 1.022165023433950211e+02 8.254613730498688540e+01 3.469456970934204776e+01 2.890611032880054387e-01 7.724646722243129204e+01 3.510938452062104351e-27 4.696592717748011069e-27 1.058761312786638330e-27 5.882030005788927429e-01 1.535750757030866064e-27 1.028073642897409578e-03 6.953005822728691764e-04 4.347071085318566217e-04 3.145917471936342524e-01 8.181560022709821267e-04 2.390838922866690438e+06 2.795372867591993883e+06 1.208976642405041959e+06 4.891679599994824823e-01 1.681015425958968699e+06
8.838255788933832013e-01 6.665201425199049368e+01 5.408149807650215735e+01 2.409202246510581347e+01 2.908976922728201964e-01 5.008095573745858076e+01 3.032283414315559243e-27 3.855237746250453242e-27 9.908647252363300262e-28 6.132424028384936276e-01 1.370105366902873054e-27 1.083376210613069997e-03 7.237804291864769791e-04 6.260284718747569782e-04 3.397891936030181248e-01 1.016094076611629305e-03 2.874231871915723663e+06 3.132232943468084093e+06 1.601623903664342361e+06 4.469630279693580510e-01 2.403455469795541372e+06
