# R (Mpc), mean rho (Msol/kpc^3), errup (Msol/kpc^3), errlow, std, median rho (Msol/kpc^3), mean pth (Msol/kpc/s^2), errup(Msol/kpc/s^2), errlow, std, median pth (Msol/kpc/s^2), mean gas-mass-weighted metal (fraction), errup, errlow, std, median metal, mean gas-mass-weighted temp (K), errup, errlow, std, median temp  
#  nprofs 63, mean mh 534290571559.890869, median mh 476216580682.674072 
#  Mass range 11.50 - 12.0
6.704502643857072897e-04 8.547560900079044700e+07 1.135775769386147261e+08 2.623394482017144933e+07 4.591226081802070036e-01 4.318956944844347239e+07 5.042805108058660942e-23 5.807612131208556977e-23 9.804780521968689061e-24 6.096690284605288390e-01 1.402111477558686101e-23 5.263946435679443293e-03 2.606382576848396276e-03 2.342518956250715795e-03 4.531279704435322575e-01 4.712937604134633321e-03 3.929434807432877278e+04 1.232467295698400267e+04 4.659331370899955800e+03 2.943836315361705869e-01 2.185217953307900461e+04
1.165109025084719785e-03 3.665964694307024777e+07 3.056615309806037694e+07 1.663076549421746656e+07 4.025540867811622792e-01 2.797090293435258418e+07 1.700898416291878393e-23 1.421773507397195218e-23 4.117775292268701780e-24 6.276346419357913264e-01 7.849848541250311355e-24 5.858306501116667016e-03 3.416834237765290633e-03 2.191484621847931708e-03 2.708592345608485941e-01 4.856499864841219705e-03 3.599138318036907731e+04 1.259465496831724522e+04 4.713688485586706520e+03 3.410581955780087604e-01 2.195034892491463324e+04
2.024727429375604119e-03 1.522500916829185188e+07 9.155661647552341223e+06 1.020423039442854747e+07 4.275975105695441481e-01 1.406065838298704475e+07 8.888564233766710415e-24 1.004906442909883272e-23 2.617595384659839319e-24 7.108606177511542779e-01 3.663302911196596346e-24 5.786576100888939436e-03 4.516043643276375710e-03 2.058452421365297366e-03 2.863490452166532751e-01 4.651170975228094071e-03 4.119705270912034757e+04 4.921351662381323695e+04 5.994970480770694849e+03 3.529278053930148817e-01 2.191849344804854263e+04
3.518573004760514565e-03 5.879004377388226800e+06 3.603454062994635664e+06 1.915400756635394879e+06 2.506469279803328898e-01 5.260475274693817832e+06 5.272801507899768838e-24 8.458686471341103165e-24 1.267141165436290084e-24 6.390147668521943825e-01 1.814452992248681347e-24 5.752721220149937045e-03 5.327740980331028241e-03 2.057370222448834732e-03 3.065456892143478274e-01 4.236592815639276567e-03 5.469585191809626122e+04 7.321974737035050930e+04 1.247727961138780302e+04 4.116997057485501932e-01 2.724304941469806363e+04
6.114579083688004638e-03 2.042288341488894774e+06 1.293559665409379406e+06 7.956285364198079333e+05 2.733832593849064851e-01 1.765969266537196236e+06 2.260311287620239983e-24 2.741073590172586330e-24 1.146436337602013715e-24 6.584984605610547659e-01 1.342980171019790752e-24 5.117082031083812835e-03 5.914586561880240574e-03 1.562141705289545263e-03 3.173877716715878261e-01 3.411782369416059731e-03 7.666087692253594287e+04 7.520998364285957359e+04 3.315046152596986940e+04 4.518760765000519597e-01 4.652538120372181584e+04
1.062592059908660722e-02 6.445497575318476884e+05 4.353987906753061106e+05 3.445659132490939228e+05 3.413612204943582973e-01 6.031813837166172452e+05 9.896423786259516118e-25 8.208766622582668645e-25 4.875596080635494676e-25 5.869737030249099208e-01 7.088894160155837364e-25 4.608259334122416333e-03 4.794344068384549622e-03 1.381105090150971633e-03 3.251174508319441547e-01 3.045931711316265424e-03 1.233652493923212169e+05 1.231302966758002876e+05 5.489449833384274098e+04 4.291551555682848740e-01 8.585070880344611942e+04
1.846573362331777393e-02 1.687282602598331869e+05 1.031761610922293330e+05 1.237250350555233599e+05 3.672486340054992304e-01 1.746382953194182192e+05 4.460263848855650338e-25 3.590704736070236127e-25 2.111027809744584789e-25 4.016215259844089225e-01 3.364882713781981183e-25 3.937293051911471345e-03 3.761418888789960346e-03 1.211792616055198772e-03 3.136308544506695162e-01 2.693010695959767702e-03 2.318895115343153884e+05 1.872621847193124122e+05 7.823193020292006258e+04 3.344023340713889736e-01 1.513194647770765587e+05
3.208976719406681638e-02 4.296302657246350282e+04 3.320211399896257353e+04 2.600483842560464109e+04 3.430540005992293584e-01 4.050180154298082198e+04 1.914446063749194083e-25 1.570529048323385003e-25 8.133086236485783403e-26 3.514791016523161060e-01 1.469825227735269523e-25 3.371643803445027211e-03 2.593741737379811826e-03 1.043824778814627860e-03 2.655237433361810062e-01 2.605774259070791667e-03 3.728584306987404125e+05 3.384368872533716494e+05 1.916220264526164392e+05 3.092005310410530505e-01 3.094467071108829696e+05
5.576562402422385878e-02 1.473576706260618084e+04 7.624019301219488625e+03 9.264072727967595711e+03 3.189213045101048083e-01 1.456832863827298752e+04 6.775914894108147513e-26 4.027523681932874229e-26 2.428998136804341913e-26 3.122949140565862702e-01 4.999053742349432138e-26 2.809758464434906206e-03 1.523391232712413817e-03 9.662990827296442063e-04 2.204290177165292020e-01 2.480016873195509206e-03 4.062932652196923154e+05 4.333421275591330486e+05 1.692832212102728081e+05 3.316380254716130849e-01 2.944987055965237669e+05
9.690954764502224261e-02 4.756477278073918569e+03 2.459688037925763638e+03 1.822968618497140142e+03 2.540563614841718221e-01 4.353440428825701019e+03 2.374356278207980753e-26 1.876726288476296719e-26 1.064024089234717034e-26 3.253951551234808282e-01 1.814885829392370513e-26 2.220724386999876464e-03 9.852188278817004211e-04 5.633145057998315778e-04 1.969129852359897126e-01 1.878686220767141835e-03 4.587382359391736099e+05 5.372821483900063904e+05 1.044779602992415603e+05 3.804163248064338920e-01 2.390211833523552632e+05
1.684094922112467918e-01 1.374749226890122827e+03 5.135107967835765521e+02 3.750348538489289467e+02 1.680308837956556167e-01 1.326120307976925233e+03 8.547157888933530526e-27 1.006529867420861277e-26 3.787118424706074494e-27 4.065078293488075256e-01 5.639784378871239184e-27 1.671068110314921640e-03 8.648396993424034909e-04 4.295683828678231297e-04 2.165893081896944627e-01 1.425597670879562642e-03 4.685356089230402140e+05 4.810256494764584932e+05 1.204431438507105777e+05 3.850050765962225174e-01 2.454374080907649477e+05
2.926621551339660399e-01 4.677307596762153139e+02 2.013328978559388247e+02 1.224677537002301619e+02 1.528545034679631709e-01 4.271848339107970673e+02 3.145295340084619243e-27 3.505164724794367138e-27 1.642094603366502381e-27 4.656435782217387964e-01 2.180265440600866001e-27 1.181338904163355824e-03 6.552786739584288023e-04 4.444075944336818183e-04 2.495982794150017614e-01 1.075910746693036846e-03 4.630777071473302203e+05 4.029683938827722450e+05 2.443908968474076828e+05 4.019266732130304387e-01 3.473232665306393174e+05
5.085885357353842062e-01 1.902707912576860281e+02 8.245292614102061179e+01 5.124324152687307787e+01 1.586233423114057628e-01 1.764129279561585122e+02 1.562305420608363860e-27 1.680570988412412340e-27 9.225883400601406789e-28 5.964084218313596697e-01 1.038795870710424987e-27 8.072728413676412938e-04 5.318431651989082064e-04 5.669804675031887451e-04 3.939248414000429133e-01 7.896392816194327093e-04 5.685040588527473155e+05 5.225964972811261541e+05 4.140404806530043716e+05 5.052021225204628152e-01 4.761758176029216847e+05
8.838255788933832013e-01 1.034567789035396856e+02 3.562479125589047158e+01 2.775089266912229391e+01 1.649702040519528401e-01 9.688718544065622496e+01 1.123016487593920872e-27 1.196769735807131044e-27 6.333864516820549743e-28 6.576970759986361381e-01 7.097835097808423668e-28 7.917498543342127611e-04 4.662556977807610697e-04 5.090108183351141433e-04 4.377919591872714844e-01 7.723169901050834204e-04 6.975034737605855335e+05 8.618149363272062037e+05 4.470565556179290288e+05 5.410886008807166414e-01 5.117905563985218178e+05
