# R (Mpc), mean rho (Msol/kpc^3), errup (Msol/kpc^3), errlow, std, median rho (Msol/kpc^3), mean pth (Msol/kpc/s^2), errup(Msol/kpc/s^2), errlow, std, median pth (Msol/kpc/s^2), mean gas-mass-weighted metal (fraction), errup, errlow, std, median metal, mean gas-mass-weighted temp (K), errup, errlow, std, median temp  
#  nprofs 257, mean mh 213472489122.667145, median mh 203929830638.400635 
#  Mass range 11.00 - 11.5
6.704502643857072897e-04 1.356580949152481556e+08 9.034646720053997636e+07 8.291933963889279962e+07 3.689751166397333138e-01 1.294803110009793937e+08 3.678218089105846069e-22 8.469033509462247987e-22 4.978891916649816431e-23 9.065367490783550197e-01 5.989983531979404921e-23 8.356713545708939830e-03 2.096850685069484577e-03 2.484955546384320230e-03 2.280528910249814689e-01 8.428280601513907927e-03 1.465025007609207532e+05 2.997621149730398320e+05 1.101924471672124128e+04 5.839074219236846108e-01 2.899205242776159503e+04
1.165109025084719785e-03 4.071324337594807148e+07 4.049092591158872843e+07 2.338584166346536577e+07 4.397220826795724680e-01 3.409660506698410213e+07 1.974342028629277386e-22 3.600764481176093067e-22 1.042906178188903467e-22 1.143056847346618721e+00 1.059248660571043185e-22 7.753117449069751345e-03 2.979758585189699535e-03 3.217623860125144904e-03 2.441172936762829593e-01 7.567254474914141688e-03 2.571525335116026981e+05 3.528392116121927975e+05 1.580165988533600175e+05 7.136252888351384271e-01 1.723837880337108218e+05
2.024727429375604119e-03 9.572524398772932589e+06 6.587348239396072924e+06 5.062640655452622101e+06 3.300393426968287747e-01 8.769864244461998343e+06 4.398185200125906847e-23 8.271401530735938822e-23 1.627273740087891073e-23 1.120168889274607560e+00 1.659315221139953194e-23 6.920830189065789277e-03 2.369431848572590635e-03 2.616393162566743764e-03 2.459234264274284543e-01 6.618977449655243442e-03 2.533676582181301201e+05 4.483219551374277798e+05 1.067310320347066299e+05 7.705578588068000556e-01 1.180223971984223317e+05
3.518573004760514565e-03 3.193826894227176905e+06 1.281545586567906663e+06 1.349814995241673663e+06 2.769592483535819882e-01 3.171356738178356551e+06 6.955147061574599937e-24 9.116208348188630766e-24 4.481821524690961128e-24 8.565478480974705322e-01 4.676622312001565440e-24 5.124981713911550343e-03 1.849409304547047078e-03 1.949135635567976997e-03 2.529475800773210992e-01 4.916569228887431552e-03 1.542731564831382420e+05 1.674384706253097393e+05 1.012350803565121169e+05 6.263550687938062023e-01 1.124599557606506714e+05
6.114579083688004638e-03 8.474518060344607802e+05 6.976245759065540042e+05 3.587688024418786517e+05 3.718166540447617185e-01 7.167938310191694181e+05 1.089968015797199267e-24 1.594049249296479989e-24 6.079921586139760234e-25 8.001494534091035948e-01 6.510172619517039581e-25 3.850217445478113995e-03 2.027563362912004723e-03 1.451419926537069523e-03 2.563346647030986802e-01 3.539450542639040881e-03 1.032528854004862515e+05 1.367347440500167431e+05 5.054933527925729868e+04 5.601962372037285753e-01 6.062782763837809034e+04
1.062592059908660722e-02 1.381123777046387258e+05 1.594767403676954564e+05 4.864364237659737410e+04 3.970326677180917030e-01 9.176903091512540414e+04 2.298611519706024052e-25 2.941939578173434126e-25 1.299029627782141791e-25 6.885613031008162022e-01 1.444446829990060362e-25 3.596727129933904431e-03 2.216980861198087575e-03 1.371605026915080541e-03 2.660954791554450138e-01 3.173641034875503576e-03 1.607158036222353694e+05 2.327740274722113973e+05 6.646464852843832341e+04 5.530186110179904357e-01 8.391380696897237794e+04
1.846573362331777393e-02 2.094372597192376270e+04 1.618807270847679683e+04 8.510559911911568634e+03 3.749866341402708358e-01 1.564963803629868562e+04 6.159664040674979588e-26 6.036494705598630598e-26 2.790817946789078963e-26 5.720272625341318307e-01 4.305398665032955202e-26 3.067996424395751532e-03 1.852064444615315539e-03 1.225613730755850759e-03 2.783093420914460325e-01 2.668519534025606994e-03 2.370682019273837504e+05 2.083494504987634427e+05 1.093647588430565374e+05 3.888090226208177347e-01 1.845163898320679145e+05
3.208976719406681638e-02 5.545500054552145230e+03 3.435505764994903075e+03 2.545991834929116067e+03 3.476101501992883702e-01 5.010275856356765871e+03 1.890688576800502310e-26 1.348649577688367799e-26 8.890128910124755010e-27 4.191222880802998318e-01 1.679058221529676295e-26 2.568451809625200456e-03 1.603373133673363128e-03 9.059089691349721165e-04 2.543412214057579335e-01 2.139965252913038352e-03 2.722522580537374597e+05 1.216172354653725051e+05 9.744558805733232293e+04 2.522310723575549307e-01 2.435865518416434643e+05
5.576562402422385878e-02 2.059215091085332006e+03 1.224983767684840359e+03 8.270028029075047016e+02 3.469669269896752950e-01 1.869643344718837625e+03 7.652178835317335965e-27 5.194829698968327325e-27 3.322685721211295374e-27 3.799405598595808065e-01 6.319734251165826300e-27 2.101984970983800625e-03 1.291791433552274193e-03 7.550084838863629910e-04 2.385210986126936883e-01 1.843990220694257135e-03 3.298916760532933986e+05 1.395115573101798655e+05 7.718796924375509843e+04 2.827591187425433916e-01 2.336906066578782629e+05
9.690954764502224261e-02 7.420548896719478762e+02 4.577789977850675314e+02 2.995537466924724299e+02 3.039795260461817805e-01 6.734601285112712503e+02 3.953319252877319087e-27 3.962439807694336481e-27 1.344141050782003543e-27 4.371734514709371688e-01 2.480818594531510518e-27 1.775055548616212564e-03 1.000237046957496226e-03 6.783669642915350932e-04 2.296036257059539121e-01 1.579339610101340458e-03 4.323858872129404335e+05 3.145764958106478443e+05 1.199974622432799079e+05 3.321361817764565405e-01 2.676725866462540580e+05
1.684094922112467918e-01 3.000446638772643269e+02 1.729695793394927819e+02 1.146955733323338791e+02 2.912111280705316774e-01 2.717393386502181443e+02 2.598130606448428862e-27 3.523764586653194089e-27 7.445333774090957335e-28 4.673374181984608633e-01 1.283421337517716386e-27 1.439980838344046953e-03 7.662810055881223627e-04 5.780051354868117990e-04 2.221292237025284388e-01 1.287101351068068193e-03 6.744765948773216223e+05 7.155182896613734774e+05 2.509186992010462855e+05 4.082471640539417912e-01 4.037934927513441653e+05
2.926621551339660399e-01 1.506394213018372739e+02 1.159288530560157113e+02 5.165284579226451456e+01 2.864001679863595329e-01 1.206811282005463823e+02 2.118883651969922449e-27 2.831250935791019513e-27 7.588526187223716846e-28 5.563864122759941688e-01 1.027485507950850872e-27 1.221729898549506243e-03 8.466923782609226019e-04 4.258067214808578405e-04 2.397568880284133841e-01 1.036305913909753166e-03 9.957780163394357078e+05 8.384910683351346524e+05 4.958039958459817572e+05 4.468628807851188767e-01 6.966896995826602215e+05
5.085885357353842062e-01 9.265842135033469162e+01 7.127683932607968131e+01 3.072036104888015728e+01 2.969528319048385656e-01 6.773291317864232042e+01 2.063452356356132760e-27 2.224431655811755761e-27 5.935674273208848753e-28 5.991833004931630402e-01 8.122849410117055951e-28 1.170092092419176876e-03 7.752960517389607432e-04 5.022773011422069578e-04 2.643813400067465680e-01 1.016597537794084599e-03 1.247725769344331929e+06 1.165037630781445419e+06 6.104879072485971265e+05 4.210451928410605116e-01 9.474540192598390859e+05
8.838255788933832013e-01 6.660606599105085479e+01 6.340597439355284592e+01 2.347907755461302060e+01 3.214655595317235104e-01 4.574329996999939141e+01 2.255545691577132707e-27 2.058144379021429191e-27 5.559870144729042710e-28 6.218716503300285581e-01 7.644712170920424810e-28 1.298621998173899242e-03 7.997782395482175375e-04 6.264552436809695457e-04 2.814669358618909212e-01 1.196742127499093736e-03 1.552213098740650574e+06 1.273355597558609676e+06 7.530874795829827199e+05 3.779300895497502144e-01 1.277581287248424254e+06
