# R (Mpc), mean rho (Msol/kpc^3), errup (Msol/kpc^3), errlow, std, median rho (Msol/kpc^3), mean pth (Msol/kpc/s^2), errup(Msol/kpc/s^2), errlow, std, median pth (Msol/kpc/s^2), mean gas-mass-weighted metal (fraction), errup, errlow, std, median metal, mean gas-mass-weighted temp (K), errup, errlow, std, median temp  
#  nprofs 118, mean mh 533536617053.349548, median mh 496466194281.295959 
#  Mass range 11.50 - 12.0
6.704502643857072897e-04 1.234579043839436322e+08 1.162029688176440746e+08 4.844731051797747612e+07 5.286179348444819404e-01 6.179462568199662864e+07 2.577394575088330849e-22 8.713898903695426089e-23 1.962551141625970025e-23 8.918180207347938815e-01 2.180412417622841315e-23 7.908693972761698943e-03 5.142883683243367268e-03 3.119355198021431588e-03 2.411498669742309364e-01 7.185086323660503163e-03 7.496651686780327873e+04 8.859384068878239486e+04 1.132329958014356816e+04 4.478510803211286917e-01 2.668114632096056812e+04
1.165109025084719785e-03 4.119207638673961908e+07 5.995427529204779863e+07 1.365437788462239131e+07 5.474934451165441862e-01 1.895687210181728005e+07 1.329401843679411318e-22 6.430754069172020594e-23 5.844566668222006846e-24 1.057148231353004286e+00 6.283455738168738745e-24 8.046931966444303280e-03 3.880754109964273946e-03 2.724238901164108967e-03 2.543244622093868146e-01 7.517687818839460107e-03 8.991892212873445533e+04 7.668000789447833085e+04 8.985904187203585025e+03 5.395493662093119314e-01 2.142497733965190855e+04
2.024727429375604119e-03 1.555019255168651789e+07 1.889128351458924264e+07 7.131716939949429594e+06 4.514106132765231538e-01 1.064441303639977612e+07 4.396087418910700789e-23 5.534191102721592542e-23 3.644187650447651832e-24 9.678470182240132003e-01 4.171166935366757829e-24 8.196324117267672626e-03 4.979393094354126435e-03 2.108053592070038319e-03 2.114559137201003913e-01 6.805211903671628225e-03 1.161088920223347377e+05 1.312401457646597992e+05 2.370362383086352202e+04 5.556718456601984490e-01 3.690459552654394793e+04
3.518573004760514565e-03 5.961189539650663733e+06 3.713414259709629230e+06 2.413319543119018897e+06 2.471356292994307813e-01 5.346591121649849229e+06 9.855296639731318771e-24 1.343374315010929254e-23 3.382096896165350017e-24 7.433523058512077064e-01 3.829046099470842602e-24 8.494508826820897779e-03 6.859056592345983555e-03 1.826509145342493715e-03 2.581033494580304288e-01 6.064261967989155455e-03 1.084978006309049379e+05 1.607118930214183056e+05 3.386156128218606318e+04 5.268554895019308404e-01 4.836464832385249611e+04
6.114579083688004638e-03 2.049013103066625772e+06 1.546452757640907774e+06 1.165870939514367841e+06 3.100343681885751601e-01 1.848234614258449757e+06 2.495102715577763186e-24 2.203064466920219266e-24 1.515960970504821636e-24 6.988803698575302148e-01 1.650010206855382966e-24 7.796949788777887691e-03 8.064541791690093414e-03 1.767331968480104730e-03 2.920975644271691096e-01 5.066286122487377586e-03 9.938903436524752760e+04 1.040064157618467871e+05 4.172824928104466380e+04 4.862260328083242711e-01 5.335199828218957555e+04
1.062592059908660722e-02 5.153591783021755400e+05 5.258214460607771762e+05 3.339613722390786279e+05 4.309217053567538369e-01 4.303314828749489971e+05 7.715250371278010342e-25 9.981600302435638788e-25 4.030112981808901627e-25 7.260932938209299081e-01 5.111313585908883374e-25 7.239031262575676418e-03 9.296731539158073140e-03 1.695045829132596840e-03 3.163367630142667197e-01 4.311036298159985278e-03 1.269107876604678604e+05 8.566340628112242848e+04 4.534707617671417393e+04 4.735839873877364936e-01 8.169000412203899759e+04
1.846573362331777393e-02 9.628068503628873441e+04 1.236017935499023442e+05 3.555646426631569193e+04 4.945537094281080570e-01 5.123954349748803361e+04 2.573629836182341779e-25 2.394341408365957325e-25 1.166535767410740123e-25 5.659248543819280775e-01 1.716719919757029725e-25 6.393619218453812023e-03 6.965827258842547179e-03 1.526524854005770204e-03 3.102063070981910808e-01 4.014057638741189843e-03 2.453570742074978189e+05 1.895846354307902802e+05 8.745697661312011769e+04 3.638430013476729452e-01 1.829091259080353484e+05
3.208976719406681638e-02 2.039968293727449054e+04 1.515340368412638418e+04 1.026422916748523858e+04 4.195985800917358399e-01 1.501568361252986506e+04 8.723754073865652272e-26 7.693032490889705727e-26 3.232725830554903740e-26 3.850418988128666009e-01 5.636390692594607271e-26 5.670253239939017538e-03 4.834423453600611084e-03 9.969168981569182311e-04 2.788970894414795620e-01 3.670402622808325004e-03 3.906760750566826900e+05 3.073688460301346495e+05 1.691208010461456142e+05 2.989618357643308855e-01 3.183312698132064543e+05
5.576562402422385878e-02 6.769248273762592362e+03 6.169379549239842163e+03 3.781587242446349592e+03 3.981221427065168572e-01 5.384055300064781477e+03 3.413252599449754602e-26 2.966815002787427413e-26 1.295015201020601364e-26 3.518598291792058852e-01 2.375916916635032794e-26 4.602517953224531840e-03 2.875716590207312226e-03 1.094145134795687993e-03 2.539034939149963921e-01 3.474137474677230220e-03 5.033732921262396849e+05 5.586807242620547768e+05 1.667431153752330283e+05 3.419793160894529227e-01 3.353005414683212875e+05
9.690954764502224261e-02 2.241910785093369213e+03 1.900495454993294288e+03 1.319730766794104056e+03 3.578808956019970955e-01 1.922343601586559316e+03 1.415904254602922567e-26 1.450215771418905441e-26 4.573213092412479090e-27 3.362301873727161494e-01 9.279891669972076542e-27 3.410893928995719238e-03 1.651586697421260960e-03 1.015591714580985462e-03 2.299114648639282166e-01 2.959576441973505324e-03 6.715644515792896273e+05 6.912893255964880809e+05 2.209798143489454233e+05 3.906107215718607195e-01 3.855024170621044468e+05
1.684094922112467918e-01 6.814220757959221828e+02 4.440996173890470118e+02 3.260772772939116066e+02 2.713021752980252499e-01 5.993755361252630109e+02 6.614689060839228235e-27 7.387047830632872176e-27 2.357246552851145599e-27 3.986858068303409941e-01 4.083452818214567066e-27 2.329189320723654404e-03 1.172736053871418788e-03 8.890563616458849443e-04 2.160092449555821303e-01 2.170006749338002604e-03 9.050029900091236923e+05 9.936788913107415428e+05 3.658112589351984789e+05 4.314296350626637411e-01 5.377753456529016839e+05
2.926621551339660399e-01 2.487397751583596346e+02 1.930913399911553370e+02 8.644909805168975936e+01 2.258488263795746243e-01 2.161044259451742278e+02 3.599291666956624386e-27 3.856878144656146445e-27 1.377168002045721898e-27 4.877652880897478394e-01 2.055313409574537714e-27 1.538061394419345997e-03 9.111656325493052745e-04 6.343988109409761473e-04 2.582117042904976123e-01 1.368225385822848753e-03 1.144335172023373423e+06 1.196948314049792476e+06 4.836863904995620251e+05 4.584357253252642761e-01 7.185570896436612820e+05
5.085885357353842062e-01 1.200295604521160016e+02 7.589599384317899933e+01 3.950233815320424213e+01 2.278340501602069690e-01 9.992796796807770932e+01 2.682348594938155742e-27 3.289010913475223443e-27 9.166097523918160887e-28 5.771021223746441997e-01 1.328513409379093523e-27 1.165274103729613221e-03 9.787138847708971509e-04 5.517457833654720693e-04 3.295330425275175279e-01 1.028452565368023243e-03 1.418463939130928367e+06 1.608740743148696143e+06 5.662306124833429931e+05 4.594458133766071706e-01 9.433166170553416014e+05
8.838255788933832013e-01 6.808840807427270647e+01 4.815488279667620475e+01 2.221147892822741454e+01 2.429113938277043527e-01 5.471405879161015662e+01 2.195290390147924066e-27 1.925663236189345143e-27 8.098436818933251417e-28 5.639264594225854577e-01 1.131486649232915333e-27 9.683764574971985041e-04 6.486772804568739347e-04 5.034019390703576083e-04 3.581339107582249270e-01 8.403470282187346097e-04 1.919148764501465484e+06 1.692632271858951543e+06 7.810051057706199354e+05 4.082959668006733156e-01 1.427079367645576596e+06
