# R (Mpc), mean rho (Msol/kpc^3), errup (Msol/kpc^3), errlow, std, median rho (Msol/kpc^3), mean pth (Msol/kpc/s^2), errup(Msol/kpc/s^2), errlow, std, median pth (Msol/kpc/s^2), mean gas-mass-weighted metal (fraction), errup, errlow, std, median metal, mean gas-mass-weighted temp (K), errup, errlow, std, median temp  
#  nprofs 270, mean mh 213000399815.439972, median mh 201214736486.010620 
#  Mass range 11.00 - 11.5
6.704502643857072897e-04 6.913432837968748808e+07 8.153873769059965014e+07 2.567931109373745322e+07 4.003626147376012079e-01 4.220714421111395210e+07 1.887537488333544224e-23 2.407403416021838161e-23 6.360531576848339602e-24 5.409845289450220251e-01 8.876763570853584862e-24 1.495060368537681371e-03 1.661939297255038157e-03 8.033522678187640350e-04 4.393287596287558383e-01 1.150515337690431131e-03 1.827347871672873225e+04 4.559912895670218859e+03 3.433871201610854769e+03 9.603445778479052786e-02 1.779003496160351642e+04
1.165109025084719785e-03 3.367704407276095450e+07 3.156876684097274020e+07 1.063417926613492705e+07 3.101614711618753129e-01 2.330677570532897487e+07 6.815736202581286196e-24 6.323074025055772132e-24 2.668378598073381766e-24 4.018897625001039975e-01 4.581627297798707254e-24 1.208670184167591997e-03 1.425030199918447555e-03 5.590275925982427473e-04 3.662502776435006546e-01 8.947139999200252490e-04 1.596545904566510580e+04 2.441567083239042404e+03 2.384530614197970863e+03 7.434426290443138519e-02 1.589276582801398763e+04
2.024727429375604119e-03 1.167597575976945087e+07 5.283391770293608308e+06 3.124395552583062090e+06 1.944052460455512055e-01 1.006055234204524383e+07 1.735876604285049382e-24 1.379067941713228283e-24 5.509413096597671089e-25 2.839900317975379007e-01 1.343793492926525938e-24 1.019020025513826984e-03 1.308983311320101317e-03 3.671932602413779056e-04 3.810775467996537769e-01 6.592969765996901932e-04 1.399075489443974584e+04 1.852517817553867644e+03 3.055308645969989811e+03 1.157502793192258933e-01 1.416823864586590571e+04
3.518573004760514565e-03 3.889798861219514161e+06 1.166286482135048136e+06 1.434197569590812083e+06 1.930996787882689747e-01 3.919875751448649913e+06 5.096921065059689013e-25 3.613462420728412343e-25 2.044974837645709568e-25 3.153210209618025339e-01 4.173817363324471905e-25 8.393280053462400230e-04 1.048004229054363967e-03 3.180468722655827312e-04 3.956364139475386787e-01 5.442395180038854096e-04 1.348146804568343032e+04 2.058844966266264237e+03 2.149795508548657381e+03 1.219880714333746174e-01 1.267924407850670832e+04
6.114579083688004638e-03 9.997549804152213037e+05 7.388288857548041269e+05 4.284041803663343308e+05 3.003544226835964115e-01 8.711446887510539964e+05 1.642005134484438686e-25 1.626314154895649470e-25 7.391574052196610823e-26 4.010776850686700867e-01 1.152846205204243414e-25 7.369626443023638172e-04 9.604529005455772223e-04 2.782823162796748979e-04 4.108801089647457494e-01 4.807606785572290128e-04 1.853309886363019541e+04 1.303953504266822711e+04 1.467407527862513234e+03 2.345304300760528426e-01 1.186035398864247691e+04
1.062592059908660722e-02 1.819273695765169978e+05 2.075088952110297105e+05 6.861550276924438367e+04 3.732964753078680809e-01 1.216304243184660736e+05 7.893865569492480538e-26 8.265732376530346577e-26 3.712470428658789489e-26 4.269766038195002555e-01 5.839689508757142153e-26 7.055145583840025233e-04 7.034080237787800364e-04 3.003812114483716796e-04 3.964593249720008150e-01 5.311029702284576727e-04 5.828009006512280030e+04 8.526382550232141512e+04 1.778352525828182843e+04 4.233948691334591952e-01 3.017560660800100595e+04
1.846573362331777393e-02 2.927769916254498094e+04 2.076829860616401129e+04 1.196299150494605965e+04 3.170671487013672074e-01 2.332368938254115346e+04 4.486064813385632038e-26 3.844110253687681156e-26 2.012575644641693717e-26 3.795979569352367911e-01 3.518715942512725565e-26 6.758568294605577084e-04 5.981712104117621132e-04 3.155755428233909593e-04 3.470509346052793598e-01 5.680346937858138769e-04 1.457007011899353529e+05 1.156665838108558382e+05 8.467394843444490107e+04 3.564768882701621067e-01 1.269150800546420796e+05
3.208976719406681638e-02 7.633369864407583009e+03 4.047010183182651417e+03 2.528548914018500909e+03 2.495520543419011694e-01 6.879299269121534053e+03 1.965611495513788591e-26 1.243395857429016690e-26 7.605593938331376466e-27 2.552145288939932644e-01 1.739687011071579071e-26 6.381324223638249263e-04 4.313300168546207319e-04 2.767101288317523394e-04 2.761293825009400460e-01 5.604724516723080720e-04 2.270024058849820867e+05 9.067556341511433129e+04 8.334562437245309411e+04 2.403042465692049046e-01 1.957247871663004335e+05
5.576562402422385878e-02 2.697179563839959428e+03 1.294358880522200252e+03 9.076967122332077906e+02 2.097089497925266888e-01 2.487746883666446593e+03 8.440686463186302015e-27 5.710948348164849637e-27 3.123982505183423359e-27 2.758454893903075078e-01 6.641927324240578216e-27 5.139447204640965961e-04 3.069582253096297562e-04 1.921445350633095724e-04 2.370319065060035590e-01 4.522094530744340561e-04 2.667263367448852514e+05 1.023617935307039588e+05 6.023304473101824988e+04 2.458190331604427348e-01 1.971351381909194461e+05
9.690954764502224261e-02 9.480255283521331648e+02 4.893938582920479803e+02 2.974867459828436722e+02 1.941449838811257211e-01 8.519954811551217517e+02 3.776667262570068532e-27 3.566999784726488644e-27 1.237820686158855762e-27 3.711418366692052495e-01 2.268419512793440604e-27 4.079457081037268567e-04 2.168517262321992701e-04 1.250364887845121056e-04 2.032163183530874828e-01 3.526364210256603291e-04 2.996594521522474242e+05 2.192178520985473297e+05 5.221540555454841524e+04 2.942261706527525278e-01 1.732779704792423290e+05
1.684094922112467918e-01 3.628780764857505687e+02 2.192078061840212513e+02 1.143890318230577350e+02 2.242996522525236847e-01 3.037249724925582086e+02 2.144515085639650322e-27 3.148634597036393331e-27 5.862752001316541302e-28 5.457248434805311854e-01 8.418712080424102631e-28 3.233896055907420396e-04 1.443857500521569608e-04 9.255827301987958945e-05 1.968465360612871862e-01 2.780093147577783952e-04 3.788333745606712764e+05 4.795649810789422481e+05 7.807613133483011916e+04 4.211457734438597833e-01 1.611921442037122906e+05
2.926621551339660399e-01 1.715138174326130809e+02 1.223673751544310448e+02 5.509224960746703914e+01 2.623549031010956600e-01 1.334068212693442206e+02 1.602693866356624230e-27 2.553569499181675235e-27 3.049466026307782971e-28 7.251312806525174182e-01 3.730076145626447836e-28 3.010272135939518140e-04 1.845584819061394277e-04 7.976524559353997718e-05 2.618859309942094815e-01 2.220177790631940279e-04 5.137329731004703790e+05 7.924899243333478225e+05 1.185316219904705649e+05 5.527300296012402914e-01 1.788135620462011138e+05
5.085885357353842062e-01 1.048070047497314192e+02 8.996186302043142291e+01 3.295971932236120949e+01 3.111957578100354449e-01 7.206460638968133026e+01 1.695848331474651542e-27 2.044855471367412749e-27 3.037242721524681344e-28 8.739410129738296451e-01 3.297055544538514216e-28 4.417432796594794684e-04 6.405525695958240277e-04 1.079140467823218015e-04 4.288453715354840212e-01 2.116821160508205752e-04 7.074500213283170015e+05 1.084805117533658165e+06 2.580718686397430720e+05 6.451536239061204103e-01 3.068031329615564318e+05
8.838255788933832013e-01 6.096932255429971548e+01 6.247157897685839600e+01 1.962664246101815735e+01 3.266436103368239863e-01 4.045586728490351902e+01 1.409167060419636088e-27 1.804788116112824871e-27 2.583794483596156142e-28 9.429287259966179224e-01 2.752238035813816432e-28 5.250534412480023722e-04 7.465091379075286223e-04 2.255071561467023467e-04 5.208794283582106610e-01 3.056216531289582044e-04 9.194115436943954555e+05 1.231028572593050078e+06 4.655218952667961130e+05 6.843253696772171324e-01 5.185996376453067642e+05
