# R (Mpc), mean rho (Msol/kpc^3), errup (Msol/kpc^3), errlow, std, median rho (Msol/kpc^3), mean pth (Msol/kpc/s^2), errup(Msol/kpc/s^2), errlow, std, median pth (Msol/kpc/s^2), mean gas-mass-weighted metal (fraction), errup, errlow, std, median metal, mean gas-mass-weighted temp (K), errup, errlow, std, median temp  
#  nprofs 205, mean mh 543322112434.967468, median mh 491670197265.333923 
#  Mass range 11.50 - 12.0
6.704502643857072897e-04 8.103537799939435720e+07 8.799801623961387575e+07 3.189926902426962554e+07 3.634880349551428136e-01 5.722438931141747534e+07 3.576517853441081174e-23 4.605583637093031385e-23 1.133356155609431355e-23 5.456334908788306182e-01 1.643400262799119562e-23 4.310543005502512522e-03 2.160895311757369402e-03 1.886490059114277057e-03 3.298415510232954317e-01 4.174943521409394363e-03 2.987792420856096942e+04 9.594828637299822731e+03 5.759559183989149460e+03 1.896178413250195482e-01 2.216614781465634223e+04
1.165109025084719785e-03 3.901250268928548694e+07 3.148470095793050900e+07 1.708076275718953460e+07 3.201515971136215666e-01 3.286789232955404744e+07 1.526747229361638012e-23 1.862033973018702926e-23 6.865620731846300823e-24 5.067961129417433153e-01 9.307720328042762412e-24 3.718700595092630685e-03 1.605792680264455426e-03 1.747100971563250987e-03 2.311303538356392906e-01 3.752887771274790018e-03 2.519630418375584850e+04 9.038851064437087189e+03 4.902168170042343263e+03 1.814389649371979940e-01 2.087769875300561034e+04
2.024727429375604119e-03 1.374719738186496496e+07 1.038963485269849002e+07 4.091271069983714260e+06 2.697768883228541248e-01 1.119802151996246725e+07 4.675803378587769873e-24 5.125425179548111114e-24 1.437284171775599660e-24 4.573735107298695368e-01 2.480188992387428946e-24 2.818153369164025628e-03 1.563319755551274837e-03 1.512976556974040751e-03 2.860683106400349618e-01 2.689867723320426424e-03 2.615933193338419733e+04 1.199328805804091826e+04 3.666749823847188964e+03 2.212360561772928891e-01 1.801089026379683492e+04
3.518573004760514565e-03 4.809984372427067719e+06 2.147080089104300365e+06 1.776498769922616426e+06 2.588044276867698112e-01 4.569347194011712447e+06 1.519144895536740719e-24 1.873073384462914471e-24 6.548624125103880928e-25 4.439043791333546762e-01 1.042145061012397102e-24 2.285468944243712434e-03 1.365706169336667469e-03 1.253568282942918487e-03 3.157822916047193229e-01 2.129219522171787483e-03 2.622842746338347206e+04 2.564743578210352644e+04 3.939298971722055285e+03 2.547932355724665254e-01 1.678883071710019794e+04
6.114579083688004638e-03 1.385051840980198700e+06 1.152071334973999299e+06 6.980631722111593699e+05 3.608312104729133329e-01 1.155717680518231820e+06 7.429782496545684096e-25 7.611436091623323506e-25 3.686337912707673289e-25 4.987717996119077624e-01 5.095200163972800834e-25 1.918195303363778685e-03 1.504129938067738604e-03 1.219469615515884941e-03 3.772343246796379113e-01 1.811439005411472460e-03 5.730775724250918574e+04 6.430074847136768221e+04 1.595163035670268073e+04 3.933034907837567040e-01 2.925319647397163499e+04
1.062592059908660722e-02 2.751163350760558969e+05 3.163277209632192971e+05 1.004994012720458995e+05 3.767663696525095363e-01 1.782137212357324024e+05 4.044350380757049958e-25 4.229512688344510471e-25 1.909539947498817044e-25 4.311874864477028280e-01 2.859744727372744125e-25 1.699249895070420024e-03 1.229978588583410370e-03 9.787256392394020309e-04 3.345265448322336521e-01 1.557848931242124778e-03 1.669044780072114954e+05 2.072411710278599639e+05 7.727808626126113813e+04 4.548644898017115690e-01 1.083813455051128985e+05
1.846573362331777393e-02 5.383979874954930710e+04 4.203591518955707579e+04 1.784102356114311988e+04 2.917802750619533092e-01 4.000867080003274168e+04 1.904845046167566721e-25 1.577472741318029822e-25 8.370983000337474960e-26 3.267203248676665561e-01 1.538287474389347076e-25 1.522270388947317759e-03 9.876797353566251891e-04 8.619979733529972493e-04 2.912494591694479440e-01 1.449504656441677605e-03 3.091310394069563481e+05 1.565348914165847236e+05 2.083552228487058310e+05 3.267815844395564051e-01 3.125540015337989898e+05
3.208976719406681638e-02 1.496587585671886700e+04 9.095123888847039780e+03 5.277948272708463264e+03 2.151551014538679585e-01 1.298845576859213907e+04 7.901358263392250308e-26 6.770454237109658989e-26 2.454247641067254896e-26 2.690845775301953235e-01 6.125024844767502539e-26 1.372535441306100635e-03 8.552399340571467754e-04 6.121914765670841835e-04 2.473325291536652148e-01 1.274373881566524076e-03 3.862630334828856285e+05 1.425150280268795905e+05 1.383737637309070851e+05 1.759004581062637296e-01 3.718667616080126027e+05
5.576562402422385878e-02 5.503606636203685412e+03 3.052954585080433390e+03 2.331444523607349765e+03 2.125184253537397427e-01 5.173528562761193825e+03 3.294456875559372585e-26 2.972510329330146057e-26 1.298349396675670899e-26 2.938507276073993313e-01 2.588057581653891060e-26 1.114235618956171351e-03 7.059106329501692962e-04 3.357283182964141636e-04 2.124357592324627453e-01 9.583924812429891115e-04 4.238473767959990073e+05 1.848432406294735265e+05 1.287649381527464720e+05 1.590053263156131491e-01 4.085719880824984866e+05
9.690954764502224261e-02 1.926113147187600134e+03 1.086390504172883539e+03 7.438776683645394314e+02 2.074629708886260027e-01 1.783566235612436230e+03 1.123437067857741024e-26 1.065787454648185596e-26 4.358590940055802470e-27 3.284441129982226260e-01 8.310500968386342614e-27 8.391426847878775226e-04 4.482146452488980966e-04 2.597662372703309118e-04 1.918161544562237697e-01 7.515086182727003048e-04 3.984620564155657194e+05 1.680133161398273078e+05 1.314153575172323908e+05 1.679558582548142387e-01 3.764473844593845424e+05
1.684094922112467918e-01 6.237113880219034172e+02 3.828707214125435030e+02 1.990812991828923941e+02 2.136258360411343038e-01 5.527044254382489044e+02 3.423103262604879263e-27 4.010197621806715032e-27 1.472895324185990624e-27 4.048890308257984127e-01 2.344300433280273917e-27 6.311073220144058091e-04 2.393098144229232477e-04 1.763519429651514304e-04 1.636173954001264030e-01 5.777122582715712041e-04 3.596151052552751498e+05 2.022205184031167882e+05 1.391223416438173736e+05 2.316182531474386408e-01 3.179975196788021713e+05
2.926621551339660399e-01 2.280301493870178149e+02 1.181972351441235958e+02 8.905971096192524783e+01 2.163779568470568238e-01 2.111973478566361848e+02 1.405896083205585577e-27 1.577592130547516474e-27 5.777291171843321987e-28 5.237732345870136363e-01 7.587489306489889907e-28 4.810106990751492539e-04 1.768449083560755817e-04 1.114131616461068583e-04 1.587322559272683620e-01 4.348116015148878206e-04 3.732546588667054893e+05 3.878507487481969292e+05 1.365146988922626479e+05 3.568005514672129563e-01 2.477002092163335183e+05
5.085885357353842062e-01 1.175055590053636223e+02 9.284722783487498532e+01 3.392825594927423083e+01 2.440215422314820914e-01 9.191258012082528239e+01 1.050135165843400440e-27 1.369672012339976530e-27 2.476914956171961532e-28 6.746154958156547199e-01 3.110092342140624866e-28 4.478526332699040119e-04 3.715151113152007057e-04 1.073762973480702756e-04 2.317554539443703043e-01 3.427600019489416097e-04 4.660986973129125545e+05 6.777780162841894198e+05 1.593885031537881587e+05 4.764344465582450172e-01 2.361683992853549425e+05
8.838255788933832013e-01 7.222533350370885330e+01 4.709437328641461562e+01 2.569405974586520358e+01 2.754053123899558031e-01 5.671910585500746294e+01 1.057225525727670604e-27 1.291703385095122609e-27 2.031508386476735379e-28 8.015833436854568061e-01 2.363880000800977744e-28 4.812727572557384034e-04 4.180250689644933329e-04 1.940831962529862521e-04 3.065727690000116246e-01 3.805611608240082626e-04 6.212664945498728193e+05 8.819942941185613163e+05 2.616708360999141005e+05 5.595428634875879714e-01 3.307952088402668596e+05
