# R (Mpc), mean rho (Msol/kpc^3), errup (Msol/kpc^3), errlow, std, median rho (Msol/kpc^3), mean pth (Msol/kpc/s^2), errup(Msol/kpc/s^2), errlow, std, median pth (Msol/kpc/s^2), mean gas-mass-weighted metal (fraction), errup, errlow, std, median metal, mean gas-mass-weighted temp (K), errup, errlow, std, median temp  
#  nprofs 55, mean mh 212974046834.351196, median mh 194669824974.527283 
#  Mass range 11.00 - 11.5
6.704502643857072897e-04 5.604530942245998234e+07 3.085802715461742878e+07 1.669197490982601047e+07 3.027609765120698460e-01 4.094972740949852765e+07 1.704229587186889733e-23 1.302318699704172792e-23 5.071566359248266100e-24 4.406675959424438682e-01 8.323813457887230113e-24 9.829829795459676424e-04 8.673720175472988351e-04 4.071396425517059543e-04 3.231194782533545196e-01 7.491472417231342679e-04 1.920730859709658762e+04 5.145692943016536447e+03 2.011592100839861814e+03 1.011357954384388136e-01 1.758008872194585638e+04
1.165109025084719785e-03 3.332256812405571342e+07 1.956127251776142791e+07 1.138398193097008020e+07 2.473815086546460873e-01 2.790735727991938218e+07 9.316117741250289596e-24 9.144689050331597604e-24 3.664157823749032807e-24 3.835973909986203356e-01 6.210765719203492201e-24 9.342396347096622268e-04 4.958088987457575378e-04 4.536081199133652460e-04 2.345602027132979994e-01 9.012638356023751829e-04 1.953923041815186662e+04 5.488855733183954726e+03 2.550100881659815059e+03 1.017926406252247784e-01 1.797861737487149367e+04
2.024727429375604119e-03 1.769797049958018214e+07 7.678032830072948709e+06 5.070861676730975509e+06 1.599460728746379679e-01 1.628877800516340695e+07 3.884969484527855823e-24 2.394588653507709109e-24 1.587297746210371367e-24 2.548760867992443391e-01 3.428267258200818931e-24 7.607266001037749211e-04 3.197386431521767733e-04 2.858937972781379951e-04 2.111638320804097857e-01 6.886568760977382483e-04 1.764078061031276957e+04 2.924424241011343838e+03 1.768792141142814216e+03 6.322502241363946174e-02 1.703308561116535202e+04
3.518573004760514565e-03 6.480209179964503273e+06 1.982583549433961511e+06 2.399038792445683852e+06 1.557019555943282008e-01 6.432289430964333937e+06 1.137587308437601251e-24 8.054080667965398110e-25 4.759838260815927031e-25 2.487703502616770423e-01 1.019425519872791331e-24 6.609861714792892272e-04 3.632717179718481784e-04 2.060231518516246474e-04 2.116858057899611012e-01 5.631960366024522631e-04 1.581978151449489087e+04 2.459785308076841829e+03 2.162601704987651829e+03 8.253887684263300217e-02 1.559676650183578568e+04
6.114579083688004638e-03 1.973508640707477462e+06 6.336042727727226447e+05 6.348091978370940778e+05 1.518793154606916940e-01 1.973456546354333172e+06 2.644016966522558548e-25 1.132789927661424765e-25 9.399606981072686601e-26 2.024335215099883623e-01 2.471732177720291649e-25 6.283717075110549152e-04 2.873979409847489961e-04 1.744580978388837527e-04 1.999485365230776746e-01 5.194050547771172140e-04 1.394811084551599197e+04 1.994988217478954539e+03 1.219140210630097499e+03 6.377937115497209208e-02 1.343027351522611025e+04
1.062592059908660722e-02 5.896815518498572055e+05 2.880383693378247553e+05 1.627252292899205931e+05 1.705917300608433829e-01 5.558918746383722173e+05 8.463779639938086748e-26 3.477694976593860106e-26 3.059942626724152092e-26 2.196293144160005872e-01 8.020922691539188699e-26 5.719003699440685122e-04 3.327114084626826970e-04 1.389144845610831174e-04 2.178461332617334378e-01 4.755082932403489155e-04 1.445734659864838977e+04 3.517678764529855471e+03 2.029656999592216380e+03 1.053928158121571756e-01 1.342952493473041432e+04
1.846573362331777393e-02 1.482033455894229701e+05 6.728373275420832215e+04 6.060810834247106686e+04 1.938597821051990522e-01 1.447123765843654401e+05 2.919503043682913655e-26 1.826103664136424610e-26 1.105228985204920502e-26 2.131972808965255095e-01 2.678549636853612894e-26 6.001065191066001434e-04 2.916316934696276284e-04 1.649374229191013065e-04 2.071240081264698052e-01 5.210993494126649455e-04 1.692259742419448594e+04 6.054477719797996542e+03 3.363449034146859049e+03 1.105649589939105559e-01 1.576672122666307041e+04
3.208976719406681638e-02 3.621702886709661834e+04 1.657451491887709562e+04 9.826163035329380364e+03 1.676170053984773478e-01 3.237882755112565792e+04 1.639764829484506899e-26 8.522218012376724968e-27 4.211635736818526768e-27 1.844027429951157482e-01 1.392956592489042697e-26 6.833406499089658909e-04 3.396149846805685468e-04 2.118475214848184688e-04 1.841730707441605885e-01 6.127507900225600797e-04 3.589433147318062402e+04 1.337047304514309872e+04 6.767778666645837802e+03 1.587806016150234700e-01 3.105052517758569957e+04
5.576562402422385878e-02 1.319350840644129494e+04 4.930572965889125044e+03 2.634106169644184774e+03 1.505113003017002626e-01 1.232249823765211841e+04 1.084291333742405729e-26 4.588711690165187250e-27 3.287330380529791049e-27 1.907790519420226871e-01 9.799818583752420733e-27 6.769472222866799570e-04 3.046995271619234525e-04 1.862950714087935420e-04 1.760428340669279446e-01 6.294960759770190607e-04 6.304851550749925809e+04 1.886811735861285706e+04 9.999996510078402935e+03 1.538584419270608017e-01 5.349338698236996424e+04
9.690954764502224261e-02 3.611500611973824107e+03 1.117921530613898540e+03 1.073904957323538383e+03 1.377772619718485025e-01 3.498188223869557078e+03 4.613804034503585686e-27 4.063950997846985111e-27 1.104314647242748748e-27 2.651865960134029421e-01 3.118765314463762475e-27 5.386960443476743708e-04 2.933051084391610232e-04 2.005883925927904959e-04 1.966237077763361152e-01 4.749761380750440747e-04 9.250033222645556089e+04 4.977767076093396463e+04 9.990898109822381230e+03 2.036412343146891124e-01 6.673628385513614921e+04
1.684094922112467918e-01 9.835253328546226612e+02 4.023467875548487882e+02 1.885129497369108549e+02 1.294515694242237280e-01 8.948135901149678375e+02 1.999264074880118014e-27 2.668281775177338535e-27 3.973967505480959259e-28 3.843379902932446690e-01 9.521318000960018338e-28 3.381588388957458080e-04 1.738445443318528509e-04 1.352882100122684633e-04 2.317281541649953425e-01 3.049382685288460097e-04 1.466763637051096011e+05 1.704989592337705544e+05 1.059197587360085163e+04 3.288453722346851293e-01 6.646515319706390437e+04
2.926621551339660399e-01 3.367834969696920666e+02 1.109622055060040680e+02 5.112100849582625983e+01 1.173792477942806750e-01 3.066373043811821617e+02 1.271565820899357273e-27 2.023334372603499219e-27 1.684769922935382757e-28 5.413226858303183953e-01 3.301538641787169268e-28 1.874140623960302964e-04 1.051898924492105866e-04 6.994913310629008636e-05 2.811895766839188626e-01 1.470186688877981034e-04 2.817763499696910731e+05 4.088748246840093052e+05 2.368347634624800412e+04 4.919410069164794064e-01 7.147215366063095280e+04
5.085885357353842062e-01 1.495469401867185582e+02 5.702177963923858783e+01 3.818937130597745977e+01 1.511916086255340186e-01 1.339800756049763493e+02 9.584289071356367614e-28 1.757056537769788348e-27 8.550175642386205113e-29 7.244943345696971404e-01 1.328104104379986613e-28 1.834474326131652826e-04 1.797818475326863716e-04 4.927606416515595001e-05 4.704029769361398050e-01 8.561585278524716232e-05 4.108179398611473734e+05 7.324825289100952214e+05 1.513762973091503227e+04 6.293971078757613080e-01 5.259103569440208958e+04
8.838255788933832013e-01 8.775638526636979009e+01 4.237882821520500443e+01 2.802489226301560166e+01 1.960587454246109640e-01 7.672289553679176777e+01 7.146503162782496002e-28 1.773722914372958775e-27 4.568565276860812889e-29 8.833765275593991051e-01 6.454793403705659533e-29 3.327843541602843011e-04 5.990127684647120069e-04 9.142039800987108913e-05 8.418772103882035118e-01 1.074454062105195792e-04 4.609480436497314367e+05 1.007958843412777758e+06 2.040128108377430908e+04 7.344796759283638288e-01 4.726660554480303836e+04
