# R (Mpc), mean rho (Msol/kpc^3), errup (Msol/kpc^3), errlow, std, median rho (Msol/kpc^3), mean pth (Msol/kpc/s^2), errup(Msol/kpc/s^2), errlow, std, median pth (Msol/kpc/s^2), mean gas-mass-weighted metal (fraction), errup, errlow, std, median metal, mean gas-mass-weighted temp (K), errup, errlow, std, median temp  
#  nprofs 310, mean mh 547052159692.775879, median mh 501938417582.766968 
#  Mass range 11.50 - 12.0
6.704502643857072897e-04 1.189480185094283372e+08 1.130535089164138436e+08 6.617783672440664470e+07 4.370346781663806413e-01 9.311858420606428385e+07 1.576130878572715844e-22 3.440347572900138800e-22 3.865259674272675342e-23 7.779769381938409500e-01 4.505653691317752894e-23 7.949082483892047635e-03 2.851984832751097362e-03 2.063688735985581661e-03 1.687537540290794114e-01 7.579697267328582705e-03 8.981852121667920437e+04 1.156431308965653152e+05 8.815975451631562464e+03 4.323096108208877020e-01 2.912443902614184117e+04
1.165109025084719785e-03 4.925358996761998534e+07 4.091510950053456426e+07 3.472867776624564826e+07 4.676331310424921006e-01 4.446996605525365472e+07 8.683789887527611360e-23 1.627839288232967873e-22 1.634988052551072585e-23 9.221020035643238133e-01 1.846713429402337798e-23 7.481620531002897492e-03 2.236527325210423134e-03 2.330345177891404024e-03 1.769322544717278345e-01 7.315667283350046207e-03 9.237660622532777779e+04 1.413370950167994888e+05 9.488586943418871670e+03 4.767756552514606505e-01 2.674852418393445623e+04
2.024727429375604119e-03 1.544243089592952840e+07 1.030363693604336493e+07 7.341226461718195118e+06 3.451631742559687632e-01 1.387904180078445934e+07 2.859714552334407109e-23 4.699122548257302586e-23 1.059056517362748142e-23 8.156186251386532415e-01 1.195847023467328247e-23 7.009218054676603742e-03 2.145577772359534910e-03 2.170175556066611042e-03 1.711283401074040200e-01 6.854739549063163309e-03 1.050729289873060916e+05 1.368988575299187796e+05 4.528461159947354463e+04 4.991470338835030107e-01 6.119947695031076728e+04
3.518573004760514565e-03 5.279982632388147525e+06 2.760193433780470863e+06 1.839470557078508660e+06 2.151721235555453526e-01 4.911158778693250380e+06 6.622284261905670443e-24 7.164690353163735716e-24 3.292694440730184035e-24 5.420903141348250021e-01 4.140138084531086439e-24 6.197510551686860950e-03 1.829826955275686354e-03 2.173225152166025423e-03 2.025062590077050528e-01 5.882095933073604871e-03 9.775365230393406819e+04 1.057858130841462844e+05 4.571859137670609925e+04 4.414934610143588234e-01 6.201481995499222830e+04
6.114579083688004638e-03 1.335408268783363514e+06 1.149673893913875800e+06 5.791338683084782679e+05 3.195398680453774287e-01 1.081436950750713702e+06 1.689679703994222976e-24 1.464798143325702186e-24 8.396730530939620852e-25 4.761805766682244978e-01 1.256869838340728101e-24 5.448074221093873910e-03 1.966891689677345741e-03 2.161664793020216975e-03 2.252528235882675922e-01 5.016093395902817588e-03 1.300591538120373298e+05 1.555529246780732938e+05 4.472218682798910595e+04 4.504160025206402906e-01 7.271369382253367803e+04
1.062592059908660722e-02 2.263145681902783981e+05 2.251924716359346057e+05 6.819628400411611074e+04 3.654728350714500085e-01 1.387610357585909660e+05 5.765559457054772220e-25 4.962523101641265992e-25 2.394344751757496242e-25 4.797307182165805872e-01 4.284060478909354651e-25 4.892519268649038466e-03 1.886220458534316503e-03 2.045217099170468060e-03 2.399144256102014039e-01 4.395895085758026906e-03 2.774368189669459825e+05 2.746371648557073786e+05 1.612753026139144204e+05 4.762287902860388167e-01 2.168321501816416276e+05
1.846573362331777393e-02 4.195497461752782692e+04 2.797308563034588951e+04 1.175876030634732888e+04 3.001938996202022092e-01 3.169344938639696556e+04 2.268027059407085324e-25 1.611062188898585975e-25 8.852658331176863170e-26 3.629328045029168726e-01 1.864455906757250421e-25 3.957780841960280294e-03 1.569593836393045738e-03 1.922666461903303325e-03 2.618256893485658710e-01 3.745921837122321695e-03 4.422717180769616389e+05 1.888886270539051620e+05 2.156685403425720870e+05 2.785482984540586515e-01 4.239174575395311695e+05
3.208976719406681638e-02 1.234157976432001669e+04 6.735916018694169907e+03 4.103797476896557782e+03 2.849674251129326596e-01 1.074534738983336501e+04 7.763030190759684179e-26 5.113806501850479442e-26 2.990019683226421193e-26 3.358377707492799513e-01 6.543059012010126025e-26 3.351496725213735234e-03 1.505123578447553016e-03 1.633602933906995631e-03 2.674007021414018248e-01 3.247425834663802881e-03 4.753308898505326360e+05 1.936299688773881644e+05 1.282153983770588529e+05 1.993208466649154798e-01 4.325893360276042949e+05
5.576562402422385878e-02 4.342431680669244997e+03 1.975838367222092984e+03 1.459871031212998332e+03 2.446564279038832002e-01 4.020606262233548932e+03 2.803732317508669808e-26 1.899225653278209404e-26 1.009967253062471047e-26 2.810598200201976926e-01 2.282877516573658435e-26 2.581978437992312955e-03 1.473142582932333248e-03 1.284580337609040127e-03 2.803582353443692665e-01 2.395093592870158397e-03 4.830309138179800357e+05 1.885041417666036868e+05 1.216710508612086414e+05 1.805157580741240109e-01 4.221216823045023484e+05
9.690954764502224261e-02 1.440433253726136172e+03 7.695419861657615002e+02 5.177752853096426406e+02 2.331536824280556752e-01 1.346102683913401506e+03 9.356853641600917633e-27 7.404037439369290730e-27 3.574871030828726242e-27 2.927162538337356734e-01 7.382913340439588629e-27 1.833512267017139551e-03 1.264827177401301166e-03 9.492681853812542578e-04 2.709183302037988517e-01 1.671494788025993782e-03 5.046707198820534977e+05 2.628231165997256758e+05 1.157408409834071645e+05 2.151233347079223313e-01 3.935719413737631403e+05
1.684094922112467918e-01 4.499783323442917435e+02 2.384987722857655967e+02 1.586308908455741857e+02 2.050736508718501716e-01 4.148266752441377889e+02 3.479415511099248317e-27 2.937232063843223177e-27 1.409254818663029898e-27 3.725173814245066328e-01 2.468513571689054082e-27 1.346235259070308271e-03 1.047867434443961127e-03 4.621845866746628756e-04 2.461961215937843173e-01 1.099596963807171002e-03 5.706486228509522043e+05 4.778399009769497206e+05 1.593678525198698335e+05 2.887137519933304364e-01 3.971235668483165791e+05
2.926621551339660399e-01 1.623640476259902528e+02 1.009030400952050286e+02 5.332464650035248610e+01 2.163751776081017097e-01 1.410950306635418769e+02 1.970423954079786327e-27 2.412086970021050632e-27 5.675879204151206819e-28 4.956430277387826044e-01 9.337882198291066435e-28 1.015407348450655771e-03 6.912037676736295690e-04 3.029984311997955572e-04 2.213135040345288185e-01 8.497445423181148282e-04 7.694313473583594896e+05 7.753198891324382275e+05 3.108532748566876398e+05 3.739514218143133450e-01 5.394358439399211202e+05
5.085885357353842062e-01 8.752329925553281953e+01 5.650555986193886326e+01 2.652442945146617603e+01 2.552017352174152376e-01 6.804636577043307000e+01 1.743435143912351918e-27 1.631390618764821528e-27 4.356986997094540853e-28 5.550702078883705815e-01 6.812867354853603261e-28 9.767144207622118022e-04 7.080800609368505466e-04 3.382163432370506682e-04 2.585416345822675321e-01 7.733062648931312731e-04 1.040873965456546168e+06 9.167409490883462131e+05 4.297039635657374747e+05 3.819700559200573942e-01 7.601312499567372724e+05
8.838255788933832013e-01 5.862378992689215096e+01 3.717849843460960813e+01 1.860613573906875828e+01 2.875938008675938962e-01 4.195836008503833625e+01 1.840743880197383290e-27 1.143435373050222442e-27 4.043754945300413546e-28 5.632908609049587234e-01 6.178889639509275118e-28 1.048970850941081685e-03 6.284315823650206152e-04 5.352261878674676506e-04 2.626002739408958009e-01 1.000221365555915105e-03 1.368313065549354535e+06 9.468250484585496597e+05 6.149939605763684958e+05 3.410343555581770159e-01 1.126627592823810410e+06
