# R (Mpc), mean rho (Msol/kpc^3), errup (Msol/kpc^3), errlow, std, median rho (Msol/kpc^3), mean pth (Msol/kpc/s^2), errup(Msol/kpc/s^2), errlow, std, median pth (Msol/kpc/s^2), mean gas-mass-weighted metal (fraction), errup, errlow, std, median metal, mean gas-mass-weighted temp (K), errup, errlow, std, median temp  
#  nprofs 273, mean mh 548185061673.919739, median mh 498615720200.655823 
#  Mass range 11.50 - 12.0
6.704502643857072897e-04 4.473918468897771835e+08 4.210087536739319563e+08 2.746784094461550713e+08 4.351536750807726284e-01 3.735763542839455605e+08 1.267463204970801171e-22 1.477953033202808413e-22 6.129086241694045157e-23 5.038986768994946353e-01 8.532856929300360662e-23 2.457387192384729788e-03 1.328582425997919259e-03 9.040209782336743570e-04 2.773356916213278178e-01 2.131996361168306785e-03 1.874883815459917969e+04 4.926073832706402754e+03 3.669403967496673431e+03 1.163420029978652348e-01 1.786882194244316634e+04
1.165109025084719785e-03 2.162763171635113358e+08 1.717790035209001303e+08 1.099292130033452660e+08 3.393559851693167539e-01 1.860816840133011937e+08 3.351434304422402662e-23 2.767046842252105220e-23 1.345525392874542350e-23 3.326105043697908936e-01 2.616030895346768357e-23 2.285478699221285982e-03 1.222612521915230309e-03 7.526238144869518490e-04 2.611665079834273318e-01 1.982508334690359208e-03 1.297926508271995408e+04 4.262170803647673893e+03 3.344903362380244289e+03 1.688770953715704737e-01 1.189933912440371205e+04
2.024727429375604119e-03 6.074618864319658279e+07 5.161586473555757105e+07 3.048654503481626511e+07 3.092869139907027387e-01 5.265717873762102425e+07 6.788317681462004249e-24 8.098156190848336469e-24 2.206704494836974092e-24 4.066797264959082780e-01 3.862078217805945961e-24 2.240730482037097109e-03 1.227756425960824758e-03 7.916214559473581588e-04 2.707007651525195624e-01 1.989413569576002454e-03 9.811793099448892463e+03 5.684547393410070072e+03 4.062050969083153177e+03 2.617053082134332409e-01 8.257758437921353107e+03
3.518573004760514565e-03 8.718442507103733718e+06 7.167784914678015746e+06 4.361494611361090094e+06 3.181677215770749023e-01 7.552624088860771619e+06 1.872871761678533050e-24 2.866860042839299134e-24 6.151940319403561629e-25 5.855725802705845640e-01 7.928037638809492992e-25 2.222646441790752415e-03 1.388128753629257498e-03 9.212663446090611340e-04 2.906322842908342086e-01 1.937955090407982852e-03 1.695118815405065834e+04 1.704614598497172119e+04 5.223156619486262571e+03 3.457824145416963924e-01 1.048362921738867044e+04
6.114579083688004638e-03 1.137361917852602201e+06 1.300077122318215901e+06 5.448308862305848161e+05 4.384038357732245039e-01 8.344505951883436646e+05 8.898016515469919965e-25 9.479972981313684938e-25 4.626784001911143040e-25 6.690952872078015368e-01 5.705207511747020775e-25 2.016025918308970814e-03 1.980966603807854214e-03 6.968026490686342897e-04 3.328561309387091383e-01 1.448206945901833699e-03 1.038264462443390075e+05 1.015057254400488455e+05 2.834209160104889816e+04 5.244508695870088166e-01 4.185865000373389921e+04
1.062592059908660722e-02 1.848792618078293162e+05 1.914789510379157728e+05 7.145757943947095191e+04 4.266034319564151467e-01 1.237187794362666173e+05 4.561463169280142202e-25 4.531189120467533913e-25 2.122520147859121633e-25 6.798720038185699366e-01 3.095994957256495510e-25 1.651851258207642954e-03 1.551859764210849167e-03 5.262182792036907211e-04 3.652728994489876091e-01 1.067152637379651693e-03 2.693448709209650988e+05 3.584873017750020372e+05 1.112014466638466838e+05 5.468094724259942030e-01 1.591809776807005110e+05
1.846573362331777393e-02 3.704369209555265115e+04 2.860748915346151625e+04 1.563214646213737979e+04 4.693502102587812086e-01 2.735548179084384174e+04 2.150124175387609773e-25 1.795634179781997381e-25 9.705990525724373707e-26 6.025248534345675200e-01 1.655715869803731503e-25 1.471517821740289623e-03 1.231664216943387236e-03 4.807881467838770505e-04 3.978252873040613591e-01 8.571487564702030609e-04 5.232805843493419234e+05 3.833247193622356281e+05 2.432642896917928592e+05 3.976477341794827369e-01 4.301303314988438506e+05
3.208976719406681638e-02 1.067594997249133121e+04 7.482062235031980890e+03 4.757474933358476846e+03 4.030741146047835399e-01 9.183019807080685496e+03 8.801494009270051532e-26 6.997813297348215078e-26 3.005689485890594229e-26 4.892289133339250418e-01 6.741871986632248194e-26 1.164510007182260973e-03 8.843051383990319786e-04 3.796670781391204815e-04 4.214558977287672370e-01 6.227196071190543424e-04 6.608303105131161865e+05 3.610744470042758621e+05 2.196247708489509532e+05 2.857682779388411309e-01 5.478143517871215008e+05
5.576562402422385878e-02 3.869417413598816893e+03 2.360888068849386400e+03 1.572027754843905086e+03 3.932424227417449236e-01 3.504229367762760376e+03 3.566113925422542977e-26 2.913705526386279158e-26 1.388765430776090648e-26 4.645707513078008999e-01 2.718118203652300731e-26 8.552192130635855993e-04 6.740057938655465240e-04 2.381747955859205078e-04 3.980487952761248005e-01 4.364518499422158642e-04 1.172218369471399114e+06 3.750608709388877032e+05 1.932199204455108265e+05 3.163358009111535973e-01 5.467322634731231956e+05
9.690954764502224261e-02 1.308216343541567767e+03 8.175849942607669618e+02 4.298322771849936998e+02 3.518472986952362325e-01 1.158660841209362388e+03 1.506345967877501255e-26 1.444862453446697030e-26 5.495556331809854107e-27 4.485142941820443596e-01 9.542628218785877930e-27 5.983796059026026248e-04 5.089786609075038458e-04 1.090478239707971114e-04 3.697986406151195227e-01 2.729832789168726423e-04 1.330227494229770266e+06 1.152488500721918652e+06 2.186751937796355924e+05 4.145822311062130616e-01 5.207598008899480919e+05
1.684094922112467918e-01 4.024956301551542310e+02 2.692054825432661005e+02 1.635093346986466827e+02 3.352046007317003307e-01 3.633219217681827899e+02 8.420947907389701129e-27 1.020010617848068790e-26 2.828414078007082839e-27 5.818222049254935246e-01 3.808729007556560140e-27 5.593443951767051916e-04 3.997602673349621993e-04 8.864166457084145310e-05 3.774930737134144509e-01 2.355682614988996741e-04 2.022459393582555931e+06 2.572260358933599666e+06 5.226507963522359496e+05 5.459630474709054049e-01 7.553494537039749557e+05
2.926621551339660399e-01 1.621119216393744580e+02 1.243310657858310009e+02 5.444713151281369790e+01 3.098051334474011820e-01 1.263391286193468233e+02 6.520149984466108222e-27 8.636111448409837278e-27 2.257139867356527848e-27 7.595312463834865691e-01 2.558382317429558711e-27 5.440856719533583314e-04 5.277296283299870005e-04 1.030533085566070540e-04 4.055200130940335712e-01 2.343561355377595814e-04 2.762758745127007365e+06 3.142401561497386079e+06 1.217196920306397602e+06 6.345788860388722474e-01 1.434489068036543671e+06
5.085885357353842062e-01 1.045839588995848999e+02 8.861426852228764517e+01 2.970181232857131448e+01 3.514880940586289637e-01 6.427977866116181360e+01 6.303589911453339467e-27 7.309525582078591335e-27 1.929152385352591171e-27 8.205918958125638651e-01 2.190545087382223275e-27 7.227614025504654422e-04 8.510704348709174829e-04 2.571758208299018819e-04 4.639280221475565735e-01 3.831920445257128963e-04 3.299175840231702663e+06 3.854176494527235162e+06 1.784174617298385361e+06 6.143599185205417257e-01 2.212251279482087586e+06
8.838255788933832013e-01 7.289106979935782249e+01 5.316904975611781481e+01 2.561691062164790367e+01 3.782390727761292815e-01 4.482870733612095648e+01 6.443267760596379916e-27 5.199856626510490824e-27 1.686030550673634273e-27 7.910739945400221407e-01 2.011222565035018287e-27 9.253421898816764678e-04 1.127410712922945635e-03 4.155249550904001202e-04 4.670193387401629925e-01 6.023980625886607909e-04 3.920500729577837978e+06 2.930119611182984430e+06 2.592052336587856524e+06 5.241950644556927497e-01 3.504799458394504618e+06
