# R (Mpc), mean rho (Msol/kpc^3), errup (Msol/kpc^3), errlow, std, median rho (Msol/kpc^3), mean pth (Msol/kpc/s^2), errup(Msol/kpc/s^2), errlow, std, median pth (Msol/kpc/s^2), mean gas-mass-weighted metal (fraction), errup, errlow, std, median metal, mean gas-mass-weighted temp (K), errup, errlow, std, median temp  
#  nprofs 81, mean mh 542525529884.695862, median mh 487744827736.615906 
#  Mass range 11.50 - 12.0
6.704502643857072897e-04 3.796702864213906229e+07 3.557656084508717060e+07 1.668668980269108154e+07 3.495125707393816894e-01 2.569582333350637183e+07 9.969400143944561470e-24 1.206572490251798810e-23 3.196738122023163862e-24 5.315540570258905362e-01 4.551481695396146214e-24 2.110418256250270325e-03 1.417361675238500759e-03 1.303996349632933257e-03 3.627173040139382021e-01 1.983172300498024961e-03 1.733208279888844481e+04 6.143918948090522463e+03 3.122981580387460781e+03 1.121505400355566895e-01 1.620650608144663056e+04
1.165109025084719785e-03 2.384888617245245725e+07 2.102830140840861946e+07 8.350154512610649690e+06 3.307910193593953663e-01 1.799743427273144573e+07 6.004221239462445337e-24 7.631360964674740621e-24 2.133870722607806984e-24 5.081227532420258264e-01 3.067854430307763450e-24 1.726235492343488470e-03 1.285104041578393527e-03 6.128002250227614252e-04 2.711209664164138666e-01 1.448731085702395244e-03 1.774336109604866942e+04 5.449855335772937906e+03 2.818110642653638934e+03 1.244362340749722434e-01 1.593741855867384038e+04
2.024727429375604119e-03 1.099194304830927402e+07 7.973097449899505824e+06 2.595845115472691134e+06 2.274697453971389061e-01 8.673599069961477071e+06 3.591971926606388981e-24 4.483917283213643980e-24 7.805508112267594819e-25 4.909866905817179550e-01 1.432437590622384400e-24 1.350278374361512605e-03 9.639962296383850805e-04 6.290321180410400137e-04 2.632341496525136271e-01 1.191159853908704824e-03 2.277030765992072338e+04 1.801626842610464519e+04 2.262237702693841129e+03 2.382172330630571988e-01 1.514035099947286108e+04
3.518573004760514565e-03 4.472383125916413032e+06 2.317200577604256570e+06 1.368550453644557390e+06 1.954366586587136245e-01 3.963517140521606430e+06 1.239280186302498252e-24 1.496765522367000747e-24 5.362578964230070898e-25 4.154704540357321840e-01 8.219596410395061286e-25 1.122595340292209011e-03 1.103760073378206360e-03 3.731032741558323223e-04 2.876835722565762032e-01 8.822588862939924293e-04 2.321477233936649282e+04 1.817039410209416747e+04 3.515918980426562484e+03 2.385538099233687481e-01 1.595705377597283587e+04
6.114579083688004638e-03 1.747368738111687358e+06 6.061493409968556371e+05 5.861049189391927794e+05 1.943778733150482718e-01 1.701037727132100845e+06 6.597947693867245354e-25 5.994115916976292779e-25 3.520068881394637632e-25 3.934423672885939971e-01 5.018341867993657879e-25 9.734620853588231166e-04 1.101663470560357294e-03 2.491168457364744153e-04 3.143760510978994560e-01 6.773490256661450406e-04 3.417845041813422722e+04 2.915862441141282034e+04 1.080326561415787000e+04 3.016054490092136553e-01 2.309107641518116725e+04
1.062592059908660722e-02 5.321581479615321150e+05 3.042355191585313878e+05 3.111589369736901717e+05 2.836931345673073257e-01 5.236362351054810570e+05 2.854583999637091237e-25 3.124051730373997986e-25 1.345869784106801446e-25 3.631766257748330617e-01 2.088208124836406284e-25 8.463397332474737952e-04 1.039816276430953696e-03 2.566638466190412221e-04 3.365676226194620480e-01 5.767331277258321443e-04 6.529617809969539667e+04 9.060676850823969289e+04 1.546533254986169777e+04 4.107768120265402056e-01 3.112729218356720230e+04
1.846573362331777393e-02 1.388487079952368513e+05 1.681317202891227207e+05 5.621282551457866793e+04 3.610182097043002081e-01 9.958433316647853644e+04 1.476660456592676093e-25 1.129563512730219197e-25 6.065104717457579405e-26 3.202233358351304071e-01 1.121628677752465184e-25 7.641697087548292213e-04 6.292668282410335528e-04 3.341838877413692344e-04 3.129091317580492415e-01 6.146790949237601782e-04 1.320748949216725887e+05 1.871387344386362238e+05 5.110393265447344311e+04 4.089375045282758192e-01 8.194361013637401629e+04
3.208976719406681638e-02 2.517186162442692512e+04 1.806704292805478690e+04 8.332581714059626393e+03 2.826696955982340165e-01 1.917967822151667133e+04 7.537646734974105192e-26 4.888693056238702178e-26 3.069873906338194227e-26 2.708320274336140643e-01 6.144141620045195562e-26 7.717860218879836129e-04 5.595872813826679873e-04 3.443809498163645359e-04 2.840870061752527320e-01 6.630467267437900733e-04 2.708997261237120256e+05 2.177467090198914229e+05 1.169763646227081626e+05 2.922134474656881142e-01 2.304861785927708552e+05
5.576562402422385878e-02 7.442857018255554067e+03 4.547871770433413985e+03 2.157117964838684202e+03 2.071006688755752945e-01 6.343332391516640200e+03 3.615732596912618050e-26 3.539203748424120001e-26 9.920112457933000718e-27 2.825217567633123705e-01 2.694719468755966201e-26 7.167586004689895920e-04 4.319603560277368104e-04 2.957867437015259575e-04 2.374760006379917354e-01 6.633979476791082878e-04 3.581937530988249346e+05 2.391548416643005330e+05 1.090894742496718245e+05 2.135258122003096393e-01 3.150770367147591896e+05
9.690954764502224261e-02 2.782624014360832916e+03 1.645982130625789523e+03 9.028457017446280588e+02 2.080103599904530032e-01 2.499889432528728776e+03 1.368216463366947218e-26 1.027555797172324282e-26 6.411415788150430865e-27 3.162554660316502231e-01 1.108452466360734959e-26 5.563549294048112564e-04 2.946184784115191309e-04 1.675895426783316315e-04 1.897597741371070679e-01 4.965437209105132577e-04 3.370282247397449100e+05 1.468897857231520466e+05 8.454534745943426969e+04 1.778846487866132531e-01 2.954335068099944037e+05
1.684094922112467918e-01 1.023118783640522224e+03 6.365452130769890573e+02 4.148199339221293940e+02 2.272650527308876511e-01 9.436618413869766755e+02 4.360880331441707726e-27 4.887520219658914407e-27 1.953925215286730620e-27 3.956790022493468784e-01 3.043264105780792198e-27 4.337838123322569931e-04 1.525758074402677050e-04 1.377584730704945392e-04 1.609746361028436268e-01 4.041021848247038691e-04 2.723579337202559109e+05 1.657547591999640863e+05 9.081837782198688365e+04 1.977637572900354246e-01 2.356132112904743699e+05
2.926621551339660399e-01 3.879031445562619638e+02 2.394862259847645305e+02 1.714649863459651726e+02 2.409961155824903167e-01 3.493167700997789211e+02 1.482674407242258948e-27 1.563816607399399188e-27 6.958160554049564231e-28 4.692997762408817053e-01 9.806167346263797291e-28 3.680036063737433653e-04 1.772575443162766225e-04 9.097480174004784559e-05 1.634142529148519263e-01 3.335002779977951689e-04 2.341633006733092188e+05 1.302771127778221853e+05 8.732813959257971146e+04 2.571451962015464665e-01 1.985374074701601639e+05
5.085885357353842062e-01 1.669422445828058983e+02 8.291681024898318242e+01 5.926274180315125761e+01 2.350912969826375321e-01 1.439817154940256501e+02 7.716652931552096799e-28 5.806923967388031486e-28 2.604044341223625679e-28 5.427033960599423335e-01 3.572349194179028925e-28 3.116112496531387604e-04 1.160870543683317378e-04 1.008008181058751016e-04 1.729643868398988149e-01 2.948492238335958865e-04 2.373366903760235000e+05 1.433597180313198478e+05 9.951803554938500747e+04 3.304462479537886299e-01 1.782102608953424497e+05
8.838255788933832013e-01 1.022971092680431724e+02 5.886890997875963194e+01 2.862067582876808558e+01 2.997716400633761435e-01 6.898460024028292992e+01 9.444195347989304057e-28 7.186569205847199155e-28 1.142835250023365841e-28 7.216722708616073456e-01 1.470516835435754784e-28 3.448181099208003173e-04 3.090748605386238685e-04 1.095418190086524558e-04 3.031879930207675433e-01 2.391183743885549580e-04 3.043287626714383368e+05 4.110639105404064758e+05 1.015624365363742254e+05 4.422731628131268966e-01 1.606976807292416634e+05
