# R (Mpc), mean rho (Msol/kpc^3), errup (Msol/kpc^3), errlow, std, median rho (Msol/kpc^3), mean pth (Msol/kpc/s^2), errup(Msol/kpc/s^2), errlow, std, median pth (Msol/kpc/s^2), mean gas-mass-weighted metal (fraction), errup, errlow, std, median metal, mean gas-mass-weighted temp (K), errup, errlow, std, median temp  
#  nprofs 207, mean mh 526875757596.701538, median mh 477471406334.399658 
#  Mass range 11.50 - 12.0
6.704502643857072897e-04 1.772921370940301418e+08 1.388816243801967502e+08 9.252881130512207747e+07 3.899526613497636407e-01 1.425983796780436635e+08 5.792102903550635509e-23 5.170128667197099627e-23 3.001207126643255208e-23 4.726471688217456779e-01 4.275339582750204969e-23 2.345411583024969385e-03 1.085424809713469649e-03 1.330872289418487528e-03 3.138703988794060429e-01 2.278122817572515377e-03 2.149201196227936089e+04 4.507477203633083263e+03 3.602241371333642746e+03 9.115469584364269129e-02 2.082655903978792048e+04
1.165109025084719785e-03 9.702704056276643276e+07 8.988647033214923739e+07 4.951743848246549070e+07 3.522553159407547652e-01 7.908312836335539818e+07 2.445307693917790879e-23 2.195424573641150028e-23 1.173348040765637730e-23 4.126080009574539798e-01 1.773109621165599424e-23 2.088827371771804012e-03 9.742231163556536004e-04 1.228272881860809724e-03 3.194084444499411535e-01 2.058115800953336759e-03 1.860095552504701845e+04 3.815170018529770459e+03 2.974957426388118620e+03 1.320623672562623308e-01 1.697624688952699216e+04
2.024727429375604119e-03 2.919909653437102214e+07 2.054805626936207339e+07 1.255033437913482077e+07 2.714196653171132012e-01 2.460927504782269523e+07 5.339137947409095987e-24 5.757613246651295041e-24 1.808544321199700653e-24 3.781216597513274991e-01 3.258763469853974529e-24 1.909989669801453625e-03 9.419142327406792355e-04 1.234879039506477658e-03 3.365915887567613729e-01 1.898741629695667585e-03 1.513527723770367811e+04 3.692971850411715423e+03 5.247510567059376626e+03 2.262394949162952751e-01 1.357456902498280033e+04
3.518573004760514565e-03 6.662104519070966169e+06 3.297896754924266599e+06 2.111283739063029177e+06 2.193262604254650472e-01 6.050772983837307431e+06 1.623896983536217447e-24 1.924121370108791861e-24 6.535720512365519093e-25 4.532238569480985801e-01 1.013265251107099300e-24 1.787257249468317743e-03 1.227320027408982262e-03 1.042686402317790978e-03 3.635288717357195165e-01 1.620495912671826577e-03 1.983946921089003445e+04 1.478120357908788901e+04 4.751770520674168438e+03 2.675930503235694480e-01 1.394045356301918400e+04
6.114579083688004638e-03 1.402550541309114313e+06 8.942311357115355786e+05 6.886230270269570174e+05 2.953888932133310607e-01 1.254908952820910839e+06 7.674347284205565743e-25 7.619887438722879106e-25 3.171387645604720220e-25 4.827001260845300012e-01 5.046368289654801246e-25 1.623524004216001784e-03 1.217605583229841018e-03 8.099033278957264680e-04 3.646133211283796305e-01 1.355996984625654602e-03 5.281447558148969983e+04 4.780824664082147501e+04 1.709652504055954341e+04 3.728064168275060375e-01 3.186965664702781214e+04
1.062592059908660722e-02 2.573444219036873546e+05 2.348267511834448378e+05 1.073870542486396735e+05 3.620820925139419666e-01 1.960223273504965764e+05 4.089494113851657959e-25 3.599218636396516009e-25 2.046135628584325874e-25 4.632648994177225310e-01 3.276584531887441460e-25 1.459101988437374025e-03 1.082062214343443990e-03 6.701709284484731483e-04 3.384284404434466653e-01 1.202417459097332528e-03 1.591490209993046301e+05 1.893178981510966551e+05 7.431469385148084257e+04 4.119686629629690788e-01 1.107156298936352250e+05
1.846573362331777393e-02 5.050533296803791745e+04 3.901118981247315969e+04 1.439088755561873040e+04 3.088188782801054577e-01 3.973554655233128142e+04 1.894487490585696707e-25 1.244830226702142194e-25 8.016113114326121367e-26 3.355379414481852174e-01 1.672831670829776188e-25 1.257745024847081857e-03 8.755550777920257256e-04 6.212011288221387650e-04 3.076178138888588931e-01 1.063381201700253683e-03 3.464654027745301137e+05 2.540999912616341026e+05 1.382629914067816571e+05 3.119653399109201808e-01 2.833793197388869594e+05
3.208976719406681638e-02 1.411195838507968256e+04 7.196677220115614546e+03 4.637485384625702864e+03 3.026782932104910007e-01 1.242030739241718584e+04 8.320225535436439337e-26 5.812667348065750291e-26 2.887582922866650480e-26 3.972596740735038767e-01 6.979234024177124779e-26 1.062143144715331717e-03 9.033098297613446296e-04 3.832708273637374795e-04 3.193619450284945760e-01 7.772607679548168124e-04 5.229411649247757741e+05 2.214260739465227234e+05 1.404267730687184958e+05 2.659273868385699235e-01 3.947517161873271107e+05
5.576562402422385878e-02 5.107601546028400662e+03 2.582948786329190625e+03 1.508701521670815509e+03 2.558474553583889866e-01 4.391935597151403272e+03 3.814968199914385659e-26 3.281110237868936230e-26 1.360161701735864779e-26 3.056874152431465763e-01 2.934076182367994395e-26 7.128698387007884876e-04 5.813644684117483122e-04 2.497811768799054971e-04 2.953403178982959565e-01 5.507505028255254903e-04 6.580870744605064392e+05 2.495211726709650829e+05 1.291892989900725079e+05 2.491894445525299484e-01 4.510124118556097383e+05
9.690954764502224261e-02 1.751254969037715000e+03 9.271601337881465952e+02 4.958324874326335703e+02 2.517571825695713583e-01 1.562447981760396942e+03 1.605607622440328258e-26 1.245344435363128739e-26 5.668634079271263085e-27 3.832759125845801029e-01 9.816518269874465934e-27 4.512878964076805373e-04 2.888775849320317311e-04 1.511930274191794900e-04 2.608607025344562014e-01 3.526119737521309734e-04 8.603031253335631918e+05 3.509647906556802918e+05 1.582824353645047522e+05 3.596702864955960699e-01 4.149312259828149690e+05
1.684094922112467918e-01 5.406480842419722421e+02 3.197028603539594087e+02 1.959555722399350088e+02 2.274702099187315973e-01 4.971077661091098889e+02 7.696659578779823621e-27 7.256919551018999206e-27 1.936310702748745192e-27 5.495975170447586766e-01 2.756535651315522393e-27 3.279641578626759811e-04 1.906267335008439401e-04 7.752947055424271559e-05 2.333596634365142641e-01 2.470363615664919270e-04 1.051174987699575257e+06 1.063359669307891978e+06 1.525440192457906087e+05 4.719160860096877630e-01 3.323806869322306593e+05
2.926621551339660399e-01 2.103807718450783284e+02 1.596684426571143263e+02 6.324468099260664644e+01 2.635668636214669180e-01 1.579719621399166272e+02 5.447086779916572082e-27 6.778048288642007322e-27 6.806165810869485318e-28 7.820692621658970056e-01 8.426541364156225814e-28 2.968268761783257278e-04 2.609456151537663617e-04 6.111339369898515167e-05 2.719836747367634366e-01 2.002003351988247389e-04 1.225693812342553865e+06 1.900227865259207785e+06 2.557775628202400403e+05 6.040537851294656146e-01 3.627294463159228908e+05
5.085885357353842062e-01 1.228543456680319821e+02 1.266542175406429749e+02 3.247341593298070705e+01 3.275222166888467346e-01 7.570954578735873497e+01 5.302392425396489294e-27 5.789782788423057936e-27 5.506614203909067195e-28 9.462283536300833964e-01 6.027895671987044200e-28 3.602816909446982679e-04 4.451550911257339416e-04 7.116104538074552628e-05 3.797847573950041133e-01 1.794471656645704185e-04 1.536131420094896574e+06 2.391036772587545682e+06 4.798589530480047688e+05 6.944685374168958480e-01 5.523830405682935379e+05
8.838255788933832013e-01 9.125522229577362054e+01 9.041515718683211844e+01 2.061732048910548798e+01 3.847117121705275200e-01 4.426289158491567122e+01 9.266692421030631721e-27 5.474618753474287581e-27 5.435660917443708310e-28 1.048804558981542456e+00 5.755728699146307207e-28 4.300800525312854219e-04 5.561749745326123682e-04 1.938101760849371478e-04 4.603140901848549738e-01 2.742932480888062778e-04 2.095980713912468636e+06 2.489902712957426906e+06 9.719595042700051563e+05 7.423128333913355803e-01 1.041789303403528174e+06
