# R (Mpc), mean rho (Msol/kpc^3), errup (Msol/kpc^3), errlow, std, median rho (Msol/kpc^3), mean pth (Msol/kpc/s^2), errup(Msol/kpc/s^2), errlow, std, median pth (Msol/kpc/s^2), mean gas-mass-weighted metal (fraction), errup, errlow, std, median metal, mean gas-mass-weighted temp (K), errup, errlow, std, median temp  
#  nprofs 283, mean mh 216747041356.848145, median mh 208092830057.134216 
#  Mass range 11.00 - 11.5
6.704502643857072897e-04 1.499768969819779098e+08 1.051751548547967076e+08 7.369613881637068093e+07 3.335553501854223168e-01 1.325999055117239952e+08 6.756223278850719742e-22 1.520340534103650956e-21 5.241356736302281326e-23 9.217188563347823438e-01 7.148038133139221046e-23 8.984734943446495703e-03 2.945565681774861208e-03 2.850908941979289797e-03 1.592840702213618176e-01 8.771005515827835428e-03 2.644777862050642143e+05 5.350542910217520548e+05 1.074531646395925054e+04 6.775092916448443026e-01 3.181119400384727487e+04
1.165109025084719785e-03 3.612073765909543633e+07 2.454101264698961377e+07 1.682539828562422097e+07 3.687320825472833463e-01 3.229854793673761934e+07 2.666339665368256801e-22 4.523350824363758897e-22 1.488259606486580750e-22 1.148780819025605249e+00 1.512548190062094355e-22 8.326586397324777650e-03 2.940856232283977148e-03 3.208865889735174406e-03 1.907230378350133759e-01 8.129828160575334681e-03 4.442184894291100791e+05 5.588696186011127429e+05 2.689524655831105192e+05 8.251145251531460945e-01 2.843786024968178244e+05
2.024727429375604119e-03 7.846269803683307022e+06 4.626224278981803916e+06 3.614171501154102385e+06 2.761886569314319639e-01 7.322840484091051854e+06 4.968878141722498189e-23 7.453259646275887577e-23 2.856862012569061213e-23 1.070409654310730208e+00 2.905220648916412435e-23 6.865677419974071730e-03 2.705884340043315968e-03 3.130889336043863290e-03 2.383813036222619530e-01 6.690297425682833164e-03 4.594449684824271826e+05 6.549393690916389460e+05 2.612898232617433532e+05 8.660564142556682610e-01 2.732648757908829721e+05
3.518573004760514565e-03 2.735560929770500865e+06 1.276662862980470993e+06 1.455624303039036458e+06 2.979037107719741950e-01 2.759682018352825660e+06 6.906574452391054657e-24 9.469819565968879562e-24 4.028790582728279082e-24 9.487518563960740670e-01 4.158924593415957015e-24 4.733675613523249254e-03 2.385464488570986953e-03 2.045505655348067026e-03 2.672622589351746902e-01 4.544859674399334172e-03 2.120481754347636888e+05 3.027261710911085829e+05 8.244019214903138345e+04 7.336468937633084941e-01 9.298905473178226384e+04
6.114579083688004638e-03 6.500938224561403040e+05 4.407908741490967805e+05 2.673418921265893150e+05 3.244118598349376992e-01 5.634397376010252628e+05 8.919763179045634496e-25 1.845618532025279573e-24 1.120981994647290680e-25 8.268256112667189406e-01 1.450409504626120211e-25 3.356419874387942936e-03 2.056411825097768931e-03 1.383318468070856731e-03 2.667523206584233031e-01 3.024162142170675784e-03 1.529913359976388456e+05 1.959552898816675006e+05 1.285512355317930997e+04 6.494162883280898413e-01 2.308860077264674328e+04
1.062592059908660722e-02 9.794042129324338748e+04 8.203857362009858480e+04 3.765384952470586722e+04 3.831188699073750925e-01 7.429111875195865287e+04 1.784698222033425073e-25 2.725164577680882334e-25 7.209646855554175483e-26 7.412117834669840200e-01 8.177502869957899841e-26 3.188687674266929561e-03 2.343604618309245817e-03 1.456624311595339271e-03 3.217165539365396398e-01 2.722253189167217480e-03 2.420199273995767289e+05 2.981914181352603482e+05 6.223969157284870744e+04 6.515476670702435857e-01 7.413068387542707205e+04
1.846573362331777393e-02 1.597469694467796216e+04 1.067130948577620438e+04 7.594128998853819212e+03 3.863683759104879489e-01 1.354086778402186610e+04 5.392607086949767080e-26 6.016859310456732766e-26 2.491172371942298280e-26 6.149733697401322807e-01 3.470072081304208490e-26 2.624464712259525195e-03 2.255225406409012371e-03 1.157232286665924297e-03 3.768914769807268361e-01 1.988841727546617876e-03 3.701737066199107794e+05 2.492778981036214391e+05 1.368318735640032100e+05 4.736900511271591729e-01 1.895756203843330732e+05
3.208976719406681638e-02 4.939685356005315953e+03 2.880405828705217573e+03 2.450464386844755609e+03 3.804671743424735131e-01 4.670851744167475772e+03 2.161302749907005271e-26 1.495941838357635938e-26 1.020847691073209463e-26 5.120319019296467600e-01 1.682896459244053006e-26 2.069502783019277429e-03 1.814429756825554048e-03 8.204859642825691876e-04 3.745064692895572755e-01 1.638658436609169477e-03 4.927188071565968567e+05 1.694935843746296014e+05 1.210368845850330836e+05 3.858113578276538003e-01 2.530178878291353467e+05
5.576562402422385878e-02 1.893721631469051090e+03 1.225018792067424329e+03 8.384120350945514701e+02 3.190517539302001326e-01 1.695910011430170016e+03 1.081086167905722029e-26 5.657135199710005724e-27 3.483014399469427091e-27 4.509061169740752884e-01 6.168210066150377842e-27 1.862896291812817786e-03 1.205526899756749525e-03 6.771179977682383402e-04 2.954376289383708887e-01 1.503138353558763430e-03 5.497235819306919584e+05 1.932899074588638905e+05 1.009857055022634449e+05 3.753651561039937357e-01 2.483177271763038298e+05
9.690954764502224261e-02 6.729975765602247293e+02 3.912896960184881436e+02 3.025506889152095482e+02 2.873511042698824181e-01 6.164542074466160102e+02 6.647012629754504461e-27 4.193740501328722649e-27 1.337394956977457471e-27 5.165129830267477518e-01 2.290238034902417825e-27 1.615100849673569089e-03 1.035306055629824258e-03 4.488869736214331618e-04 2.481309607890736790e-01 1.320003256913490196e-03 7.363626861385016236e+05 5.437163162804559106e+05 1.041522775874625077e+05 4.485098991979269423e-01 2.456194515186004282e+05
1.684094922112467918e-01 2.697498521032288750e+02 1.736985460663995866e+02 9.210903440326379155e+01 2.782134817112301151e-01 2.227652142563332234e+02 5.113453568702816906e-27 4.074568076228340748e-27 7.344424154192124795e-28 6.504112947439868453e-01 1.034274629686713214e-27 1.348660524957180163e-03 8.328680249272437091e-04 4.445065869017554962e-04 2.227042432821670082e-01 1.150158553818292741e-03 9.405769238765495829e+05 9.506981420560444240e+05 2.436224959838017821e+05 5.216729598705276416e-01 3.665075710493111401e+05
2.926621551339660399e-01 1.493389796353554004e+02 1.085296802444909048e+02 4.415063304431739510e+01 3.189940908766172312e-01 9.999613283214752357e+01 4.594925182302783888e-27 3.449656308301771958e-27 6.105049606567767906e-28 7.833043821934428941e-01 7.253436917974187354e-28 1.182610050561852619e-03 8.880983732750989072e-04 3.165284378590709977e-04 2.331538113339622076e-01 9.250585315983210054e-04 1.217399139531269437e+06 1.490108658905155957e+06 4.810989662260287441e+05 5.807359026348657416e-01 6.132051847369344905e+05
5.085885357353842062e-01 1.007532232558961596e+02 8.630932624702523981e+01 2.850486643434443224e+01 3.623260321048709653e-01 5.819457692077919120e+01 5.187795167105703094e-27 3.060478200110770641e-27 5.664820781305359095e-28 8.772111764016709001e-01 6.410109261880920742e-28 1.152895794897980039e-03 9.563122427303351412e-04 4.941403209901553632e-04 2.837844937310488591e-01 9.673652030121884186e-04 1.534499761686437298e+06 1.485999734881304670e+06 7.922407284168818733e+05 6.126805781375052051e-01 9.486195111433205893e+05
8.838255788933832013e-01 8.039350607311429542e+01 5.864105774960422224e+01 2.219278322807519288e+01 4.102716870542670313e-01 3.992667207291096787e+01 7.266419539032785537e-27 2.808513226635000715e-27 5.173976215866069844e-28 9.493985581722085287e-01 5.780475800764990462e-28 1.189795779385223896e-03 8.503455036343824259e-04 6.297423839723324205e-04 3.480514175408228050e-01 1.073021551943070849e-03 1.938064446113647195e+06 1.808058223159146961e+06 1.101308295802555047e+06 6.131271571205089144e-01 1.332033650531671476e+06
