# R (Mpc), mean rho (Msol/kpc^3), errup (Msol/kpc^3), errlow, std, median rho (Msol/kpc^3), mean pth (Msol/kpc/s^2), errup(Msol/kpc/s^2), errlow, std, median pth (Msol/kpc/s^2), mean gas-mass-weighted metal (fraction), errup, errlow, std, median metal, mean gas-mass-weighted temp (K), errup, errlow, std, median temp  
#  nprofs 157, mean mh 529676465833.553162, median mh 471942198470.139343 
#  Mass range 11.50 - 12.0
6.704502643857072897e-04 1.614373743771461546e+08 1.803561810096037984e+08 5.778023852356751263e+07 4.489578197122102710e-01 9.140992062958683074e+07 1.011447419315053099e-22 1.069628000815778601e-22 2.568630828175188696e-23 6.243269291596628134e-01 3.514238815337627296e-23 5.000557874701606377e-03 3.038342390784874378e-03 1.911554725964283684e-03 2.825558029688474138e-01 4.347779385838480490e-03 3.125394980477618810e+04 9.742655730087899428e+03 9.012163173949051270e+03 1.866456117873724618e-01 2.778703745344543859e+04
1.165109025084719785e-03 8.830596826572717726e+07 8.801433108288061619e+07 4.170072573439241946e+07 4.171423357757997885e-01 6.342578817509994656e+07 5.648232637744217734e-23 6.077470257586238481e-23 1.722540714183961274e-23 6.108250318028127790e-01 2.258788694877177121e-23 4.999757875822837504e-03 2.972450975005793295e-03 1.389475329478946988e-03 2.708235010367567308e-01 3.892653711844532797e-03 3.387680152107446338e+04 1.867703761168351411e+04 6.431593395750725904e+03 2.317734365974855604e-01 2.480968604604202483e+04
2.024727429375604119e-03 3.374896026311387122e+07 2.990180786408109963e+07 1.476872922896470688e+07 3.343785058069362326e-01 2.715652376678555459e+07 2.623862869515268272e-23 2.616528487289714200e-23 5.460912851252610338e-24 6.027463942309717604e-01 8.057323363680378024e-24 4.555880681367425154e-03 3.431671949129706106e-03 1.376638481630496243e-03 3.108222432068284968e-01 3.305075289206682240e-03 4.237367391505693377e+04 4.065292526108014863e+04 4.582037567079863948e+03 3.361275200053653323e-01 2.066776100067153675e+04
3.518573004760514565e-03 9.944302446585254744e+06 5.645640618694432080e+06 3.176732043550726026e+06 2.160994669265104973e-01 8.951295705709222704e+06 7.686336234659176604e-24 8.737308643238559424e-24 1.382559029281267250e-24 5.508938445862341382e-01 2.254304508236895076e-24 4.219360244122537414e-03 3.036130090884467218e-03 1.378553976330012306e-03 3.331339082836516918e-01 2.993645717967364020e-03 4.686852384190473822e+04 4.965474355288877996e+04 5.193741333273914279e+03 3.911683474873968724e-01 1.926250880571040761e+04
6.114579083688004638e-03 2.545716270152289420e+06 1.488252860370552167e+06 9.118600157742369920e+05 2.290975951004496358e-01 2.277427710790387820e+06 1.854744308243182301e-24 2.403683001418655632e-24 4.368441373955995161e-25 4.926442737616898437e-01 7.387478506000567029e-25 3.933783513047236363e-03 3.788734995922244612e-03 1.272127149458853780e-03 3.561496545268666436e-01 2.521235271098373493e-03 6.162860859739686566e+04 6.448909839711425593e+04 1.120034983231415208e+04 4.058978223554924325e-01 2.600855277044271133e+04
1.062592059908660722e-02 5.555373015762702562e+05 4.199236279866207624e+05 2.330548730007124541e+05 2.862008728506676980e-01 4.676660306456162361e+05 5.668671717934602702e-25 7.149647730522563002e-25 1.822771399908458501e-25 4.376291050261787441e-01 3.216801795005751555e-25 3.661313387866392457e-03 3.749733856412716237e-03 1.124162504452612009e-03 3.571686060361148884e-01 2.231148035666476789e-03 1.024863665657921520e+05 9.844020045631827088e+04 3.019258797147840596e+04 4.388279275535592605e-01 5.130803782444325770e+04
1.846573362331777393e-02 1.175969330832239211e+05 8.647663417416051379e+04 4.912902018342585507e+04 3.053302260747543517e-01 9.872264795680870884e+04 2.209418540890633685e-25 2.903298406350907691e-25 6.837452685690722028e-26 4.217278403806023479e-01 1.316439610077692535e-25 3.466309914478500620e-03 3.224635203717511178e-03 1.168951417312196189e-03 3.379424942182358005e-01 2.307943301911474353e-03 1.759461435545137501e+05 1.730761484318840376e+05 6.878464560593286296e+04 4.200744730936551985e-01 1.095125206506335235e+05
3.208976719406681638e-02 3.119440767254687671e+04 2.077205578785136095e+04 1.286378915430051347e+04 2.957647738470014498e-01 2.790085320294874327e+04 8.681224125406791565e-26 9.757237433166502781e-26 1.876964187391560052e-26 3.520463363812139090e-01 5.098597257946714535e-26 3.121935040884117000e-03 2.685887497599303859e-03 8.738007611367739312e-04 3.097563508024779866e-01 2.146620110375935513e-03 2.413598835536717961e+05 2.309128641427908151e+05 6.886397257356165210e+04 3.305898218872701522e-01 1.561930564672991459e+05
5.576562402422385878e-02 1.053438819919290108e+04 7.037717360994603951e+03 4.531612808518156271e+03 2.981888250646965166e-01 9.235987709426639412e+03 4.020025751349887268e-26 3.926861394823054615e-26 1.096240697843401444e-26 3.319421316835126090e-01 2.492495141702408989e-26 2.515527058041153955e-03 2.026401367893774196e-03 8.892700858563758843e-04 2.921141443307309071e-01 1.842651762291994772e-03 3.451604145657864283e+05 4.420999613306699321e+05 7.740993776587121829e+04 3.293570757537722660e-01 1.984768479138079274e+05
9.690954764502224261e-02 2.898619943686766874e+03 1.677897410774501623e+03 1.192041458615265128e+03 2.599680530743354590e-01 2.671402513737722074e+03 1.447263475353491212e-26 1.327654403130661833e-26 4.290728754752497936e-27 3.571069160766263684e-01 8.801550643582116477e-27 1.743193150006988037e-03 1.476146325793372110e-03 6.595529763812150179e-04 3.040775450838973382e-01 1.325894214621374263e-03 4.511398738546874374e+05 6.308530244779838249e+05 7.370794357006560313e+04 3.580580912729122156e-01 2.217545398291255988e+05
1.684094922112467918e-01 7.372781103618252700e+02 3.243898257650646428e+02 2.500033707043750155e+02 2.009634273199117915e-01 6.874976377838444250e+02 4.519053391620091354e-27 5.395674749237548870e-27 1.540957272474568202e-27 4.317608935458856489e-01 2.501115726340588904e-27 1.061079269428685671e-03 8.999553477806068562e-04 3.861139156394614359e-04 3.214106045002465550e-01 7.332175876913489109e-04 5.155834568979628384e+05 8.241406598403764656e+05 9.865910026054023183e+04 4.186465501785529564e-01 2.177156425360286667e+05
2.926621551339660399e-01 2.514089986814247482e+02 1.270605847975113250e+02 7.494879308528095407e+01 1.830803198697381062e-01 2.258837501278760840e+02 2.019248228409269329e-27 2.208809078542415567e-27 7.697697346448439685e-28 5.518089099812745202e-01 9.980683745450311935e-28 6.154626082628704073e-04 6.453066842991543465e-04 2.146518603719862496e-04 3.453007552354579457e-01 4.131842186661324355e-04 5.779722958509357413e+05 7.600189592226480599e+05 1.827227748223153176e+05 4.930279280591129409e-01 2.652784629613424768e+05
5.085885357353842062e-01 1.168375392396112886e+02 7.769987437820810783e+01 3.368514381990330264e+01 2.065366835367780096e-01 9.897579622477280736e+01 1.279275693741001359e-27 1.598453081666010603e-27 5.009612603106044583e-28 6.796403151780605612e-01 5.762379166165619730e-28 5.122704283820192018e-04 5.810727607299306235e-04 1.815455632684622247e-04 4.191449480024592167e-01 3.059120006134619530e-04 7.254773230037282920e+05 9.555047449384434149e+05 3.348593015078773024e+05 5.815266611591514145e-01 4.015056849426453118e+05
8.838255788933832013e-01 6.627368464458135122e+01 3.977301118270867875e+01 2.078676047391861204e+01 2.235202683663693735e-01 5.611851788226380933e+01 9.596254048187078234e-28 1.330722580561891760e-27 4.090382463761909326e-28 7.169211243488248231e-01 4.546109537659889866e-28 6.698340424239351441e-04 7.749321945955383456e-04 3.042024585205263965e-04 5.302637249701381839e-01 4.359370784367889214e-04 9.154625123729959596e+05 9.683074284270344069e+05 5.351556561795138987e+05 6.026457526276770560e-01 6.126892751794873038e+05
