# R (Mpc), mean rho (Msol/kpc^3), errup (Msol/kpc^3), errlow, std, median rho (Msol/kpc^3), mean pth (Msol/kpc/s^2), errup(Msol/kpc/s^2), errlow, std, median pth (Msol/kpc/s^2), mean gas-mass-weighted metal (fraction), errup, errlow, std, median metal, mean gas-mass-weighted temp (K), errup, errlow, std, median temp  
#  nprofs 39, mean mh 226364891673.985931, median mh 211230206819.959747 
#  Mass range 11.00 - 11.5
6.704502643857072897e-04 4.982399099080459028e+07 3.118094488851258904e+07 1.645380195695271343e+07 2.510611625322710649e-01 4.105749557556956261e+07 1.294087676774233824e-23 1.206009203621114434e-23 5.384072233658309199e-24 3.614276678110778795e-01 9.639075079347116410e-24 9.204469875159493331e-04 4.446167911122743226e-04 4.086703086884190938e-04 2.809147358930484395e-01 8.166618614158466325e-04 1.827375267808985882e+04 4.856619731981747464e+03 2.832248506570485915e+03 8.317783680392189238e-02 1.738077000858814426e+04
1.165109025084719785e-03 3.566665983091808856e+07 1.881137171152374148e+07 1.564896721744822711e+07 2.247116349619088238e-01 3.412539230802609026e+07 9.214165233311226971e-24 7.353691277681742562e-24 4.631751024550779479e-24 3.474445670448329526e-01 7.534687349422644222e-24 7.778410529797205814e-04 4.114386245756732714e-04 3.288492381994497296e-04 1.909362437434633797e-01 7.562181313014814223e-04 1.822307980018071612e+04 3.867351443415318499e+03 3.029647644289594609e+03 8.769806007739908149e-02 1.763959647154080085e+04
2.024727429375604119e-03 1.740582294552353397e+07 8.539860586906420067e+06 5.383608596241759136e+06 1.564089322010470962e-01 1.633313907494280301e+07 3.719874091457306430e-24 2.837855687114796507e-24 1.453334554704321633e-24 2.679294793509692241e-01 3.097660069147817141e-24 6.618488917501135676e-04 2.892879796434584191e-04 1.580057259495556933e-04 1.939004227615508669e-01 5.916073245163530961e-04 1.703389370918669010e+04 3.718391340996988220e+03 1.656096901338412863e+03 8.001394357773769506e-02 1.608428324600017186e+04
3.518573004760514565e-03 6.687142774160173722e+06 1.936485774307711981e+06 2.774504928570912220e+06 1.623947586857696912e-01 6.776401738689157180e+06 1.063828104969707252e-24 5.606413857444166932e-25 4.769555016686957543e-25 2.469209968352718276e-01 1.001804138277234181e-24 6.311242285607048105e-04 3.239349016842630680e-04 1.710920153425860013e-04 2.010066852421816264e-01 5.415580007405556553e-04 1.499527744603380052e+04 1.189283604395188377e+03 1.426956196643062867e+03 9.291716862636215102e-02 1.423168096809599956e+04
6.114579083688004638e-03 2.191502381002550013e+06 4.906665971338064410e+05 6.495151095325944480e+05 1.422326598421721489e-01 2.155654784536052495e+06 2.997027415086440638e-25 2.156107437559409240e-25 1.045008147206557043e-25 2.105373075835874075e-01 2.691371413464363470e-25 5.888759007281132865e-04 2.527546128438596437e-04 2.174704648612909436e-04 1.941890663850679433e-01 5.714175622887231317e-04 1.395991359606731748e+04 4.703956997297245834e+03 1.055478975324896965e+03 8.476737909268694526e-02 1.280883147652932166e+04
1.062592059908660722e-02 7.626859148989854148e+05 2.754093528122816933e+05 2.831837082675548736e+05 1.766623874130704985e-01 7.673543060437320964e+05 1.118048056496981650e-25 5.603311722351138964e-26 5.212431399390558217e-26 2.475106883040419370e-01 1.048497192049781012e-25 5.560937717270150998e-04 2.626455956941675402e-04 1.823428784718294018e-04 1.851547690570568838e-01 5.010891808816204723e-04 1.423283369128210870e+04 2.331653434863961593e+03 2.027601872477136567e+03 9.581378403402246446e-02 1.338366883079886793e+04
1.846573362331777393e-02 1.858729364199979755e+05 7.150110673287420650e+04 6.842623981172025378e+04 1.816941541324316456e-01 1.807457457509317610e+05 3.533604465657262136e-26 2.858591402954811934e-26 1.090501800581720458e-26 2.439156961773787102e-01 2.862136641749964506e-26 6.143333589503031846e-04 2.837741403890715539e-04 1.649408243867512224e-04 1.745334889735128958e-01 5.650707822240257690e-04 1.606472851362913752e+04 6.260316132847787230e+03 2.895019721787530216e+03 1.308892378030792059e-01 1.459788857718995132e+04
3.208976719406681638e-02 5.088714654613249877e+04 2.060898868119634426e+04 1.145971887594275904e+04 1.421521088178226144e-01 4.876428056211439980e+04 1.688002217713067247e-26 5.653638019888981148e-27 4.440626836866614947e-27 1.759322914703877194e-01 1.476710522416859624e-26 6.460803739443219534e-04 2.656474752910265198e-04 1.568919510730755864e-04 1.677279825179727457e-01 5.981053302356336863e-04 2.553710633049780154e+04 5.362397115136194770e+03 5.311969407402168144e+03 1.345906167555770694e-01 2.367500668844730535e+04
5.576562402422385878e-02 1.728856515305503126e+04 6.594983951811314910e+03 3.797450162463219385e+03 1.211596745617782994e-01 1.667311205240796698e+04 1.011496702250060892e-26 4.589869617160724844e-27 2.896837990910903314e-27 1.633928217693385587e-01 9.391960692199101297e-27 6.296438146047152141e-04 2.115066726841648582e-04 1.205352530322920156e-04 1.625980863013913869e-01 5.782503434198444162e-04 4.427779032761204871e+04 1.617810274539993407e+04 8.159796764123548201e+03 1.412141346160581401e-01 3.939711392242879811e+04
9.690954764502224261e-02 4.852638790132447866e+03 1.560320500114195056e+03 1.216800680582681252e+03 1.322262054482259419e-01 4.716561740480860863e+03 4.497243811248803739e-27 1.964561507066570009e-27 1.377383739827820991e-27 1.971021500852088437e-01 3.991630210681376202e-27 5.099906155329948960e-04 1.519889434547779341e-04 1.599299308559477221e-04 1.808772948486900567e-01 4.803287299372383380e-04 6.946961359834732139e+04 1.542666341478771210e+04 1.284734823112101003e+04 1.588767367260191798e-01 6.043655017166415200e+04
1.684094922112467918e-01 1.315509627713478039e+03 7.025222826041965618e+02 2.255724750191378689e+02 1.468209421534490133e-01 1.138458756567306182e+03 1.760216067971095278e-27 1.680967793980478427e-27 3.122501344530689101e-28 3.074361368232363945e-01 1.028516638609850336e-27 3.246845797016365714e-04 1.706430675011127713e-04 1.191799020671753160e-04 2.152664953967290962e-01 2.947696853297978583e-04 9.844235530086257495e+04 5.108516798332719918e+04 1.441145352013800584e+04 2.488196925894765321e-01 6.504063040827213990e+04
2.926621551339660399e-01 4.163266470551026259e+02 1.570347986643337208e+02 9.467479850962632781e+01 1.496872538783924067e-01 3.803085963943872230e+02 8.916518467396917566e-28 6.962005800581261751e-28 1.340493265395984157e-28 4.613461495165100401e-01 3.113275878240774910e-28 1.806076014609979776e-04 1.647459841789960264e-04 4.472462970431781068e-05 2.995543456435069141e-01 1.152356524600291643e-04 1.357695360209095525e+05 1.350369463002587145e+05 1.027544452184137481e+04 3.668253498551037328e-01 5.600831458452645893e+04
5.085885357353842062e-01 1.806323250881635829e+02 8.732739462071558023e+01 5.049640516855696148e+01 1.950465320913730149e-01 1.568670483020213453e+02 5.797974817988168845e-28 6.566467192882186508e-28 5.113342201397932509e-29 6.149376782276971820e-01 1.035605648376306500e-28 1.677103551382850503e-04 1.891056642084169858e-04 4.673947258722304504e-05 5.230028275876569266e-01 8.020176319379222134e-05 1.831943610343216569e+05 2.023962262164585409e+05 1.158027620693897916e+04 4.849373250249186529e-01 4.783369979616530327e+04
8.838255788933832013e-01 9.770530890370875454e+01 6.739361248082224165e+01 2.115141142425702725e+01 2.322007522287433678e-01 7.541771031715563822e+01 4.284740897819356239e-28 7.059270268755780788e-28 2.095542639104227585e-29 8.039773684317486069e-01 3.879832360717658816e-29 2.936940352599792868e-04 5.033061270590298781e-04 3.293667388395800561e-05 7.314468625514747302e-01 4.613651329076871464e-05 2.324015849973224977e+05 4.200472245495709358e+05 1.215273920886757332e+04 6.090225079531162988e-01 3.884249286219364876e+04
