# R (Mpc), mean rho (Msol/kpc^3), errup (Msol/kpc^3), errlow, std, median rho (Msol/kpc^3), mean pth (Msol/kpc/s^2), errup(Msol/kpc/s^2), errlow, std, median pth (Msol/kpc/s^2), mean gas-mass-weighted metal (fraction), errup, errlow, std, median metal, mean gas-mass-weighted temp (K), errup, errlow, std, median temp  
#  nprofs 96, mean mh 533046254586.848938, median mh 482350137546.012329 
#  Mass range 11.50 - 12.0
6.704502643857072897e-04 8.502593907141716778e+07 1.126357773683343232e+08 2.951564302243240550e+07 4.599590706001605023e-01 4.677683221107058972e+07 8.752601496426476083e-23 5.787883912056684957e-23 1.042394673795050111e-23 7.991958146768735061e-01 1.219143520474301156e-23 7.087852684933957162e-03 4.677580229937861045e-03 2.086635309968349911e-03 2.480224320143771533e-01 5.755253058889957252e-03 4.001133678537145897e+04 2.668748246549507166e+04 9.875514966065828048e+03 3.446312147330545250e-01 2.288335421011304425e+04
1.165109025084719785e-03 3.059231676169257611e+07 3.473937282950992882e+07 1.425477946766966954e+07 5.423144934929439165e-01 1.865456258049896732e+07 4.878417555640991494e-23 3.085525416171814687e-23 4.305006060483037441e-24 9.400930600917737356e-01 4.763978861582544883e-24 7.510449707575175306e-03 4.291838813201873104e-03 2.799644937961296310e-03 2.980567411313865267e-01 6.556302088895763977e-03 5.630243063830603933e+04 6.224484655847150134e+04 8.503107305024961533e+03 4.356825746560499257e-01 2.187690276755957530e+04
2.024727429375604119e-03 1.212601472045182437e+07 1.294034797800748609e+07 5.887668414953495376e+06 4.470962030366357198e-01 8.860062101620400324e+06 1.743296673388446877e-23 2.695023704889809101e-23 1.730555111697267937e-24 9.071626639974534889e-01 2.187870615597998096e-24 7.587583772228255474e-03 4.436510572275637748e-03 2.951397778056452301e-03 2.213375072730225657e-01 6.758874012626432670e-03 6.526918054996908904e+04 9.988131079191522440e+04 8.135818904796818970e+03 4.734629565782255134e-01 2.105803607019234914e+04
3.518573004760514565e-03 5.813760251124489121e+06 2.843484739622812718e+06 2.381644578142546117e+06 2.569600553500552831e-01 5.103243888164784759e+06 6.762475965969618522e-24 9.258421379015273866e-24 1.239819957154555766e-24 6.815990167870609184e-01 1.603132506319816137e-24 7.921314225000994011e-03 5.759440411198818270e-03 3.304267472463077396e-03 2.580482976741107493e-01 6.673018043328162417e-03 6.602956555898005900e+04 8.944902301382241421e+04 1.438970952753298479e+04 4.437930398355664496e-01 2.792030686671769945e+04
6.114579083688004638e-03 2.147230497686452698e+06 9.148246227936949581e+05 1.179208557581087807e+06 3.136163783952613526e-01 2.103566331053128466e+06 2.738543797449248540e-24 3.199281136631322517e-24 1.320618305937499878e-24 6.873101565508232813e-01 1.609375273500930830e-24 7.178399094546592148e-03 7.115815831038043229e-03 2.387830754789982760e-03 2.821477339233870452e-01 5.347733668567330317e-03 8.339903334436383739e+04 8.845147893707008916e+04 4.319927319013786473e+04 4.474157536706266924e-01 5.768331149615524919e+04
1.062592059908660722e-02 5.492960208977482980e+05 4.449780262806904502e+05 3.843281956450592261e+05 4.624211038429422160e-01 5.172097719475389458e+05 8.380385035826993770e-25 9.759036556905573659e-25 5.346628085329645715e-25 7.622164264878343864e-01 6.353203015503282359e-25 6.388732300017426098e-03 8.377927200855086326e-03 1.853137440656801339e-03 3.035733045710878875e-01 4.383841575694527072e-03 1.274935669211150816e+05 1.228632154041424219e+05 5.698231191039881378e+04 4.767755967219794444e-01 8.755704568250209559e+04
1.846573362331777393e-02 1.072169501745481393e+05 1.295943738066261867e+05 5.970776987740014010e+04 4.708093151293375467e-01 8.033206099998502759e+04 3.316000390495709512e-25 3.382867533945170101e-25 1.587338913481347234e-25 4.626557185095145908e-01 2.364116819286540002e-25 5.619438967580966775e-03 6.208323738601217480e-03 1.217681739827680860e-03 2.987420486347627802e-01 3.703567033414851238e-03 2.885466810522709857e+05 2.686190582226889674e+05 1.024138248381381854e+05 3.284661244481216213e-01 2.159751544382071879e+05
3.208976719406681638e-02 2.144730343549316603e+04 2.363334680492006737e+04 1.183237446559317868e+04 3.874881467559699311e-01 1.807853454913802125e+04 9.629615184126884984e-26 7.898933599671390561e-26 4.551357353254442240e-26 3.786681500604636708e-01 7.520693057696869983e-26 4.751511490885262055e-03 2.977996194871700489e-03 1.139750759249955579e-03 2.549813840011572186e-01 3.511387435814493363e-03 4.089120682873994228e+05 2.791061017089026282e+05 1.508710996577767073e+05 2.849613428056563258e-01 3.201059154929280048e+05
5.576562402422385878e-02 7.488246852876171943e+03 5.942691301145727266e+03 4.616328482244798579e+03 3.701544708803504724e-01 6.692504782449057529e+03 3.531889896408984668e-26 2.952698014674591185e-26 1.339087838776933817e-26 3.245967016077190848e-01 2.671611123074812709e-26 3.711936089091007456e-03 1.897705996888597244e-03 1.073963630752046558e-03 2.320200237572098978e-01 3.007971178182482566e-03 4.550896531928949989e+05 3.726646506853724131e+05 1.620661485143845202e+05 2.932427708333859018e-01 3.468168386116453912e+05
9.690954764502224261e-02 2.525398946986766987e+03 1.762789375511258186e+03 1.265342366186366235e+03 3.309738882664640114e-01 2.099963762326677170e+03 1.297721580885294132e-26 1.181066267340766901e-26 3.942188492877529157e-27 2.907087298650207208e-01 9.639021906945229603e-27 2.781105886073213795e-03 1.328388896297994382e-03 8.920768925121203095e-04 2.138656496457110034e-01 2.412123272457160090e-03 5.235340860008853488e+05 5.705580368212719914e+05 1.638534487653550459e+05 3.296673488000283481e-01 3.399325008970792405e+05
1.684094922112467918e-01 7.474558254235757886e+02 5.058797964636790994e+02 3.111766660954951931e+02 2.478792976350621957e-01 6.773341372819901380e+02 5.092650912879080624e-27 3.970915007255552457e-27 2.531054582313784251e-27 3.453083282421042788e-01 4.233736148506143101e-27 2.043173925360848835e-03 1.054834007722317731e-03 8.591929453481569022e-04 2.239238947619875408e-01 1.904619014534404253e-03 6.075833148481053067e+05 5.848535460330578499e+05 2.988342499716354650e+05 3.673135568588062894e-01 4.670360867822815198e+05
2.926621551339660399e-01 2.537189152433494144e+02 1.408442092855088390e+02 8.245637532474427189e+01 1.795005425507546215e-01 2.316334103286246204e+02 2.518783007673956360e-27 3.010002161628908595e-27 1.016856063925356574e-27 4.619366514285082603e-01 1.582930445783690196e-27 1.420523948875679343e-03 5.614383324781986595e-04 7.543458106474204084e-04 2.427574781451733443e-01 1.457614549217657336e-03 7.308611634879052872e+05 6.253347632121171337e+05 3.710443043044214137e+05 4.182518537040066375e-01 5.560877644074682612e+05
5.085885357353842062e-01 1.171301690885281914e+02 5.149033994908469936e+01 2.865796322062131196e+01 1.673040776493000814e-01 1.033476040803106741e+02 1.645615233222216311e-27 1.928997111436840044e-27 5.773005783840811791e-28 5.528168750901044648e-01 8.526800486899060365e-28 1.082967465094032298e-03 6.045010355348998023e-04 5.313448768945088288e-04 3.101252599962884826e-01 9.682573711659546705e-04 8.873438557388065383e+05 8.083613504603137262e+05 3.861082283021411858e+05 4.498013482413696362e-01 6.415992557571036741e+05
8.838255788933832013e-01 6.673504349369510180e+01 4.518963833183386214e+01 1.917928842371879483e+01 2.193588961527372927e-01 5.443945310851474062e+01 1.379282831365047401e-27 1.344548822661896739e-27 4.988075685795264948e-28 6.092949489865974178e-01 7.022943237271780060e-28 8.896110850240834811e-04 4.076128110811301150e-04 5.843568071453110512e-04 3.403975000872523915e-01 8.950269040608866376e-04 1.135052545959865442e+06 8.894668757492112927e+05 5.874702777086989954e+05 4.538176110402734609e-01 1.007663531693606405e+06
