# R (Mpc), mean rho (Msol/kpc^3), errup (Msol/kpc^3), errlow, std, median rho (Msol/kpc^3), mean pth (Msol/kpc/s^2), errup(Msol/kpc/s^2), errlow, std, median pth (Msol/kpc/s^2), mean gas-mass-weighted metal (fraction), errup, errlow, std, median metal, mean gas-mass-weighted temp (K), errup, errlow, std, median temp  
#  nprofs 74, mean mh 568731565671.762329, median mh 524492481216.341919 
#  Mass range 11.50 - 12.0
6.704502643857072897e-04 4.187704290525159985e+07 3.544885647236340493e+07 1.615667115891106427e+07 3.772685670433164051e-01 2.474061654613002390e+07 1.281613400972040302e-23 1.203976261379477718e-23 2.571287566213477779e-24 5.943952635667775208e-01 4.133829408219551984e-24 2.519675319581504789e-03 1.476345967059980273e-03 1.224827424546405790e-03 3.417007908381873293e-01 2.121819265069322009e-03 1.693839057581605812e+04 6.113735060550443450e+03 2.903669734549883287e+03 1.936153398884091770e-01 1.514764189757927670e+04
1.165109025084719785e-03 2.940151435073062032e+07 2.463556212839566171e+07 1.200416402213807404e+07 3.965901775912947791e-01 2.133514339520378411e+07 8.474902409859497088e-24 1.045615745723759431e-23 2.975183806014164857e-24 5.875496461364781986e-01 4.070416660940074939e-24 2.361499183552016878e-03 1.718238130496049050e-03 7.450016402410118092e-04 3.242884999580153416e-01 1.872633504617894845e-03 1.689720881834482498e+04 8.708633300110404889e+03 3.085864053900490035e+03 1.334756335157126772e-01 1.493857642016491991e+04
2.024727429375604119e-03 2.071994720881520212e+07 2.211249621515772864e+07 5.949280597642879933e+06 3.138697256138660574e-01 1.451544759854908660e+07 5.485043469558014784e-24 7.693766269740212495e-24 1.561341284383475279e-24 4.913437451378005472e-01 2.613586574147513557e-24 2.362704100409511628e-03 1.427958879277552899e-03 8.593372686520960686e-04 3.042347694576255090e-01 1.765869473513731686e-03 1.716680279321305716e+04 6.636859608838678469e+03 3.270238966754450303e+03 1.215225144736312712e-01 1.577520187967339552e+04
3.518573004760514565e-03 1.075730105090781674e+07 6.219860168139195070e+06 3.711753729586864822e+06 2.211840523838443928e-01 9.316999767653431743e+06 2.533263325806399898e-24 2.473294484678847500e-24 1.027085170749208794e-24 3.728618439023713704e-01 1.702981886404749749e-24 2.148745922216331160e-03 1.474972529932172538e-03 6.934407809909091253e-04 2.962901809421395471e-01 1.561059400923369214e-03 1.704945441107597435e+04 5.777603190661371627e+03 2.742965628645943070e+03 1.224606381516899628e-01 1.534235315566120335e+04
6.114579083688004638e-03 3.887335584092325531e+06 1.475054723036028445e+06 1.398145966605213936e+06 1.769093112269136958e-01 3.909343024436063133e+06 8.386763919903063746e-25 4.806490475723252683e-25 3.081008460784511354e-25 2.858622012103971821e-01 6.406644837680424820e-25 1.929309280485902878e-03 1.441944575646649396e-03 6.596429290707328877e-04 2.921439261158395584e-01 1.452892723544159381e-03 1.827053507044037178e+04 6.868452569451070303e+03 2.728530143383846735e+03 1.621456553562657388e-01 1.504113071041236253e+04
1.062592059908660722e-02 1.155375801165003330e+06 5.403283839395015966e+05 5.463244758250304731e+05 2.261573542282102611e-01 1.108654528423904208e+06 3.263629138762676111e-25 2.704413255317752234e-25 9.935980433424658998e-26 2.962046828725750092e-01 2.390633904773155282e-25 1.839018476601740051e-03 1.420485225712858970e-03 7.542860421643924826e-04 2.877225411854611448e-01 1.470276066053838575e-03 2.661719371531802608e+04 1.761721816863719869e+04 6.144167118607250814e+03 2.431495301152838406e-01 1.918044312482509122e+04
1.846573362331777393e-02 2.907718012908970704e+05 1.896679798123312648e+05 1.238091406167470850e+05 2.541693646581302812e-01 2.509510261128948187e+05 1.418613872089963759e-25 1.103119163731594642e-25 4.239047389292675069e-26 3.363966337815333940e-01 8.743444055780533251e-26 1.799876239019622187e-03 1.281883027154434671e-03 6.359948242189552084e-04 2.677796440571431069e-01 1.408976987704008577e-03 4.804627489646067261e+04 3.202929734584165271e+04 1.060230597794819732e+04 3.256616189082091051e-01 2.664163599125125620e+04
3.208976719406681638e-02 6.963135824602855428e+04 5.180014470172522124e+04 2.251321417163024307e+04 2.220677038451766838e-01 5.895574634895141935e+04 7.671909137402343996e-26 4.685732865022067094e-26 1.540587255054974327e-26 3.343569951845758448e-01 4.034050344977124703e-26 1.837590451564453638e-03 1.137424506001500843e-03 7.148094377596380614e-04 2.561544497057295366e-01 1.565409117416506450e-03 1.071639152244823199e+05 2.731325284530590579e+04 1.833847680413222406e+04 3.471079827229188730e-01 5.208163594242598629e+04
5.576562402422385878e-02 2.159802261647118939e+04 1.048315348937677481e+04 5.400529340172779484e+03 1.887089811158632613e-01 1.879007356041165622e+04 3.915058800171076292e-26 3.635094067292197137e-26 9.931480685257562778e-27 2.766897875080444602e-01 2.659182804964902181e-26 1.727606238673107340e-03 1.152148957413851298e-03 5.061630562537141557e-04 2.579739874232996888e-01 1.352100055571967777e-03 1.445054989092694304e+05 8.002086399759375490e+04 2.810439808087192068e+04 2.576595516378704098e-01 1.007333893271816778e+05
9.690954764502224261e-02 5.999045803671286194e+03 2.933640638208804376e+03 1.967614715842838450e+03 1.773596781790464927e-01 5.493389744716596397e+03 1.706231809206353944e-26 1.501834084843848404e-26 5.254714700732742338e-27 3.280018663620056230e-01 1.119943475419149304e-26 1.449406756016986082e-03 8.306179545369204997e-04 5.678328915940219134e-04 2.678567426233218196e-01 1.209698965013578532e-03 2.078558229381239216e+05 1.309220247208270011e+05 3.955287556443150970e+04 2.623026746859319913e-01 1.422546588632994681e+05
1.684094922112467918e-01 1.313542474479368593e+03 6.018847710856975937e+02 4.452317036811680282e+02 1.858515032659349697e-01 1.221091851689423038e+03 6.759922283608751575e-27 5.153471060674693109e-27 2.184569224265235202e-27 4.353050826107535687e-01 3.695141840485411757e-27 9.891641764428412992e-04 6.448608547259394690e-04 4.428770245849336391e-04 3.121014319367244605e-01 7.886160843359457922e-04 3.629825684714639210e+05 3.059748901654863730e+05 1.043538507816794445e+05 3.623724596650834684e-01 2.077213002097218996e+05
2.926621551339660399e-01 3.691147400528514595e+02 1.992817265520675392e+02 1.278482432955021295e+02 2.073423848206733811e-01 3.265358247000739311e+02 3.068068618089801816e-27 2.995694293619042465e-27 8.026135483230910945e-28 5.804189044320123836e-01 1.089934488254230559e-27 6.153770751123738541e-04 6.502506220220733921e-04 2.046674436467712675e-04 3.811284934089461118e-01 3.690820292728668600e-04 5.403364432696815347e+05 6.500160133836527821e+05 1.733227528696800000e+05 4.882457611135072040e-01 2.550020529903955467e+05
5.085885357353842062e-01 1.571984327053903883e+02 1.195836329696331006e+02 5.120283956444897910e+01 2.375334545158978850e-01 1.279868128192762526e+02 1.984351906098340820e-27 1.899451363982185576e-27 5.616018816312640893e-28 7.158961086390783768e-01 6.503828024313455426e-28 4.941368558776516829e-04 7.728992799280175749e-04 1.492764070499202173e-04 4.551459458124190172e-01 2.484271007804828750e-04 6.976304563367185183e+05 9.461370437874657800e+05 2.812466191606037319e+05 5.940412966636043901e-01 3.409641584870145889e+05
8.838255788933832013e-01 8.847510800368550576e+01 4.362039081609881919e+01 2.362476139722368629e+01 2.717818043870796063e-01 6.550799286737856164e+01 1.692310863887752164e-27 1.630360412194860549e-27 3.557765703376831039e-28 8.094182919282212341e-01 4.044743096981426966e-28 7.597060076838369315e-04 8.601299993005681339e-04 2.148733534923707382e-04 5.960252350848951330e-01 2.840936659184519104e-04 9.206655899479441578e+05 1.628141510661872337e+06 4.663139619029577589e+05 6.391275974586484443e-01 5.309601376395125408e+05
