# R (Mpc), mean rho (Msol/kpc^3), errup (Msol/kpc^3), errlow, std, median rho (Msol/kpc^3), mean pth (Msol/kpc/s^2), errup(Msol/kpc/s^2), errlow, std, median pth (Msol/kpc/s^2), mean gas-mass-weighted metal (fraction), errup, errlow, std, median metal, mean gas-mass-weighted temp (K), errup, errlow, std, median temp  
#  nprofs 378, mean mh 214198394228.632355, median mh 204590972356.976746 
#  Mass range 11.00 - 11.5
6.704502643857072897e-04 8.202578679445108771e+07 5.477839643692240119e+07 4.457698791034944355e+07 3.341397908957687846e-01 7.384599493162864447e+07 8.806440661523891216e-23 5.319226401104064885e-23 1.548590122335602581e-23 6.575599009174353249e-01 2.181300135055084533e-23 4.799671557775601026e-03 2.332872261368829081e-03 2.153245884025207016e-03 2.836071921569286447e-01 4.583878118385177960e-03 5.392604151863400330e+04 1.078158610923448214e+04 5.570867012634545972e+03 3.661060885024877143e-01 2.288611623570894517e+04
1.165109025084719785e-03 2.439976360267131031e+07 1.490168916337862983e+07 7.914674857272144407e+06 2.460035641246038629e-01 2.106251182045098022e+07 3.953869429720142955e-23 8.760951942146896851e-23 3.152336463621069188e-24 7.232670584575734418e-01 5.294757336291904160e-24 3.873936129010626100e-03 2.805123728637730091e-03 1.583258060554177922e-03 2.705320069704491015e-01 3.397104360028424790e-03 9.775474931842833757e+04 2.001924007276282646e+05 3.985339152303326046e+03 5.324575855508081323e-01 1.900374020110304991e+04
2.024727429375604119e-03 6.261604784177956171e+06 3.568473296916777268e+06 2.621801042237686925e+06 2.734374859471439545e-01 5.771947384785695001e+06 1.141037179173298018e-23 2.415000296626898784e-23 8.091556470827706413e-25 8.474067838104611949e-01 1.164517160276422040e-24 3.190270601374085337e-03 3.081203082682401530e-03 1.221054138571992485e-03 3.604521049270804078e-01 2.275385936677233167e-03 1.567974231280525564e+05 2.943108039261670783e+05 3.625673073353586005e+03 6.782620327654333980e-01 1.568650149916485316e+04
3.518573004760514565e-03 1.848486772483116714e+06 1.491579039421931608e+06 9.163463778064968064e+05 3.436006922947135167e-01 1.596765117701704847e+06 2.016460669911889980e-24 4.076815720151370097e-24 2.630134758108598679e-25 8.206970015492952575e-01 3.376214747958237965e-25 2.313386934327464530e-03 2.396827930905817954e-03 1.090662118951751932e-03 4.540066879029506786e-01 1.680328128667283889e-03 1.217937465090331389e+05 2.167953762375252554e+05 2.169759639528985645e+03 6.404163708244688946e-01 1.308177783576945876e+04
6.114579083688004638e-03 4.166220041864633095e+05 4.012910356537775369e+05 2.112401852996702655e+05 4.050277957021667374e-01 3.338151370178156067e+05 3.892328992809199961e-25 7.599164306389951676e-25 8.439640040959814265e-26 7.471543415628831841e-01 1.067959316365903431e-25 1.782785128449027728e-03 1.757427002236764584e-03 9.187099199569359088e-04 4.706823874186659706e-01 1.345705655273314550e-03 9.763983250223485811e+04 1.539978570756468689e+05 1.925626280772226892e+04 5.780403010628265559e-01 3.006389506336352133e+04
1.062592059908660722e-02 6.774941937566285196e+04 6.542325767007773538e+04 2.670754234966720469e+04 4.101629892481308270e-01 4.697427824668694666e+04 1.027661656787077060e-25 1.232100702623734476e-25 5.891825899502319870e-26 6.045634954905791947e-01 6.910991368065780599e-26 1.671941194377859433e-03 1.551866862369413996e-03 8.442630152454123991e-04 5.599791428813740701e-01 1.267027809340615357e-03 1.953250819230917841e+05 2.191370730294418754e+05 6.875401262769833556e+04 5.477081510970877032e-01 8.746032167165528517e+04
1.846573362331777393e-02 1.372518288991958980e+04 9.666841402476980875e+03 6.775229229222279173e+03 3.324377867815830334e-01 1.223563033967271258e+04 4.473343405881837961e-26 4.562041832019449121e-26 2.360004111287727238e-26 4.702918112877799151e-01 3.421955552936326374e-26 1.371615573477313237e-03 9.294395157301302626e-04 6.072208043641441969e-04 4.975297272074431509e-01 1.085622052882858311e-03 2.844779370721148443e+05 1.794145067668233532e+05 1.310450210609684436e+05 3.533454598086422371e-01 2.237616821198929101e+05
3.208976719406681638e-02 4.778403645284445702e+03 2.822537298363826267e+03 1.864149162614702163e+03 2.678694948073606086e-01 4.336119784398800221e+03 1.824989337039739690e-26 1.333332614960264489e-26 7.791333743586802359e-27 3.236841574599096383e-01 1.499204033460018068e-26 1.087594215828144089e-03 6.497701616479921189e-04 4.482537219157270328e-04 3.616925034097807079e-01 9.113501954095867396e-04 3.649014740131467115e+05 1.401113647104069241e+05 9.377615539484663168e+04 2.682806918648490413e-01 2.544268597931488766e+05
5.576562402422385878e-02 1.796165798454178230e+03 9.875416758880071484e+02 6.459703144419743239e+02 2.351438819899006050e-01 1.664366638407647542e+03 8.007185476464134886e-27 5.347214303825359206e-27 2.905807983319583016e-27 3.396454387881214232e-01 5.473405659681406504e-27 9.359157413632945930e-04 4.981745916472313067e-04 3.634748858796528611e-04 2.679177127969309957e-01 8.351929643150566348e-04 4.370880809527532547e+05 1.368234381904032489e+05 7.582420865468459670e+04 2.977298932768145945e-01 2.374634167964767257e+05
9.690954764502224261e-02 6.494005151407675385e+02 3.385022260530754465e+02 2.453060930386661767e+02 2.478580386667894597e-01 6.001695205396304118e+02 4.345930506150098057e-27 3.496680100461623176e-27 1.062015631539175166e-27 4.565892677075639172e-01 1.841629594587159173e-27 8.525194304613789315e-04 3.394786433312672099e-04 2.505566240454946188e-04 2.108360569682665719e-01 7.400799917648000995e-04 6.596962428543481510e+05 3.238946094898305601e+05 8.899177418211300392e+04 3.770799354201019304e-01 2.249169010457963450e+05
1.684094922112467918e-01 2.637253870211525282e+02 1.672968818328270117e+02 1.028770500289729455e+02 2.713488107958733075e-01 2.280675776214957295e+02 3.103792476630515864e-27 2.381264481107467159e-27 5.427803056529418945e-28 6.172002032423040685e-01 7.493678968051014657e-28 7.243253475088305780e-04 2.844546101130119350e-04 1.901108131010717777e-04 1.747560315307901957e-01 6.507008308748532272e-04 7.321377266552075744e+05 5.755185885650509736e+05 1.365132070882128028e+05 4.704601541646915575e-01 2.407366941645225743e+05
2.926621551339660399e-01 1.439924089209751514e+02 1.208099211875185119e+02 4.740749257662999128e+01 2.998538204909743099e-01 1.040014472611975407e+02 2.824780698752527937e-27 2.022267644056347017e-27 4.350954048556805680e-28 7.635249606125780186e-01 5.063320459045645968e-28 6.922024453192362906e-04 3.355313823593769314e-04 1.877445478258729867e-04 2.001823314157021028e-01 5.962804587211483365e-04 7.868007243956241291e+05 9.214110446500012185e+05 2.546619977652365633e+05 5.554175523839955941e-01 3.337868868001207593e+05
5.085885357353842062e-01 9.847738800500553680e+01 8.232582926279344804e+01 2.722142505021214731e+01 3.349622203080954153e-01 5.993998464221134270e+01 2.982943147575131419e-27 1.896769600977602729e-27 4.155771717468101236e-28 8.268894133119127909e-01 4.594564653511773543e-28 7.598569801884443508e-04 6.689904295772740924e-04 2.115387379177941364e-04 2.725566245042597147e-01 5.723592579940817594e-04 9.499465570197760826e+05 1.175502474899396766e+06 3.927600745487933164e+05 5.737543827009636832e-01 4.832563784085605294e+05
8.838255788933832013e-01 6.301558430294730329e+01 5.095789749108035949e+01 1.797279213224221195e+01 3.260137412061615003e-01 3.956096221541460523e+01 2.702013548463696907e-27 1.541825790878224963e-27 3.299333690163812758e-28 8.273215969557736749e-01 3.832504662899438161e-28 7.331601564295236930e-04 5.897232932657769022e-04 3.236608466737981031e-04 3.229713645960050061e-01 6.152166083563831997e-04 1.192763738152791979e+06 1.346259852790623205e+06 5.515305184469089145e+05 5.728690847033455213e-01 6.914344952619255055e+05
