# R (Mpc), mean rho (Msol/kpc^3), errup (Msol/kpc^3), errlow, std, median rho (Msol/kpc^3), mean pth (Msol/kpc/s^2), errup(Msol/kpc/s^2), errlow, std, median pth (Msol/kpc/s^2), mean gas-mass-weighted metal (fraction), errup, errlow, std, median metal, mean gas-mass-weighted temp (K), errup, errlow, std, median temp  
#  nprofs 87, mean mh 217445360866.475433, median mh 215111892920.744049 
#  Mass range 11.00 - 11.5
6.704502643857072897e-04 4.400894191336643696e+07 3.874915641395673156e+07 2.722788844903966039e+07 3.762295802395234645e-01 3.619160444281466305e+07 2.903055179902598371e-23 1.238056575823325442e-23 6.181007877346411929e-24 6.652104019960798365e-01 7.347686030659482710e-24 5.526515807597917433e-03 2.449514624804288894e-03 1.771526056356886869e-03 2.118038896450965825e-01 5.257543722480583111e-03 3.165847756042797482e+04 5.118749340493981435e+03 3.998461779413226395e+03 2.799943087497638317e-01 1.717091895947796002e+04
1.165109025084719785e-03 1.890805987316422909e+07 1.592450101240527816e+07 1.052201025133683719e+07 4.616972808016287511e-01 1.397190280256094225e+07 1.378749846678685474e-23 5.500459369420494449e-24 1.740512580948130568e-24 7.932167527809401708e-01 2.056846033262485822e-24 4.282484294902742447e-03 2.459963870357343395e-03 1.602925810666947035e-03 2.654595679219712845e-01 4.047000788931182785e-03 2.604661190276928028e+04 3.820812387217420110e+03 3.825651528549158684e+03 3.106770986872140483e-01 1.567252174918125274e+04
2.024727429375604119e-03 6.353586507987301797e+06 4.828819573038537055e+06 4.324314460415530950e+06 4.732858544859970817e-01 5.907588562028454617e+06 4.688771781904067194e-24 1.960954468645803570e-24 6.621706743838383887e-25 8.927372421758341670e-01 7.720948198520333638e-25 3.883774654872313922e-03 1.578706470744291671e-03 1.229059805924484494e-03 1.757750658315698489e-01 3.632605891867613304e-03 4.409857255885055201e+04 9.724036327483594505e+03 3.558719090658702044e+03 4.807439179368270254e-01 1.358262859012670378e+04
3.518573004760514565e-03 3.438861583417777438e+06 1.547794798640711699e+06 1.410445202817867510e+06 2.033936687224104922e-01 3.267569419111776631e+06 1.164721756481281152e-24 1.440942416435571569e-24 2.986486187692554881e-25 5.428834324726086180e-01 4.395048884146332376e-25 3.284867832233907131e-03 1.160413655199453616e-03 1.493846528855385545e-03 1.995818637540071327e-01 3.276751169558691362e-03 2.855221633789696352e+04 2.416115651444155083e+04 3.461678827398751309e+03 3.398522469513624022e-01 1.317458210618942576e+04
6.114579083688004638e-03 1.385467570025329478e+06 4.924305304828172084e+05 7.821330465909409104e+05 2.795639823278247005e-01 1.469012151830170071e+06 6.594123587211027468e-25 9.445616200354180578e-25 1.905645709227853040e-25 5.431378092319638640e-01 3.013905676115543793e-25 2.483553627887452857e-03 7.786991278087530485e-04 9.310975916072459189e-04 2.083901874541095600e-01 2.336476699388959598e-03 4.181225653430913371e+04 5.109485130972252227e+04 1.119894950574111135e+04 3.911739233899949597e-01 2.229679963605487137e+04
1.062592059908660722e-02 3.343349846618932788e+05 2.147552859012375702e+05 2.437543685277621844e+05 3.744685960530672042e-01 3.283108679820912075e+05 2.457991740276239222e-25 2.572133206679685293e-25 1.336356500061787128e-25 4.902494276648113325e-01 1.796130716824846924e-25 2.097418727826267770e-03 7.627415901340073561e-04 7.675932363162129169e-04 2.141410602321443535e-01 1.927638896779663947e-03 7.412941946788781206e+04 8.541870245411488577e+04 3.341807044485723600e+04 4.148807998213283610e-01 4.875845085309338901e+04
1.846573362331777393e-02 7.409230896621904685e+04 8.270726894985526451e+04 2.704598516576730617e+04 3.802943425854776183e-01 4.950179047148751124e+04 8.517660959958134758e-26 5.392441259811724623e-26 4.629340569029861742e-26 3.980933512589687751e-01 7.471151125554261199e-26 1.849039173058525864e-03 9.987756273499607488e-04 3.819491312908422642e-04 2.117190638434180427e-01 1.577231611263597367e-03 1.251070795018015051e+05 1.082610262588175101e+05 5.307134645883869962e+04 3.909081435606181487e-01 8.947232598391403735e+04
3.208976719406681638e-02 1.570423411052639312e+04 1.174567386972838904e+04 5.894710877456176604e+03 3.095771993432188673e-01 1.183940784981894649e+04 2.956371100009159841e-26 2.110878917463094777e-26 1.148743814075732320e-26 2.607890395155071928e-01 2.535074713821964484e-26 1.743334247567611406e-03 6.926887537492989848e-04 5.373687438631027154e-04 1.853869837409743426e-01 1.608666842517572550e-03 1.712067934882634727e+05 9.894808221399944159e+04 6.308860465692466823e+04 2.582023053993966477e-01 1.537075131228598475e+05
5.576562402422385878e-02 4.940605827389496881e+03 2.823375374865223421e+03 1.821976149040361634e+03 2.528287398856692847e-01 4.247970351679979103e+03 1.112388887848796734e-26 6.405655655739993576e-27 5.201156553994096802e-27 2.356149586499013127e-01 1.026806623052639563e-26 1.605013477149556163e-03 5.321967976970717797e-04 5.198623005298799032e-04 1.688896960438631134e-01 1.557553159487047633e-03 1.938028619688344770e+05 9.618879180080088554e+04 7.266604081159587076e+04 2.273086990870517854e-01 1.682760288324700668e+05
9.690954764502224261e-02 1.725112880784602339e+03 7.888028628212359763e+02 5.514648027544922115e+02 2.096708177783719040e-01 1.558753418192127356e+03 4.678988578810318031e-27 3.834258535384070787e-27 1.729033376158477862e-27 2.774822351380181740e-01 3.742133211113529782e-27 1.413364557043127624e-03 4.617522275830695296e-04 4.014995414468277343e-04 1.468961419826282366e-01 1.371417905787363726e-03 2.479011359431128367e+05 2.170901600493637670e+05 5.581486118543022894e+04 2.882507360119286877e-01 1.572063411088698485e+05
1.684094922112467918e-01 6.242590458519547383e+02 2.649585894837819069e+02 1.757586040602053572e+02 1.597030453396332261e-01 5.809396004295576859e+02 2.577669326871747033e-27 3.356572426439418798e-27 7.613744639582742741e-28 4.003233480543872402e-01 1.378679059253258456e-27 1.247439508261951116e-03 4.741180684136299481e-04 2.757898586279051295e-04 1.412984447127636767e-01 1.175090344376106353e-03 3.382661779060322442e+05 3.871464463133290410e+05 5.850920730011796695e+04 3.662904375959148973e-01 1.573659733993927948e+05
2.926621551339660399e-01 2.890354914662285069e+02 1.492950244162744866e+02 8.887747376256879761e+01 1.852246095170077822e-01 2.601087481915405988e+02 1.829477018514779282e-27 3.198059043224164632e-27 6.677386755592194183e-28 5.513304960974727553e-01 8.812098770187036351e-28 1.056555607085007519e-03 4.854919061482281797e-04 2.532754968862716742e-04 1.829133290636349995e-01 9.722113254507889915e-04 4.303745268626858597e+05 5.993912934334545862e+05 1.386756865101162111e+05 4.504860614400393870e-01 2.182505622617027257e+05
5.085885357353842062e-01 1.362407603280788635e+02 8.413082861326711281e+01 4.087221731333147545e+01 2.142334758653228199e-01 1.143208889423266896e+02 1.373245594694538517e-27 2.618958824431944700e-27 4.467157266447125610e-28 6.820925037091479792e-01 5.301456159148417919e-28 8.479044354051945565e-04 3.759314581385591290e-04 4.598387389982440659e-04 2.308969728673947730e-01 8.583453514117752713e-04 6.158028555008304538e+05 9.077733375898418017e+05 2.598703128909475345e+05 5.367372425938280456e-01 3.386633031418673345e+05
8.838255788933832013e-01 7.733624688436856331e+01 7.300951949127576768e+01 2.234132331109947955e+01 2.727617173492774549e-01 5.599427383569712902e+01 1.199635266057449789e-27 2.062011861879555868e-27 3.666759209446499623e-28 7.678844807256356431e-01 4.393474677675281901e-28 7.937553104711530649e-04 8.898618955716824973e-04 3.918818657768863376e-04 3.815911025304698501e-01 6.283907111240982389e-04 8.496285321901688585e+05 1.375638803314093268e+06 3.744982886813101359e+05 5.720344501629976985e-01 5.204724380872638430e+05
