# R (Mpc), mean rho (Msol/kpc^3), errup (Msol/kpc^3), errlow, std, median rho (Msol/kpc^3), mean pth (Msol/kpc/s^2), errup(Msol/kpc/s^2), errlow, std, median pth (Msol/kpc/s^2), mean gas-mass-weighted metal (fraction), errup, errlow, std, median metal, mean gas-mass-weighted temp (K), errup, errlow, std, median temp  
#  nprofs 295, mean mh 214752045920.175568, median mh 206131438458.663940 
#  Mass range 11.00 - 11.5
6.704502643857072897e-04 1.604805970005162656e+08 9.567052204769793153e+07 1.017974851538631171e+08 3.709897236349826155e-01 1.546604228877389729e+08 3.249653224239423541e-22 5.226612668465757641e-22 1.437644321145046135e-22 8.432815567375260279e-01 1.581981977289685909e-22 7.416525970663784793e-03 2.851209722864405868e-03 2.503289084851145763e-03 2.074924481240166263e-01 7.097941130154923270e-03 1.115362954146132397e+05 1.477842460001663421e+05 5.259074685885772487e+04 5.044633339600124167e-01 7.134375919622949732e+04
1.165109025084719785e-03 4.846712349640961736e+07 3.899449391096939892e+07 2.689859582761377096e+07 4.087388903001354934e-01 4.267104815441880375e+07 1.380932276846865320e-22 1.874216669280697844e-22 8.915510664602884851e-23 1.011502813499142395e+00 9.174310434611003748e-23 7.125084772163533045e-03 3.092095788802923587e-03 2.851988926455173608e-03 2.199547269905608171e-01 6.863575965822522884e-03 1.557737836115868122e+05 1.360267665257724002e+05 1.343196333407611528e+05 5.969748611799177151e-01 1.482521158535361756e+05
2.024727429375604119e-03 1.117628125758340582e+07 7.330999979827005416e+06 5.203125613117553294e+06 3.151188925727073098e-01 1.023361251730218157e+07 3.296093475527644413e-23 4.506728479380289130e-23 2.078405741466407666e-23 8.883453668827732130e-01 2.148529209026794564e-23 6.484173380678189685e-03 2.831320042584058692e-03 3.000675878901566500e-03 2.617547468055529403e-01 6.339610255555781261e-03 1.829798686851302045e+05 2.170710957891747239e+05 1.349550229851605836e+05 5.985992321206683453e-01 1.468722006057223771e+05
3.518573004760514565e-03 3.153623303010866512e+06 1.975036482254037634e+06 1.631638330511400942e+06 3.622778112865693290e-01 3.022598522195495665e+06 4.514270945369170267e-24 4.670940548048135379e-24 3.259027564677104182e-24 7.819624026226419389e-01 3.475566236782901263e-24 5.055148270362770993e-03 2.179922761280656505e-03 2.403066114882324716e-03 3.155287517004773945e-01 4.676716268545509647e-03 1.241712757701357623e+05 1.158887066813850543e+05 6.456601106096524745e+04 5.417311466666960840e-01 7.559712486068683211e+04
6.114579083688004638e-03 7.816792665320161032e+05 5.509825131930594798e+05 3.794820325347347534e+05 3.894874260110300357e-01 6.982486880370937288e+05 6.484219989208450031e-25 7.922473501398326726e-25 4.346674846390858110e-25 7.153842748547407648e-01 4.702396659729249078e-25 3.559101629382721132e-03 1.935743026704048880e-03 1.644989703165232985e-03 2.833852557020811735e-01 3.236995420176735742e-03 7.407868485613596567e+04 7.125409174051726586e+04 3.657004013238348125e+04 4.673609907884836989e-01 4.710760518813796079e+04
1.062592059908660722e-02 1.143792888182247261e+05 1.043800682875375205e+05 4.347273739023318922e+04 4.288161471694237892e-01 8.082257149149343604e+04 1.293153747138085582e-25 1.713317369323715540e-25 8.087512986026555329e-26 6.886049435158442256e-01 9.034898410655969229e-26 3.390945374066112530e-03 2.345158474433568351e-03 1.437217730098603284e-03 3.152913073369271735e-01 2.826345276318719280e-03 1.144747466964871419e+05 1.296332345480106451e+05 6.014527835715793481e+04 5.233686444861024301e-01 7.326483859866480634e+04
1.846573362331777393e-02 1.699692709716002719e+04 1.208200639467409383e+04 8.276620549421815667e+03 4.241146463678314160e-01 1.383893459516866460e+04 4.780312248377318198e-26 5.356944039415789639e-26 2.907146424261763776e-26 6.487763961977460747e-01 3.653119793485269617e-26 2.839020712490273202e-03 2.261598288266288091e-03 1.106312552723993231e-03 3.385294666799388841e-01 2.250438271143371648e-03 2.761768515174557688e+05 1.803903437464463641e+05 1.215949556367999612e+05 4.465040298809618280e-01 1.767701706344686099e+05
3.208976719406681638e-02 4.984449348534659293e+03 3.163638162985605959e+03 2.826864943899495302e+03 4.218924608552411248e-01 4.529513628581675221e+03 1.723816086503504334e-26 1.206903682136316106e-26 8.998424586320001398e-27 4.788409488924315061e-01 1.530666950918500006e-26 2.326201409741698867e-03 1.992188491356121794e-03 9.936897051405105090e-04 3.974554554345438029e-01 1.808730308897383513e-03 3.952642169035183033e+05 1.540073881556855049e+05 1.047072252263501287e+05 3.603867881760794423e-01 2.328487669835210545e+05
5.576562402422385878e-02 1.738409178179998435e+03 1.116039990493381083e+03 8.493367281574924164e+02 3.636745046288160643e-01 1.623715409421106870e+03 8.291573769487341016e-27 5.537557855246225914e-27 2.812391133995117188e-27 4.226750803214133212e-01 5.640230577221388651e-27 1.877045437788029715e-03 1.387037296401511877e-03 7.175259299438578120e-04 2.903579850958026842e-01 1.535919888028183062e-03 5.484776400736732176e+05 2.832966099368340801e+05 8.040638306520163314e+04 3.969254857622320776e-01 2.374147403723524476e+05
9.690954764502224261e-02 6.154713555481433787e+02 3.443128912026619446e+02 2.334346500703852598e+02 2.694646989163899109e-01 5.579044771825558655e+02 5.495060062050985906e-27 5.092559193693323963e-27 1.451248461123299275e-27 4.771184773751891428e-01 2.428956240898953461e-27 1.490905761742627143e-03 1.087467238219103462e-03 5.128493582945524562e-04 2.646218505211464511e-01 1.196929746542962436e-03 8.056548843114638003e+05 8.615934110363046639e+05 1.405114017099278863e+05 4.655182033843647260e-01 2.825846618221816607e+05
1.684094922112467918e-01 2.538840644356458256e+02 1.736575350807494829e+02 9.753403668361445966e+01 2.494546683968185685e-01 2.188331275286047344e+02 4.362505526837289934e-27 5.216937241867191364e-27 1.003166762422113052e-27 6.239972285089535609e-01 1.401374335063644376e-27 1.232832870644573475e-03 9.034187249702173381e-04 3.616230694607161945e-04 2.467856714453679490e-01 9.668179171918281530e-04 1.163434224768760614e+06 1.693331746867350768e+06 3.502748409424055135e+05 5.339161670385991210e-01 5.046223323822030216e+05
2.926621551339660399e-01 1.464224486941233465e+02 1.259582297219140798e+02 4.975365693492020114e+01 3.067433265622551697e-01 1.052837080368106228e+02 4.068297630943439074e-27 5.085305209126772579e-27 1.032908556007658611e-27 7.633593697016738400e-01 1.220267899369333425e-27 1.133182162693523957e-03 9.243569233686750163e-04 3.771464685992663478e-04 2.630491468448504788e-01 8.897466971939788343e-04 1.491567341095856391e+06 1.907756571332398336e+06 6.768352417503275210e+05 5.754317888235617184e-01 9.002210833058756543e+05
5.085885357353842062e-01 1.060597685054938353e+02 1.091815319708982059e+02 3.637207360793232169e+01 3.690940529379587165e-01 6.599924989031096345e+01 4.242292920734542227e-27 4.646953619059114047e-27 9.633636701308916028e-28 8.332797135037207648e-01 1.122500088835567148e-27 1.170086794617675782e-03 9.244766910104495203e-04 5.109782920647381026e-04 3.034788936904826429e-01 9.727291060996290590e-04 1.807531464382471051e+06 1.879451604891111609e+06 1.074292923685451737e+06 5.735425817680667171e-01 1.350140062438072637e+06
8.838255788933832013e-01 7.715628026195997791e+01 8.533868588976162073e+01 2.666973749018685069e+01 3.968069972140378376e-01 4.602628469321859228e+01 3.858532838740398992e-27 5.162862585803443322e-27 8.075106342199484634e-28 8.513199232576565967e-01 9.534180254249185531e-28 1.269611169358296184e-03 6.724938105409387565e-04 8.206525484525017868e-04 3.336680385018742090e-01 1.284618799029956307e-03 2.067929394579240121e+06 1.958648379979427438e+06 1.159803825652528554e+06 5.373010168575818035e-01 1.627267900969349779e+06
