# R (Mpc), mean rho (Msol/kpc^3), errup (Msol/kpc^3), errlow, std, median rho (Msol/kpc^3), mean pth (Msol/kpc/s^2), errup(Msol/kpc/s^2), errlow, std, median pth (Msol/kpc/s^2), mean gas-mass-weighted metal (fraction), errup, errlow, std, median metal, mean gas-mass-weighted temp (K), errup, errlow, std, median temp  
#  nprofs 131, mean mh 215000441677.343384, median mh 209454036366.475922 
#  Mass range 11.00 - 11.5
6.704502643857072897e-04 6.338340359587621689e+07 8.363164723002940416e+07 1.718878778570455313e+07 3.880448133896677310e-01 3.441964111150465906e+07 2.280122365813738382e-23 3.779524579638085745e-23 5.612229573721013565e-24 5.884306652601593024e-01 8.076629451217663989e-24 3.597666411635275143e-03 2.359285814508059985e-03 2.131036985479944391e-03 3.615974870479543024e-01 3.384563369072318001e-03 2.138398224544655386e+04 8.028717116181618621e+03 4.470788288854888378e+03 1.549124174613854821e-01 1.864247745635440879e+04
1.165109025084719785e-03 2.914901909664108977e+07 2.786197456267287582e+07 9.030974480276240036e+06 3.142370151460885386e-01 2.027455429059276730e+07 9.306380661502862282e-24 1.702418917132376875e-23 2.825060745371024524e-24 5.332391724976676128e-01 4.245752273799173815e-24 2.877583488158277220e-03 1.732907195696667315e-03 1.770269422843492521e-03 2.950865043307845936e-01 2.764841439025290167e-03 2.036023396823709118e+04 7.511549729550093616e+03 3.365422507802231848e+03 1.661291410797242907e-01 1.717899139039576767e+04
2.024727429375604119e-03 1.109996824820988066e+07 7.169028763327201828e+06 3.732540445677825250e+06 2.470108195960035447e-01 9.278224850119508803e+06 2.470270921093941196e-24 3.129503164640151495e-24 1.006573238956724584e-24 4.100343589772381669e-01 1.655883654919733414e-24 2.268631004837830777e-03 1.807185207170337957e-03 9.669365404364111717e-04 2.924450723719697054e-01 1.951312563007726996e-03 1.783375405148578284e+04 4.007764742249553819e+03 2.656447010583226074e+03 1.459454012997182526e-01 1.587648197015055848e+04
3.518573004760514565e-03 4.162923256905011367e+06 1.648846505173132755e+06 1.282093074655474629e+06 1.667270831146707988e-01 4.000944575893017463e+06 6.936844623578626856e-25 5.148327578995840428e-25 3.478111523937708081e-25 2.775763835386128031e-01 6.056314009770045229e-25 1.813958912943967015e-03 1.400139529439757124e-03 8.244570723737900233e-04 3.234690859101838067e-01 1.466007584464174181e-03 1.664765871680141936e+04 4.974382104823478585e+03 2.550434515124623431e+03 1.541761578985586800e-01 1.421976256688062858e+04
6.114579083688004638e-03 1.339181768377362750e+06 5.231137657375249546e+05 6.626676219078522408e+05 2.132331917838006796e-01 1.355584461767145200e+06 2.187262220118733590e-25 1.381338262227372179e-25 9.256257082864638638e-26 2.861811209337134509e-01 1.907499145052253722e-25 1.515640005227927856e-03 1.373033938152793364e-03 6.601147822897612382e-04 3.537532725684864876e-01 1.162478193964209053e-03 1.772378539307279061e+04 1.017091528347116946e+04 2.123293860046791451e+03 1.907630655113077833e-01 1.318283715978662258e+04
1.062592059908660722e-02 3.190084740207439754e+05 3.422229012729263632e+05 1.585841742929583124e+05 3.500908757129596593e-01 2.598564218280515342e+05 8.492664677990526422e-26 7.360988310789145480e-26 2.414148087574038868e-26 3.017057606066144704e-01 6.441881698316865640e-26 1.403066783892723208e-03 1.530014229587146933e-03 5.777458543796193044e-04 3.499482167030353308e-01 1.011814692924693304e-03 3.550038810016523348e+04 4.387012202588425134e+04 6.780618982441435946e+03 3.306876054884205773e-01 1.897743425974480124e+04
1.846573362331777393e-02 5.765731157368455024e+04 6.234502601505442726e+04 2.129243947338146972e+04 3.558740920312802869e-01 4.026403470769084379e+04 4.249717121879468853e-26 2.170054184588169484e-26 1.684398773437515540e-26 2.750291761100654431e-01 3.752350873494133171e-26 1.489877026390604674e-03 1.450194449032041503e-03 6.824899920202858947e-04 3.139202709186592055e-01 1.209577936916489795e-03 9.260113053271645913e+04 8.437029865352173510e+04 4.965540800528048567e+04 3.691665508671902463e-01 7.273143632532197807e+04
3.208976719406681638e-02 1.162140524630072287e+04 7.220895231950054949e+03 4.293073092257992357e+03 2.598446323910817424e-01 1.045666582641546665e+04 1.877743047299549370e-26 1.302222230483012452e-26 4.759020561401240111e-27 2.644508981289261929e-01 1.582038354596559228e-26 1.415549062655764578e-03 9.365481147208766163e-04 4.675879707554981158e-04 2.424978817118650098e-01 1.183255499006375527e-03 1.468674090910280938e+05 6.657532130656228401e+04 5.748421754189004423e+04 2.553434341900552296e-01 1.250439946850783308e+05
5.576562402422385878e-02 3.932771906796399435e+03 2.709839117815819918e+03 1.399922330066335235e+03 2.446015538583143079e-01 3.489792029787871797e+03 9.053538997169383411e-27 5.406604655069320453e-27 2.575092724095618009e-27 2.358830299432086997e-01 7.184176011738803687e-27 1.204488935447546550e-03 6.782535885610787522e-04 4.732249238688462879e-04 2.087083064718540382e-01 1.137985315951963372e-03 2.221678254267678130e+05 7.385134718811657513e+04 4.489395444865494210e+04 2.612822755987277423e-01 1.505246024370125087e+05
9.690954764502224261e-02 1.404518362042780382e+03 1.047340262558428094e+03 3.336798852400801252e+02 2.177499511420470657e-01 1.144806384872745184e+03 4.331364703414145239e-27 3.565380595121505076e-27 1.440686746679590230e-27 3.240811263382762930e-01 2.941080907409162104e-27 9.626339922691655535e-04 4.312134260502541649e-04 3.542628240960688825e-04 1.920717539241252880e-01 9.175734532356219714e-04 2.786324955130532035e+05 2.019104670172200713e+05 6.050334073506793357e+04 3.152131724892731079e-01 1.586131016232135880e+05
1.684094922112467918e-01 5.041066023749639271e+02 2.604675992828475160e+02 1.563506674034478579e+02 1.946456471057239901e-01 4.595294922680376999e+02 2.755268873912166501e-27 3.312889072891144577e-27 8.916026422410700558e-28 4.755263996780617064e-01 1.316105862443762440e-27 7.268320912794262473e-04 3.163151982805006979e-04 2.156937329473296566e-04 1.825038374830182386e-01 6.647499339508850143e-04 4.572964227930549532e+05 4.815524681271290174e+05 9.455944192212515918e+04 4.379030899393407950e-01 1.804378028331501700e+05
2.926621551339660399e-01 2.319393258963765732e+02 1.350190828046493436e+02 6.758665348960823849e+01 2.223149735132886884e-01 1.915046811577182382e+02 1.950636611432760027e-27 3.097754136374463766e-27 6.386921717289361029e-28 6.127328991500099464e-01 7.875581838371191188e-28 5.566043471907667359e-04 2.771801594338034252e-04 1.487065499074218672e-04 1.875434833857157479e-01 4.882933194822575932e-04 5.885714579042217229e+05 6.900919659249670804e+05 2.247178887925828458e+05 5.118104306059522157e-01 3.024566085709311301e+05
5.085885357353842062e-01 1.282470607150408455e+02 9.509921822312034578e+01 3.742014195040981406e+01 2.676662114798214476e-01 9.405898826409890034e+01 1.770888289680622434e-27 2.386668252143294077e-27 5.686755117998736041e-28 7.346664214179052799e-01 6.614426206700396039e-28 5.781039686356632739e-04 3.972735520378571205e-04 1.592533279775325446e-04 2.676039326005175689e-01 4.212792150643223515e-04 8.056620931993438862e+05 1.049382671695080586e+06 4.257925194834769936e+05 5.685659082311562695e-01 4.938742931832288741e+05
8.838255788933832013e-01 7.604136515692236742e+01 6.077969045583831331e+01 3.260097586962726268e+01 2.884620664096755882e-01 6.093193989381679643e+01 1.726961658735759444e-27 2.068400564843870236e-27 5.035799598008726964e-28 7.952594039463264375e-01 5.753260964108415916e-28 6.409302777792845506e-04 5.738486815133327047e-04 3.352894685673839031e-04 3.552488235262140082e-01 5.255704622895998818e-04 1.140889280636037001e+06 1.007659198939991882e+06 6.821551455755883362e+05 5.962610338610491167e-01 8.383788071809147950e+05
