# R (Mpc), mean rho (Msol/kpc^3), errup (Msol/kpc^3), errlow, std, median rho (Msol/kpc^3), mean pth (Msol/kpc/s^2), errup(Msol/kpc/s^2), errlow, std, median pth (Msol/kpc/s^2), mean gas-mass-weighted metal (fraction), errup, errlow, std, median metal, mean gas-mass-weighted temp (K), errup, errlow, std, median temp  
#  nprofs 178, mean mh 217220113694.169556, median mh 204430776103.529449 
#  Mass range 11.00 - 11.5
6.704502643857072897e-04 5.418316424358645827e+07 5.168545505048163980e+07 2.419582426422937959e+07 3.358187711335965386e-01 4.088906724406791478e+07 1.455765288506767207e-23 1.867239563919188998e-23 6.490372541989280702e-24 4.795732134383932643e-01 9.266808650657721652e-24 1.451843617069369747e-03 1.556637038658839189e-03 7.375978435864897174e-04 4.329987935009760869e-01 1.116480280594231000e-03 1.874129402419095641e+04 4.909428356199470727e+03 3.292314641587945516e+03 9.835903891968794666e-02 1.821266794456957723e+04
1.165109025084719785e-03 2.544116913337149099e+07 1.853497732671756670e+07 6.918835265928234905e+06 2.544804230177185600e-01 2.082489621249378845e+07 5.737520605019795795e-24 5.595097815361800044e-24 2.028427013835692833e-24 3.964138179720838595e-01 3.841926527699047258e-24 1.151644520030706926e-03 1.108809641086222399e-03 4.851770285500884477e-04 3.519699532262286490e-01 8.698705854800096527e-04 1.704411401254574230e+04 3.326897585861053813e+03 2.601787652861992683e+03 9.517137668234912362e-02 1.643803675519306489e+04
2.024727429375604119e-03 1.044546103134456649e+07 5.639048803733410314e+06 2.782494187422701158e+06 1.754800100760458836e-01 9.436774950285376981e+06 1.714250414397493661e-24 1.416867473519017868e-24 5.164427973844087287e-25 2.780536473977363032e-01 1.326264372375555678e-24 8.328025311133662855e-04 7.785372374792632949e-04 2.871799922495504647e-04 3.434480071379141797e-01 5.612289867678983907e-04 1.500984905120917210e+04 2.318831697529019948e+03 2.207454188819936462e+03 9.797492911869491727e-02 1.462749029941026492e+04
3.518573004760514565e-03 3.659025553807048127e+06 1.426422228161647916e+06 1.249104269513736945e+06 1.885344006005305884e-01 3.512660569164874963e+06 5.014797825664519546e-25 4.118237475289176886e-25 1.802271590848931789e-25 2.941962881104022154e-01 3.882890988609786722e-25 6.389587648504266087e-04 6.582896268932697699e-04 2.102298787112111982e-04 4.030279703358082277e-01 4.040143219279361433e-04 1.399174189773944818e+04 2.871891484285284605e+03 1.836605969510150317e+03 1.134539831399893062e-01 1.289967800183807412e+04
6.114579083688004638e-03 9.486568001625633333e+05 6.511030126657625660e+05 4.822399467488463852e+05 2.871928046945537716e-01 8.707961994902631268e+05 1.493426038518810131e-25 1.260276078290871494e-25 7.778272269666826114e-26 3.821662470483639384e-01 1.157266792481671535e-25 5.608534961491698631e-04 6.299176555652005608e-04 1.808203578181019101e-04 4.337035731434109032e-01 3.094951498386291520e-04 1.757708129901387292e+04 1.277869577637163638e+04 1.091655067059486100e+03 2.141247944992867858e-01 1.183778132916204959e+04
1.062592059908660722e-02 1.769468909847953182e+05 1.804993266765796870e+05 7.583238915928699134e+04 3.697821473701403683e-01 1.279438804219447484e+05 8.131588719959120446e-26 8.390154246563556562e-26 3.218393318169401113e-26 4.282610103181270778e-01 5.538647533911656751e-26 5.963161233375109411e-04 7.197741549771753634e-04 2.344529795818131915e-04 4.933527459449538188e-01 3.464256430100800003e-04 5.922488852256758400e+04 7.314414045440334303e+04 1.852812321215022894e+04 4.082827555187247270e-01 3.161618309820549257e+04
1.846573362331777393e-02 3.062075598734206505e+04 2.560545787714149265e+04 1.060576347989780879e+04 3.552259927252346960e-01 2.299304605810675639e+04 4.308843556640309859e-26 3.274526832201518663e-26 1.658903928162720295e-26 3.425231644102724182e-01 3.382206543403292623e-26 5.924851527883979443e-04 5.676420154038016447e-04 2.601012188307512581e-04 3.727053935200506651e-01 4.371193545209654547e-04 1.505030243228886684e+05 1.378898605257703457e+05 7.711906980759449652e+04 3.498059054159816661e-01 1.222988744133948931e+05
3.208976719406681638e-02 8.297121283602707990e+03 5.828370209161170351e+03 2.680310338240942656e+03 2.739873720942848090e-01 6.849395448163601031e+03 2.105626781549590803e-26 1.193507447452886885e-26 8.414978670099170270e-27 2.430958579931139785e-01 1.853910766538589212e-26 5.233346007364850531e-04 3.600425159224119763e-04 1.766741800967142441e-04 2.896909348153359209e-01 4.010876816064014782e-04 2.403162962555404811e+05 1.415335948600142729e+05 6.835150242024991894e+04 2.605089537645799980e-01 1.886267197007817449e+05
5.576562402422385878e-02 2.781590488599894343e+03 1.583671951055373938e+03 1.070681265585310939e+03 2.065871956404402021e-01 2.589034404671878292e+03 1.009049193975939635e-26 6.818249245241479449e-27 3.495551500101741644e-27 3.068539511185981450e-01 7.357493567053768355e-27 4.595114825280741501e-04 2.335183843469928675e-04 1.655843136125817916e-04 2.283819640541480678e-01 4.117043211603010856e-04 3.028855409320221515e+05 1.801268600780100678e+05 6.957579341849248158e+04 2.822799809883059230e-01 2.035121972441032412e+05
9.690954764502224261e-02 1.016785997801192707e+03 5.758375648545795684e+02 3.278508195130726790e+02 1.989794762524063343e-01 8.901238495691952721e+02 5.489899078531284715e-27 6.153202030169196528e-27 1.347490349008099296e-27 4.559684987416435797e-01 2.406778246507223636e-27 3.815862573372755685e-04 1.585728767677980653e-04 1.216565544974113002e-04 1.950767254616019297e-01 3.507441617419340294e-04 4.318956008456170093e+05 4.201566502847002121e+05 6.991456413520826027e+04 3.893643744537868545e-01 1.856942755882932106e+05
1.684094922112467918e-01 4.004985740827226550e+02 3.024040382146570209e+02 1.335001511360212874e+02 2.271094166740299236e-01 3.376348037084544558e+02 3.690355154161454769e-27 5.390188127030065062e-27 6.307268953635477394e-28 6.498726660631335417e-01 8.793645610758423416e-28 3.138023808712338725e-04 1.136055851129921497e-04 8.889447892634859123e-05 1.910935754416418220e-01 2.805495426193226841e-04 6.192991955174035393e+05 9.872107441400175449e+05 8.713309089564916212e+04 5.188069847514006350e-01 1.707487330848337151e+05
2.926621551339660399e-01 2.038074551071543965e+02 2.029887462769439992e+02 6.367238066127555385e+01 2.731993870550235570e-01 1.512052314234999528e+02 3.344713263674706093e-27 5.503547125922193523e-27 3.538767145674412824e-28 8.451533785813922783e-01 4.357863537964052602e-28 2.954928448517421232e-04 1.525827591243925346e-04 7.039316961867254354e-05 2.447469929989843918e-01 2.205559394866677065e-04 9.428231630001000594e+05 1.599044188474565744e+06 1.295345234021278011e+05 6.633561431896809468e-01 1.913559857495222823e+05
5.085885357353842062e-01 1.316960758428735119e+02 1.493834449088316774e+02 3.175539703410116488e+01 3.309420090503163436e-01 7.764495743684268803e+01 3.230906175063867317e-27 5.121511703682540921e-27 2.657569786393017555e-28 9.926719950866242925e-01 2.984672778927843143e-28 3.378730352507578610e-04 4.588135646420459283e-04 8.363701553361187137e-05 3.796784750427167898e-01 1.840406808490370407e-04 1.121091817195777781e+06 2.187435474843705539e+06 2.120966156673525693e+05 7.494357509105621373e-01 2.586935336882829433e+05
8.838255788933832013e-01 9.510598807050816106e+01 1.441246367994996547e+02 2.697091861604400975e+01 3.908280505878861111e-01 5.216850004220113846e+01 3.148958714584747018e-27 5.213213005112106054e-27 3.286691161706027112e-28 1.119728456257144567e+00 3.455350819676507157e-28 4.362118337143776879e-04 6.736410318538465971e-04 2.055671691872011468e-04 5.850311820778436589e-01 2.531766863761372721e-04 1.265112813930216944e+06 2.557711565402127337e+06 3.852471224369821721e+05 7.973969535086422589e-01 4.282444484208790236e+05
