# R (Mpc), mean rho (Msol/kpc^3), errup (Msol/kpc^3), errlow, std, median rho (Msol/kpc^3), mean pth (Msol/kpc/s^2), errup(Msol/kpc/s^2), errlow, std, median pth (Msol/kpc/s^2), mean gas-mass-weighted metal (fraction), errup, errlow, std, median metal, mean gas-mass-weighted temp (K), errup, errlow, std, median temp  
#  nprofs 22, mean mh 543226885496.201538, median mh 491336873099.552002 
#  Mass range 11.50 - 12.0
6.704502643857072897e-04 1.258025040559492111e+08 1.065783579724013507e+08 5.392585998446017504e+07 5.428382753978645558e-01 6.829552680621007085e+07 8.874932178334882027e-23 9.103147668851700570e-23 2.865626437633846685e-23 7.859625703608806857e-01 3.245213501712930561e-23 8.548340914969745560e-03 6.342876931163816089e-03 3.165791631334810216e-03 2.180429475510513859e-01 7.321648602807258148e-03 6.357965313094606245e+04 3.168800543673223365e+04 8.567838857380240370e+03 3.926244201498144681e-01 2.765718272914595946e+04
1.165109025084719785e-03 4.964389707537166774e+07 4.943805198330262303e+07 2.799574194948242232e+07 5.158452839985189220e-01 3.343961231363995373e+07 1.547984799771559062e-22 8.805929381898479352e-23 5.989042515418499936e-24 9.801642870815114872e-01 8.378236643067243512e-24 7.378606375140147472e-03 4.874793696468904779e-03 2.153283716441948929e-03 2.175026749709009222e-01 6.674431239705965781e-03 9.652131856236507883e+04 1.336280431018784875e+05 7.100038829025161249e+03 5.188054056780411205e-01 2.582210705033042177e+04
2.024727429375604119e-03 1.814482565495471656e+07 1.052469137370251119e+07 7.123940321469333954e+06 3.944520450513827048e-01 1.156892901857070625e+07 6.053606357200928428e-23 4.881114823714648834e-24 1.866375504950798744e-24 8.397460903496372087e-01 2.807795199890315585e-24 7.384396428524825536e-03 4.977210587913352691e-03 2.351011669897451820e-03 2.210060528232797583e-01 6.293267425893046482e-03 8.450533678629335191e+04 3.923212958706941572e+04 4.581867211493618015e+03 5.133872533479195699e-01 1.981185411639259837e+04
3.518573004760514565e-03 5.833584689028709196e+06 5.014463717303000391e+06 2.263303508855150081e+06 3.474923804784604831e-01 4.455006475745161995e+06 1.510368348740824829e-23 2.627924395216242987e-23 1.164006225179941503e-24 9.048310467033312543e-01 1.459152011793435399e-24 8.531777006716990616e-03 7.214311213548328487e-03 4.175319932199773355e-03 2.816650474849253238e-01 7.793150574126549678e-03 1.227620236085512588e+05 1.580589558152004902e+05 1.323610818801341156e+04 5.973425554266149629e-01 2.622540337455436020e+04
6.114579083688004638e-03 1.580340903704592492e+06 7.940694627390864771e+05 5.717000484474690165e+05 3.789252872690436758e-01 1.426930666878448566e+06 2.278235046786532472e-24 2.778815949827108464e-24 4.332752402700347863e-25 9.207324002180299338e-01 4.991081306681454294e-25 8.100306382216725110e-03 7.739597047230819052e-03 4.387851243242750499e-03 3.352388106769276788e-01 6.808371431726393044e-03 9.070804933876899304e+04 1.302466918681277602e+05 1.507538095596053245e+04 5.799137661897155738e-01 2.523770494193238119e+04
1.062592059908660722e-02 3.804234496123954304e+05 2.630954789618349168e+05 2.392984720172409725e+05 3.885120902689957467e-01 3.597598044051307952e+05 1.024736016960228515e-24 1.754315177409778490e-24 1.136863541997120908e-25 8.284335415541216330e-01 2.123237556585422258e-25 7.421167876907466127e-03 8.678873134990012367e-03 3.541675348464274134e-03 3.662780807003757633e-01 5.594045672139909449e-03 1.823901723079179646e+05 1.716435407230551064e+05 5.481360536043617321e+04 6.014685677824342935e-01 7.666481296767984168e+04
1.846573362331777393e-02 8.954888752871016914e+04 8.601324511060120130e+04 5.249340025993190648e+04 5.678852478650506796e-01 7.135437254678229510e+04 4.095399973311580918e-25 4.527597479906473529e-25 1.737339282588083432e-25 6.070752931221790050e-01 2.267513250515560858e-25 6.369837712102689037e-03 8.123682089138706958e-03 2.453742261612558082e-03 3.791293452846777878e-01 4.118648449097196858e-03 4.218676830760620651e+05 7.902827544135281350e+05 1.366739913143663725e+05 4.342467455730095183e-01 2.396380415057592036e+05
3.208976719406681638e-02 2.585035839277484047e+04 3.184249321406665695e+04 1.294388952496608545e+04 4.889324319558282506e-01 1.756800691198082495e+04 1.758831378460515885e-25 1.717360406442826337e-25 5.958126928360368273e-26 4.512781520293597803e-01 1.049515167096459116e-25 4.991539867325820237e-03 4.064166397351350740e-03 2.519625992804481150e-03 2.938880565141881451e-01 4.436414678784033824e-03 6.368277585848422023e+05 5.747882431066138670e+05 2.664504596331342473e+05 3.314937042474693785e-01 5.098038370078502339e+05
5.576562402422385878e-02 8.983550882058747447e+03 7.323347530665711020e+03 6.322072953928332936e+03 4.139751274507211809e-01 8.417052765134965739e+03 8.603012016448791369e-26 1.139720709062525349e-25 2.958330771416104408e-26 4.395463011502985795e-01 5.194613580197928103e-26 3.963905247566904683e-03 3.943380153858993924e-03 1.122359337342508385e-03 2.517014643557966003e-01 3.094868890855995494e-03 8.381573436868573772e+05 4.379880000081007602e+05 6.336610852700967807e+05 3.875966472184529388e-01 8.472860742976957699e+05
9.690954764502224261e-02 3.412974397277847856e+03 2.225188375600871950e+03 2.554743335331246271e+03 3.610801659201103297e-01 3.518171054956968874e+03 3.542423244287213843e-26 4.757024573625197755e-26 1.901553430134019925e-26 4.529465304136777171e-01 2.856845784953265395e-26 2.736448980501263780e-03 1.876440926652938029e-03 5.474465839306816295e-04 1.997692725041496919e-01 2.146192541914873544e-03 9.000261503898698138e+05 3.867185537778576836e+05 8.022634856265895069e+05 4.154850739205849242e-01 9.673433892986432184e+05
1.684094922112467918e-01 1.268025462830772994e+03 7.617811383023381495e+02 6.936476117917526381e+02 2.879515610034704687e-01 1.233752322542012735e+03 1.677128092401829317e-26 1.919393322792057161e-26 7.240510749848229419e-27 4.897723671180988503e-01 9.956394907968597940e-27 1.932935633956302159e-03 7.410447540380157849e-04 7.262405770955015528e-04 1.697814352349175937e-01 1.937731381174315030e-03 9.903782622668471886e+05 6.825692398814701010e+05 7.466001284584585810e+05 4.180633036612887987e-01 9.303051178277013823e+05
2.926621551339660399e-01 4.995451920756355548e+02 2.616256561843208601e+02 2.525220230628167997e+02 2.402132298574856939e-01 4.806811574402263432e+02 8.265636952315767800e-27 8.889992092395318012e-27 5.866391620475552005e-27 5.518288105497421991e-01 7.040228856607387513e-27 1.433912229869246761e-03 7.032456369726455478e-04 5.151782645104101364e-04 1.946132675913432863e-01 1.408879901107757023e-03 1.087889354355888907e+06 5.615301703246049583e+05 7.264714657354425872e+05 4.358427661365402717e-01 1.064465245384478010e+06
5.085885357353842062e-01 2.388088379780185164e+02 1.791985250282703532e+02 7.877710409940053182e+01 2.316578073597862497e-01 1.945124135728190140e+02 3.962366260714268924e-27 4.621063522111830586e-27 1.669544810582545309e-27 5.775878886384354649e-01 2.664731179377065047e-27 1.246600892515393024e-03 6.614018293178891474e-04 4.647834238558927380e-04 2.278032960549885577e-01 1.182387973867491445e-03 1.088615917224330595e+06 4.990451868807636201e+05 5.515147757838510443e+05 4.423005198094601687e-01 1.096183536456459435e+06
8.838255788933832013e-01 1.123618791743232066e+02 5.036817057748055504e+01 3.709674449521081385e+01 1.754176121927943366e-01 1.085680496582562000e+02 1.796839939558501705e-27 1.144379588744438409e-27 1.425177161923185524e-27 5.816534645284542338e-01 1.839926193949706800e-27 8.361556898054694651e-04 5.083206276897663054e-04 4.036530897007792134e-04 3.470512657894684883e-01 7.435504076380760122e-04 1.087163131097959587e+06 4.308648279285004828e+05 7.345691567758757155e+05 4.527029516086993888e-01 1.161670336380471010e+06
