# R (Mpc), mean rho (Msol/kpc^3), errup (Msol/kpc^3), errlow, std, median rho (Msol/kpc^3), mean pth (Msol/kpc/s^2), errup(Msol/kpc/s^2), errlow, std, median pth (Msol/kpc/s^2), mean gas-mass-weighted metal (fraction), errup, errlow, std, median metal, mean gas-mass-weighted temp (K), errup, errlow, std, median temp  
#  nprofs 163, mean mh 518732220971.244324, median mh 493014635049.964600 
#  Mass range 11.50 - 12.0
6.704502643857072897e-04 1.628183320533319712e+08 1.631326743087794185e+08 8.944462908709734678e+07 4.611407941455544224e-01 1.226910795676078051e+08 2.898124965851218652e-22 4.810335002290883666e-22 5.918401842017544046e-23 8.487383223728713899e-01 6.796086099174986077e-23 8.397713050617133107e-03 4.364499307549935155e-03 2.159138142741160588e-03 2.822380283147063462e-01 7.397112847944193985e-03 1.072758411813073326e+05 1.446008774393142667e+05 1.437872640938348195e+04 4.680489190267839161e-01 3.372250384934766043e+04
1.165109025084719785e-03 7.454058695047856867e+07 6.323986100505536050e+07 5.062631984446612000e+07 5.004655223467276981e-01 6.550706368056405336e+07 2.150777377049384179e-22 2.960169262072546504e-22 8.962484489622164274e-23 9.431137375668549039e-01 9.319604295226093321e-23 8.524218193406967597e-03 3.554395001364193604e-03 2.624425341743660822e-03 2.087811704142678304e-01 7.875009112751822291e-03 1.549635076574663981e+05 2.045652590277472627e+05 7.785484709866417688e+04 5.176996533938414968e-01 9.715745387841609772e+04
2.024727429375604119e-03 2.358203807695016265e+07 1.858308976072898880e+07 1.304715676731672324e+07 3.391841812858603089e-01 2.115623706527125463e+07 7.851331358917530749e-23 1.208259788035740316e-22 3.242457063958182228e-23 7.871093797812815929e-01 3.529440364184964595e-23 8.358750035961247729e-03 3.855759179038053749e-03 2.504716342535664476e-03 2.262045119553099670e-01 7.399494778606522521e-03 1.848935038469105493e+05 1.981982176158871443e+05 9.055970054281725606e+04 5.149896511507515706e-01 1.114389013655606250e+05
3.518573004760514565e-03 7.157019931248255074e+06 3.618392540906716138e+06 2.465284116069927346e+06 2.150175427237049075e-01 6.647926765303231776e+06 1.512025780102797632e-23 1.401253766002317351e-23 6.408251875441803277e-24 5.771656829610071204e-01 8.682915936120695832e-24 8.020973963179333852e-03 4.287686858038976430e-03 2.136640129253789509e-03 2.656864478904028548e-01 6.224279817146513745e-03 1.512619975576536090e+05 1.535674836519632663e+05 5.575066596736417705e+04 4.475822724681586262e-01 8.557738306924776407e+04
6.114579083688004638e-03 1.945971395099713001e+06 1.377295680325108580e+06 9.564815660489613656e+05 3.374767108460471898e-01 1.751096140016195364e+06 2.748613681459913102e-24 3.033787401362513572e-24 1.341545439804206285e-24 6.227627372537380968e-01 1.746559298441064717e-24 7.047151519548021555e-03 4.201532575540268231e-03 1.851474209563652544e-03 2.893721716835944702e-01 5.089399217130418339e-03 1.309516376808877394e+05 1.576911678277050378e+05 4.701620864524236094e+04 4.803352525517302074e-01 7.158085127457417548e+04
1.062592059908660722e-02 3.425808793938580784e+05 4.569212084012118867e+05 1.336039951629061834e+05 4.467094915222383777e-01 2.084341854411588574e+05 6.769413029365235065e-25 7.238223266505482021e-25 3.136238950360567652e-25 6.221269510512712486e-01 4.718493809451517020e-25 6.598734689235032091e-03 4.097026762057114600e-03 1.781995485178216806e-03 3.139109911074213777e-01 4.558982357077569388e-03 2.333136991119105951e+05 2.630435974176432937e+05 9.683659493501950055e+04 5.246504192178598203e-01 1.397399424308438611e+05
1.846573362331777393e-02 6.094814385297820263e+04 6.835633961695407925e+04 2.328463243352127756e+04 4.007188378118127225e-01 3.964314920044930477e+04 2.124670360186047940e-25 1.970793610675360189e-25 1.045995414563872530e-25 4.463827777617427883e-01 1.741292922301358037e-25 5.865862747056916661e-03 3.935993678974968740e-03 1.606377203367370665e-03 3.089796097675012176e-01 3.886553559080516747e-03 3.524043597153379233e+05 2.648736103566632373e+05 1.864722677508286433e+05 3.797448295173477262e-01 3.005503854593508877e+05
3.208976719406681638e-02 1.566644798487847584e+04 1.089616963960946305e+04 8.043874544500202319e+03 3.550585094304462563e-01 1.320250581032284754e+04 7.024396563057236139e-26 5.380059738987591826e-26 2.918995408575326869e-26 3.578117264489086846e-01 5.603824086458342667e-26 4.803804130472074177e-03 2.392335106122039749e-03 1.566386432290407804e-03 2.778809470837622086e-01 3.692272530763218881e-03 3.947669799014852615e+05 2.741978891841108561e+05 1.411629138797649648e+05 2.734798160669414946e-01 3.204183172764673945e+05
5.576562402422385878e-02 5.064816930309663803e+03 3.399990198563692502e+03 2.623518045601073936e+03 3.167795678242177893e-01 4.509973436818861956e+03 2.737273593695003308e-26 2.065396650604252975e-26 1.004777050619228390e-26 2.968411059221820469e-01 2.228740062350769008e-26 3.673706928192019446e-03 1.881435885546386098e-03 1.238881808881348674e-03 2.622584827429867982e-01 2.931191943600669481e-03 5.057545529143848689e+05 5.140821103127365932e+05 1.364139789576918702e+05 2.885684795906872102e-01 3.481379441457494395e+05
9.690954764502224261e-02 1.656373793247329786e+03 9.803634472549676957e+02 7.264439316075513489e+02 2.854337299919570969e-01 1.494987238557634328e+03 1.074810630171550082e-26 8.847800701414721944e-27 4.185363243615118112e-27 3.071398555192060842e-01 8.562044568887564087e-27 2.513657858639765930e-03 1.204011798365585938e-03 1.037195066432638558e-03 2.740596123728793465e-01 2.146429630670242204e-03 6.530522916933518136e+05 6.880636735041529173e+05 1.281664925011774467e+05 3.327560732349054695e-01 3.574683265869719908e+05
1.684094922112467918e-01 5.042991704382143325e+02 3.272959330769657527e+02 1.893878584247069057e+02 2.230403431062151498e-01 4.721838346460743878e+02 5.258955366059055431e-27 5.260465080337182887e-27 2.460553917900321689e-27 4.295456282930748548e-01 3.655201112151986918e-27 1.686787351773676733e-03 8.482382784261585044e-04 8.621321359623331263e-04 2.833429486656313112e-01 1.586904191690429030e-03 8.670612512348347809e+05 6.117079278141636169e+05 3.498255093842774513e+05 3.998900952662013397e-01 5.464562108244063566e+05
2.926621551339660399e-01 2.031772538666284618e+02 1.241406805637360833e+02 7.070253905478934087e+01 2.179701444630539608e-01 1.759313858793816223e+02 3.462880160511506672e-27 3.318329705979662280e-27 1.635585036518119350e-27 5.874632645616931770e-01 2.038599842654514318e-27 1.226947680049873552e-03 9.634410225184981275e-04 6.221770905802717069e-04 3.174654563570333821e-01 1.060091811816420062e-03 1.140515067923972150e+06 1.241483038997243391e+06 5.430023092224041466e+05 4.770064487203039549e-01 7.436004311418791767e+05
5.085885357353842062e-01 1.055719243602939628e+02 7.888325319232151855e+01 3.655900270571937227e+01 2.570480583299913913e-01 8.392506531092308819e+01 2.930806635580187672e-27 2.785492153076244004e-27 1.146209868355913338e-27 7.233154082008643737e-01 1.372892347272189104e-27 1.021616445577376141e-03 7.972179493426589762e-04 5.727427333733878419e-04 3.701368267172711057e-01 8.434469323461539231e-04 1.522564910832857480e+06 1.655772002289629309e+06 7.750259006020642119e+05 5.470407316833355571e-01 1.070367027347683208e+06
8.838255788933832013e-01 7.134843963201234374e+01 4.804455537648487251e+01 2.381904881339288949e+01 3.075449660615656167e-01 4.957867971556644449e+01 3.109515844960900169e-27 2.445655891105848345e-27 7.602008966621293716e-28 7.751093590322494231e-01 9.322080866756252159e-28 1.060098987105463327e-03 1.039029959040903674e-03 5.391860322097180580e-04 4.112441364433512270e-01 8.359553949822825462e-04 1.850329389154093806e+06 1.700073751912380103e+06 1.077550345229743980e+06 5.272308500853903901e-01 1.488072488386702724e+06
