# R (Mpc), mean rho (Msol/kpc^3), errup (Msol/kpc^3), errlow, std, median rho (Msol/kpc^3), mean pth (Msol/kpc/s^2), errup(Msol/kpc/s^2), errlow, std, median pth (Msol/kpc/s^2), mean gas-mass-weighted metal (fraction), errup, errlow, std, median metal, mean gas-mass-weighted temp (K), errup, errlow, std, median temp  
#  nprofs 144, mean mh 543564097467.117188, median mh 497054911604.795898 
#  Mass range 11.50 - 12.0
6.704502643857072897e-04 8.280788982679422200e+07 8.871800392434811592e+07 3.243450240589495003e+07 4.187018843349853969e-01 5.067962001948478818e+07 9.266218643639271158e-23 4.717004542804744352e-23 1.363163996718228835e-23 7.290024424565414440e-01 1.687947247834503582e-23 5.702002071924749428e-03 2.628150919335830657e-03 1.883382413405689307e-03 2.523074369239068915e-01 5.221897965124606619e-03 4.736719624478254991e+04 9.439162942655806546e+03 7.081366193090356319e+03 3.369959101346892694e-01 2.321149939913650087e+04
1.165109025084719785e-03 3.071552330795590580e+07 4.091038213038931042e+07 1.397072117465246841e+07 5.572940471271051743e-01 1.734697072411271930e+07 3.989343558209925792e-23 7.336565546441623715e-23 3.976492759462688020e-24 9.707477727774876941e-01 4.329345939845376978e-24 4.890311017857628187e-03 2.459853668406175586e-03 1.715715825473261395e-03 2.397877992373634304e-01 4.690473418508485370e-03 8.072019191365208826e+04 9.348411401523587119e+04 6.862664317569331615e+03 4.894696553181237531e-01 1.952804839744839410e+04
2.024727429375604119e-03 1.062057392100325041e+07 1.026554666732690483e+07 5.369467140598237514e+06 4.542310710921486638e-01 8.009663906742663123e+06 1.575382390443253125e-23 1.844443085240575232e-23 1.740082787802113014e-24 8.855986955137874483e-01 2.110424971072885305e-24 4.887591827870440761e-03 1.859388123509683396e-03 1.558197023091326041e-03 2.312745161415202255e-01 4.809707552788677551e-03 9.400321435856600874e+04 1.315512628969896468e+05 5.366300281725269087e+03 5.216838484200727599e-01 1.811305070338007499e+04
3.518573004760514565e-03 5.924087698677223176e+06 3.483311401569243520e+06 2.433358683332144748e+06 2.445381617004131480e-01 5.335237125615937635e+06 5.506180626628858941e-24 6.297435460001959707e-24 2.679610310544121166e-24 5.885907845279011452e-01 3.276611711591627099e-24 4.590820951556400312e-03 1.924670350898488938e-03 1.650314374948516627e-03 1.980806194675272525e-01 4.235699135812241549e-03 7.172712869861250510e+04 8.267656954167503864e+04 2.225239452280206024e+04 4.257516701326526931e-01 3.742817253817627352e+04
6.114579083688004638e-03 2.198060059026888572e+06 1.489524577334294096e+06 1.064383884482753463e+06 2.943682397533773920e-01 2.006272055727649480e+06 2.238134709257943989e-24 2.355299794546087208e-24 1.059995779788829633e-24 4.408459704364406373e-01 1.653599280207985255e-24 3.753767764580862032e-03 1.725700128216863492e-03 1.220066466606788049e-03 2.135773729989310366e-01 3.334025335771129660e-03 1.022862375374913390e+05 9.144987196065176977e+04 3.351573305508182966e+04 3.972612070916209936e-01 6.179995430387266242e+04
1.062592059908660722e-02 4.965365188546055579e+05 4.720009822078795405e+05 2.954971322817826876e+05 3.665451343964319375e-01 4.252971293898288859e+05 7.576345996343960737e-25 8.093928707621681041e-25 3.027804347197680266e-25 3.616336205934218562e-01 5.672678337448337547e-25 3.061619106588126579e-03 1.341155910944996643e-03 9.725461683382236999e-04 2.158884722111472365e-01 2.733643230243795394e-03 1.752254643300936441e+05 2.091535956501321634e+05 5.985412238222188898e+04 4.184601599163617625e-01 1.027773002182208729e+05
1.846573362331777393e-02 9.361372494938632008e+04 9.741817604122695047e+04 3.211086550103652553e+04 3.259079430377611053e-01 6.649798189655368333e+04 3.085331889336063654e-25 2.294016781855556166e-25 1.515916272076810756e-25 3.534826641114957035e-01 2.681381442276922549e-25 2.656497223113810698e-03 1.041248854134796138e-03 8.816398990268714281e-04 1.963578222117436933e-01 2.433580145070698801e-03 3.094833361629747669e+05 1.922395552916922024e+05 1.789438053931092727e+05 3.411029578424289999e-01 2.873174948405106552e+05
3.208976719406681638e-02 2.283265283501590966e+04 1.452701877583279565e+04 7.954010413658266771e+03 2.475706441354833531e-01 1.992034970638413506e+04 1.096192003603103837e-25 9.522256323382566529e-26 3.809367350506926066e-26 2.946155597005249982e-01 8.789358241097934665e-26 2.456965930214365795e-03 1.012208621372978797e-03 6.658221491594523093e-04 1.711371672750081341e-01 2.277651636785499659e-03 3.800373790844033938e+05 2.563112435262858053e+05 1.288845314617458789e+05 2.291368050915150723e-01 3.244501281813661917e+05
5.576562402422385878e-02 7.881201586746001340e+03 4.141342917832870626e+03 2.917813954340539567e+03 2.326581388247444815e-01 7.364684794471334499e+03 3.807561411269090695e-26 3.974502740212371269e-26 1.342238051311861091e-26 3.025856312243991320e-01 2.865636775714194285e-26 2.144497292645429140e-03 7.169520662909903592e-04 6.629711439788831158e-04 1.633785357548703521e-01 2.130030363302185849e-03 3.674253247528163483e+05 1.663206651517486316e+05 1.083812937629250519e+05 2.053216301221657825e-01 3.090206537288406980e+05
9.690954764502224261e-02 2.699520127027345552e+03 1.598191099630922508e+03 8.770643544618601481e+02 2.225253504493558687e-01 2.429083895029436917e+03 1.177569307757922793e-26 1.126256343657405628e-26 4.323484571620631053e-27 3.133705715013073712e-01 8.783963114293817595e-27 1.834569302112417635e-03 6.897660027736297102e-04 6.537913707939544891e-04 1.643223628663863234e-01 1.793925662557159994e-03 3.318888524903180660e+05 1.496882065585858072e+05 8.021118317120824941e+04 2.165884889438455529e-01 2.655912948627133737e+05
1.684094922112467918e-01 7.659072563647150673e+02 3.671578737968040969e+02 2.535828384123554997e+02 1.898228743090104031e-01 7.261647213109513359e+02 3.542550663846691453e-27 3.523309322027456427e-27 1.528401476805009088e-27 3.689247391131491027e-01 2.510434996235943142e-27 1.499203711463381432e-03 7.833324968379330733e-04 6.593934226119423829e-04 2.129536004307301389e-01 1.445028497978831459e-03 3.565354195471193525e+05 2.570223295318325981e+05 1.099794700530036789e+05 2.981833907934159922e-01 2.392971235612016753e+05
2.926621551339660399e-01 2.466692675458970712e+02 1.105290600767060312e+02 7.071336525465417822e+01 1.857456511895546614e-01 2.278861518956115617e+02 1.481744286836524941e-27 2.330481497698480299e-27 4.856818322550761956e-28 5.030088549998544822e-01 7.102949287681873039e-28 1.021014654133747378e-03 8.194662263061429103e-04 4.904639878526911509e-04 2.969017556950929171e-01 8.775187495033880472e-04 4.488349769046178553e+05 5.463655397491294425e+05 1.111881219448973425e+05 4.378619853361703784e-01 2.056890688580546412e+05
5.085885357353842062e-01 1.112180652218252561e+02 7.790455112926954939e+01 2.930584720204402771e+01 2.168015934785215426e-01 9.134480388151416719e+01 1.025906297956935850e-27 1.755890846941774546e-27 3.239927686025928621e-28 6.628111214848912969e-01 3.898888511583671498e-28 6.913465811508527192e-04 6.373851137153078647e-04 3.438680873129035926e-04 3.722609265225645392e-01 5.329947764034800948e-04 5.766971112760971300e+05 7.843501399217523867e+05 2.407161862428197637e+05 5.449292037476015649e-01 3.027870650845401688e+05
8.838255788933832013e-01 6.301451941191739081e+01 4.560246150210923588e+01 1.888958213096928773e+01 2.394294625011851585e-01 5.036218621508577087e+01 9.239155300845880298e-28 1.363591191943722192e-27 2.526461173306233891e-28 7.828138106360542636e-01 2.857382787005283220e-28 6.311291115113314403e-04 8.129308393565367599e-04 3.596555690009961255e-04 5.241869605057397630e-01 4.730103258909498050e-04 7.982523713561306940e+05 1.142943214702668367e+06 4.541593047005565022e+05 6.272976684344708787e-01 5.052523061965757515e+05
