# R (Mpc), mean rho (Msol/kpc^3), errup (Msol/kpc^3), errlow, std, median rho (Msol/kpc^3), mean pth (Msol/kpc/s^2), errup(Msol/kpc/s^2), errlow, std, median pth (Msol/kpc/s^2), mean gas-mass-weighted metal (fraction), errup, errlow, std, median metal, mean gas-mass-weighted temp (K), errup, errlow, std, median temp  
#  nprofs 176, mean mh 525819866586.946899, median mh 467626321264.251892 
#  Mass range 11.50 - 12.0
6.704502643857072897e-04 1.444113209550385773e+08 1.532055739284884036e+08 8.822772211294221878e+07 4.437576127939936166e-01 1.189554010370356739e+08 4.467243185800630775e-22 9.455792869813638017e-22 4.086396249113436919e-23 9.322732480204451999e-01 4.804562278058740188e-23 1.097971811901895557e-02 4.276720873939553885e-03 2.631838024786332768e-03 2.037210711672373664e-01 9.291487273441725175e-03 1.406198821578468196e+05 2.722291637310044607e+05 1.152200880624400088e+04 5.645617046029549613e-01 2.937323449745656399e+04
1.165109025084719785e-03 5.431173241382740438e+07 5.800756247119511664e+07 3.346220065090144426e+07 4.887085504759366983e-01 4.339140695258519053e+07 3.047113521892240620e-22 5.804912064307312366e-22 2.701030463825209664e-23 1.190794838821312540e+00 2.891872517948633773e-23 1.097778344049624155e-02 5.697070766451149335e-03 2.597966249194090874e-03 2.263453545036809011e-01 9.042259579791725455e-03 2.509737907283232198e+05 4.774364795214679325e+05 5.877128378050845640e+04 7.183158335176555997e-01 7.500950155105593149e+04
2.024727429375604119e-03 1.574170759578146972e+07 1.086835550678202324e+07 9.408980386152645573e+06 3.569637507877022053e-01 1.400795141556952335e+07 8.600590204391825794e-23 8.588681894543873287e-23 4.867006621239900514e-23 1.019119351532441264e+00 5.004556765770702270e-23 1.012652117624086683e-02 5.830267287836846460e-03 2.263740451196379934e-03 2.373888665974244472e-01 8.097841797087987348e-03 2.907950242778422544e+05 3.350594673367002397e+05 1.909990091632006806e+05 6.918986996738614170e-01 2.064249317783464794e+05
3.518573004760514565e-03 5.340655922734760679e+06 2.835325139384398237e+06 2.299955050644856878e+06 2.267378538058563986e-01 5.103598249386511743e+06 1.523988796856921464e-23 1.634928011898259544e-23 9.470322618716584153e-24 7.906262698639391351e-01 1.014507112744762473e-23 9.810470173984457004e-03 9.420742931560262268e-03 2.038625027889836780e-03 2.741658613014015256e-01 6.929004295307972412e-03 2.177627086962590402e+05 1.995422890237683605e+05 1.264303984611420165e+05 6.130140781965514041e-01 1.412970730713927478e+05
6.114579083688004638e-03 1.507647295921266079e+06 1.095058351862697164e+06 7.624575454931053100e+05 3.189558375467906326e-01 1.299050175608433550e+06 2.964789191451298927e-24 2.977793914990301532e-24 1.961472653158122036e-24 7.849457428740822529e-01 2.062318696917940682e-24 8.547068897380348529e-03 9.165528769009445575e-03 2.122864217789505528e-03 3.097047072125660994e-01 5.712203053220691641e-03 1.618408564732836967e+05 1.569782484007720486e+05 9.619251338059369300e+04 5.670934932651841009e-01 1.079694483479050832e+05
1.062592059908660722e-02 2.618929391759806022e+05 3.634227559322032612e+05 9.928662662301017554e+04 4.310648839064909477e-01 1.528202283939734625e+05 6.732491486248347087e-25 6.081443924265823003e-25 4.549865378228259688e-25 7.920333145452880252e-01 5.175448974554073825e-25 8.074997987624137410e-03 1.157234436575828133e-02 2.024836731200618627e-03 3.438436549588098079e-01 4.859138875934537402e-03 2.435256436672932759e+05 3.175439611837911652e+05 1.098692652786482067e+05 5.955354289980631100e-01 1.503073577714406420e+05
1.846573362331777393e-02 3.960332657658028620e+04 3.571204411870119657e+04 1.747583410534229188e+04 4.356007882387993302e-01 2.735695727921656362e+04 1.821072574729252810e-25 1.701334248843258108e-25 1.163658899132364593e-25 6.640819834918276765e-01 1.425538562992864175e-25 7.475877140763268792e-03 1.032614311357431952e-02 1.817051191702369773e-03 3.525090978704689681e-01 4.337413554172443210e-03 4.429617102272726479e+05 2.696126967356662499e+05 2.350404006349778501e+05 4.593582925943412998e-01 3.510131794581478462e+05
3.208976719406681638e-02 1.111694934505396668e+04 8.072839588945073046e+03 5.771421873578781742e+03 4.110122019424400364e-01 9.022304935951120569e+03 7.132406877476621221e-26 6.304920843806835046e-26 3.344321706582206882e-26 4.987161400761136454e-01 5.291981038624654860e-26 6.239836303529377320e-03 4.344071901584770946e-03 1.931544200657349560e-03 3.348641466505338782e-01 4.119927056016897508e-03 5.794493495562499156e+05 4.087831834436384961e+05 1.581738433140127163e+05 3.190927507916118677e-01 4.069824181342768716e+05
5.576562402422385878e-02 3.830528987791080453e+03 2.281375006054990536e+03 2.636180177492029543e+03 3.831475906423549294e-01 3.816277693387610725e+03 3.146878556046702373e-26 3.105147475013570965e-26 9.114883582226180271e-27 4.033778311816139106e-01 2.050285964209062985e-26 4.429439446623818083e-03 3.299954955298065387e-03 1.360967090737652671e-03 2.993911234666631893e-01 3.122425075619426373e-03 7.962502441535223043e+05 7.571179231730420142e+05 1.607347903732417035e+05 3.270286899977131179e-01 4.363444996432052576e+05
9.690954764502224261e-02 1.339716949094644860e+03 8.372289109848718454e+02 7.083785095356321335e+02 3.329500803335098680e-01 1.226202744954346372e+03 1.743773728494202461e-26 1.430487271144846590e-26 6.277936880543330327e-27 4.322195489874114394e-01 1.031204209839785067e-26 3.045281735901282563e-03 1.650549227539500549e-03 9.289581175585895096e-04 2.700126827005957519e-01 2.404238809711682634e-03 1.242560409575654892e+06 1.271283207599786110e+06 3.120403562430494931e+05 4.266401664912447544e-01 5.673050439547039568e+05
1.684094922112467918e-01 4.762381107936200806e+02 2.850883771339455848e+02 1.956229186411918874e+02 2.984342998135617875e-01 4.221855128818536400e+02 1.164001651558500291e-26 1.052157689912174027e-26 3.981350641481358591e-27 5.588333379356252850e-01 5.337656389734726747e-27 2.069729193264612400e-03 1.160946472339025905e-03 7.517453517717420045e-04 2.675547385846697157e-01 1.756828814179009577e-03 1.908211667403352447e+06 2.194684299326864071e+06 5.827703532400488621e+05 5.147528135479880751e-01 8.504218744578924961e+05
2.926621551339660399e-01 2.053183411139601731e+02 1.335613027153208350e+02 8.645565573570129914e+01 2.751753102099280812e-01 1.772403682138008776e+02 8.630019622647548079e-27 8.482035193407035484e-27 2.700833074371260635e-27 6.761356374517306644e-01 3.368455455366241416e-27 1.414722037824954742e-03 7.882138454818748974e-04 7.675379163330776607e-04 2.753100168325153252e-01 1.338592155811626615e-03 2.560066516948460136e+06 3.080998590078876354e+06 1.238756730910574552e+06 5.805369365350967481e-01 1.514978275266092038e+06
5.085885357353842062e-01 1.195403685438273556e+02 9.025239776605980069e+01 4.370428632147955028e+01 2.893307837532942961e-01 9.229282091861554704e+01 7.830103992060286022e-27 7.005383599310838301e-27 2.246651543602428577e-27 7.443009281589558768e-01 2.643102433755686045e-27 1.127856835643195046e-03 9.353197810424537968e-04 5.421433661661149289e-04 3.322112944343323937e-01 9.202622640603255050e-04 3.148800972048324533e+06 3.734915513275139034e+06 1.588283107229038840e+06 5.660316717374419548e-01 2.138367743166685104e+06
8.838255788933832013e-01 8.659384364255248556e+01 5.913701806337827804e+01 2.749194333644463129e+01 3.402698914223667992e-01 5.563446269525185528e+01 8.851111350910578279e-27 5.528415426536517250e-27 2.008081798917051298e-27 8.392125030595544155e-01 2.419529181083711955e-27 1.003924290997055017e-03 8.825707596621576705e-04 4.886501637818203327e-04 3.826090798021989925e-01 8.525179811185602113e-04 3.962621728036634624e+06 3.201918860457640607e+06 2.233903942860479467e+06 5.864785328554242838e-01 3.232538419438017067e+06
