# R (Mpc), mean rho (Msol/kpc^3), errup (Msol/kpc^3), errlow, std, median rho (Msol/kpc^3), mean pth (Msol/kpc/s^2), errup(Msol/kpc/s^2), errlow, std, median pth (Msol/kpc/s^2), mean gas-mass-weighted metal (fraction), errup, errlow, std, median metal, mean gas-mass-weighted temp (K), errup, errlow, std, median temp  
#  nprofs 48, mean mh 570642695912.233398, median mh 553946366450.094238 
#  Mass range 11.50 - 12.0
6.704502643857072897e-04 3.455620944330622256e+07 3.080385465827614069e+07 1.100092234178517573e+07 3.402334428336307726e-01 2.018981176266416907e+07 8.340536697057595837e-24 9.782758858815020371e-24 3.528811540403129418e-24 5.190127710096227309e-01 4.640868370788461056e-24 3.467336493907015229e-03 2.628701380095450554e-03 1.274041828313449793e-03 2.864203543008690400e-01 2.949125837897371635e-03 1.693527682963640109e+04 3.437115773671317584e+03 5.171071054453008401e+03 1.240119291129438417e-01 1.802577887333111721e+04
1.165109025084719785e-03 1.274409014204300940e+07 1.912539290909677371e+07 5.133870975956134498e+06 4.264100508270943224e-01 8.399372855228293687e+06 2.868514252808743523e-24 6.243712873743236109e-24 4.608553655067388367e-25 6.228125513899526178e-01 7.219881130398744760e-25 3.943059352885758435e-03 3.143157222007756518e-03 1.503895155455110041e-03 2.927713965356444348e-01 3.233118003869833376e-03 1.660041522272386283e+04 6.327329204979150745e+03 3.062826590835224124e+03 1.690996187020027131e-01 1.414842096400902483e+04
2.024727429375604119e-03 7.985805086279118434e+06 7.897139406598499976e+06 3.028684004646656569e+06 4.438472801707501469e-01 5.522821888273895718e+06 2.170784574645712729e-24 3.342877155824434783e-24 5.228666730552034969e-25 6.672518801264182287e-01 7.576213009603692723e-25 4.663605690250942695e-03 3.942493005895041439e-03 7.352290183716705084e-04 2.704021578126434289e-01 2.959752845783560331e-03 1.867204838397638741e+04 5.967024238855601652e+03 3.210457431359098337e+03 2.155774149751341073e-01 1.470847877390321992e+04
3.518573004760514565e-03 4.770528859947175719e+06 3.654894489762896672e+06 2.079921615985137410e+06 2.470218426476965268e-01 4.239750571887983941e+06 1.446323507139633087e-24 1.956610209861955203e-24 5.664640154393331464e-25 5.070357320618188446e-01 8.153692189210524264e-25 4.500633306956128461e-03 3.287100511268610178e-03 1.010954508430322689e-03 2.768166889223770410e-01 3.169561073492933520e-03 2.486216478053886021e+04 1.708783662841757541e+04 4.900433682803446573e+03 2.686470552663452471e-01 1.669724106692723217e+04
6.114579083688004638e-03 2.067323835427720798e+06 1.305871327091019135e+06 6.081154306277849246e+05 2.527748934035560224e-01 1.737302742510956246e+06 7.267078314143753635e-25 7.480854855129140454e-25 3.370870230219227551e-25 4.476144659956127758e-01 4.944532391981621408e-25 3.859758229493910012e-03 2.442793748360822491e-03 9.951096202924351354e-04 2.858168916141812788e-01 2.710152480462839179e-03 2.714567168050573309e+04 2.422385233997946852e+04 7.790866722009861405e+03 2.366703457104916697e-01 2.087014106982404701e+04
1.062592059908660722e-02 7.259165574228282785e+05 4.819315151214452926e+05 3.717639793611706118e+05 3.987982689043191864e-01 6.514278431080549490e+05 4.719268351976084158e-25 5.216244527286615346e-25 1.930576700317263375e-25 4.858522304309385031e-01 3.508250387022402111e-25 3.362401723608849594e-03 2.625017713859565532e-03 6.022495444092097836e-04 3.051043749926178328e-01 2.130944579876881823e-03 6.107819767177533504e+04 4.165537959208832763e+04 1.975308595613866419e+04 3.212807632323227969e-01 4.143876580750507128e+04
1.846573362331777393e-02 1.873362760885517055e+05 1.270836689901106874e+05 1.648577744839682709e+05 4.811568554277166898e-01 2.033474037632902036e+05 2.311902125456208448e-25 2.001424031008400838e-25 1.463199725979814471e-25 3.660835416201851933e-01 2.150852434974924658e-25 2.816922305374911038e-03 2.174481821075967009e-03 5.600120077229242196e-04 2.791345791056131231e-01 1.799026103465849614e-03 1.755433720271606289e+05 2.222809701102729596e+05 4.170290332460464560e+04 4.003780988933586804e-01 8.636243251419955050e+04
3.208976719406681638e-02 4.108571970147363754e+04 3.598121995941633941e+04 2.004772475839158142e+04 4.385444218689475426e-01 3.317669415941520128e+04 1.087107054335235070e-25 1.003522912933971978e-25 3.310173713765771659e-26 3.716400443774810491e-01 7.353876683377506946e-26 2.557839472836719984e-03 2.003089691513754676e-03 4.210344865594589907e-04 2.498394518239571982e-01 1.710807252718454623e-03 2.825502817352661514e+05 1.765659962037701043e+05 8.438628784570872085e+04 3.149560675801866827e-01 1.898904974170902860e+05
5.576562402422385878e-02 1.205369461099411456e+04 1.089788442995696096e+04 5.213231390544661735e+03 3.549924980368478478e-01 1.006806075325420170e+04 5.271666592254630168e-26 4.424367195629321749e-26 1.539964776887040268e-26 3.327660869165303681e-01 3.413878710940591563e-26 2.342681130497520445e-03 1.319346464830828446e-03 4.201549362432936696e-04 2.127935711362865800e-01 1.772110101374356960e-03 5.069740464039330254e+05 2.079015430303096655e+05 1.001425109707281226e+05 3.499944930078998651e-01 2.734700639739252510e+05
9.690954764502224261e-02 4.518899200036971706e+03 2.221846762395563019e+03 1.723307724155178221e+03 3.276238320608803600e-01 3.875966677162034102e+03 2.181799523869703768e-26 1.591320069322176197e-26 6.269970229065306264e-27 3.221464185901916633e-01 1.363567068031141215e-26 1.854676964588223079e-03 8.230019679074272385e-04 3.256185973698594825e-04 1.883088752321656623e-01 1.515901345298843825e-03 4.377850153933833353e+05 1.913311941083449638e+05 7.779994557126791915e+04 3.160755787619622947e-01 2.608718119448270299e+05
1.684094922112467918e-01 1.502030041616072822e+03 7.860905063371869801e+02 6.227242810950972398e+02 2.821724038172980231e-01 1.421374996441185431e+03 8.045766432251675922e-27 5.415341237106048685e-27 2.580201741503509969e-27 3.373028505715247038e-01 5.266589993920380269e-27 1.472468617253299685e-03 7.218629991391531213e-04 2.198953322853989655e-04 1.757385810001899085e-01 1.219923756864224433e-03 5.013617194179358776e+05 2.278834269817667082e+05 7.250055621046599117e+04 3.451037620128555305e-01 2.453172105621638475e+05
2.926621551339660399e-01 5.117125285704241833e+02 2.284038363451369378e+02 1.900513239470885765e+02 2.271826193140863148e-01 4.801422741914844892e+02 3.111337216143801280e-27 3.023374251957108418e-27 8.953757305233880874e-28 3.810321606729965560e-01 1.786499689714711117e-27 1.050260952026044062e-03 4.322991958849573728e-04 3.172420022408466373e-04 2.090503594888090955e-01 9.086541997637384875e-04 4.993390308461605455e+05 4.738687228816024726e+05 1.759883390997885144e+05 3.659171315232008781e-01 3.167724282739287009e+05
5.085885357353842062e-01 1.897717624751856249e+02 1.024991306052430673e+02 2.822280534239592953e+01 1.879513404851260172e-01 1.592673072559587126e+02 1.936127308597084041e-27 2.149647810380873674e-27 7.393214554893468689e-28 5.048424002649857245e-01 1.030739566409719836e-27 7.477621763429086058e-04 3.535268214980658106e-04 3.857432783296008724e-04 2.654747915601909369e-01 7.218731960704192780e-04 7.316502111796488753e+05 9.579096788889146410e+05 3.014540013621079270e+05 4.469803855045473839e-01 4.290564825104284100e+05
8.838255788933832013e-01 9.643022086030318007e+01 5.732172302881534165e+01 4.501383419840503564e+01 2.175761961276810319e-01 9.009788401107041977e+01 1.467111644542851954e-27 2.033575516894295389e-27 5.282436567165347015e-28 6.605543421458613951e-01 7.565171823349998565e-28 6.595198883844866468e-04 3.987493552550505291e-04 4.578027946517646300e-04 3.801554351798565046e-01 6.591895761677486233e-04 1.017220187940998934e+06 1.397904591032381169e+06 3.095259096800622065e+05 5.321595455171590494e-01 5.630800998896888923e+05
