# R (Mpc), mean rho (Msol/kpc^3), errup (Msol/kpc^3), errlow, std, median rho (Msol/kpc^3), mean pth (Msol/kpc/s^2), errup(Msol/kpc/s^2), errlow, std, median pth (Msol/kpc/s^2), mean gas-mass-weighted metal (fraction), errup, errlow, std, median metal, mean gas-mass-weighted temp (K), errup, errlow, std, median temp  
#  nprofs 286, mean mh 547714720971.565552, median mh 505033773559.515747 
#  Mass range 11.50 - 12.0
6.704502643857072897e-04 1.348556021906924248e+08 1.408708823866397440e+08 7.767107150883378088e+07 4.828523565195140810e-01 9.779142813053169847e+07 6.478110290078732623e-22 1.250851313707241171e-21 3.445758120531323128e-23 1.046215382269347627e+00 3.994816252707986809e-23 1.294239237884066591e-02 5.654688788971658567e-03 2.560849238289843177e-03 1.632420758173245834e-01 1.115558976055134634e-02 2.647978605293383589e+05 3.912873289215312107e+05 1.426468668743388844e+04 6.655958261971176571e-01 3.164447685473886668e+04
1.165109025084719785e-03 4.795167408350755274e+07 5.044742135201223195e+07 3.033237338658317924e+07 5.143704155515823606e-01 3.736965924799203873e+07 3.597634233497538385e-22 6.563415816578229866e-22 1.479076750711803355e-23 1.203449920510674120e+00 1.683764211443520333e-23 1.284812221701615853e-02 5.061207859850097232e-03 2.599532694562525434e-03 1.655391467193448873e-01 1.111442832960146503e-02 3.066334106755832327e+05 5.980365778012960218e+05 9.919726724969234783e+04 7.321213180658232567e-01 1.154516435386669473e+05
2.024727429375604119e-03 1.285751898014832288e+07 8.203347795090230182e+06 8.014260327966255136e+06 3.466496469201608144e-01 1.196267311788596772e+07 1.002239089352982085e-22 1.489996426474115266e-22 3.489923830731461735e-23 1.048766937062843407e+00 3.605762431404610272e-23 1.313258055072973225e-02 1.029055370576269918e-02 2.906633832866501940e-03 1.972414170316828530e-01 1.064329503446912947e-02 4.040246525501245051e+05 6.056665875091019552e+05 1.544850892743229051e+05 7.268570220144503491e-01 1.711227117927074432e+05
3.518573004760514565e-03 4.762241153794345446e+06 2.302241612363755703e+06 1.756334894559442066e+06 2.336095276956673406e-01 4.447943695672685280e+06 1.357670473642502651e-23 1.848103907557303828e-23 6.853619663208165004e-24 8.502238358018077147e-01 7.253098892398832829e-24 1.263516295211167262e-02 1.572993915588623282e-02 2.722561508986330592e-03 2.595138280403052056e-01 8.821776819448234885e-03 1.897509241488389962e+05 2.735298852346820058e+05 9.313500512234806956e+04 6.301638697799734068e-01 1.064781129901533423e+05
6.114579083688004638e-03 1.141392456776621984e+06 9.337218087017184589e+05 4.982029431105288677e+05 3.116395941117627855e-01 9.476492101434499491e+05 2.471204928700958104e-24 3.867549207822442451e-24 1.229296205687270586e-24 8.984706875974515228e-01 1.271911288536426017e-24 1.141799731196073420e-02 1.772135989833472855e-02 2.826971460752188310e-03 3.114475721480222670e-01 7.247232372461003165e-03 1.517431640975412447e+05 1.882069593031708500e+05 7.370673871304618660e+04 6.535905498828383786e-01 8.345826861647993792e+04
1.062592059908660722e-02 1.561388387136957899e+05 1.772979995556925423e+05 5.232008088938573201e+04 3.855122972979442286e-01 9.827072489205740567e+04 4.637593334648996645e-25 6.683943361339379458e-25 2.381865281563407248e-25 9.002268446292063242e-01 2.450203236185804428e-25 1.099845542091527385e-02 1.722234976386386937e-02 3.097361444218395439e-03 3.452756749340309406e-01 6.787127339400848142e-03 2.453136181155033410e+05 3.122759617612861330e+05 1.300957297422763804e+05 7.001705506318356420e-01 1.396510805301269575e+05
1.846573362331777393e-02 2.355161013038917008e+04 1.780120589571790697e+04 9.519348497563989440e+03 3.985992279790429582e-01 1.696757149059958829e+04 1.517042492093063262e-25 1.379908710284199752e-25 9.098681886115241055e-26 6.851945203341905932e-01 1.167906656083144255e-25 9.415716496716727835e-03 1.467176029387445152e-02 2.654882938901651206e-03 3.802793688812466377e-01 5.532100315481540929e-03 5.034451154684468056e+05 3.966880848979342263e+05 2.759818850635731360e+05 4.911492318276763358e-01 4.196046089542894624e+05
3.208976719406681638e-02 6.964125064565577304e+03 5.112261173334594787e+03 3.560927345226891248e+03 3.921343661312019502e-01 5.908028908488267916e+03 5.341012702504811887e-26 3.376791620083997420e-26 2.597104742900132791e-26 4.223354672174252644e-01 4.516603442748725535e-26 6.226259047217717196e-03 7.192888171063963922e-03 1.770158651025993506e-03 3.380032179766958023e-01 4.007250493496364828e-03 6.210255331633964088e+05 3.951339622241740581e+05 1.769911634155230713e+05 2.577143095609130685e-01 4.976639707814414287e+05
5.576562402422385878e-02 2.730685584284923152e+03 1.767453115087761489e+03 1.457182474682358134e+03 3.521644165677688676e-01 2.452912062642159526e+03 2.212111027961223069e-26 1.387411655538572988e-26 8.747010924403920970e-27 3.711944925147155350e-01 1.735502353452927725e-26 4.266330813850037311e-03 3.019749369673470178e-03 1.228890306659725451e-03 2.855212529124441234e-01 3.108205387611212393e-03 6.629121415679011261e+05 4.056328803829493118e+05 1.449757771393558360e+05 2.510152702767718402e-01 4.871998033622019575e+05
9.690954764502224261e-02 9.949386433740993425e+02 6.576007303836557867e+02 4.966389970783874332e+02 3.086462192088902379e-01 8.800585603430960191e+02 9.594741110400036074e-27 8.886651795692381459e-27 3.589276356387728228e-27 3.482337945842034488e-01 6.632769931002249317e-27 2.889802345808890546e-03 1.442214032379923218e-03 9.463495125048740179e-04 2.458939043315727380e-01 2.418336597493825346e-03 1.106711425501367077e+06 8.473325487114898860e+05 2.580198060221511405e+05 3.516759220246586382e-01 5.442800068875255529e+05
1.684094922112467918e-01 3.525568409599209758e+02 2.131217459414702944e+02 1.431036799907064960e+02 2.529990677052394998e-01 3.138778080123289556e+02 4.980491547941694927e-27 5.665119827905379412e-27 1.550329609419276736e-27 4.346420711441230100e-01 2.699491765108277491e-27 2.122368960965338031e-03 9.964330304203855224e-04 8.511228700123156087e-04 2.139740190253558438e-01 1.989256031867329966e-03 1.093800108781320974e+06 1.131933498870903626e+06 4.000636412382999551e+05 3.893512533527870301e-01 6.808316764943046728e+05
2.926621551339660399e-01 1.532511610466528111e+02 1.146107864863741952e+02 4.818738841161044206e+01 2.453930059051655233e-01 1.218014220269392638e+02 3.330003461595257813e-27 4.243363028676935667e-27 1.080199238697164064e-27 5.406932302014549885e-01 1.530033095345491110e-27 1.641183152812932715e-03 7.867217283139672866e-04 6.363202787435470222e-04 2.296415465638231568e-01 1.467057650199068324e-03 1.319855301576518919e+06 1.316831026708164252e+06 6.000349024761384353e+05 4.039359967020865194e-01 9.562901931916903704e+05
5.085885357353842062e-01 9.071927926217779259e+01 7.563067451362726956e+01 2.663799095746325918e+01 2.866276998338699311e-01 6.467857830557497323e+01 2.756658631582922816e-27 2.603065741599281290e-27 1.003551366702705664e-27 6.074980150648665589e-01 1.301054564741499467e-27 1.507176179376682173e-03 1.120052675031386977e-03 5.419509539004306771e-04 2.662182704560020485e-01 1.246264893667272094e-03 1.658016557049301220e+06 1.499752426167506725e+06 8.400356526675694622e+05 4.058851053082974669e-01 1.360823958133417182e+06
8.838255788933832013e-01 5.957423763009647644e+01 5.189499804987470100e+01 2.136423231260994626e+01 3.116229495801655092e-01 4.310504312062508347e+01 2.175741116861604053e-27 2.111450966196420969e-27 7.059978045526953438e-28 5.892014411597664703e-01 9.520281521919565332e-28 1.506826373144371477e-03 9.603573585604463156e-04 5.600471848619118431e-04 2.397207177691311475e-01 1.376010909490074392e-03 1.930147461165433517e+06 1.375156145267303102e+06 9.923913868703434709e+05 3.454044880846189325e-01 1.737955625340165570e+06
