# R (Mpc), mean rho (Msol/kpc^3), errup (Msol/kpc^3), errlow, std, median rho (Msol/kpc^3), mean pth (Msol/kpc/s^2), errup(Msol/kpc/s^2), errlow, std, median pth (Msol/kpc/s^2), mean gas-mass-weighted metal (fraction), errup, errlow, std, median metal, mean gas-mass-weighted temp (K), errup, errlow, std, median temp  
#  nprofs 198, mean mh 542471386663.234985, median mh 504228799109.699768 
#  Mass range 11.50 - 12.0
6.704502643857072897e-04 9.130401547523331642e+07 8.837024156282064319e+07 6.750424098095145822e+07 4.874290988965212512e-01 7.904134417023107409e+07 8.595650701170495126e-23 6.919615049950885636e-23 2.134377099930807561e-23 7.934269997593563772e-01 2.366483919630113114e-23 6.738052321465987093e-03 2.593386518257721068e-03 1.634725680178362485e-03 1.560144672961812085e-01 6.457997200856404468e-03 4.546276430783995602e+04 1.056414842303992191e+04 8.972746290788694751e+03 3.199245426246061230e-01 2.507555853040986403e+04
1.165109025084719785e-03 3.075219643886281177e+07 2.931506972377274930e+07 2.053831963458412141e+07 4.839189245674435091e-01 2.613728761961703002e+07 4.394414352931050791e-23 2.929913310554207025e-23 6.448577189274245207e-24 9.375377555205282043e-01 7.045025292586653556e-24 6.572271102857418085e-03 2.641345470851789654e-03 1.668157795531362113e-03 1.743290219373211658e-01 5.884702549239118063e-03 7.391270882793437340e+04 1.220646602822001660e+04 7.779466863463818299e+03 4.752379514012989858e-01 2.143908477470884463e+04
2.024727429375604119e-03 8.739294195942621678e+06 7.252181644538637251e+06 5.014589663159721531e+06 4.142680933876402016e-01 7.580742367622420192e+06 1.637607383537215009e-23 3.010269076643315751e-23 1.179384138364820442e-24 9.867105419876810446e-01 1.428744252900043461e-24 5.810878704104849302e-03 1.823525596748898879e-03 1.596109608856951904e-03 1.549197583282329593e-01 5.535091699774418762e-03 9.466777327269935631e+04 1.741003288797203568e+05 4.727005714448328945e+03 5.974507196058329583e-01 1.680067037273100505e+04
3.518573004760514565e-03 4.301698102342039347e+06 1.901437093633056153e+06 1.536383337028676178e+06 2.200629100739852628e-01 3.948338504134865012e+06 6.238360762425778699e-24 1.068805190005838535e-23 1.536488283775904555e-24 7.206065678936095509e-01 1.875877867898391313e-24 5.243373647550082089e-03 1.868757510553325715e-03 1.420760316872306684e-03 1.559741387555405034e-01 4.889673741048256375e-03 1.098348293357033544e+05 1.579554789383563912e+05 2.369475688362547953e+04 5.583514744794967344e-01 3.622249899256839853e+04
6.114579083688004638e-03 1.500818786700687604e+06 1.075104334446422523e+06 8.347076494699236937e+05 3.628128175465150096e-01 1.331239104541913839e+06 1.851927518476618523e-24 2.494851307768223347e-24 9.194394873678652841e-25 5.841731055829408881e-01 1.190828979463996753e-24 4.285105585329850551e-03 1.327585200852345222e-03 1.327485610506018779e-03 1.734411629655188691e-01 4.165741104372180752e-03 1.330065316996034817e+05 1.702177423619242909e+05 4.836670027344531263e+04 5.106281111132433548e-01 6.812558427946022130e+04
1.062592059908660722e-02 3.243497702111143735e+05 4.297507733836033731e+05 1.075879933239891252e+05 4.319723082495358635e-01 1.808687437117099180e+05 7.222337976057146315e-25 6.390555531024731152e-25 3.652222508844838754e-25 5.205282449474498696e-01 5.305052447222543448e-25 3.668095298053406731e-03 1.391705617431892097e-03 1.067423246902243512e-03 1.871715973796832522e-01 3.380976657227878837e-03 2.696111726828515530e+05 3.135588117318319273e+05 1.304732014649778430e+05 4.980841382331048783e-01 1.795664576019832748e+05
1.846573362331777393e-02 5.696591008871974191e+04 5.322382656876003603e+04 1.896851641217139695e+04 3.663072645154950013e-01 3.809377290998530225e+04 2.589778623554775896e-25 2.228955329292797137e-25 1.263487185963019659e-25 3.714367984454620131e-01 2.068590269205022237e-25 3.071992344009693079e-03 1.344443097768103362e-03 9.145172818305559621e-04 1.864697432944700528e-01 2.798040324319297882e-03 4.218718362441342906e+05 3.196140131257110042e+05 1.930393791006812826e+05 3.032754627455397922e-01 3.714278097132703988e+05
3.208976719406681638e-02 1.519553426412538647e+04 9.328222962112835376e+03 6.131564641539499462e+03 2.729891527726917566e-01 1.299662897214486293e+04 9.963698314751105435e-26 7.937193507415568537e-26 3.824351151894611391e-26 2.994931923599075674e-01 7.957588762618109855e-26 2.556259357633566386e-03 9.921199742116888244e-04 8.588113469948394519e-04 1.631621272308710902e-01 2.519895870271260298e-03 4.977478851370667107e+05 2.023337910372507758e+05 1.918792873899687547e+05 2.039096452328900688e-01 4.837274849230191903e+05
5.576562402422385878e-02 5.833598446683949078e+03 3.201301359713955208e+03 1.942269013008868569e+03 2.274386177193183922e-01 5.227647563559442460e+03 3.759572504316733812e-26 3.054759580785082834e-26 1.448888753891820279e-26 2.924274407411981969e-01 2.916509903515252906e-26 2.109607519090081571e-03 9.906184164426541996e-04 5.884943070178626917e-04 1.523430199603544588e-01 1.994745620184215640e-03 4.564081550534352427e+05 1.753952155523177935e+05 1.494724708510709461e+05 1.706927030235682596e-01 4.305158366872348124e+05
9.690954764502224261e-02 2.124466682565744122e+03 1.212526600590427961e+03 7.378087192119967312e+02 2.096322933630214158e-01 1.994516053481157314e+03 1.208881626098038100e-26 1.008539413516736960e-26 5.296613720104191031e-27 3.094569691616468332e-01 9.826612132695697921e-27 1.768374585826272116e-03 7.104544927814984527e-04 5.771943082458340802e-04 1.576755208780666329e-01 1.711382717867913125e-03 4.066840724408812239e+05 1.892891862626264920e+05 1.101255318387775042e+05 1.890354366372405115e-01 3.479783672545019654e+05
1.684094922112467918e-01 6.684532062753487480e+02 3.690118580034643401e+02 2.400920416091951211e+02 2.077701598774429337e-01 6.107328443185815559e+02 3.992480539494045361e-27 3.477605668637725402e-27 1.767251546129931771e-27 4.023159592142685481e-01 2.765568993395480214e-27 1.475326309972238743e-03 6.407839243797869289e-04 5.469419874290005514e-04 1.736883297294103401e-01 1.429728599387889917e-03 4.262866377273218241e+05 3.320397278958166717e+05 1.108751732910011488e+05 2.792079585340311865e-01 2.988795779180558166e+05
2.926621551339660399e-01 2.253641765645615180e+02 1.397818958590965508e+02 7.993199395217908432e+01 2.113942119279875742e-01 1.996698462003926693e+02 1.934332979321606532e-27 2.533009640420831217e-27 6.365078554800369592e-28 5.655211579943828504e-01 8.403092145405022122e-28 1.166576449152584381e-03 6.171645322725779169e-04 3.500466741383075845e-04 1.756712191003667045e-01 1.050865300977736443e-03 5.424443659370208625e+05 5.695191016495930962e+05 1.807273148356789898e+05 4.291057661515095267e-01 2.945267421160817612e+05
5.085885357353842062e-01 1.045763637868061977e+02 7.470533139449803173e+01 3.714250994911135706e+01 2.326334057396765020e-01 8.690223738107768270e+01 1.387831458522297965e-27 1.799331972157606678e-27 3.580611963333733276e-28 7.144091628229146673e-01 4.209431258922382597e-28 8.984623326803459903e-04 5.606539245355671771e-04 2.783757827322422794e-04 2.112976859761637183e-01 7.713210115615303213e-04 7.158953076885225018e+05 1.060854232731555123e+06 2.646590835651146481e+05 5.443805333160157689e-01 3.442684962286326336e+05
8.838255788933832013e-01 6.431248832149766770e+01 4.625259085432531236e+01 2.173918259251428964e+01 2.667092333070300580e-01 4.926597351415988868e+01 1.286471531526497128e-27 1.379130282870184900e-27 3.102045063232910407e-28 8.145631204984455920e-01 3.429639509743554800e-28 8.993022861628638485e-04 5.762922815351679585e-04 4.956132440073555533e-04 3.032298980841449665e-01 8.341275609103093475e-04 8.766489078574677696e+05 1.318954517757057212e+06 3.893123261400448973e+05 5.982762203552257629e-01 4.654153090452884790e+05
