# R (Mpc), mean rho (Msol/kpc^3), errup (Msol/kpc^3), errlow, std, median rho (Msol/kpc^3), mean pth (Msol/kpc/s^2), errup(Msol/kpc/s^2), errlow, std, median pth (Msol/kpc/s^2), mean gas-mass-weighted metal (fraction), errup, errlow, std, median metal, mean gas-mass-weighted temp (K), errup, errlow, std, median temp  
#  nprofs 42, mean mh 536202921201.062012, median mh 459706944940.413818 
#  Mass range 11.50 - 12.0
6.704502643857072897e-04 5.065816579577670991e+07 3.251546829085283726e+07 1.267198992479886487e+07 3.436468223870182137e-01 2.996717400148517638e+07 1.712524451480832136e-23 1.049220077437715136e-23 6.262434179132150473e-24 6.553050547955570071e-01 7.921307983858676640e-24 3.282831836107531244e-03 1.619728746617654386e-03 1.563983217105229971e-03 3.115442627823532540e-01 2.925198764711067854e-03 1.805589011679871328e+04 4.982505731086293963e+03 4.962704073943510593e+03 3.219942682425452340e-01 1.778953830052034027e+04
1.165109025084719785e-03 2.255323394607324526e+07 1.789656827149023116e+07 9.408613266496464610e+06 3.912342430317576891e-01 1.598804214835769683e+07 6.538339555834208629e-24 6.646345376789744964e-24 1.945826330309246584e-24 6.673419839148346799e-01 2.692478585357392304e-24 3.388053580542525322e-03 2.167617958011240804e-03 1.219243957913769636e-03 2.354940546715283967e-01 3.010233243032574280e-03 1.919884374836591451e+04 6.472084111156687868e+03 3.610402760514665715e+03 2.604526747064852543e-01 1.633958765234970269e+04
2.024727429375604119e-03 1.066988585670618713e+07 7.760811925964258611e+06 3.166800581930615008e+06 2.648643674942700033e-01 9.082847674838952720e+06 3.558391596838966996e-24 3.933934878173363994e-24 1.739762844726496873e-24 4.980107325360269011e-01 2.358213493800234093e-24 3.047755348973960055e-03 1.671022941696223476e-03 1.601414510852210583e-03 2.472672055438710215e-01 2.806892168620708176e-03 2.857460902483730388e+04 1.712619946455740137e+04 6.276942410349332931e+03 2.934126393583443848e-01 1.870062204787431983e+04
3.518573004760514565e-03 5.066916695169998333e+06 2.842434229218758643e+06 1.751260140001056716e+06 1.987150230151977226e-01 4.678225663723917678e+06 1.155863177319552952e-24 7.963052915527889222e-25 5.819370690121534643e-25 3.582756778242713880e-01 9.897478491454550178e-25 2.533303091440757080e-03 2.089902842323611287e-03 9.660492910908948438e-04 3.084831321861258857e-01 1.919463991382125423e-03 2.030634761749623794e+04 9.145745954492427700e+03 3.448640309737496864e+03 1.837858827177635268e-01 1.689955106305893423e+04
6.114579083688004638e-03 2.162843887196212076e+06 7.209270061824873555e+05 4.760241937610742170e+05 1.598070058726653586e-01 2.026500625662730774e+06 4.947161039947098268e-25 4.317913050899822346e-25 1.410389783848041033e-25 2.780839371102170610e-01 3.641904103625107459e-25 1.831289250965751920e-03 1.515008171897929464e-03 6.460483403867736500e-04 3.104789301082162556e-01 1.380121027539716813e-03 2.258639168193743535e+04 1.404348532007366339e+04 2.852066265592153286e+03 2.085892611724595447e-01 1.595511394182395998e+04
1.062592059908660722e-02 6.642200310962417861e+05 3.088171896853679791e+05 3.857938363849701127e+05 2.622608258523318470e-01 6.557231833508610725e+05 3.039425013909313013e-25 2.596249618177065788e-25 1.325576386840471684e-25 3.401279551325069317e-01 2.491854450059254478e-25 1.402030956225610268e-03 1.131246515971360504e-03 5.362426891057055830e-04 3.075966887240437764e-01 1.059167118073635686e-03 4.681700288324399298e+04 3.782451229610296286e+04 1.194873557398343110e+04 3.150321622114326536e-01 2.900837028474394901e+04
1.846573362331777393e-02 1.481387105000476877e+05 1.297299258792364126e+05 5.061301535951206461e+04 3.102453115686535368e-01 1.077313352857312857e+05 1.571231967283751019e-25 9.747561077864687924e-26 6.520772856636717482e-26 3.116336926059045664e-01 1.307799650179795598e-25 1.116481760088737290e-03 9.213538507301896087e-04 5.388790362230113816e-04 2.887502236713123116e-01 9.670093772167114368e-04 1.225490548162640625e+05 1.086043766680785629e+05 3.944671414520883991e+04 3.923821301241959825e-01 6.986390720001937007e+04
3.208976719406681638e-02 2.871219677336232780e+04 2.371993418011581525e+04 8.715984547338472112e+03 2.305010324779835640e-01 2.309388145960423572e+04 7.664382736923993564e-26 7.153437882455920589e-26 2.591034962112906631e-26 2.796822397937780980e-01 5.630811183796157827e-26 9.829284644719206605e-04 4.879584094267073058e-04 4.878261301648007192e-04 2.409508916021572134e-01 9.239464095402991680e-04 2.372303094805118453e+05 2.201873280638382421e+05 8.496201840149017517e+04 3.205611331706928468e-01 1.691550775325028808e+05
5.576562402422385878e-02 1.016406405154262757e+04 6.294162404549184430e+03 4.117302239650300180e+03 2.116251096994911651e-01 9.404660573281504185e+03 4.454100467685759243e-26 5.126239635894158815e-26 1.303433556010393693e-26 2.708524402476748527e-01 3.153358607147725564e-26 1.044069266435925306e-03 6.042128953152530553e-04 2.890652973904649266e-04 2.152410196023101518e-01 8.818251175466436777e-04 3.582688525236111600e+05 2.071748738988167606e+05 9.491609614778016112e+04 2.615612052056542347e-01 2.645997107536932454e+05
9.690954764502224261e-02 3.994565708231924418e+03 3.227136526851933922e+03 1.053754287239897621e+03 2.136100206030405180e-01 3.349867207324602532e+03 1.927355278084934814e-26 1.942955628280550896e-26 7.186245057587391752e-27 3.285720643727213508e-01 1.397344872299221885e-26 9.214729144427678213e-04 5.188932025915668749e-04 2.140823628352841578e-04 1.962217249962686372e-01 7.687469154319987071e-04 3.566491781873195432e+05 1.643987675198532525e+05 8.029639373524324037e+04 2.279659567429143108e-01 2.667208041319183540e+05
1.684094922112467918e-01 1.398483095460597951e+03 7.700106703440205820e+02 6.309254114875226378e+02 2.146456187407344007e-01 1.347806441848909799e+03 6.909386832964634613e-27 6.194616553269075968e-27 2.089014475319805794e-27 3.936224570411092638e-01 3.764256678570901552e-27 7.791527834991592927e-04 4.889977119919945714e-04 1.804109657884062144e-04 1.825306179686749797e-01 6.629961936296452016e-04 3.271743742351695546e+05 1.798499847132395953e+05 6.893818530521105276e+04 2.583068175783496123e-01 2.231317725660174037e+05
2.926621551339660399e-01 4.989347833308820555e+02 3.362834019557711827e+02 1.765989588416077822e+02 1.949410157038549141e-01 4.467449054797425561e+02 2.464485239873584923e-27 2.378016346393523486e-27 4.951606247919262161e-28 4.509409048533604136e-01 9.116804026478714301e-28 6.054307621389317263e-04 2.686190333163104285e-04 1.202048427784604663e-04 1.768935424801245937e-01 5.054371549988125783e-04 2.988618289574065711e+05 2.037413697021295375e+05 4.603675416400439281e+04 3.200782038201143709e-01 1.586337852043414896e+05
5.085885357353842062e-01 2.055472205362351588e+02 1.209658291126665972e+02 5.400602839274222333e+01 1.780111788137185569e-01 1.827208636699484714e+02 8.986299355163524325e-28 9.835119374992526116e-28 1.778534709634240283e-28 4.794835850692006907e-01 3.304056735557873847e-28 4.463276449502202349e-04 2.045264535001751430e-04 9.270667950221471183e-05 1.704898189879945902e-01 3.897725951120037651e-04 2.467344174949178123e+05 2.399230526594963740e+05 3.752690161007878487e+04 3.473419018456357921e-01 1.224959950350681902e+05
8.838255788933832013e-01 9.394367011007454948e+01 4.445257333792966392e+01 2.365708551868996778e+01 1.865899897025330989e-01 8.003462502338936702e+01 5.530886655106391550e-28 3.635117660506778391e-28 1.075026875204485526e-28 5.949967760734737876e-01 1.494581298083004561e-28 3.204573397735848220e-04 1.770166526065825984e-04 1.255882370526903479e-04 2.357880901898498638e-01 2.794219865998194942e-04 2.817330997644940508e+05 3.257901045043200720e+05 5.082928999949130230e+04 4.403327560879169988e-01 1.083866346024580125e+05
