# R (Mpc), mean rho (Msol/kpc^3), errup (Msol/kpc^3), errlow, std, median rho (Msol/kpc^3), mean pth (Msol/kpc/s^2), errup(Msol/kpc/s^2), errlow, std, median pth (Msol/kpc/s^2), mean gas-mass-weighted metal (fraction), errup, errlow, std, median metal, mean gas-mass-weighted temp (K), errup, errlow, std, median temp  
#  nprofs 107, mean mh 504817912471.063538, median mh 459071787329.832764 
#  Mass range 11.50 - 12.0
6.704502643857072897e-04 7.834566478580150008e+07 1.216921877979418188e+08 2.305834382459055632e+07 4.735795213249635038e-01 3.598905411984707415e+07 1.226988054478126399e-22 7.094851771457084882e-23 1.595162935761770262e-23 7.230213683573907257e-01 2.044011419061390811e-23 9.686455344930833961e-03 4.029367280313830152e-03 3.026100488382113714e-03 1.981381939591663477e-01 8.811229466535326280e-03 1.049752913646442466e+05 1.159065049722724652e+05 1.222328726887355515e+04 4.859570636964303247e-01 3.004287203790078638e+04
1.165109025084719785e-03 3.191884770936077833e+07 4.706451748109380901e+07 1.190520832160813361e+07 5.239284083418738192e-01 1.680832376008752733e+07 8.150541155991477829e-23 3.817084118287993852e-23 5.678135573956065796e-24 8.072490255339636045e-01 7.405495468157318156e-24 9.815469765814150219e-03 4.426426775674776812e-03 3.429198053002449273e-03 1.902786394967163064e-01 9.363412902446485372e-03 1.186719061790037958e+05 1.705108286750999105e+05 1.102738580204151731e+04 5.186398978397431803e-01 2.878097489536585636e+04
2.024727429375604119e-03 1.183324557868629321e+07 1.138252281151013076e+07 5.897026031516321003e+06 4.206927322695103166e-01 9.257571261065803468e+06 4.224174491858922934e-23 5.021742682254215930e-23 2.439159847586332545e-24 8.593694492443797461e-01 3.319252694930631590e-24 9.895404006583676318e-03 4.994835851289828113e-03 2.732875071100419016e-03 1.907348855657016728e-01 8.673761612308712732e-03 1.433960861177252664e+05 2.202988717071306310e+05 2.092713229850192874e+04 5.709238362880573181e-01 3.671285546314978274e+04
3.518573004760514565e-03 4.775722485513000749e+06 2.834405585138508119e+06 1.566968286887118593e+06 2.669234556473996101e-01 4.088134170162105002e+06 1.383510303491347968e-23 2.315313012375607474e-23 1.958448537291386672e-24 7.758411767684347815e-01 2.576586478096167810e-24 1.097458665739804370e-02 1.031771591044076952e-02 4.041922873172479509e-03 2.698058316728599859e-01 8.638595904969098571e-03 1.957728205350454955e+05 2.403662498751279491e+05 5.764592980631636601e+04 5.939319712060581180e-01 7.297921416626605787e+04
6.114579083688004638e-03 1.406349979740729788e+06 6.841253473518530373e+05 8.330168225906696171e+05 3.283229757947728755e-01 1.421589353097116342e+06 2.840257466050193160e-24 5.008002109940115092e-24 1.252990913147817322e-24 7.852527306503123139e-01 1.339714651396347438e-24 1.035014589058153717e-02 1.367288269767933523e-02 3.312044725567397929e-03 3.258464179534621419e-01 6.720909536747743211e-03 1.687737123488246871e+05 2.451384681993711856e+05 5.824943090443911206e+04 6.222695604252218571e-01 7.051639761207834817e+04
1.062592059908660722e-02 3.047263290608141106e+05 4.013857182299715932e+05 1.010713985222919000e+05 4.201485912934334599e-01 1.773154068831205077e+05 6.593149635394331690e-25 7.730253477815357878e-25 3.075675695144842724e-25 6.213975981300778884e-01 4.086837702861625705e-25 9.370658785912229852e-03 1.285348115402471306e-02 2.469384253845358611e-03 3.631896033866106044e-01 5.280021113334758438e-03 2.380987611374279659e+05 2.748345843999820645e+05 8.305069565605220851e+04 5.145955877142140977e-01 1.186103392717056413e+05
1.846573362331777393e-02 5.336940986034379603e+04 6.331685802073543891e+04 1.886499433195550228e+04 4.425680579760669087e-01 3.155734579893284172e+04 2.093648302720914519e-25 1.854547077382227062e-25 9.550591695703949517e-26 5.586043540413125896e-01 1.362595939397599448e-25 7.627294703245825896e-03 1.112571589851016167e-02 2.417921871864788658e-03 3.590759189421469100e-01 4.654862371367725696e-03 3.472037856903590146e+05 2.841912487775813788e+05 1.957925019480778137e+05 4.013795526769738942e-01 2.821773025545957498e+05
3.208976719406681638e-02 1.320147691186603879e+04 1.396163738547024514e+04 5.063844250463182107e+03 3.957837064222365364e-01 8.917394151906561092e+03 7.740934874720852654e-26 5.492019897855278224e-26 3.496909023791548867e-26 3.731755719162183627e-01 5.940456434985912113e-26 5.666718979174409365e-03 6.591360296601136981e-03 1.486373291222643257e-03 3.204553997975275736e-01 3.666645370488347527e-03 5.171343547230947297e+05 3.951456592255425057e+05 2.036904982586219558e+05 2.870034874485570264e-01 4.304468598605610314e+05
5.576562402422385878e-02 4.320497821012990244e+03 4.201798087903425767e+03 1.523954653472551627e+03 3.099008596270271809e-01 3.220347582039230474e+03 3.078351187889797494e-26 2.205987500174853555e-26 1.056716054303275808e-26 3.211175405059397137e-01 2.279320532270901729e-26 3.880684654813316113e-03 3.260004744810474087e-03 8.244456919976673234e-04 2.573709396434694652e-01 2.745413880636472098e-03 5.701130828733480303e+05 3.793858219398799120e+05 1.901443621402979479e+05 2.501886470584511746e-01 4.616314812497991370e+05
9.690954764502224261e-02 1.574746994696738511e+03 1.037721843780340578e+03 7.224974261170865475e+02 2.815010376425770011e-01 1.330944319391886665e+03 1.272414692099879169e-26 1.099054669403090220e-26 4.646476877638250115e-27 3.481940312561787043e-01 8.815796066791758274e-27 2.690260059873711331e-03 1.512324859106445925e-03 5.537947449156443904e-04 2.087385675341364988e-01 2.103389617827738835e-03 6.629578749580063159e+05 6.120894590871117543e+05 2.034614976755121606e+05 3.046933471479361111e-01 4.511579412532495917e+05
1.684094922112467918e-01 6.034614514348430703e+02 3.685038036327146642e+02 2.061977795913860518e+02 2.420258949042476126e-01 5.104737775946271654e+02 5.727993211440660408e-27 5.116954069275378201e-27 1.933430675522625418e-27 4.038286420065366200e-01 3.542785044458701871e-27 2.027700455573422638e-03 8.523183314109714949e-04 4.711077614602827545e-04 1.618870544401805334e-01 1.811760942785489367e-03 6.692992020013615256e+05 5.910654087214936735e+05 2.898422743600095273e+05 3.157553041025383256e-01 5.101871718253955478e+05
2.926621551339660399e-01 2.645764017418950402e+02 1.639265304425935028e+02 9.127084158571284433e+01 2.353918574243042405e-01 2.226059116630482322e+02 3.164762593458295596e-27 3.103355555604055367e-27 1.064002509650634126e-27 4.743026579125663722e-01 1.649215757670050213e-27 1.619220021437270136e-03 6.569377416689868750e-04 3.891305479493971289e-04 1.442110903770278674e-01 1.496493328480175567e-03 7.356797573505003238e+05 6.167909105497789569e+05 3.169471976704855915e+05 3.428994008465117149e-01 5.593488930589209776e+05
5.085885357353842062e-01 1.405600493871102969e+02 1.010247017923972521e+02 4.076681446822593102e+01 2.606418627821477929e-01 1.095941266306036823e+02 2.217792257981414030e-27 1.839827164867068185e-27 8.340783154080872318e-28 5.570393905070698537e-01 1.127629231358353366e-27 1.407839157714887730e-03 5.709709020455676527e-04 4.146658335037881667e-04 1.836262936890848962e-01 1.269162393683024442e-03 8.620755513563430868e+05 7.648956969682006165e+05 4.508064085064270184e+05 3.756350089382547441e-01 7.055290907064741477e+05
8.838255788933832013e-01 8.498509122469909016e+01 7.368736337992457663e+01 2.711499825140922582e+01 2.868172936639580284e-01 6.073029174794088192e+01 1.973361649321596121e-27 1.561787590913737472e-27 5.552502736133965560e-28 6.168998511257168804e-01 7.156978678435782444e-28 1.275273811733008663e-03 6.673670493574643866e-04 4.688963359472410591e-04 2.077210796315656360e-01 1.206450490350862966e-03 1.082873197149934480e+06 7.941534632850784110e+05 5.504497476083145011e+05 3.983155401264482087e-01 8.925842405976810260e+05
