# R (Mpc), mean rho (Msol/kpc^3), errup (Msol/kpc^3), errlow, std, median rho (Msol/kpc^3), mean pth (Msol/kpc/s^2), errup(Msol/kpc/s^2), errlow, std, median pth (Msol/kpc/s^2), mean gas-mass-weighted metal (fraction), errup, errlow, std, median metal, mean gas-mass-weighted temp (K), errup, errlow, std, median temp  
#  nprofs 194, mean mh 220219324555.886841, median mh 211315079713.041809 
#  Mass range 11.00 - 11.5
6.704502643857072897e-04 2.121933383236044943e+08 2.774934333405180573e+08 1.052544390500844568e+08 5.291730297959692519e-01 1.321478228421833068e+08 6.429455319336117750e-23 8.452424040770735652e-23 2.901099752121057169e-23 6.444522352932156029e-01 3.405342874094947859e-23 2.289567869489873061e-03 1.156312119632828435e-03 1.435743637876698252e-03 3.997742706219733488e-01 2.042668971667257159e-03 1.965070638013527787e+04 4.685064548115886282e+03 3.326316214637257872e+03 1.147054524391609015e-01 1.832458261142613628e+04
1.165109025084719785e-03 1.019107349880370498e+08 1.258811320215621293e+08 4.442305202487120032e+07 4.409364921982533159e-01 6.464801237413159013e+07 1.818207520009810794e-23 2.271152060575201276e-23 9.780212778514260041e-24 4.751996197325352167e-01 1.308515446149587121e-23 2.020904279081214318e-03 1.007695971976951908e-03 1.193025349272207845e-03 3.587765842123998294e-01 1.794038021499388610e-03 1.489807330414520584e+04 3.137421839183454722e+03 3.038598795879786849e+03 1.094432097407242316e-01 1.463270558931454434e+04
2.024727429375604119e-03 2.819245062277683243e+07 2.748607451212922111e+07 1.145662609992095828e+07 3.107072522424109695e-01 2.133189136954079196e+07 3.386219843006242207e-24 2.782120837040923570e-24 1.462901604733217593e-24 3.207106086917191345e-01 2.701618220724951898e-24 1.856060090497520373e-03 1.088854896329221125e-03 1.048489325452871355e-03 3.754138975025216873e-01 1.564502761008636916e-03 1.201805056590687673e+04 3.086073498124196703e+03 5.058206013698403694e+03 1.760358134637001193e-01 1.213573860617530954e+04
3.518573004760514565e-03 6.140670358212304302e+06 3.094422475786443800e+06 2.035392466742572375e+06 2.161109069667001559e-01 5.682995580633755773e+06 7.180522328200236102e-25 5.420163576806188574e-25 2.851002408178601824e-25 3.419633057723565073e-01 5.477660288863265362e-25 1.719317433876615345e-03 1.364661459014150559e-03 8.174101942894599227e-04 4.006730365018151829e-01 1.259173272341476777e-03 1.167264032854357356e+04 2.349250936926431677e+03 3.993206615088728540e+03 1.767320556859838798e-01 1.149020344080128598e+04
6.114579083688004638e-03 1.301343046905980213e+06 6.931427739373478107e+05 6.925923434651545249e+05 3.270379671977703961e-01 1.249609715335329063e+06 1.994463537226870844e-25 1.567309887127306017e-25 1.004064799183782690e-25 4.267808777429642486e-01 1.541908976586989902e-25 1.546793583562480322e-03 1.156283390526190950e-03 6.802991731511799037e-04 4.028074296297799450e-01 1.068346289530357554e-03 1.570634312664727986e+04 7.365563684026012197e+03 2.223754490905832427e+03 2.085817407505523857e-01 1.192888627174398061e+04
1.062592059908660722e-02 2.389559172837259248e+05 2.519271406821479904e+05 9.409803745027363766e+04 3.784665896370079108e-01 1.769193699319729931e+05 9.341408697162133083e-26 8.412830140402229300e-26 4.635284058089280780e-26 4.702976104856234629e-01 6.671048237239833039e-26 1.395587464895603784e-03 1.024161693098100609e-03 4.989209297262787394e-04 3.808901312319342147e-01 9.448799090668695555e-04 4.771529369561650674e+04 6.353359068365916028e+04 1.267273891354186708e+04 4.175363698636272991e-01 2.362435939669521758e+04
1.846573362331777393e-02 3.841886994266217516e+04 3.181058173455998622e+04 1.856056394375554737e+04 3.745361404742018063e-01 3.215813742452002043e+04 4.700062602413930025e-26 4.220689796922038422e-26 1.790596539011635697e-26 4.131320320094756804e-01 3.409704491945791591e-26 1.443537127475898489e-03 8.548644329993602096e-04 4.990024280499506457e-04 3.578372666535486468e-01 9.409131541903070425e-04 1.374141037484170811e+05 1.759915632802058826e+05 3.907629527706869703e+04 4.073689892734536078e-01 7.259803346759025590e+04
3.208976719406681638e-02 9.586204090125525909e+03 5.552166864539014568e+03 3.945813258540742027e+03 3.278689508573808808e-01 8.722128291160595836e+03 2.370070400248309630e-26 1.303189848871367913e-26 9.565543518869015565e-27 4.000957645647418293e-01 1.991405977531216179e-26 1.280607583014259712e-03 8.134020250592205025e-04 3.703798315992653601e-04 3.327343100698290645e-01 8.323722801376329857e-04 2.463347093244226999e+05 1.316006328985600267e+05 7.785022075107006822e+04 3.399599542977362887e-01 1.588962493639242603e+05
5.576562402422385878e-02 3.141290870301778341e+03 1.834759771758402167e+03 1.150695759911226787e+03 3.729522692446813337e-01 2.871103981895237666e+03 1.298331187573413009e-26 6.876925165284451692e-27 3.819356346754038777e-27 5.099223791188953747e-01 8.002266804295776522e-27 9.855551094894239757e-04 6.489408186918363061e-04 2.774894733118800447e-04 3.389722977037461504e-01 5.976129876149476917e-04 4.067458255140839610e+05 2.148743077478140476e+05 6.747731514235891518e+04 3.686310957639574171e-01 1.829939005519524799e+05
9.690954764502224261e-02 9.721313241060340715e+02 4.357732992314815874e+02 3.432607440248191324e+02 2.965424196639727117e-01 9.187173618984361383e+02 7.997925580900087893e-27 5.308308973181299536e-27 1.693643439343681505e-27 4.583436680168839206e-01 3.023108402640425735e-27 8.485054397846579586e-04 4.588239023430648730e-04 1.566717825941261045e-04 3.552862612738434400e-01 4.150220384963497966e-04 7.328068921412291238e+05 5.362336696922397241e+05 1.306642660468532267e+05 4.611110528535758979e-01 2.486296465360806906e+05
1.684094922112467918e-01 3.427886445466473901e+02 1.526527860762116688e+02 1.095418288265938997e+02 2.692087785502655373e-01 3.065074196364416821e+02 5.948102285425217264e-27 4.624850872409449745e-27 1.297086446622227171e-27 6.300099533468328517e-01 1.667254203791648036e-27 5.358423657162301101e-04 4.205252350490529646e-04 1.361840429147571387e-04 3.410886243201565748e-01 3.138070152174271847e-04 1.058554854378938908e+06 1.152215532410130138e+06 2.867227000626822701e+05 5.523760375035813297e-01 3.884759047371344641e+05
2.926621551339660399e-01 1.746484154535885693e+02 1.337444682812952976e+02 5.350756391801712653e+01 2.909374989458704541e-01 1.319578267249560497e+02 5.240074596713744093e-27 3.733125591727532780e-27 1.161256379677330749e-27 7.821043804634761898e-01 1.315047616079071319e-27 5.792349043336120955e-04 6.772367498381001456e-04 1.283167985090036929e-04 4.206573440570346434e-01 2.615651125368686114e-04 1.461589756584301824e+06 1.777753414375601336e+06 6.475344726813774323e+05 6.469034623224028113e-01 7.134989639859977178e+05
5.085885357353842062e-01 1.151162463152694357e+02 1.002663211222264579e+02 3.344409645782957341e+01 3.356726854007738292e-01 7.147580977069958408e+01 5.425701028298968930e-27 3.794482734016364131e-27 1.041918790095829773e-27 8.841729788020350478e-01 1.161628043743625633e-27 8.001563628836286376e-04 9.878097690335979533e-04 2.581113667937319934e-04 4.991822875243266955e-01 3.906267099001196831e-04 1.764065129802949959e+06 1.788731521593871526e+06 9.687513458729627309e+05 6.610202659298315409e-01 1.175554124001842923e+06
8.838255788933832013e-01 8.643942923139120182e+01 6.354812594871754072e+01 2.056085572236215953e+01 3.721519610157662528e-01 4.587067091958506637e+01 6.781010337092653014e-27 3.131035181774155899e-27 8.437336337813616505e-28 9.436625415005189810e-01 1.048314678290632249e-27 9.710747351533647719e-04 9.926874039041561244e-04 4.869178958303145652e-04 5.148561942780599532e-01 7.164086524151661375e-04 2.229291015936778393e+06 1.840892346923934296e+06 1.348264739051561337e+06 6.696954473051049961e-01 1.706709981186366640e+06
