# R (Mpc), mean rho (Msol/kpc^3), errup (Msol/kpc^3), errlow, std, median rho (Msol/kpc^3), mean pth (Msol/kpc/s^2), errup(Msol/kpc/s^2), errlow, std, median pth (Msol/kpc/s^2), mean gas-mass-weighted metal (fraction), errup, errlow, std, median metal, mean gas-mass-weighted temp (K), errup, errlow, std, median temp  
#  nprofs 117, mean mh 209250415026.772827, median mh 198520304566.612000 
#  Mass range 11.00 - 11.5
6.704502643857072897e-04 5.236866568987294286e+07 2.881201616789199412e+07 2.440437305040767044e+07 2.823975664237617922e-01 4.594834794622872770e+07 2.520256655579328810e-23 1.463460211789755809e-23 6.873747629656771341e-24 5.670606710267286354e-01 1.047009684138695304e-23 6.945857613618390200e-03 2.515667587892119611e-03 2.912070622694967748e-03 2.436911860868594681e-01 7.144813474397628678e-03 2.959557970615582235e+04 6.548046481277946441e+03 3.648255395407337346e+03 3.015450908273323294e-01 1.846638908913953856e+04
1.165109025084719785e-03 2.188330280666255951e+07 1.542787718479791284e+07 1.170304884825161844e+07 3.381168443362767007e-01 1.929843818414214253e+07 1.004546748180543276e-23 7.218743298326501111e-24 2.573924962694805789e-24 6.066310151261371519e-01 3.553594477962024079e-24 5.610024498784195283e-03 3.100412513782867252e-03 1.969097978735869642e-03 3.118048152393001482e-01 5.070222554070493576e-03 2.906557051229168064e+04 4.524230020862651145e+03 2.670651878595162998e+03 2.991318345438317983e-01 1.696125839983604965e+04
2.024727429375604119e-03 7.717143250541165471e+06 3.084564866956138983e+06 2.450892900618180633e+06 2.632358928744779614e-01 7.085300748302148655e+06 1.946165079347781563e-24 1.073216995447933935e-24 4.842365730568218622e-25 4.568864307174346773e-01 9.670195244839774477e-25 3.744893271066919785e-03 2.080783429969085187e-03 1.818976929115510800e-03 3.693721330803061975e-01 3.666485015366202378e-03 2.202682731647527908e+04 2.605188688669777548e+03 2.102977530282203588e+03 2.250561185859158986e-01 1.445409610164367950e+04
3.518573004760514565e-03 3.151808666816202924e+06 1.527525848613052163e+06 1.720404307237583911e+06 3.277737536572392640e-01 3.169977682423804421e+06 1.120527808224382922e-24 8.721324493923523857e-25 2.631771025476740740e-25 6.054319327083459434e-01 3.661758693238377765e-25 2.577476470366576837e-03 1.577971564069043705e-03 1.189045243820588188e-03 3.652372092856843167e-01 2.391265701044078314e-03 3.188071459386143033e+04 1.040732678547165051e+04 2.191060577257077966e+03 3.594658000657078856e-01 1.293650881053206467e+04
6.114579083688004638e-03 9.694395390681165736e+05 7.739061141884425888e+05 6.419687027571911458e+05 4.220141342953295793e-01 9.058887679535081843e+05 3.464610390456564973e-25 6.494525095978185106e-25 9.842511297966176015e-26 6.127230666650300694e-01 1.378529132852684041e-25 1.766837847107922271e-03 1.193701465666902528e-03 7.582445546549104742e-04 4.004102274183450327e-01 1.501510985804120147e-03 4.443546592137512198e+04 5.032630646564943891e+04 2.557053523667034824e+03 4.265132256150369061e-01 1.327348791770767821e+04
1.062592059908660722e-02 1.962879556624465913e+05 2.686131747933228035e+05 1.023645928320465318e+05 5.233538647511633002e-01 1.326389506568940415e+05 1.361071650919905991e-25 1.826072329059914756e-25 4.795690547891969454e-26 5.529224319920695851e-01 7.387317242555627648e-26 1.510707392531233668e-03 1.156333513192868683e-03 6.352534273241421201e-04 3.254958891639745944e-01 1.225265509655108168e-03 1.328094531159521721e+05 1.676459431622225384e+05 2.540038161912053329e+04 5.441073666968359035e-01 4.169981351505348721e+04
1.846573362331777393e-02 3.990182293771464902e+04 6.127839093044923357e+04 1.097348441974980960e+04 4.265624364453277084e-01 2.223183933663721109e+04 6.660318499519351285e-26 6.034842231684724075e-26 3.325037097751227783e-26 3.973673681292243520e-01 5.669111412644216047e-26 1.439932180599376053e-03 9.183913513165806002e-04 6.611821315081149036e-04 3.209600619151108947e-01 1.223769247483624725e-03 2.024964576862556860e+05 1.866144692194713862e+05 8.965578585058142198e+04 3.934493494334719288e-01 1.518812852495228290e+05
3.208976719406681638e-02 1.032416435370888576e+04 7.399375574866254283e+03 3.468920880014266913e+03 3.699374471699625744e-01 8.144967591254450781e+03 2.746020069692159522e-26 1.563285184998272752e-26 1.271471286401024127e-26 3.245775441819004348e-01 2.443904103878738910e-26 1.282741525915366164e-03 5.565629315371061619e-04 5.836092577745500935e-04 2.551826324621417896e-01 1.196778155406986229e-03 2.412749420942122524e+05 1.752379624926261895e+05 8.292924025061394786e+04 2.544498712392777029e-01 2.077398331906425010e+05
5.576562402422385878e-02 3.750186815773456146e+03 1.917006332008079880e+03 1.286888025430645939e+03 2.649582332142419450e-01 3.353539796881480470e+03 1.024761319956723552e-26 5.851332590346183979e-27 3.260364012780864356e-27 2.560866512885674462e-01 8.550453724377890602e-27 1.150226022320338139e-03 5.939646601148323643e-04 4.651172447110267505e-04 2.227315225127070308e-01 1.029651594761390229e-03 2.341641197510050260e+05 9.955179480828094529e+04 8.037538587635445583e+04 2.250222481172854394e-01 2.025887278517665691e+05
9.690954764502224261e-02 1.331488636868192771e+03 5.399683843090306254e+02 4.304542383111197523e+02 2.125664697474273224e-01 1.229384213082318638e+03 4.066958156516039213e-27 2.163696053465707007e-27 1.765972710109198657e-27 3.084663926484153551e-01 3.376656484909362621e-27 1.030573470082156049e-03 4.240126935767780198e-04 3.278000516349128700e-04 1.719285540865490292e-01 9.666818392273789388e-04 2.426671827808426751e+05 8.047235102588875452e+04 6.726698277171459631e+04 2.416818373029372136e-01 1.903051406160598272e+05
1.684094922112467918e-01 5.133186018960891488e+02 3.076316653114312771e+02 1.319972643637864280e+02 1.964652152782413452e-01 4.491164479429735934e+02 2.011634724417989831e-27 1.832058633021198258e-27 5.095768047530810031e-28 4.035080045539617410e-01 1.022881070353480106e-27 9.029478972561340560e-04 3.454626164198607323e-04 2.397693024284154551e-04 1.518851799741728348e-01 8.603494103370316589e-04 2.802891879580754903e+05 2.099893673943261092e+05 4.858026368485827697e+04 3.121888488986959143e-01 1.567173877653400705e+05
2.926621551339660399e-01 2.323958793840058661e+02 1.350872805288258292e+02 5.385247985082662581e+01 1.955916896856784437e-01 1.986120319217922656e+02 1.288009527558913654e-27 1.389767715657146763e-27 3.324457687910608081e-28 5.185839948310068115e-01 5.084049284336196279e-28 7.908784131641639729e-04 2.458324600869677377e-04 2.138238836826955157e-04 1.542537877352977982e-01 7.615831939457198656e-04 3.553125499162788619e+05 2.666580076064169407e+05 1.034170339508702164e+05 4.052884572077952718e-01 1.876918670930527442e+05
5.085885357353842062e-01 1.203955021918987995e+02 7.269100257829364864e+01 3.017860460458061311e+01 2.184451977429855418e-01 9.735932694205479265e+01 9.725868357596113241e-28 9.904111988335214599e-28 3.071424844889168573e-28 6.267950721237441902e-01 3.834719500533402718e-28 7.094127678132554436e-04 3.961121933607646877e-04 1.810163977971495936e-04 1.958683940672540924e-01 6.197611801048438307e-04 4.715626794211237575e+05 4.647603267062135274e+05 2.228528393098833039e+05 4.817234676370473201e-01 2.916177605980854714e+05
8.838255788933832013e-01 6.806966217716073686e+01 4.062732857402581033e+01 1.993110254217840094e+01 2.303897666585474346e-01 5.614410548866332817e+01 7.985408708021242033e-28 9.643209575073071056e-28 2.228664136156177306e-28 7.052882139437764986e-01 2.723891223155193609e-28 6.653375087272966198e-04 5.703370325831154299e-04 2.335626651968678415e-04 2.730439210457406007e-01 5.267971540907300486e-04 6.113735870129532414e+05 7.151384986424501985e+05 3.175673911907415022e+05 5.296479216915284116e-01 4.113742497737903614e+05
