# R (Mpc), mean rho (Msol/kpc^3), errup (Msol/kpc^3), errlow, std, median rho (Msol/kpc^3), mean pth (Msol/kpc/s^2), errup(Msol/kpc/s^2), errlow, std, median pth (Msol/kpc/s^2), mean gas-mass-weighted metal (fraction), errup, errlow, std, median metal, mean gas-mass-weighted temp (K), errup, errlow, std, median temp  
#  nprofs 259, mean mh 525140574655.720337, median mh 471670178893.851929 
#  Mass range 11.50 - 12.0
6.704502643857072897e-04 3.384623293768913746e+08 4.868646621028965116e+08 1.620390223170417547e+08 5.824271441300773455e-01 2.026310668365431428e+08 1.005559538034153272e-22 1.463701713002486863e-22 4.573545867952030449e-23 6.716103592922135768e-01 5.406688558329667153e-23 1.738209533037883472e-03 1.016784612748745801e-03 1.227336963368727118e-03 4.437966642424123753e-01 1.603324372445044796e-03 1.946364870463177431e+04 4.119816284949127294e+03 3.200574304777224825e+03 9.332831560955055783e-02 1.885682395537278717e+04
1.165109025084719785e-03 1.646198168152419925e+08 2.066189219913640618e+08 8.264417162195685506e+07 5.121035524793075000e-01 1.059242778078152686e+08 3.039306954327479090e-23 3.381521578346644955e-23 1.823828802194303261e-23 5.252927580532457119e-01 2.316073592565683655e-23 1.595616225847929122e-03 9.111071804226555243e-04 1.112169147254977401e-03 3.973805977327946048e-01 1.518372110231579111e-03 1.635768568533798498e+04 3.386446964206650591e+03 3.594534571696669445e+03 1.552047549090894707e-01 1.486694907671873443e+04
2.024727429375604119e-03 4.790479259567854553e+07 4.691916896600215137e+07 2.441899343759372830e+07 3.890318656554346277e-01 3.614606846455772221e+07 6.567314779940923290e-24 6.985703446338725357e-24 2.582255525977967702e-24 4.017362274525964616e-01 4.226844730570640585e-24 1.535641672309063805e-03 8.940096293569132352e-04 1.068594678507267482e-03 3.915795799132391619e-01 1.463666338734565323e-03 1.377396552968429933e+04 4.990290337205988180e+03 6.180368430985372470e+03 2.498509946043080965e-01 1.231349565889527003e+04
3.518573004760514565e-03 8.785875302703781053e+06 5.867807622896699235e+06 3.279906885656386614e+06 2.671787622303579690e-01 7.475725078848173842e+06 1.690158763070161666e-24 2.095007416181955016e-24 6.032531936046876458e-25 4.541136242979895710e-01 9.541279410422211095e-25 1.479961507862404815e-03 1.115311622122546311e-03 9.510477281377279586e-04 4.302282188107619532e-01 1.285863852708696341e-03 1.617817717324538899e+04 1.064040446061428156e+04 5.863665647042558703e+03 2.556180205040081144e-01 1.333460033125852715e+04
6.114579083688004638e-03 1.544089343388855457e+06 9.582012098765620030e+05 8.073955045102323638e+05 3.165660335959975535e-01 1.434239750841720495e+06 7.512963650229604426e-25 8.072522837376336185e-25 3.542797465352460906e-25 4.764889392872076468e-01 5.335814427333590356e-25 1.358884754934550944e-03 1.213369003457856997e-03 7.233505954879288153e-04 4.334887732310124808e-01 9.959555126279342162e-04 5.038244799540292297e+04 4.644921569758051919e+04 1.623224871688381972e+04 3.674853405620601698e-01 3.017980853122985718e+04
1.062592059908660722e-02 2.730998080236272071e+05 2.711874092575246468e+05 1.119369951202855154e+05 3.898212257844274053e-01 2.058502003956858534e+05 4.148249762956643115e-25 3.415878898056566366e-25 2.273667284348883861e-25 4.542635073961600045e-01 3.428708045793035340e-25 1.255208826923004959e-03 9.177955715132651024e-04 5.750295426738994287e-04 4.313330171335332808e-01 8.695150143111185460e-04 1.670477301327387686e+05 1.721071170678251656e+05 9.265425471270915295e+04 4.268627303389774252e-01 1.272162399734314386e+05
1.846573362331777393e-02 5.367665005970477796e+04 3.284972797138527676e+04 1.739733358394924653e+04 3.483066399972378213e-01 4.206335872849401494e+04 1.925042534711189278e-25 1.510446807584012175e-25 7.930627972244819712e-26 3.671091500460243462e-01 1.607144915014791973e-25 1.007578059990044258e-03 8.013531870478579795e-04 3.760864300079388468e-04 3.678182400469556801e-01 6.740660160099217618e-04 3.400611419508300023e+05 2.947435449210843071e+05 1.458118655031039088e+05 3.206308349727589047e-01 2.746901241859907750e+05
3.208976719406681638e-02 1.486929852624840896e+04 7.619636836062307339e+03 4.940173784282802444e+03 3.273751634258569854e-01 1.326683259018954232e+04 7.864790849752775260e-26 5.787313696948727293e-26 3.213308202328795036e-26 3.705442016794829319e-01 6.645702477618499162e-26 9.869730739686692275e-04 7.160442126201038053e-04 2.868674072659794074e-04 3.747384170736488551e-01 5.517202803109743118e-04 4.347054872679450782e+05 2.746817548524225131e+05 1.518028104782543087e+05 2.448875135359294686e-01 3.519326609384177718e+05
5.576562402422385878e-02 5.121136303564509035e+03 3.018181478706183043e+03 1.501408313781808374e+03 2.841369155469966601e-01 4.564998706703332573e+03 3.271503281575867232e-26 2.559684394426529362e-26 1.212783803965067197e-26 3.296942781323786709e-01 2.621595409133228625e-26 6.075186271651065572e-04 4.660378130454613434e-04 2.027306767330356088e-04 3.449363533635326218e-01 3.850778781666937137e-04 5.145730487639072235e+05 2.545667604119596072e+05 1.189178041290226975e+05 2.256073861089025190e-01 4.067274760919178370e+05
9.690954764502224261e-02 1.613208809528482107e+03 8.367997149410070961e+02 5.313116752401920166e+02 3.058729175285069268e-01 1.493882902387161721e+03 1.228120897321395539e-26 1.104544269653371323e-26 4.405172193306000648e-27 4.783221879324539572e-01 8.314074887481613899e-27 4.274250836376732249e-04 2.337313043297337383e-04 7.741606035508122210e-05 3.152962087969574667e-01 2.231128492570708100e-04 6.579278651129895588e+05 3.663701686280317954e+05 1.494809717708760872e+05 3.574977271370371468e-01 3.971634113606756437e+05
1.684094922112467918e-01 4.933284876961037639e+02 3.241319357255728733e+02 1.720193421236974416e+02 2.603859856986792676e-01 4.265172192412820209e+02 5.747946910462313169e-27 6.961998021881091524e-27 1.934526348440118864e-27 5.268741735451927255e-01 2.730440748350372724e-27 2.979493394144577920e-04 1.304470444038973679e-04 4.976814054723554062e-05 2.964680801518451703e-01 1.634726414507750201e-04 9.672992345005933894e+05 1.057315193908320740e+06 2.195398069174182892e+05 4.522951468834720545e-01 3.892595272359868395e+05
2.926621551339660399e-01 1.853701443127198445e+02 1.192316545109658534e+02 5.680027376508425618e+01 2.730961879963647032e-01 1.454284117551631255e+02 3.946617909347654132e-27 6.112377788581704367e-27 1.094337013252469316e-27 7.592864963130229183e-01 1.234760419823947605e-27 2.743673587217042753e-04 3.207138889941733373e-04 4.784508387479296187e-05 3.801701632506926942e-01 1.254812433760902365e-04 1.420274614934698911e+06 2.069208545205854811e+06 4.924784113336718292e+05 6.275579781602402818e-01 5.936774853422045708e+05
5.085885357353842062e-01 1.048080245350665507e+02 1.098367061231625712e+02 2.722935758383048466e+01 3.159239810313363428e-01 6.663124502358445511e+01 3.316094266504156111e-27 4.812721825488691834e-27 9.764698111948889557e-28 9.266853790631056631e-01 1.020956919732246188e-27 4.165184879139005245e-04 5.978640382285882980e-04 1.323341752016083317e-04 5.489241163203033569e-01 1.824791197558091229e-04 1.865913824435160961e+06 2.257261995521124452e+06 9.994817796808797866e+05 7.282099448236992734e-01 1.071182465122562833e+06
8.838255788933832013e-01 6.204470545982992036e+01 5.210440075624267564e+01 1.846225850442606742e+01 3.125156018526120127e-01 4.139990978039347880e+01 2.656827149707564047e-27 3.187635858321687222e-27 1.030579694790346197e-27 9.618863095090339765e-01 1.069753154925478209e-27 5.189058761825048657e-04 6.382468731090361076e-04 2.825426779781397136e-04 5.869738626619435129e-01 3.315029808485540279e-04 2.226559597129361704e+06 2.530708000493669882e+06 1.715748685560293496e+06 7.379638953580266447e-01 1.810175074681283673e+06
