# R (Mpc), mean rho (Msol/kpc^3), errup (Msol/kpc^3), errlow, std, median rho (Msol/kpc^3), mean pth (Msol/kpc/s^2), errup(Msol/kpc/s^2), errlow, std, median pth (Msol/kpc/s^2), mean gas-mass-weighted metal (fraction), errup, errlow, std, median metal, mean gas-mass-weighted temp (K), errup, errlow, std, median temp  
#  nprofs 153, mean mh 526768323148.751038, median mh 476156896103.194031 
#  Mass range 11.50 - 12.0
6.704502643857072897e-04 3.481220989965103865e+08 6.225176799238557816e+08 7.792950026468688250e+07 5.957664282221292185e-01 1.117050284442723989e+08 1.627699034701270627e-22 2.593398221983964888e-22 3.337754438493944044e-23 7.429923700390655972e-01 4.226608588885532142e-23 4.655729668193372105e-03 3.162370436711075573e-03 1.680536458074319197e-03 3.878157733492673120e-01 3.403306375722385535e-03 3.035887312983128504e+04 1.069480974441584112e+04 5.214178871187872574e+03 2.214116574941967230e-01 2.406422079497886443e+04
1.165109025084719785e-03 1.698202889528870881e+08 2.506687217485627532e+08 6.044237313049635291e+07 5.525107542378069336e-01 8.203966974352681637e+07 6.841836291789227180e-23 6.659874759825748866e-23 2.143494925027332381e-23 6.084679817841437410e-01 2.704861913341233867e-23 5.540412550763653202e-03 3.895040650202656260e-03 1.272024955466136186e-03 3.894661055905261904e-01 3.002857667004582912e-03 3.352218766087388940e+04 1.450816329972125095e+04 5.796704086499928962e+03 2.939104447744810278e-01 2.099521998964637896e+04
2.024727429375604119e-03 5.462077845186560601e+07 6.866648124551287293e+07 2.499238373477354646e+07 4.586665631313979197e-01 3.833406001904246211e+07 2.599712513752693997e-23 1.429034844841644382e-23 5.080815084842569281e-24 5.363454222677065397e-01 7.990248943829075512e-24 5.568360127960496862e-03 3.976806444663014140e-03 1.372283779666193769e-03 4.165195504240695734e-01 2.866851104588818196e-03 3.353715488608299347e+04 1.170972639563616394e+04 5.967126173975055281e+03 3.547173970265444787e-01 1.697097282197332243e+04
3.518573004760514565e-03 1.213037409371565469e+07 6.982904585695205256e+06 5.451282728218171746e+06 2.893898482583019405e-01 1.139592877848304249e+07 5.711482829597357181e-24 3.028513786088697268e-24 8.960366965461528029e-25 5.168147737328938618e-01 1.629907942871917608e-24 5.542370960357831042e-03 3.890507126699902386e-03 1.524458569268622278e-03 4.364981138821866780e-01 2.790281334379625475e-03 2.956762453601668676e+04 8.597861791206392809e+03 6.112840244089040425e+03 3.329607043720150261e-01 1.574675211173664866e+04
6.114579083688004638e-03 2.652602583657547366e+06 1.424161716509844176e+06 1.492337949767767452e+06 3.508163490168620946e-01 2.556041311124245636e+06 1.241479274706443859e-24 9.802398406755742003e-25 4.886140926774858046e-25 5.679470741286068991e-01 6.740736751460980066e-25 5.378501870877964303e-03 3.673959172979957694e-03 1.570134118007412809e-03 4.475392460302290987e-01 2.647577471626534618e-03 3.912021609017694573e+04 2.517683476211125162e+04 6.479250765853883422e+03 3.433406856379854211e-01 1.883554996565144029e+04
1.062592059908660722e-02 5.340052073316626484e+05 4.483167373857402708e+05 3.066946098462278605e+05 3.872124256161287859e-01 4.699043470539066475e+05 3.587962010391553295e-25 3.258498876964647669e-25 1.604239413999877146e-25 5.154155823287354110e-01 2.744671016020751346e-25 5.290724855235593403e-03 3.634357159798957872e-03 1.377340608957543580e-03 4.594723943357250651e-01 2.303065408177062002e-03 7.744082083034272364e+04 7.650361222595965955e+04 2.118692125781300274e+04 4.272579634500744961e-01 3.966368941932800954e+04
1.846573362331777393e-02 1.129800389326545992e+05 1.066172796392139135e+05 6.100738838962813315e+04 4.416427299785399274e-01 9.030036056688397366e+04 1.503254797555916241e-25 1.265251506672059906e-25 6.171882205004906190e-26 4.845350679017315643e-01 1.089345217242066050e-25 5.184066489326442408e-03 3.436829818445813044e-03 1.183506987946702279e-03 4.554972196575294840e-01 2.174904285374686195e-03 1.828308230345140037e+05 1.602388477088572399e+05 5.089753237433133472e+04 4.555316052423845630e-01 8.458958950862518395e+04
3.208976719406681638e-02 2.878490872495053554e+04 2.284692918694840046e+04 1.702547754961084865e+04 4.369588085616419870e-01 2.580856845808181970e+04 7.081838277809556018e-26 5.245344798419844421e-26 2.353860780929214498e-26 4.668337603672450542e-01 4.919827504114965660e-26 4.692704911359517166e-03 2.780556980041895727e-03 9.019075488979177557e-04 4.482299754102473388e-01 1.877128574209520036e-03 2.798118146238774061e+05 3.683702174057112425e+05 5.885895990545315726e+04 4.169550489209202238e-01 1.285557850089273998e+05
5.576562402422385878e-02 8.579275290599251093e+03 5.670604305929259681e+03 5.699430849726768429e+03 4.483441632923346742e-01 8.178792017955930532e+03 4.274901235442077664e-26 3.210528949856612690e-26 1.141245224083906547e-26 4.926435443682810611e-01 2.420404601117493496e-26 3.858232901257275908e-03 2.357718071324208658e-03 7.228311663301707247e-04 4.473855542982239641e-01 1.496709925208515634e-03 5.279696183525167871e+05 8.550077120968806557e+05 8.768563588119126507e+04 4.382681952803693104e-01 2.062539340701124747e+05
9.690954764502224261e-02 2.307239596986881224e+03 1.396930187089216815e+03 1.314465518077216075e+03 3.838916748656008293e-01 2.172199848609255241e+03 1.886719343719497990e-26 1.720542933172818762e-26 5.355177923136166701e-27 4.904402667430945439e-01 9.511107592450177019e-27 2.799076994197141014e-03 1.689877599430194503e-03 5.199897871569896532e-04 4.807800238390022018e-01 9.594228534497164194e-04 7.349833902946215821e+05 1.235735440693483688e+06 1.081679259620881057e+05 4.402423282999623488e-01 2.830988508330201730e+05
1.684094922112467918e-01 6.180085609801192277e+02 3.475005101408831933e+02 2.395965084780164034e+02 3.302189816029672542e-01 5.497934000255185083e+02 7.669377663030536130e-27 1.059965812049103562e-26 2.042878530373899005e-27 5.286033756682669837e-01 3.177374032672093481e-27 1.687691284566622497e-03 1.346975472906718164e-03 2.312685396265327172e-04 5.069877833271378975e-01 4.614527123730320364e-04 1.134423726700912928e+06 1.730673358760484029e+06 2.783277169091484393e+05 5.159818265157356532e-01 4.253246996464575641e+05
2.926621551339660399e-01 2.139198754262349951e+02 1.257575850269031719e+02 6.845198642274345957e+01 2.689844995861378485e-01 1.787477779650979244e+02 4.052453673840559088e-27 5.779663697099246714e-27 1.363849225622078337e-27 6.474307760822605173e-01 1.693895189100238784e-27 7.852153548129355660e-04 7.579867731140892302e-04 1.535910096883911623e-04 4.876592953315064816e-01 2.774524164866952556e-04 1.558284180396125652e+06 2.023466999625993660e+06 5.851959917221161304e+05 6.032028633392966244e-01 7.142163532633476425e+05
5.085885357353842062e-01 1.052284749027891593e+02 7.550023843370449583e+01 3.479871327864265140e+01 2.590001177553891698e-01 8.267923754245738621e+01 2.427384655521987796e-27 3.661888877803583657e-27 1.048922500467310234e-27 6.461715473472954274e-01 1.276439322173545591e-27 5.002182806036373046e-04 6.016982917953834402e-04 2.287003738815225325e-04 4.774896784758846380e-01 3.033200650309689347e-04 1.736794332039425382e+06 1.990884232513090130e+06 8.653934352864160901e+05 5.713080904759875178e-01 1.102748095742770936e+06
8.838255788933832013e-01 5.763613928834779898e+01 3.656779312865539566e+01 1.679126421437066696e+01 2.400013369012392594e-01 4.507345904513839230e+01 1.999733338492315938e-27 2.459154307849689275e-27 7.613213368120809682e-28 6.290214885553737645e-01 1.046440284681118869e-27 5.872455018211937766e-04 7.361631324661674488e-04 2.507336798369513820e-04 5.262291779190294561e-01 3.607778563082618796e-04 2.301699738713318016e+06 2.706508180336176418e+06 1.097272701900363900e+06 5.189135278972696330e-01 1.669434079701064387e+06
