# R (Mpc), mean rho (Msol/kpc^3), errup (Msol/kpc^3), errlow, std, median rho (Msol/kpc^3), mean pth (Msol/kpc/s^2), errup(Msol/kpc/s^2), errlow, std, median pth (Msol/kpc/s^2), mean gas-mass-weighted metal (fraction), errup, errlow, std, median metal, mean gas-mass-weighted temp (K), errup, errlow, std, median temp  
#  nprofs 65, mean mh 552993217270.537354, median mh 490982574067.267090 
#  Mass range 11.50 - 12.0
6.704502643857072897e-04 6.291125823283195496e+07 4.351690888733878732e+07 3.353002517142175511e+07 4.193563879859156796e-01 4.961820421710468829e+07 2.253229056864733022e-23 2.463918851140868872e-23 1.022599259509189375e-23 5.952127557638448030e-01 1.256867806213995802e-23 2.795605361551599475e-03 2.035715123189739233e-03 1.251630434876345108e-03 3.392610044265879643e-01 2.180494108305149406e-03 2.171166649231077099e+04 8.210166202218275430e+03 5.332154574434196547e+03 1.282244668609269778e-01 2.069073240423688912e+04
1.165109025084719785e-03 4.558031052568790317e+07 4.076214925662200153e+07 2.011703363439973444e+07 3.858420967920458966e-01 3.451152134222215414e+07 1.646724463394492805e-23 1.812891557499231784e-23 5.907406519830240385e-24 5.842011509867537367e-01 8.107714875502418836e-24 2.974271292624107790e-03 2.507227104872751869e-03 9.316231498073866777e-04 3.053667454110823298e-01 2.145188176645019922e-03 2.348319678187706813e+04 5.177809700489990064e+03 5.228219418458633299e+03 1.754019125342404506e-01 2.017018802505490748e+04
2.024727429375604119e-03 2.406344056337779015e+07 1.445251177293899655e+07 1.096676296864038706e+07 3.299553759807344888e-01 1.981373354377946258e+07 7.488202196067005645e-24 5.323631520514956592e-24 3.637892608802205815e-24 4.871293447357535888e-01 5.126730470550741727e-24 2.825739047734726183e-03 2.375316633741761472e-03 7.744563406782622658e-04 3.174670149583760370e-01 1.830416040026571541e-03 2.250623424656406496e+04 7.415028971724561416e+03 3.968113155135566558e+03 1.779894760167294587e-01 1.873878646752650820e+04
3.518573004760514565e-03 9.828463955301288515e+06 6.098275525593418628e+06 3.042096303457740694e+06 2.506333434762013090e-01 8.290100320559011772e+06 2.309147528571272918e-24 2.769435454050157475e-24 7.205442804855111710e-25 3.789675988354122560e-01 1.461494217526316287e-24 2.304174364229930050e-03 2.332100546420496669e-03 5.690314781266151301e-04 3.139978137794153801e-01 1.432003421079938981e-03 1.877372670862650557e+04 6.276487827005104918e+03 2.292754716806794022e+03 1.497624643028645786e-01 1.580039415850546357e+04
6.114579083688004638e-03 3.178200085823794361e+06 1.886222634566924535e+06 1.120879477955114096e+06 2.151888003001017069e-01 2.923228702557957731e+06 7.403330192775075451e-25 8.520007499982426019e-25 1.846633344213158681e-25 3.244892411601829063e-01 4.768178971412473287e-25 2.108870302754824351e-03 1.790148715544484211e-03 4.831398971958385073e-04 3.039451756307783858e-01 1.341575373044724467e-03 2.061437622440806081e+04 1.144652643153126883e+04 2.494273606859000211e+03 1.799873795475769866e-01 1.634832248159207120e+04
1.062592059908660722e-02 9.082151422314927913e+05 4.005592347160265781e+05 3.957072936300152214e+05 2.439823593769606669e-01 8.512253637466891669e+05 3.296627573933850072e-25 3.693124431266150222e-25 9.049146415267944173e-26 3.459058709730800651e-01 2.018388669994819388e-25 1.926071496651956877e-03 1.665413879363244901e-03 5.094064426963764184e-04 2.937030830426857198e-01 1.279074938350037048e-03 3.748532033701410546e+04 3.182666967017871139e+04 7.279491517555814426e+03 3.086169401949080404e-01 2.231138580502363402e+04
1.846573362331777393e-02 2.266276411482457479e+05 1.286882321776859171e+05 1.261142112041201472e+05 2.681624893957333389e-01 2.238170400965998124e+05 1.370188126407290469e-25 1.157977859087186892e-25 4.077951099539570999e-26 3.248676942066097695e-01 9.205968532375309518e-26 1.783378865963196076e-03 1.409810289106583348e-03 5.108315515808462123e-04 2.785776293398831704e-01 1.243458000014493418e-03 6.769090378838102333e+04 4.757982823634582019e+04 2.113139592133773112e+04 3.688433863524303580e-01 3.832293938562805852e+04
3.208976719406681638e-02 5.835783959044358926e+04 3.767029932685051608e+04 1.731307991797201612e+04 2.571207787643785547e-01 4.997117413871608005e+04 7.989700050979515804e-26 7.415046286417598198e-26 1.923852018944030894e-26 3.260046023228690415e-01 4.699599871690530382e-26 1.833250237396483358e-03 1.067394306104468534e-03 6.836398749936210611e-04 2.648743248744856449e-01 1.501689837779292399e-03 1.580173927777212521e+05 9.952937856957496842e+04 2.783082982709947100e+04 4.175897273678221278e-01 6.334039362363953114e+04
5.576562402422385878e-02 1.866230555003294285e+04 9.120546816957819829e+03 4.754710055193803782e+03 2.404550967830775265e-01 1.718526716371463408e+04 4.573424331861495959e-26 4.584623979870034746e-26 7.754262078660737725e-27 2.998394244962416244e-01 2.621022996407795599e-26 1.712408642301082229e-03 1.172713060924445317e-03 5.338028971775144599e-04 2.685772015579326877e-01 1.324789248070897853e-03 2.862881575107915560e+05 1.193182166916715360e+05 3.834579338625403761e+04 3.916863678972032359e-01 1.122912166293630289e+05
9.690954764502224261e-02 5.352991160670589124e+03 1.836752301835856088e+03 1.480323805093762530e+03 1.983400323700429957e-01 4.987633428621516032e+03 1.860983677060824602e-26 2.397308881468462632e-26 4.107811317445971756e-27 3.391627220858625114e-01 1.072583373661672561e-26 1.418671909872021731e-03 1.210562857294710144e-03 5.195170607193398682e-04 3.014558760218367661e-01 1.038672664150376221e-03 2.968442885334910243e+05 3.342381261301838094e+05 4.319698881056798564e+04 3.390624958098852337e-01 1.480942670203818707e+05
1.684094922112467918e-01 1.309527717249809257e+03 5.104616125726392966e+02 4.346073916867749176e+02 1.619661414276728773e-01 1.248751764010765328e+03 6.797925494834539000e-27 6.306396434147174283e-27 1.569385346413357815e-27 4.316989648649980915e-01 3.143161951005237324e-27 1.003966571541055819e-03 1.023092729038867221e-03 3.453737036635284342e-04 3.528279576275046292e-01 6.403955267471173702e-04 3.850472908446817310e+05 3.667364224290159764e+05 7.674868844558599812e+04 3.878213225143902210e-01 1.794905802333022875e+05
2.926621551339660399e-01 3.785302976740523491e+02 1.098720315930282823e+02 1.031604357818187907e+02 1.612328947999315254e-01 3.423115433129246981e+02 2.732005663681230253e-27 3.717098899632366864e-27 9.048263044224021192e-28 5.564249282161924937e-01 1.204754319075787930e-27 6.126460137898860105e-04 7.317659815772241221e-04 1.852404525277295442e-04 3.977182799293533244e-01 3.521414913551940422e-04 4.541577555920027080e+05 6.907599239957076497e+05 1.370412333017825440e+05 4.716510285518035750e-01 2.158540881844721152e+05
5.085885357353842062e-01 1.530003346185929445e+02 6.225841055578902683e+01 4.358280493720351956e+01 1.948213170060055788e-01 1.304479008441229553e+02 1.597945963635200891e-27 1.350076513077599720e-27 6.625646391391393122e-28 6.896531187326127021e-01 7.334067895025137978e-28 3.616580234869394431e-04 5.101660653685014587e-04 1.110888448758279269e-04 4.704640062937787692e-01 1.775905426547213280e-04 5.662684274786014576e+05 6.685379008737176191e+05 3.329547866460764781e+05 5.628510786119397258e-01 3.865587649568915949e+05
8.838255788933832013e-01 7.938888167652579853e+01 4.321796730127778119e+01 2.185380478750303013e+01 2.046095754027534019e-01 6.836033790180054837e+01 1.133168795831688172e-27 8.235953439618654510e-28 4.916915466437601457e-28 7.961102725234326938e-01 5.221417334670817628e-28 4.016926214989554244e-04 3.604112721790000301e-04 2.137080844697306428e-04 5.058131973783352997e-01 2.804529914166776941e-04 7.974086619588728063e+05 8.868725612735307077e+05 5.148872476225897553e+05 6.726192911755944914e-01 5.543657320950081339e+05
