# R (Mpc), mean rho (Msol/kpc^3), errup (Msol/kpc^3), errlow, std, median rho (Msol/kpc^3), mean pth (Msol/kpc/s^2), errup(Msol/kpc/s^2), errlow, std, median pth (Msol/kpc/s^2), mean gas-mass-weighted metal (fraction), errup, errlow, std, median metal, mean gas-mass-weighted temp (K), errup, errlow, std, median temp  
#  nprofs 238, mean mh 547586423397.382507, median mh 496404122318.636719 
#  Mass range 11.50 - 12.0
6.704502643857072897e-04 2.088382959024885893e+08 2.405171480039224029e+08 1.109280272291057408e+08 5.178906555442548409e-01 1.436468939499667883e+08 7.931040766453316311e-23 9.754621444855787546e-23 3.936953793037775643e-23 6.448067703169838571e-01 4.629667999866689730e-23 4.007134038787740250e-03 1.520490257568514469e-03 1.776289960248463116e-03 3.260527487218455311e-01 3.747198265664974590e-03 2.519504664922673328e+04 6.228850092290012981e+03 5.562863860148892854e+03 1.604051772171893042e-01 2.243615395029601495e+04
1.165109025084719785e-03 1.056682565754758716e+08 9.854850154876282811e+07 5.051357019359176606e+07 5.129195898024402345e-01 7.292551897870412469e+07 2.998514927747265251e-23 2.739384295680819487e-23 1.559677464625844385e-23 5.807752681481883616e-01 1.992109196666651593e-23 4.273115474585664243e-03 2.066210562139036457e-03 1.656410617003486584e-03 3.190182115410155061e-01 3.499448143001336088e-03 2.268801033830502638e+04 5.994034269952873728e+03 3.230312223058708696e+03 1.844054829205404034e-01 1.804648695616342229e+04
2.024727429375604119e-03 3.218190700775941461e+07 2.588122191072164103e+07 1.509386418642923608e+07 3.960645852098532704e-01 2.587668227965726331e+07 6.994254381364585954e-24 7.287179101988718613e-24 2.836756577766717879e-24 4.654808670135712201e-01 4.687626914941447691e-24 4.278127840151112367e-03 2.065200361809530361e-03 1.666257529838025865e-03 3.323386964951384193e-01 3.379428245644622558e-03 2.070955998369495865e+04 6.155377900600400608e+03 4.916045011310854534e+03 2.528905942928927897e-01 1.510919536125287050e+04
3.518573004760514565e-03 8.356646373970059678e+06 3.924819136427447200e+06 3.427939553600006737e+06 2.245671164462603731e-01 7.933532872114986181e+06 1.967053376203720945e-24 2.106795664296909858e-24 7.998621102916328602e-25 4.014267891994190984e-01 1.321462058024140715e-24 4.036899461005245306e-03 1.686315291523235102e-03 1.802492390168091785e-03 3.510987277385592686e-01 3.174593717605016935e-03 2.027226575954522195e+04 1.264178130333122499e+04 3.394708217415018225e+03 2.357989137692634019e-01 1.459346473048155713e+04
6.114579083688004638e-03 1.976582454926446779e+06 1.185641299213933060e+06 8.771466366375556681e+05 2.938777765396952679e-01 1.791491447112960042e+06 7.476239584426051054e-25 7.044145210676144715e-25 3.244770458245005943e-25 4.478308984185844777e-01 5.203452347887324009e-25 3.615432026193398166e-03 1.662487579990540223e-03 1.714833774526875821e-03 3.629725246126372928e-01 2.800744929829273883e-03 3.720150961798126082e+04 2.705831898731184992e+04 1.069610173560318071e+04 3.128704684988533602e-01 2.295654780971775108e+04
1.062592059908660722e-02 3.603986325229803333e+05 3.219510358610938420e+05 1.562956134662717814e+05 3.520361774451752357e-01 2.775616704470824334e+05 3.520978029739338402e-25 2.960724413972441313e-25 1.898600270777730413e-25 4.677471081504877004e-01 2.821345833342592155e-25 3.468085146779863095e-03 1.735276042234307637e-03 1.440756267172646271e-03 3.578575482945201003e-01 2.479402202925696120e-03 1.249502738511511998e+05 9.661184609465848189e+04 4.358919729439470393e+04 4.241770410949072811e-01 6.719192342731525423e+04
1.846573362331777393e-02 6.831976397584300139e+04 4.874696112856235413e+04 3.093562021671133334e+04 3.603844086381711720e-01 5.619514144593426317e+04 1.586546099236087944e-25 1.249812521077868146e-25 6.580627372254034165e-26 3.951070627849627703e-01 1.239545328947644968e-25 3.236981549199372931e-03 1.740240285197877136e-03 1.213799760504325745e-03 3.480518616968609202e-01 2.296300332267696247e-03 4.862020021987681976e+05 1.700558216652257252e+05 7.821034452674057684e+04 3.616047009120657019e-01 1.572851362562292488e+05
3.208976719406681638e-02 1.789791628604635844e+04 1.226375476499017168e+04 7.300947643004604288e+03 3.550386527360301359e-01 1.530809882820576240e+04 6.856656287400168030e-26 5.772154109036173987e-26 2.409357188833473964e-26 3.307001595585936093e-01 5.270049766527418374e-26 2.823719865569054941e-03 1.845261488021333364e-03 1.022308756554049644e-03 3.411991753098886360e-01 1.954203366906946508e-03 3.526947124668952310e+05 2.379617505764045636e+05 9.805074485185090452e+04 2.771685257056763496e-01 2.539160929765729816e+05
5.576562402422385878e-02 5.894208669016235945e+03 4.438898731530751320e+03 2.433013123195143180e+03 3.241895029033780018e-01 5.094008972455734693e+03 3.195812803095022411e-26 2.559766264901552389e-26 1.109458284765512120e-26 3.277797378259629246e-01 2.373727937775670748e-26 2.120297599794277333e-03 1.837529811516995602e-03 6.480220890941164671e-04 3.482389514018334742e-01 1.388313103436002779e-03 5.313621524990116013e+05 3.600229336979353102e+05 1.030871774139363843e+05 2.938922065961693808e-01 3.191250715821599588e+05
9.690954764502224261e-02 1.774869595660288951e+03 1.025983587020742107e+03 6.838169072067489651e+02 2.822023695369728080e-01 1.585705753798401020e+03 1.466105494882130660e-26 1.421030179767762024e-26 4.708824550086804356e-27 3.906770515200600480e-01 8.899829095848556797e-27 1.436695850117346513e-03 1.388658081834757583e-03 3.927772166713720575e-04 3.437822830262757812e-01 8.752259133533882383e-04 7.754022148316244129e+05 7.549096185786544811e+05 1.406263951453577029e+05 3.583880541701235933e-01 3.678713445821211790e+05
1.684094922112467918e-01 5.211372879109469523e+02 3.053790468168700727e+02 1.841310617042079798e+02 2.499774275719039707e-01 4.617199910124098778e+02 7.238344066482424061e-27 1.023683628649124973e-26 2.103643683183818868e-27 5.061631146709031359e-01 3.311532558025356090e-27 8.881553778344189812e-04 1.029263421094252229e-03 2.305274926249522346e-04 3.339754915799153512e-01 5.391174453347104961e-04 1.115112822609810857e+06 1.191235664910939056e+06 2.371308540925387642e+05 4.528815046359540020e-01 4.684473942953920341e+05
2.926621551339660399e-01 1.820979228209837686e+02 1.189454395205453920e+02 5.994624293374597812e+01 2.381469854618879223e-01 1.565827695135806152e+02 4.961125354846822015e-27 8.518558275478527973e-27 1.226337494664339555e-27 6.555612463096606168e-01 1.644963107399379583e-27 5.990365299703043515e-04 6.826999600327802054e-04 2.095358669386078758e-04 3.427210943350984529e-01 4.044996785902820607e-04 1.829820243532578927e+06 2.490153162989076693e+06 6.632053600608371198e+05 5.622625487492060037e-01 8.896382374856057577e+05
5.085885357353842062e-01 1.011270136292874327e+02 9.313389797361830347e+01 2.898171239124391718e+01 2.849654585082153080e-01 7.369615777742933460e+01 4.222620555277543144e-27 7.786152409488270920e-27 1.041079253086065741e-27 7.588300427098539913e-01 1.358179079669479606e-27 6.380800488481019580e-04 6.721677873055734815e-04 3.325278781664227140e-04 4.169683753517411939e-01 4.702936522679893950e-04 2.543684725191816688e+06 3.271353263318184298e+06 1.136421464940906502e+06 6.142603017256045295e-01 1.463258391728383955e+06
8.838255788933832013e-01 6.260944164471955986e+01 5.337731591273589515e+01 2.214269935742813544e+01 3.019689303183961671e-01 4.654927777257049115e+01 3.452763748308207887e-27 5.021635892116533737e-27 1.062709364729438393e-27 7.636014064825168424e-01 1.292299636928174005e-27 7.189863337437298269e-04 6.401047267974324141e-04 4.614096158513503578e-04 4.380689707761619700e-01 6.413965098137756372e-04 3.078298552850231528e+06 3.126026445804378949e+06 1.934020661046640016e+06 5.738673625474650652e-01 2.491036727487113327e+06
