# R (Mpc), mean rho (Msol/kpc^3), errup (Msol/kpc^3), errlow, std, median rho (Msol/kpc^3), mean pth (Msol/kpc/s^2), errup(Msol/kpc/s^2), errlow, std, median pth (Msol/kpc/s^2), mean gas-mass-weighted metal (fraction), errup, errlow, std, median metal, mean gas-mass-weighted temp (K), errup, errlow, std, median temp  
#  nprofs 109, mean mh 562126320850.230103, median mh 515663682428.597839 
#  Mass range 11.50 - 12.0
6.704502643857072897e-04 7.087055415582539141e+07 9.035170820089194179e+07 1.504190808387240581e+07 4.980240018661185042e-01 2.622200717706059292e+07 2.156419433640118983e-22 3.623619180501055761e-23 1.036507179754534710e-23 9.088705331834777690e-01 1.240415591872844715e-23 6.705613741552536415e-03 4.569822472467155970e-03 2.143708067726042901e-03 2.796124993754186550e-01 5.389507121484394571e-03 7.788793597633548779e+04 1.028051042213072942e+05 1.048596724195265415e+04 4.865408215558027494e-01 2.456623888348181936e+04
1.165109025084719785e-03 2.169399942514745146e+07 3.351922799014789611e+07 6.475731577971593477e+06 4.749064147868366503e-01 1.029935279159294628e+07 6.676182202970188059e-23 1.819526523917624456e-23 3.411041254870911847e-24 9.619104626550689652e-01 3.828632659553210352e-24 6.893658754027651506e-03 3.089261968302975392e-03 2.669005603718429750e-03 1.892074805395946024e-01 6.671027758382314793e-03 9.668147611365279590e+04 1.292855560144844058e+05 7.425250992697539914e+03 5.488347638614782253e-01 2.009848191092666821e+04
2.024727429375604119e-03 9.787431286958582699e+06 1.306274448647636734e+07 5.097772979970427230e+06 5.091571877764674570e-01 6.673329943821089342e+06 1.713710159660159994e-23 2.202718567373109035e-23 1.817603813285334883e-24 1.018113265853122451e+00 1.974758571811102166e-24 6.804809633806995807e-03 4.729791226530492831e-03 1.945606715242664472e-03 2.118010138134498732e-01 5.888017760417866425e-03 8.767500892300474516e+04 1.491554181239130266e+05 6.091351253126889787e+03 5.750871775698946919e-01 1.772082617060262055e+04
3.518573004760514565e-03 5.678661827478773892e+06 3.903637680004864931e+06 2.099033812864674255e+06 2.291059649057681225e-01 4.956783114102784544e+06 7.143203847095730270e-24 1.030028498549395996e-23 2.514820692022831404e-24 7.030860651752909307e-01 2.866555172863285277e-24 7.111566423531023341e-03 5.267162597924471799e-03 1.652910937697040297e-03 2.231176191391925911e-01 5.683856322113285849e-03 8.282374698132812046e+04 9.687763705411438423e+04 3.434596787499764469e+04 4.844346928751423476e-01 4.704982927023923548e+04
6.114579083688004638e-03 2.117780007985773496e+06 1.096304005280862330e+06 9.207028151038817596e+05 2.527320292051055683e-01 1.995558417997537414e+06 2.826731382608692376e-24 3.310757600345752218e-24 1.238808988509114820e-24 5.922976720298732678e-01 1.704428878641801666e-24 6.383806000569023677e-03 5.149054961572489299e-03 1.247220879425027865e-03 2.528276421464270562e-01 4.391463569704097229e-03 9.332639643152923963e+04 1.001084393390478508e+05 4.758079847646892449e+04 4.172317932903215065e-01 6.998350507300914614e+04
1.062592059908660722e-02 5.036103385435607051e+05 3.488618319889024715e+05 3.429387088751884876e+05 3.656635159510947530e-01 4.846593086128489231e+05 9.204097042521367790e-25 8.176323334634569086e-25 4.369683600184960949e-25 6.167625281653789093e-01 6.282425413657840648e-25 5.484499094608398691e-03 4.924934914562294555e-03 1.388410785521174660e-03 2.549311241232177783e-01 3.996815137964746315e-03 1.527644950148530770e+05 1.494738329351251596e+05 5.815303904791314562e+04 4.368976257085380732e-01 1.041838808726221905e+05
1.846573362331777393e-02 1.008589778953016939e+05 1.362630070366559667e+05 3.259353488466134877e+04 4.388199339865818671e-01 6.113695606299716746e+04 3.152477990414257761e-25 2.104743597585034377e-25 1.619111748851923900e-25 3.928594926022815348e-01 2.701881155592983332e-25 4.740666162022345344e-03 2.486781225737574440e-03 1.321125040001822418e-03 2.481618437085610918e-01 3.648681781263138791e-03 3.033887398011752521e+05 2.410078185957628884e+05 1.210844220822363568e+05 2.904880159811311646e-01 2.506115578240180039e+05
3.208976719406681638e-02 2.203657999910482977e+04 1.837513104010814277e+04 9.373602719775826699e+03 3.625024490371234753e-01 1.635515471703969342e+04 1.025490867153329484e-25 7.219894267277774160e-26 4.296412332369080153e-26 3.117402922546106958e-01 8.041624439881058435e-26 3.854113307559037423e-03 2.023690807346226628e-03 9.973630873129565866e-04 2.119304152819198039e-01 3.188527732243957771e-03 4.297578246837010374e+05 3.020918963745263754e+05 1.633642747501489939e+05 2.765356985387506517e-01 3.598793669509626343e+05
5.576562402422385878e-02 7.195611381825869103e+03 5.498824373183052558e+03 3.318204572903175176e+03 3.155622784051900775e-01 5.986975123005050591e+03 3.498485022537144818e-26 2.511143199785003261e-26 1.386059060007241727e-26 2.745697051629905627e-01 2.978070432051221130e-26 3.194723768720137032e-03 1.295141959297984018e-03 8.961650188357419763e-04 1.865926542400968557e-01 2.891780386202814131e-03 4.540150742169430596e+05 3.920024459523092373e+05 1.313942423322284594e+05 2.847353265363238850e-01 3.333474810730185709e+05
9.690954764502224261e-02 2.478802627193334501e+03 1.552937574346641668e+03 8.966077627745455629e+02 2.651594363772723506e-01 2.187589696565821214e+03 1.351882613015632905e-26 1.199050530827902536e-26 5.345929113322902973e-27 2.825681604816568937e-01 1.053519481846596927e-26 2.549414648970930227e-03 1.068768525956437145e-03 8.217098407877234095e-04 1.899416607884557850e-01 2.377122574795176475e-03 5.061697546205253457e+05 4.806028511412200169e+05 1.454134154865893943e+05 3.087284110516801960e-01 3.303373205697659287e+05
1.684094922112467918e-01 8.200921516073502744e+02 4.669820467301346980e+02 2.909066216021643640e+02 2.106705577392383455e-01 7.645421386580082981e+02 6.124811765214659494e-27 6.995991805846435143e-27 2.228968795587417553e-27 3.617945165658201789e-01 4.127154779207859373e-27 1.992721208738133364e-03 8.080644131399175069e-04 6.943145267367827923e-04 1.995504265562839386e-01 1.882613480446044922e-03 5.885061208811575780e+05 6.815303400267695542e+05 1.787004919704812637e+05 3.325733280673421333e-01 3.854018185617224663e+05
2.926621551339660399e-01 3.024579624326019598e+02 1.807936257578749633e+02 1.020188163451248045e+02 2.072461781055366103e-01 2.648601862004494478e+02 3.397748590967556956e-27 3.664610346678646669e-27 1.258171539725669443e-27 4.853196947569644037e-01 1.927065044870976275e-27 1.426593742302422092e-03 8.448204660262907239e-04 4.711879020240052670e-04 2.227936055121039760e-01 1.271063211890654339e-03 7.554162950928166974e+05 7.446264321424441878e+05 2.777318153051604750e+05 3.815213675731581322e-01 5.327060263853250071e+05
5.085885357353842062e-01 1.473716576494216213e+02 9.438669035084294023e+01 4.633425373152923044e+01 2.453694981864087132e-01 1.174064206177070844e+02 2.368524364229767483e-27 2.721030100461777334e-27 1.068041133386778435e-27 5.896590309019317244e-01 1.401258385965234949e-27 1.132837286880145327e-03 6.940750673152271209e-04 5.195327922158238243e-04 2.756979131074368539e-01 1.051124243155536573e-03 1.018506382839675993e+06 1.041569691493170103e+06 5.986421405332689174e+05 4.397462088581865491e-01 8.780336997891862411e+05
8.838255788933832013e-01 8.595192767419366930e+01 7.145736299146230408e+01 2.884264100051075275e+01 2.729447571438382014e-01 6.729114906272866392e+01 1.876968073055395362e-27 2.200983334776388099e-27 7.284112758699984013e-28 6.768855328111835767e-01 1.000558101526005549e-27 1.085416537843108663e-03 7.346284531901511785e-04 6.010572193683815347e-04 3.675216621971683639e-01 1.003889100601348863e-03 1.302889477994316258e+06 1.226385035296826623e+06 6.223073394999506418e+05 4.782445676640951215e-01 1.094793480910348706e+06
