# R (Mpc), mean rho (Msol/kpc^3), errup (Msol/kpc^3), errlow, std, median rho (Msol/kpc^3), mean pth (Msol/kpc/s^2), errup(Msol/kpc/s^2), errlow, std, median pth (Msol/kpc/s^2), mean gas-mass-weighted metal (fraction), errup, errlow, std, median metal, mean gas-mass-weighted temp (K), errup, errlow, std, median temp  
#  nprofs 277, mean mh 550842830289.773682, median mh 510817294574.817688 
#  Mass range 11.50 - 12.0
6.704502643857072897e-04 4.434122128402769566e+08 3.283375327116227150e+08 2.519903061395342052e+08 3.941618484708586667e-01 4.018849768913555145e+08 1.325693833640964274e-22 1.281463406261652535e-22 7.258131273011121998e-23 4.621736625495013184e-01 1.080693512949821727e-22 3.106156686098441623e-03 2.053582667351572418e-03 8.630376555782410912e-04 2.722213856813622823e-01 2.586166795051293016e-03 2.029320669603245551e+04 5.868281408394566824e+03 4.078688889125625792e+03 1.091426341491231466e-01 1.933798641293500623e+04
1.165109025084719785e-03 2.082530737617073953e+08 1.382113240420999229e+08 1.106858062218340933e+08 3.303698974048785431e-01 1.985898509488217533e+08 3.443140595087996393e-23 2.403898525930437974e-23 1.737113292145904069e-23 3.461197862133787440e-01 3.117570724802195618e-23 2.786463162544029759e-03 1.545775790485994904e-03 7.461659194516346433e-04 2.501082985310725260e-01 2.374616449329668925e-03 1.350449416909248794e+04 3.377158688057703330e+03 3.181121550594918517e+03 1.543524208423382726e-01 1.249216145529098321e+04
2.024727429375604119e-03 5.444337086149783432e+07 3.794383413724601269e+07 2.675648451792793348e+07 2.979490224373996243e-01 4.918427280913701653e+07 5.372258788812487996e-24 5.318192061220584597e-24 1.803516197615766810e-24 3.836311696312673658e-01 3.413086570903927763e-24 2.722353617399208420e-03 1.425410867857146175e-03 7.851141748326259748e-04 2.468222978229316356e-01 2.322273566303823412e-03 8.965274082398651444e+03 5.542922196420307046e+03 3.354116018360302405e+03 2.430764815912980215e-01 7.514076393250094952e+03
3.518573004760514565e-03 7.897273899518759921e+06 5.912954554993627593e+06 3.339675916716846637e+06 3.036093550811719277e-01 6.771321904953258112e+06 1.529891810696046432e-24 1.819552245477694988e-24 4.037099131006486605e-25 5.572114087629104207e-01 6.129878435729513889e-25 2.707281467310724155e-03 1.856999929898617979e-03 1.083713325024123538e-03 2.904266587620251139e-01 2.265781391759933219e-03 1.460643039185451198e+04 1.361026996308366688e+04 4.646493999443268876e+03 3.119419723291184110e-01 9.792676198059542003e+03
6.114579083688004638e-03 1.075842830801664619e+06 9.752450081057674251e+05 6.377971175001777010e+05 4.295640926085294020e-01 8.995249314128947444e+05 6.207607191250573124e-25 7.517171586499825926e-25 3.743525385615689261e-25 6.827677067833706204e-01 4.318235596254591827e-25 2.501941263057764955e-03 2.452746727550739712e-03 8.768762365037804929e-04 3.375286445639022470e-01 1.814919465590921844e-03 7.017897781175031560e+04 7.751307883678990765e+04 2.152237381209406158e+04 4.993472663328816785e-01 3.208293021419515571e+04
1.062592059908660722e-02 1.744623110711776535e+05 2.099052547130726161e+05 7.101346147716857377e+04 5.129006415888133219e-01 1.101092800637861947e+05 3.217971881991485880e-25 3.880488704696698145e-25 1.853300965986801458e-25 7.244624019277037252e-01 2.383421927151360078e-25 2.201868978624732087e-03 2.169576578072976956e-03 7.301302813307895606e-04 3.523338141342951535e-01 1.435981240260688317e-03 2.247864370826029335e+05 2.327563241599852627e+05 1.139155917568921723e+05 5.563346010872008973e-01 1.446038000737796829e+05
1.846573362331777393e-02 3.151597648104419204e+04 2.946610752649890856e+04 1.560826915589750206e+04 4.631070009722672576e-01 2.534433211928844321e+04 1.694913549018729259e-25 1.432435769008751114e-25 9.217440463670284853e-26 5.223901244202761029e-01 1.387960343933355067e-25 2.026385330171713225e-03 1.550104345596408327e-03 5.837332679233474785e-04 3.898597078162054363e-01 1.119049887086657601e-03 4.897418492962797172e+05 3.113801678131547524e+05 2.641292872700610314e+05 3.581604825758463728e-01 4.190520568899492500e+05
3.208976719406681638e-02 9.698852171314101724e+03 6.598214771071967334e+03 5.366538601818047027e+03 4.814128900800695443e-01 8.384962882874373463e+03 7.323422937159309250e-26 6.629205794429276811e-26 3.453735479729321502e-26 5.456435226675995231e-01 5.909414929314094883e-26 1.644840019465038366e-03 1.212925777081754744e-03 4.478582032409240163e-04 4.057187575241126276e-01 8.387187639644149654e-04 8.396000273298688699e+05 3.271316773769187275e+05 2.611311677967927535e+05 3.369804650261219447e-01 5.223882192128216848e+05
5.576562402422385878e-02 3.485023358541039670e+03 2.463901687956546084e+03 2.020019726938090344e+03 4.420020188603350220e-01 3.276862311265847893e+03 3.077822205172409069e-26 2.300117887413170139e-26 1.323027939798785676e-26 5.337353119175961558e-01 2.375925495027375585e-26 1.164666775217721795e-03 7.918488087659829484e-04 3.301279919619931158e-04 4.036949491372039955e-01 5.981446533403905752e-04 1.092816516754722223e+06 4.003619760558243142e+05 1.964982215410686331e+05 3.421670462628529363e-01 5.237236307955899974e+05
9.690954764502224261e-02 1.166034859314636151e+03 6.876906521454766335e+02 6.507477603424149493e+02 4.297818501799442470e-01 1.134082639916333619e+03 1.466987805078923494e-26 1.278372959441572116e-26 5.379793482731454555e-27 5.347611668149424569e-01 9.621483009758317874e-27 7.892255155204052882e-04 6.915865884472632494e-04 1.681366251767870388e-04 3.653609187420066018e-01 3.944269107684834929e-04 1.624392097397297854e+06 1.591483776424127398e+06 2.428685948111744947e+05 4.552088127763703751e-01 5.688541691454246175e+05
1.684094922112467918e-01 3.949134988537355184e+02 2.636094843319937127e+02 1.779335441398056901e+02 3.615266697515725491e-01 3.596106516391962487e+02 9.026068497202882358e-27 1.080505327630497977e-26 2.787794379737889680e-27 5.008133281571165440e-01 4.348806186444179057e-27 6.131028300559581302e-04 5.567170865968578070e-04 1.585060746460137523e-04 3.382393020444360854e-01 3.663675341988093578e-04 2.444946993258624338e+06 2.952483106450114399e+06 5.833612195632702205e+05 5.157834482193532910e-01 9.215568623470038874e+05
2.926621551339660399e-01 1.727512680223454993e+02 1.152760580554886758e+02 6.438231035044796613e+01 3.251830416631840692e-01 1.389713007938727856e+02 6.735852173101104142e-27 8.203431688988741268e-27 2.351288416684129855e-27 5.852118345967024515e-01 3.222924724902247079e-27 6.841470135950524596e-04 6.488161256375587094e-04 2.070883308071307593e-04 3.705360735677912798e-01 4.023231866277061854e-04 3.154797890140862204e+06 3.297981303694532253e+06 1.292786895375077147e+06 5.110125548637882709e-01 1.817030317063433817e+06
5.085885357353842062e-01 9.953472022813750186e+01 8.852094443375453636e+01 3.436558303611423071e+01 3.369005176116335321e-01 6.954814082474301529e+01 5.828375029838707246e-27 5.015442864815464538e-27 1.841045559919385911e-27 6.095412517090729176e-01 2.543810172985902184e-27 8.295933564764560982e-04 7.738264827705105533e-04 3.472221190915330256e-04 3.705493522058113109e-01 5.962914720605124114e-04 3.854929668159033172e+06 3.448030255959191825e+06 2.091745748922568280e+06 4.718407089667590593e-01 3.024129224866706412e+06
8.838255788933832013e-01 7.013310232486698226e+01 5.603839072741023841e+01 2.338400364433356415e+01 3.452733797783341663e-01 4.542448835795234885e+01 5.498670350439861129e-27 4.333781511985502900e-27 1.521866109821548871e-27 5.917847856256400751e-01 2.172155178385910196e-27 1.020502451544472340e-03 6.875368882324293246e-04 4.866514956843435058e-04 3.276843121731760622e-01 8.835109304656562409e-04 4.349646745862136595e+06 3.106555854045465589e+06 2.430042271409635432e+06 3.862925040577604441e-01 3.970357633960277773e+06
