# R (Mpc), mean rho (Msol/kpc^3), errup (Msol/kpc^3), errlow, std, median rho (Msol/kpc^3), mean pth (Msol/kpc/s^2), errup(Msol/kpc/s^2), errlow, std, median pth (Msol/kpc/s^2), mean gas-mass-weighted metal (fraction), errup, errlow, std, median metal, mean gas-mass-weighted temp (K), errup, errlow, std, median temp  
#  nprofs 136, mean mh 212949369618.406311, median mh 203169335410.911499 
#  Mass range 11.00 - 11.5
6.704502643857072897e-04 1.026792029069295228e+08 7.134164285483509302e+07 6.491274077772663534e+07 3.877369323556622560e-01 8.731569070851808786e+07 1.737552996434276272e-22 2.550481382245894678e-22 2.852188652253768463e-23 8.543422939043502362e-01 3.332235626467012523e-23 7.319997937918302881e-03 2.926175434789452315e-03 1.947843037539326132e-03 1.527836502583721778e-01 6.796383428899039139e-03 7.967824686154149822e+04 4.518346571606442740e+04 8.120560047117465729e+03 4.892037828298990698e-01 2.466514629397730459e+04
1.165109025084719785e-03 2.925674738284482062e+07 2.644071987044689432e+07 1.674276704282168485e+07 4.958499922918305214e-01 2.276170233201607689e+07 6.667770438191389964e-23 1.321846133082765779e-22 4.976797917233590568e-24 1.072564777656113799e+00 5.352658289433174299e-24 5.773305745383377693e-03 2.467598249560191623e-03 2.537635293086765685e-03 2.488943954114837265e-01 5.598225285823432706e-03 8.400871207806329767e+04 1.935931997994502599e+05 6.304921149239407896e+03 5.583190778376713181e-01 1.824737610736568604e+04
2.024727429375604119e-03 7.162203287534168921e+06 8.251093355166994035e+06 4.074754354738903232e+06 5.017380442826009368e-01 5.357240174551464617e+06 1.757798848145881088e-23 2.910710231071450209e-23 5.387769449889982894e-25 1.127268069108308790e+00 6.184285198290750591e-25 5.097526408135909411e-03 2.433789965053514970e-03 1.930158130946735186e-03 2.412291315752624343e-01 4.978036810422121691e-03 1.083227556894758745e+05 2.122678091492845269e+05 4.030486340343391930e+03 6.457662820249523428e-01 1.317414427027802230e+04
3.518573004760514565e-03 3.416064900422879029e+06 2.123567500195812434e+06 1.043399850838200655e+06 2.651495455865355844e-01 2.949837991895525716e+06 4.067094613284061232e-24 8.303481892858894558e-24 4.473210579575965515e-25 8.124815618062058986e-01 5.955299634696398373e-25 4.206217226473189102e-03 1.700943623637193869e-03 1.543184925917052627e-03 2.036042120748434991e-01 4.093834178148547318e-03 8.653586270276427967e+04 1.422759940465014370e+05 4.420145825076324400e+03 5.807829665428034804e-01 1.417775563336853520e+04
6.114579083688004638e-03 1.141156153750203550e+06 7.751579296269784681e+05 6.008268708938873606e+05 3.409073388379619818e-01 1.073632016710776370e+06 1.245117553576375056e-24 2.003781487999392996e-24 6.517463065516771677e-25 7.367573016382231721e-01 7.142639826196737163e-25 3.393873016776116028e-03 1.710607702044100210e-03 1.270059231127873382e-03 2.148815054854986140e-01 3.223846035650570867e-03 1.097121179021372227e+05 1.131810323537158256e+05 3.635468212817341555e+04 5.723700668151580073e-01 4.679155623700637807e+04
1.062592059908660722e-02 2.673428610694393865e+05 3.305513787715150975e+05 1.429751076560314104e+05 4.769346273162477501e-01 1.956650196776603116e+05 3.593172172671832568e-25 3.910033116322749876e-25 2.475032693510161592e-25 7.030925156517384700e-01 2.712791492546907819e-25 2.835859278980699689e-03 1.169421161044267680e-03 1.028721483019503103e-03 1.996818217643903381e-01 2.732283853847733250e-03 1.541337190494604874e+05 2.072779423304961529e+05 6.124760769194949535e+04 5.464472529904632614e-01 7.737439192264899611e+04
1.846573362331777393e-02 4.612387049147248035e+04 5.314473040406085784e+04 1.836893495944769529e+04 4.573233339070661985e-01 2.988729271943704225e+04 9.222537960654284927e-26 9.464235581852900770e-26 4.492911877107232593e-26 5.017562549599152710e-01 6.764240766979931184e-26 2.712697367905123925e-03 1.262411406439120816e-03 1.134668085079844780e-03 2.421211577536413473e-01 2.450486212043715903e-03 2.122399440215636278e+05 1.848904793100292736e+05 1.033008531189424684e+05 4.091858616862411591e-01 1.637686433620743046e+05
3.208976719406681638e-02 1.001571327878499869e+04 7.654364646466828162e+03 4.384677160416786137e+03 4.018077991001276494e-01 8.166879873852935816e+03 2.603880871868507026e-26 1.871265714059688272e-26 1.053286544466005077e-26 3.976151447001683992e-01 2.067891309899064271e-26 2.377015270901654959e-03 9.546425484616071974e-04 1.035948618292559156e-03 2.077304696027140463e-01 2.324025737215073672e-03 2.242560019762863813e+05 1.270723233023236389e+05 5.253386530752255931e+04 2.406353569713238216e-01 1.772574578243345604e+05
5.576562402422385878e-02 3.323398447932201179e+03 2.323407331106612219e+03 1.231713084332952803e+03 3.152411658879206713e-01 2.815114915112411836e+03 8.894082528392849179e-27 7.021716007089518560e-27 4.038529450203251222e-27 3.151845524597077230e-01 7.765181308676316418e-27 2.038608553466755846e-03 8.459374715899465116e-04 6.531280205971073515e-04 1.858322006315289987e-01 1.919030850665152423e-03 2.227225149780749343e+05 1.166182157481969043e+05 6.778511957941539004e+04 2.100269806401216799e-01 1.957531160904510471e+05
9.690954764502224261e-02 1.162813088951495047e+03 5.442100051098157110e+02 4.762090291956729970e+02 2.766630358921308708e-01 1.098879191910084046e+03 3.908887571012505041e-27 3.165447727888410278e-27 1.156773511423786153e-27 3.200358475243988976e-01 2.719604779036362441e-27 1.812112529633002874e-03 6.874298337965934359e-04 5.859889216863485139e-04 1.710679796738890091e-01 1.725867605439094761e-03 2.863353813789510168e+05 1.756492124189104070e+05 7.239034096984009375e+04 2.627956607390608545e-01 2.010885786414723261e+05
1.684094922112467918e-01 4.439531278647281169e+02 2.671724089889772245e+02 1.517796297491080395e+02 2.384036179459703975e-01 3.809955805626368033e+02 2.344444331045818516e-27 2.056009332337251427e-27 8.235830611031872554e-28 3.826404542700225231e-01 1.465657538771992753e-27 1.552666303216466547e-03 6.697627508278889731e-04 4.784483745841474700e-04 1.774982323321915301e-01 1.417547197278179374e-03 4.679262535393745056e+05 4.356580612168203807e+05 1.409958646375672251e+05 3.799094685393175630e-01 2.612451738907253894e+05
2.926621551339660399e-01 1.943668172699415209e+02 1.208456706007911521e+02 6.358660491366265433e+01 2.264528683720196112e-01 1.666946215545710857e+02 1.850989072153437837e-27 1.718760833109520456e-27 7.917955076158564421e-28 5.086110433679046361e-01 1.063272905853283351e-27 1.262940312842104808e-03 5.568105543493047718e-04 5.047567987314945494e-04 1.897995909782985158e-01 1.220792381089080923e-03 7.577223176907199668e+05 9.122831614012217615e+05 2.878500358954668045e+05 4.761387229034547142e-01 4.060959280426970217e+05
5.085885357353842062e-01 1.036467584956077843e+02 8.310640183548198934e+01 3.163078727773983445e+01 2.378959197022711136e-01 8.356225689547957813e+01 1.570346361681121338e-27 1.831346927534142617e-27 7.231169467603862542e-28 5.896225539907082869e-01 9.093893968783272648e-28 1.068675297130016822e-03 4.223501024800903249e-04 5.063634979429795097e-04 2.258286725921921922e-01 1.039076355199567347e-03 1.150787913866186282e+06 1.511830921451256843e+06 5.074585986174780992e+05 5.243427816913774908e-01 7.106951871062216815e+05
8.838255788933832013e-01 6.033174028991023619e+01 5.172355817208833173e+01 1.976626429864211332e+01 2.438598597329156292e-01 4.908362736963174200e+01 1.307064773513264065e-27 1.529247698433368459e-27 6.403829044926044812e-28 6.583207656099586691e-01 8.158797955319042384e-28 9.446960973875859202e-04 6.222717027198062601e-04 4.109042923479652482e-04 2.839951899931272838e-01 8.508634135858656302e-04 1.511903479830945842e+06 1.602637090293161105e+06 8.447607179711442441e+05 5.342482048480955426e-01 1.159075912546862848e+06
