# R (Mpc), mean rho (Msol/kpc^3), errup (Msol/kpc^3), errlow, std, median rho (Msol/kpc^3), mean pth (Msol/kpc/s^2), errup(Msol/kpc/s^2), errlow, std, median pth (Msol/kpc/s^2), mean gas-mass-weighted metal (fraction), errup, errlow, std, median metal, mean gas-mass-weighted temp (K), errup, errlow, std, median temp  
#  nprofs 206, mean mh 547665245741.495728, median mh 491500323583.642395 
#  Mass range 11.50 - 12.0
6.704502643857072897e-04 4.533112940040613413e+08 4.157129086715294719e+08 2.750603592479233742e+08 5.015329435988539197e-01 3.642617486747285724e+08 1.319427262900768369e-22 1.399033567996542541e-22 8.130822148695478224e-23 6.012803756770292996e-01 1.019550538567924656e-22 2.744912373548295988e-03 1.587762283988776446e-03 9.147981071999523438e-04 2.776344859927663555e-01 2.287161976873390568e-03 2.016805565905355979e+04 5.530711171229417232e+03 3.685133283855804621e+03 1.287106510740006204e-01 1.939879448803271953e+04
1.165109025084719785e-03 2.453110804406649768e+08 2.024021640317066312e+08 1.611639079679650366e+08 5.234276184100321583e-01 2.083869836388083100e+08 4.361592942320902099e-23 3.964288484437351227e-23 2.387751017750644024e-23 5.312027441651013815e-01 3.411478003509509186e-23 2.763985721530885873e-03 1.880399845569829045e-03 8.833134453329080735e-04 3.007182037518831841e-01 2.151830255145889201e-03 1.482716838273358553e+04 4.858684804693933984e+03 3.495022338364466123e+03 1.411497406799725463e-01 1.387689711710307165e+04
2.024727429375604119e-03 7.241454811025068164e+07 5.806182827726188302e+07 3.849569982759685069e+07 3.752119976262475731e-01 6.253950330987443030e+07 8.678728306949675400e-24 8.496842680154715269e-24 3.489600641693848593e-24 3.902920917399698708e-01 6.155675196668480737e-24 2.731795990006877662e-03 1.793826631390539779e-03 8.826010455771199879e-04 2.902869640796085782e-01 2.148323376092109438e-03 1.119678529085759692e+04 4.420485746814265440e+03 4.327895600013523108e+03 2.229344375403122802e-01 1.000377403546143069e+04
3.518573004760514565e-03 1.254432549393556826e+07 7.899943168774869293e+06 4.278871394542109221e+06 2.360166972135647190e-01 1.082090452720169723e+07 1.999108029023296930e-24 1.870232901152007788e-24 9.441524051964104266e-25 4.433874678497561894e-01 1.364993277442251815e-24 2.755811345156844450e-03 1.798397033891071996e-03 1.080090342956285029e-03 3.117688904409930406e-01 2.162377776896595282e-03 1.430542300711899406e+04 6.449696673859369184e+03 6.240582512736063109e+03 2.850554442863527105e-01 1.141769315300199378e+04
6.114579083688004638e-03 2.039864734963797731e+06 1.413143183812404051e+06 1.059092649621028919e+06 3.564497060963736086e-01 1.779743032605784945e+06 6.512990263944461396e-25 7.320206892568780400e-25 3.488775057811190828e-25 5.814547533890167541e-01 4.695325266259427954e-25 2.677244058640403795e-03 2.025870547173675221e-03 1.052186939708325136e-03 3.383529601855767566e-01 1.989843777067964482e-03 2.875999597171804271e+04 2.559231238398133064e+04 1.067837702115431966e+04 3.357102402037717703e-01 2.085940235600738743e+04
1.062592059908660722e-02 3.575162844292115187e+05 3.683357508484744467e+05 1.539652140590164927e+05 4.456796666600875700e-01 2.444645417407688219e+05 3.334010439754786484e-25 3.538442342062075982e-25 1.490113730184718989e-25 5.486713137941321428e-01 2.444102734707384074e-25 2.522537071661661891e-03 2.000467281997255539e-03 7.313148324737948121e-04 3.520620336384957527e-01 1.603824852099205219e-03 1.040530126648919104e+05 1.104402478248308034e+05 4.749118176973556547e+04 4.441066749999409424e-01 6.962256189289315080e+04
1.846573362331777393e-02 7.211045228224621678e+04 6.555103797474730527e+04 3.139986533592471096e+04 4.799362526400405837e-01 4.988724251401326183e+04 1.482798522555719700e-25 1.271177723171338820e-25 7.615396781787948925e-26 4.447834352216581966e-01 1.251009137291020408e-25 2.487798320656251817e-03 2.108818723892545450e-03 6.402355030792277564e-04 3.663759758085007867e-01 1.430127537351888901e-03 2.263948206253230164e+05 2.102266218362913642e+05 1.115456306569883163e+05 3.713768821392812725e-01 1.861053770531291084e+05
3.208976719406681638e-02 1.754232323309389540e+04 1.560128430430113985e+04 7.612013126465626556e+03 4.808109491894084764e-01 1.367521940496346178e+04 6.623399240081707080e-26 4.999632860016438017e-26 2.603145390882684440e-26 5.099435652311313794e-01 5.355902430401278424e-26 2.124501430890228873e-03 2.041555544913863617e-03 5.572995688525597072e-04 3.750606476177325010e-01 1.157184935333506730e-03 3.527010539444216993e+05 2.951407785323067219e+05 1.403950607406024938e+05 3.128312137813185623e-01 2.783382472612553393e+05
5.576562402422385878e-02 5.543317828014013685e+03 4.545987943928040295e+03 2.558894947629371927e+03 4.529835782212204842e-01 4.633649331747355063e+03 3.083934208856151011e-26 2.415311877569589745e-26 1.132392595425808868e-26 4.624803905469739851e-01 2.341819721258287266e-26 1.565209848725863159e-03 1.658234277927450769e-03 4.920248542988712049e-04 3.806604347465963323e-01 9.225191753148275506e-04 5.218180599744778010e+05 3.995515612898195977e+05 1.388409969730550074e+05 2.990616622337763375e-01 3.487648849869524711e+05
9.690954764502224261e-02 1.661305729146034764e+03 1.102133201983998333e+03 7.161316530112295595e+02 4.391152817644081718e-01 1.512144150022470058e+03 1.346080080153151677e-26 1.226711309410723387e-26 5.558515828515258159e-27 4.807530675006959076e-01 9.240751474062382560e-27 1.050368614883392124e-03 1.115960720002643052e-03 2.581171293193411874e-04 3.741088107497197446e-01 5.604910805130569260e-04 8.858326501144778449e+05 8.031754024817483732e+05 1.757546305794254295e+05 3.857058134008872208e-01 4.174405169463698985e+05
1.684094922112467918e-01 4.997030075649839205e+02 3.163569028476391622e+02 1.849215583156280900e+02 3.485591819761468813e-01 4.443175172169312646e+02 6.777535929053569495e-27 8.012309398564147624e-27 3.302872229733521731e-27 4.788481362690494292e-01 4.494499845039990236e-27 7.864993649311162157e-04 7.912112270310189821e-04 1.796966292140599736e-04 3.823118744054587737e-01 3.863324549809130527e-04 1.525956005011875648e+06 1.416633725820407039e+06 5.095336514947398682e+05 4.920959803112020525e-01 7.384116687015371863e+05
2.926621551339660399e-01 1.941719186026110151e+02 1.133642088903305876e+02 6.502192575633053195e+01 3.050973525324480184e-01 1.599825108356186547e+02 4.991169377784035162e-27 5.246988366992518047e-27 2.452260714173246872e-27 6.064351157411285165e-01 3.072357519275471523e-27 6.476742931344176652e-04 6.601565079711767996e-04 2.160210872538199977e-04 3.958532705925016937e-01 3.785612642733215657e-04 2.482677478413088247e+06 2.533850512077272870e+06 1.027177011963171652e+06 5.753285433596475595e-01 1.282787283299691277e+06
5.085885357353842062e-01 1.000274041784576298e+02 8.358881920124925102e+01 3.310653822587863004e+01 2.746472327109049094e-01 7.650264269582227428e+01 4.152651139102948429e-27 4.066240399982695804e-27 1.879864014931583393e-27 7.198416821279902678e-01 2.334626667690414507e-27 7.082180511151403741e-04 7.866198713602195591e-04 4.107279082807247742e-04 4.521542635170810454e-01 5.446771651518988056e-04 2.952731926442927681e+06 2.353305013673741370e+06 1.591532741158189019e+06 5.923166851530773380e-01 2.066140372030714760e+06
8.838255788933832013e-01 6.533295790398223346e+01 4.846897098322043007e+01 1.966584513314594318e+01 2.901081239531029254e-01 4.597022038205510341e+01 4.093009345492556420e-27 4.076834757965536266e-27 1.549719258764636512e-27 7.283630453411312766e-01 2.014153211241851690e-27 8.745534954380036925e-04 8.401316229217534962e-04 4.925538363882993971e-04 4.737898182730525543e-01 7.178016842846561812e-04 3.623817325680105481e+06 2.772249672224055510e+06 2.057933986845032778e+06 5.446566701944406397e-01 3.032947839087001514e+06
