# R (Mpc), mean rho (Msol/kpc^3), errup (Msol/kpc^3), errlow, std, median rho (Msol/kpc^3), mean pth (Msol/kpc/s^2), errup(Msol/kpc/s^2), errlow, std, median pth (Msol/kpc/s^2), mean gas-mass-weighted metal (fraction), errup, errlow, std, median metal, mean gas-mass-weighted temp (K), errup, errlow, std, median temp  
#  nprofs 155, mean mh 213548967951.869110, median mh 201344763605.592133 
#  Mass range 11.00 - 11.5
6.704502643857072897e-04 1.004807617318982482e+08 9.129336311989469826e+07 4.848061854958964884e+07 3.789138785124022690e-01 8.210732285492037237e+07 1.580120065942385314e-22 3.539490824937144695e-22 2.128659200477086628e-23 8.062892880114277405e-01 2.721957261958329811e-23 6.531396606138478896e-03 2.654015805182045190e-03 2.709200377924477453e-03 2.278503146557317727e-01 6.223506807779190936e-03 9.220319179888068174e+04 1.351401141297235154e+05 7.113437991666352900e+03 4.890697938004102130e-01 2.457531429238476994e+04
1.165109025084719785e-03 3.314765960188142210e+07 2.843062220575321093e+07 1.493577608534130268e+07 3.955582665349621219e-01 2.554983315583901480e+07 8.430223695297823171e-23 1.521559083285516699e-22 7.517273094222791924e-24 1.026661512280462762e+00 9.353029311785761349e-24 5.747863364895269139e-03 2.747555628834138890e-03 2.344515254471733756e-03 2.625523288988537152e-01 5.293047252400920853e-03 1.495688256858428067e+05 2.387158542924871435e+05 6.676131779296109016e+03 6.733264912745208219e-01 2.100700820404514161e+04
2.024727429375604119e-03 9.314183951199427247e+06 6.370049632174722850e+06 6.625679978216368705e+06 4.542311392993383934e-01 8.899296042866759002e+06 2.134242569097432242e-23 4.367894294309509239e-23 2.921838238534970931e-24 1.065285767615175683e+00 3.138798963337805405e-24 4.881817546206307715e-03 2.612803052505121258e-03 2.160667427300668169e-03 2.465453769956142682e-01 4.418365264305644698e-03 1.334516692864776705e+05 2.378519473069099768e+05 7.844998818668522290e+03 6.537099647944087932e-01 1.907011497597173366e+04
3.518573004760514565e-03 3.782694827227798756e+06 2.035021266800568905e+06 1.573065170140595175e+06 2.891886530812655121e-01 3.540402623310790863e+06 4.744046745115937421e-24 7.043880564229099537e-24 2.447545409726105719e-24 7.837570595387198802e-01 2.688176566280241594e-24 3.838283709467047236e-03 1.667900228792233361e-03 1.747539812414822475e-03 2.588541072845110813e-01 3.575208093453188622e-03 8.770880487164162332e+04 1.020968156964437221e+05 4.410427501727741037e+04 5.331133868136315179e-01 5.526955792160586134e+04
6.114579083688004638e-03 1.153366527025049087e+06 7.032441659276075661e+05 7.273794667806820944e+05 3.755210141094587617e-01 1.125822128524889704e+06 9.624816702465283919e-25 1.533469224448409512e-24 5.058869073350815037e-25 7.035123518789976327e-01 5.844142679652222363e-25 2.906583339212284907e-03 1.159655808227350385e-03 1.505541152598858894e-03 2.640839399994158732e-01 2.822158808212416221e-03 7.090331090026791207e+04 6.877524712816857209e+04 3.449309896484916680e+04 4.580678729653334669e-01 4.508998320168651117e+04
1.062592059908660722e-02 2.197551302451642405e+05 2.695414652023040690e+05 9.305821148496968090e+04 4.496790424720002455e-01 1.501882338155584875e+05 2.092529231790947131e-25 2.162848047997070096e-25 1.161922639489886356e-25 6.036659760302914846e-01 1.482908618429155198e-25 2.761146548163563499e-03 1.721150502721346173e-03 1.174593882504780442e-03 2.898101866927563774e-01 2.435681470035552017e-03 1.121455365179875662e+05 1.681473415713073628e+05 4.820627892931389215e+04 4.959616392289091791e-01 6.369024628869528533e+04
1.846573362331777393e-02 3.823473069942417351e+04 4.029662493167034700e+04 1.626431378047496764e+04 4.795315981648235470e-01 2.649736045308967005e+04 6.680495780337000734e-26 4.808746694641870475e-26 3.497732903813175453e-26 4.951845673616022125e-01 5.801709810702070733e-26 2.659485470729151466e-03 1.874259060987710623e-03 8.915974969174707623e-04 2.855982166094321317e-01 2.199087796206071737e-03 1.945152196113011742e+05 1.481317735112121445e+05 9.574574597179045668e+04 3.657836003207093900e-01 1.544366392055355245e+05
3.208976719406681638e-02 9.349134848529440205e+03 5.945363770129326440e+03 4.559034810738226952e+03 3.870698062666919625e-01 8.148178739813691209e+03 2.465536364938976787e-26 1.897245858141839366e-26 1.004274987262639565e-26 4.574526577929155513e-01 2.136316380273368132e-26 2.429995359016715560e-03 1.115192090871741214e-03 1.097927428294071493e-03 2.529412544404472940e-01 2.222707059856354663e-03 2.650243487084966619e+05 1.257052228505362291e+05 6.187696934504290402e+04 3.193213944866866716e-01 1.846992947940824088e+05
5.576562402422385878e-02 3.283563536220298829e+03 1.871430933293449925e+03 1.616417770736713237e+03 3.822840226842177946e-01 3.042459718730707209e+03 1.175495590623814294e-26 9.460816200508597192e-27 4.100496949015300499e-27 4.106259358113172331e-01 8.289552910114926797e-27 2.130200126660635601e-03 1.020321518779971053e-03 8.768230828961856745e-04 2.874380018099752521e-01 1.914211782518271832e-03 4.935379341350998729e+05 1.740625763597545447e+05 7.687593646834645187e+04 3.843312881605114861e-01 1.990083228410311276e+05
9.690954764502224261e-02 1.118045074874378543e+03 7.020524246887341633e+02 4.515865614855446211e+02 2.863212804944321177e-01 1.024078068150321315e+03 6.892124995244187310e-27 7.361872024153571531e-27 2.503107108075425554e-27 4.840659655059847410e-01 3.830656063841721189e-27 1.629525899305650505e-03 9.043469282983718650e-04 5.513540038578056699e-04 2.141850898738397180e-01 1.423784643954454201e-03 5.567347484061657451e+05 5.663577659970509121e+05 1.164107036956652155e+05 4.349352742908356717e-01 2.327561380311191606e+05
1.684094922112467918e-01 4.149530148359047530e+02 2.458138688939326926e+02 1.383940914115457872e+02 2.496308241078246393e-01 3.587904893806424411e+02 4.950556197414908660e-27 6.800910108548631457e-27 1.392094524648294331e-27 5.761230189725680129e-01 1.839367149789919107e-27 1.266557390316515623e-03 6.956529660519653654e-04 4.882369902220179544e-04 2.315218929899162392e-01 1.123998583048327901e-03 8.714900497782210587e+05 1.058194168956919340e+06 2.409859090664043906e+05 4.923925117055836242e-01 3.724508942944179289e+05
2.926621551339660399e-01 2.139644733208903915e+02 2.065825060042719485e+02 6.769378604852295211e+01 2.826644261543508896e-01 1.588427984916706066e+02 4.198157541542602242e-27 5.681371446649731316e-27 1.295170369290848871e-27 6.778886674994418771e-01 1.601171403960735815e-27 1.019604250159537959e-03 7.484257631198439455e-04 3.640795895260423576e-04 2.612568526483711739e-01 8.248036882265683293e-04 1.214563746155502042e+06 1.384815423746114131e+06 4.642855255600209348e+05 5.269086941781966349e-01 6.916679346717748558e+05
5.085885357353842062e-01 1.429042504232226065e+02 1.783945669181402423e+02 4.165736986725521263e+01 3.370823338303511885e-01 9.138782855872624111e+01 4.172970198124796020e-27 5.910087551236783687e-27 1.171095615890440683e-27 7.560434048596587076e-01 1.403051839288809950e-27 9.149350115164063936e-04 7.314740894514031770e-04 5.692079810074756252e-04 3.470854974181699637e-01 8.492779068046306867e-04 1.597742590763741871e+06 1.904065662529373541e+06 7.415066089988435851e+05 5.308091653838646895e-01 1.023425998126722290e+06
8.838255788933832013e-01 9.540570612120693283e+01 8.550811379094943732e+01 3.607747046202953101e+01 3.590836314624686887e-01 6.448297815824454915e+01 3.983022906559350747e-27 4.855408089237379937e-27 1.189812378794410098e-27 7.837379400861163026e-01 1.387690611815241245e-27 9.020074889586392284e-04 6.508774600964607228e-04 4.973629514189845027e-04 4.120016510954917499e-01 8.252963641389842592e-04 1.949757059272948420e+06 2.064458197614386911e+06 1.013434583856530138e+06 4.982320081772100839e-01 1.493056324387142202e+06
