# R (Mpc), mean rho (Msol/kpc^3), errup (Msol/kpc^3), errlow, std, median rho (Msol/kpc^3), mean pth (Msol/kpc/s^2), errup(Msol/kpc/s^2), errlow, std, median pth (Msol/kpc/s^2), mean gas-mass-weighted metal (fraction), errup, errlow, std, median metal, mean gas-mass-weighted temp (K), errup, errlow, std, median temp  
#  nprofs 122, mean mh 508296588811.313782, median mh 466679141198.517639 
#  Mass range 11.50 - 12.0
6.704502643857072897e-04 6.480278403650620580e+07 7.770148681130799651e+07 2.071644144635533541e+07 4.348812770744575618e-01 3.285474252726010233e+07 1.341349020924224835e-22 4.735559749464129095e-23 8.878862013430738459e-24 8.983357175440571663e-01 9.966759623060791246e-24 1.041424310071871993e-02 6.120672374220290785e-03 3.110989746808848905e-03 2.046702892934187945e-01 8.858427108447317413e-03 1.114503512593320629e+05 1.650389722303695453e+04 8.917253083968202191e+03 5.419948690227871513e-01 2.020405274393205764e+04
1.165109025084719785e-03 2.465145575339791551e+07 3.744527453272721171e+07 7.171995667754445225e+06 5.216165561816362706e-01 1.074990293587311730e+07 8.373054599934747022e-23 7.291852777023941075e-23 1.374159385531764389e-24 1.183140534598078331e+00 1.670865413756485322e-24 8.722096403099007661e-03 4.662808829331132471e-03 2.898946117624596162e-03 2.674667799421607262e-01 8.280661894811990054e-03 1.424056887133804848e+05 1.897597419631194207e+05 3.805237493951033684e+03 6.786034504711493387e-01 1.494553659086260450e+04
2.024727429375604119e-03 7.608620576861045323e+06 8.022206610921368003e+06 3.270049835350200534e+06 4.111693939671845488e-01 5.287821609346151352e+06 3.860972268570821949e-23 7.646409589188965795e-23 6.550330585366282588e-25 1.179574083963114806e+00 8.145533335656679998e-25 8.935099364074300388e-03 5.619825140643595028e-03 2.319053394827374527e-03 2.091632108624560671e-01 7.498653456935343818e-03 2.295857836867133447e+05 4.091369153380579082e+05 4.564365351690819807e+03 7.920253726745054568e-01 1.433138321210200411e+04
3.518573004760514565e-03 3.566280186363225803e+06 2.237592843537271023e+06 1.466750516992071643e+06 3.015886802526803745e-01 3.287330635131150484e+06 6.525549324363906744e-24 1.533278299616980854e-23 5.434047492894821066e-25 8.785944058880541530e-01 6.985165876966802095e-25 8.536347794822153959e-03 5.975322636219261227e-03 2.560996966085929416e-03 2.337196561092947933e-01 7.072934439249169494e-03 1.215042548010567116e+05 2.473078081611492962e+05 5.195398860250475991e+03 6.370104596803368713e-01 1.560855218123694067e+04
6.114579083688004638e-03 1.272234446166949114e+06 9.595741950435787439e+05 7.350585320514418418e+05 4.094389217883276921e-01 1.175742246065448038e+06 2.032390725674930604e-24 3.680156117880394894e-24 4.801269197164842463e-25 8.405332067992593581e-01 5.362408285111836220e-25 7.813409664040820921e-03 6.108692641688034941e-03 2.063875180083240592e-03 2.688082173458136714e-01 6.036789403180718716e-03 1.538945759643333731e+05 2.351648726750008354e+05 2.828003139925861979e+04 6.468599718980102553e-01 3.818947996219151537e+04
1.062592059908660722e-02 2.489826869453366089e+05 3.587351966278569307e+05 9.119243285058106994e+04 4.618586705406600990e-01 1.446426205002298811e+05 6.300200164753121796e-25 7.194340605116766519e-25 3.458441544143652457e-25 8.395262116349995196e-01 3.733747722489230321e-25 6.639067169958601244e-03 6.500264069342578943e-03 2.004558827214947617e-03 3.100770088326765817e-01 4.582845999129728926e-03 2.725899952345747733e+05 3.083953746303415974e+05 1.160007268956394255e+05 6.610836029736517627e-01 1.346141511668736930e+05
1.846573362331777393e-02 4.342582524529116927e+04 4.713282533562208118e+04 1.678281038257088221e+04 5.236214578922074869e-01 2.323913708883783329e+04 1.511445226453865181e-25 1.505748726693260027e-25 1.044902313262567534e-25 7.435268452730762201e-01 1.225520642953746919e-25 6.123107808471188462e-03 7.433577870343209201e-03 1.918062159840990379e-03 3.559571236686809859e-01 3.832230443826885671e-03 6.001339068887996254e+05 4.357879141397997737e+05 1.770019056740416854e+05 5.584619181300245483e-01 2.457416537932133942e+05
3.208976719406681638e-02 9.124571151280450067e+03 7.290977441962888406e+03 4.632229551062519931e+03 4.567510493559092111e-01 7.152297070853266632e+03 5.782787989320771884e-26 3.604153828004897820e-26 3.164799574815550615e-26 5.923261997309493543e-01 4.753468213455172081e-26 4.959120999529624020e-03 5.859620387986977028e-03 1.281334283281778969e-03 3.312795624205978617e-01 3.003073857750922573e-03 5.625860606555806007e+05 3.105262982497132616e+05 2.505516206503173453e+05 3.678453400697311304e-01 4.712110667677243473e+05
5.576562402422385878e-02 3.470946278336176874e+03 2.469626803072180337e+03 2.026012483194123661e+03 4.065899188946979770e-01 3.117984010725529515e+03 2.603716578317694787e-26 1.783604266346521032e-26 9.793578958924492724e-27 3.779343111888643358e-01 2.014951920627225557e-26 3.725308482650981773e-03 3.512173246784350712e-03 1.264552724660927135e-03 3.052663813643796131e-01 2.605095877953665911e-03 7.062103986764197471e+05 5.947478777750958689e+05 1.438274013403200661e+05 2.870921706537428730e-01 4.570201870201537386e+05
9.690954764502224261e-02 1.352805000439600235e+03 6.849231128336741676e+02 7.768496939509190042e+02 3.340685929382570807e-01 1.250759588209948561e+03 1.153401548866782978e-26 1.162536848804215204e-26 3.859517875930386678e-27 3.551669924569972325e-01 7.809797821065233290e-27 2.699218013495803623e-03 1.433668304177881589e-03 7.816916647084728824e-04 2.282924896946018911e-01 2.144831347001410066e-03 9.954500390519608045e+05 7.090718144690229092e+05 1.380435287695152219e+05 3.839175059008143598e-01 4.169701166169566568e+05
1.684094922112467918e-01 5.072733758495346024e+02 2.650653427226267240e+02 2.328753060600313916e+02 2.828494015212676960e-01 4.797063217058414466e+02 6.533722941328893229e-27 7.209627819329264579e-27 1.911733813928102879e-27 4.493591774354568913e-01 3.264906658212601895e-27 2.084340017051637076e-03 7.686124447461735974e-04 5.031781010524007808e-04 1.690741212531181870e-01 1.850170547914153224e-03 1.493390536215365166e+06 1.279364881042010849e+06 2.217066106234474573e+05 4.592063493836363586e-01 4.533894369218132924e+05
2.926621551339660399e-01 2.172208959028771460e+02 1.205844875711261750e+02 6.924157500369115326e+01 2.487136874221484717e-01 1.896427112625344478e+02 4.288955220867092260e-27 4.556004105492124227e-27 1.504470189340472877e-27 5.610693506811816889e-01 1.959647534406478432e-27 1.736256293242577830e-03 5.602181327105772504e-04 5.984002440879206824e-04 1.502470040507968008e-01 1.714583567695601024e-03 1.409183292572675506e+06 1.648352397327406332e+06 4.655248314074387308e+05 4.831062876653289817e-01 7.160384691177214263e+05
5.085885357353842062e-01 1.205566789053139445e+02 8.615198672344769193e+01 4.426410276951823164e+01 2.559350660110465969e-01 9.873508054384703314e+01 3.697351273423787219e-27 4.084067670545821694e-27 1.206774888776299507e-27 6.481101277340343136e-01 1.499186535992707455e-27 1.370451506647666707e-03 4.994733357273333646e-04 3.408463039572418724e-04 1.614958838638041183e-01 1.279250348236337775e-03 1.623776706497707404e+06 2.076852138948598877e+06 8.116562674537688727e+05 4.706086104165047024e-01 1.135742575431916863e+06
8.838255788933832013e-01 8.069336138077365206e+01 5.395438236700023538e+01 2.836929063348845048e+01 2.986114765874725019e-01 5.860843895727718689e+01 3.618859173091886630e-27 3.897517426492474068e-27 8.812554643399086227e-28 6.633850046297962155e-01 1.154400113848843437e-27 1.148225241769379153e-03 4.789083546048941709e-04 4.946286776304900179e-04 2.103616032995118679e-01 1.103745710828224567e-03 2.081201742654132890e+06 2.185273916706542019e+06 1.109682183186728274e+06 4.340915114880757875e-01 1.677606373788277153e+06
