# R (Mpc), mean rho (Msol/kpc^3), errup (Msol/kpc^3), errlow, std, median rho (Msol/kpc^3), mean pth (Msol/kpc/s^2), errup(Msol/kpc/s^2), errlow, std, median pth (Msol/kpc/s^2), mean gas-mass-weighted metal (fraction), errup, errlow, std, median metal, mean gas-mass-weighted temp (K), errup, errlow, std, median temp  
#  nprofs 118, mean mh 532931602082.268921, median mh 457628969463.359131 
#  Mass range 11.50 - 12.0
6.704502643857072897e-04 8.755025363254873455e+07 8.652614561910691857e+07 3.477513822584207356e+07 4.474217597510278810e-01 5.137736531750287861e+07 2.892050675395243651e-23 4.001477124645608598e-23 9.893819895146487573e-24 6.128197710097806894e-01 1.282441335099499682e-23 1.934562987719923343e-03 1.507114588323814515e-03 1.044553450399496059e-03 3.654367904036540660e-01 1.592230680319019469e-03 2.380692932708483204e+04 6.757423868818288611e+03 4.021744451376735014e+03 1.697242678184638087e-01 1.898104276293736621e+04
1.165109025084719785e-03 5.478792403847661614e+07 6.373671622406342626e+07 1.642577101305829547e+07 3.889182631010759117e-01 3.307949504366746545e+07 1.530674369349678844e-23 2.178164009215470731e-23 5.120977227012423562e-24 5.129178802620931732e-01 7.799930680505118575e-24 1.947425116884748866e-03 1.369818813905042615e-03 1.115202168964728527e-03 3.519569472179412961e-01 1.671371608493634224e-03 1.990762048454077740e+04 5.185661370547495608e+03 2.676135941395947157e+03 1.284787440644195033e-01 1.773117495684634196e+04
2.024727429375604119e-03 2.687657561727291346e+07 2.829490782073622942e+07 1.088357988429394364e+07 3.464151744938357980e-01 1.905713812414036691e+07 6.865866879269054177e-24 8.154177180862030318e-24 2.652132087037813696e-24 4.507151764978802877e-01 3.846267663444801950e-24 1.686341357876871205e-03 1.329856477527078563e-03 8.411602533196916968e-04 3.513493197472084550e-01 1.354856521868314390e-03 2.163889094197169106e+04 6.319208789714881277e+03 2.203412788144707520e+03 1.952725050337193735e-01 1.594446823818964913e+04
3.518573004760514565e-03 8.650883952924240381e+06 5.128236775141321123e+06 3.001031297647347674e+06 2.248497132589611647e-01 7.340013261845212430e+06 2.059020886326475021e-24 2.077430200054896464e-24 8.392541731192687306e-25 3.709952756989492451e-01 1.416363439746710398e-24 1.529909500263482202e-03 1.235798914018938419e-03 7.970115708015024485e-04 3.647947269131712189e-01 1.159593267808355782e-03 1.973524251247236680e+04 1.104822766357745604e+04 3.451041245264608733e+03 1.938909388128023381e-01 1.593689361399809968e+04
6.114579083688004638e-03 2.537343589513812680e+06 1.201556709973504767e+06 8.112800981699787080e+05 1.976491871701144265e-01 2.324630187285366468e+06 7.789045146875871443e-25 6.949466162841061672e-25 3.007878514828668002e-25 3.453652223990177905e-01 5.585192136390031296e-25 1.437539089399699280e-03 1.043574618930747820e-03 7.570875615592911846e-04 3.835636649554479138e-01 1.105502912543059090e-03 2.533485113423549410e+04 1.596172324537322493e+04 6.224024059524375843e+03 2.055142268237119818e-01 2.032119892794175030e+04
1.062592059908660722e-02 6.418646781148293521e+05 3.923665058446222683e+05 2.836973726248424500e+05 2.479085941158782058e-01 5.872652585904643638e+05 3.576972771197680883e-25 2.946746360874076991e-25 1.308968917050712181e-25 3.231331833900100148e-01 2.677955547569192089e-25 1.385517594405403542e-03 1.016407411781264022e-03 7.233868220727260974e-04 3.815698244335087308e-01 1.069610648602496283e-03 5.115553963969544566e+04 5.243009740790013166e+04 2.058039585343509680e+04 3.008521490563034750e-01 3.946173729158235074e+04
1.846573362331777393e-02 1.445579529331331432e+05 1.000371186895968567e+05 5.389201214726327453e+04 2.565743967202604447e-01 1.234512519682137936e+05 1.618479637588947571e-25 1.445130493509471080e-25 5.036583732232986420e-26 2.819578254364457637e-01 1.246897381200598613e-25 1.327003647833608149e-03 1.086320657217778891e-03 6.521740056501944445e-04 3.700257380875755508e-01 1.003075861328441704e-03 1.064687557851340098e+05 7.394116253360285191e+04 6.104848293042397563e+04 3.379596426732723868e-01 9.313276503247869550e+04
3.208976719406681638e-02 3.139551928355192649e+04 1.385448066599048980e+04 1.048303101702574713e+04 1.955056188028274355e-01 2.897951883541270581e+04 7.575395474743117392e-26 5.520879709920022874e-26 2.112013787171476592e-26 2.382591862254268555e-01 5.913802709206074999e-26 1.272263109193722463e-03 1.041373313181728332e-03 5.355000377939400213e-04 3.207641486520182994e-01 9.834064637518789495e-04 2.036694648298222455e+05 7.599473212670374778e+04 5.971869363575894386e+04 2.324725117600032753e-01 1.606082083354733186e+05
5.576562402422385878e-02 1.071642935259334990e+04 5.456853927617597947e+03 3.258819677282616794e+03 1.871590666868664654e-01 9.749217552352471102e+03 3.709455992775225897e-26 2.875670114443559308e-26 1.082670327726496078e-26 2.457062290286496642e-01 2.892552084304728162e-26 1.082027212233443872e-03 9.205489675144361717e-04 3.448493802182015866e-04 3.025991128379070805e-01 7.899161602895759821e-04 2.587737590427306714e+05 8.655071581222370150e+04 5.877081206263770582e+04 1.959112022292552879e-01 2.229992983323624067e+05
9.690954764502224261e-02 3.705916730116957297e+03 2.713434186614322243e+03 1.191683407450424511e+03 2.086881275869694463e-01 3.279199491984470114e+03 1.367916751570824657e-26 1.252656695446317227e-26 4.602756488805653000e-27 2.816564343592528052e-01 9.970946265689077587e-27 7.991379398123094665e-04 5.607991551249497325e-04 2.447932825387807683e-04 2.757319217190647986e-01 6.089085470088808098e-04 2.766403738258223748e+05 9.272042346103172167e+04 6.493945501373094157e+04 2.107791873650544656e-01 2.258341320578606392e+05
1.684094922112467918e-01 1.025179550488660425e+03 7.105893736824041298e+02 3.163103628288532718e+02 2.091522820576149910e-01 8.669547896428937293e+02 4.040700889266952764e-27 4.600740110794497264e-27 1.582210875902344647e-27 3.754265396126326149e-01 2.701130727645364021e-27 5.575748607894713028e-04 2.722651746550210734e-04 1.780168565756139578e-04 2.765487889658891918e-01 4.158405751311416076e-04 2.790775965825661551e+05 1.449410443961806304e+05 6.332474219653036562e+04 2.632208639787992910e-01 1.984465283306954952e+05
2.926621551339660399e-01 3.088674085100953448e+02 1.822555645209373552e+02 8.839566024600281935e+01 1.978215128438897685e-01 2.668298086712266013e+02 1.534619362206486543e-27 1.997166096064416970e-27 3.553453244509220793e-28 5.214740089048642835e-01 5.654586382791912190e-28 3.629481757593018424e-04 1.967488790475232564e-04 1.138438736204282513e-04 2.768980531992054628e-01 2.639250429201926598e-04 3.091188294383422472e+05 3.799233789002175326e+05 6.013943331542785745e+04 3.935112365110087773e-01 1.447796222705414402e+05
5.085885357353842062e-01 1.370687304550080228e+02 9.967936467303495363e+01 3.374579404722508968e+01 2.387757334610289828e-01 1.020960049208007518e+02 9.648101221008245799e-28 1.540058069785146628e-27 1.490003156574557480e-28 6.754121046207736123e-01 2.029178879357466875e-28 3.327905022787771270e-04 4.382156160398523680e-04 7.198056992456549328e-05 3.506737360943007475e-01 1.795091446090805207e-04 3.914516677354475250e+05 5.338694647939556744e+05 7.376840668121795170e+04 5.173174936487036080e-01 1.289285409923866973e+05
8.838255788933832013e-01 8.098119735948407083e+01 6.689548485226758601e+01 2.362334655310513298e+01 3.037007397301516587e-01 5.357991516711315683e+01 1.080495027262314731e-27 1.063318827128174716e-27 1.324741310089268866e-28 8.290785003831828703e-01 1.536357503846878093e-28 4.391982484761710269e-04 5.901972980807589563e-04 1.479309593262003483e-04 5.103931537551245068e-01 2.156671908504979830e-04 5.024585359116199543e+05 8.226482338411561213e+05 1.156304653399766976e+05 6.023094275946607734e-01 1.589146367161024245e+05
