# R (Mpc), mean rho (Msol/kpc^3), errup (Msol/kpc^3), errlow, std, median rho (Msol/kpc^3), mean pth (Msol/kpc/s^2), errup(Msol/kpc/s^2), errlow, std, median pth (Msol/kpc/s^2), mean gas-mass-weighted metal (fraction), errup, errlow, std, median metal, mean gas-mass-weighted temp (K), errup, errlow, std, median temp  
#  nprofs 132, mean mh 535224606602.466003, median mh 482777763347.372803 
#  Mass range 11.50 - 12.0
6.704502643857072897e-04 7.272072030177721381e+07 9.170967809326873720e+07 3.059507526001984626e+07 4.513454049105649624e-01 4.410580635163421929e+07 2.790797693542155694e-23 4.726567285818231281e-23 9.587885432493663283e-24 6.699232585387548955e-01 1.107835818057655929e-23 4.224346166177389041e-03 1.771088987018111863e-03 1.611862192145863820e-03 2.696429600376735736e-01 3.957665322352407755e-03 2.203406953707701905e+04 1.015630507910836604e+04 5.843577539322210214e+03 1.491823227214230385e-01 2.066208808835178206e+04
1.165109025084719785e-03 3.604409392286947370e+07 4.534212113668397814e+07 1.760932842578704283e+07 5.458147800691963702e-01 2.286104339117924124e+07 1.266033438005799457e-23 2.227667473069808855e-23 5.053165421043796026e-24 7.451327206487239341e-01 5.935586186166494234e-24 3.652701299508556796e-03 1.334191649910620742e-03 2.155614427620754052e-03 2.548860999071568267e-01 3.768305851732963677e-03 3.552486098531314201e+04 6.844392116389204602e+03 6.141352068177315232e+03 2.352148270573395095e-01 1.968735247658490698e+04
2.024727429375604119e-03 1.469614638628996722e+07 1.441174861287270300e+07 5.745081317370444536e+06 4.198820270772853358e-01 1.084191166335210390e+07 4.895535379284662726e-24 6.994585986050062404e-24 1.868398115367084025e-24 6.333800794236883469e-01 2.531286220256325398e-24 3.607275785008128878e-03 1.177259408887765604e-03 1.655514106868844360e-03 2.228546380871706811e-01 3.659355275732104236e-03 2.444497231788359568e+04 1.037487549557216698e+04 4.172580742436737637e+03 2.356786065891691984e-01 1.781474214829706034e+04
3.518573004760514565e-03 6.676364491973871365e+06 3.177888836072317325e+06 2.476784174549640156e+06 2.082646654156793675e-01 6.083859166130325757e+06 2.733839229892624822e-24 2.850859167200331839e-24 1.173569353593551238e-24 4.505706979194104012e-01 1.717393302628068966e-24 3.031196585601308655e-03 1.254755658748756691e-03 1.244034362281185718e-03 2.472501755550219338e-01 2.901191897530099734e-03 2.937173937036104689e+04 3.008650753511413495e+04 5.108289452430373785e+03 2.662253264485448523e-01 1.869387922229727701e+04
6.114579083688004638e-03 2.372870194301201496e+06 9.759226752956528217e+05 8.669255278952082153e+05 2.172152273192053118e-01 2.326842787740944885e+06 9.682448013387112173e-25 7.963798781304926662e-25 3.042365618094285339e-25 3.307699068155036115e-01 6.602226445298619579e-25 2.505868626358195416e-03 1.154418427978575259e-03 1.080951693382581737e-03 2.703930087038607932e-01 2.320374613776152780e-03 3.522768813129966293e+04 2.199771958646835265e+04 1.001083562716146298e+04 2.550640304927723201e-01 2.606067869458247151e+04
1.062592059908660722e-02 5.677169068903382868e+05 4.389659080268053804e+05 2.631299619577833219e+05 3.080263522024194733e-01 5.028781043648982886e+05 4.572661865041179126e-25 4.608485360168632750e-25 1.430871336975396641e-25 3.515076115675065394e-01 2.805269330706390683e-25 2.156774903909408885e-03 9.643881318280710796e-04 9.321136535586080959e-04 2.647147091691760545e-01 2.082790261802655238e-03 9.040158689144592790e+04 1.008679359621281765e+05 2.112992393360332426e+04 3.971280253331156973e-01 4.540373254653344338e+04
1.846573362331777393e-02 1.158780971996041917e+05 1.171703531115242804e+05 4.005655979545351147e+04 3.170839670599495674e-01 8.569890706767642405e+04 2.034604415025734068e-25 1.680412378312430536e-25 8.324799744214060474e-26 3.358402129500236422e-01 1.497803298683670036e-25 2.038613365703081850e-03 8.566214124948179354e-04 8.442989693655013339e-04 2.294036950020652277e-01 1.939017052495663543e-03 1.796902650190819404e+05 1.751247653346084990e+05 8.317469793043716345e+04 3.824185468237563668e-01 1.325172710357481847e+05
3.208976719406681638e-02 2.561424698109059682e+04 1.920467507528830174e+04 8.224984153710855026e+03 2.286485007662522606e-01 2.170735733989121218e+04 8.493870882991776316e-26 6.069601451187492726e-26 3.182387528964087684e-26 2.756413189365106153e-01 6.702322809035564230e-26 1.992314941426818684e-03 7.387674246203967694e-04 7.911848541074541479e-04 2.023165192289526348e-01 1.927365751198044852e-03 2.709901051508518285e+05 2.009954232569097658e+05 9.398798897129646502e+04 2.591485722685299420e-01 2.183957096477461746e+05
5.576562402422385878e-02 8.582550652704599997e+03 4.102085332238229967e+03 3.185249511109257583e+03 1.931209429546182910e-01 8.056298987153071721e+03 3.817555985395334808e-26 3.063346531669612157e-26 1.204523869904150625e-26 2.634603735882022346e-01 2.916852330250927907e-26 1.808308347389444258e-03 7.606044676009744449e-04 7.472470110732509687e-04 1.981208864860302676e-01 1.722180158640002198e-03 3.405688258564505959e+05 1.636463729116950417e+05 9.768614853661292000e+04 2.079841383574416169e-01 2.834453423830729444e+05
9.690954764502224261e-02 2.996651944736551741e+03 1.219655219975408727e+03 1.030711306702517504e+03 1.836965377583842374e-01 2.843782982537266435e+03 1.499479804971256374e-26 1.150794081083340004e-26 5.061696375968121618e-27 2.998743725124447534e-01 1.061325366404570720e-26 1.463233854535748351e-03 6.179463812653195227e-04 6.170559317627924987e-04 2.161175811566374561e-01 1.430474160149050860e-03 3.828491826714044437e+05 1.861232036908799200e+05 1.004406589216141147e+05 2.451292353361782805e-01 2.862254655909677967e+05
1.684094922112467918e-01 9.215198978674942509e+02 4.153128739425125104e+02 3.282251898431586596e+02 1.909338316206891650e-01 8.623816070224603436e+02 5.945587136840072418e-27 5.375926846589722683e-27 2.072537471561737524e-27 3.990263134254249389e-01 3.463540515939511397e-27 1.082592038455917546e-03 6.663081579730066421e-04 4.849493383347268068e-04 2.365506715839940099e-01 1.008957674258568245e-03 4.797505452248171205e+05 4.319170769200973446e+05 1.164409213807094784e+05 3.395136683793082422e-01 2.703980329596528318e+05
2.926621551339660399e-01 3.096481623851065024e+02 1.596565256994582001e+02 8.226858507710710455e+01 1.953294795916647730e-01 2.671659766462662446e+02 3.217760945731988520e-27 3.767759178670934196e-27 7.254331081051950955e-28 5.677831872451646333e-01 1.047525308156025990e-27 6.798334976908909080e-04 4.989676035668949312e-04 2.617430081296929275e-04 2.482204306198735888e-01 5.747710010822807119e-04 6.956535157590691233e+05 6.108080675701318542e+05 1.794494227764711250e+05 4.620805932126491045e-01 2.997668582455018768e+05
5.085885357353842062e-01 1.468405070941593635e+02 1.034613052122500960e+02 4.246203417313763850e+01 2.398694008114668763e-01 1.153331561640648033e+02 2.437424937787445049e-27 2.708987057805145762e-27 5.715469774733108875e-28 7.141333300605861023e-01 6.882081350581600792e-28 5.585459052847351145e-04 5.567956736410192798e-04 2.297487157520931432e-04 3.293996144141688176e-01 4.204882549136366434e-04 8.869206880786942784e+05 1.117996790396607947e+06 3.423332596865275409e+05 5.625398495882529826e-01 4.303747090180439409e+05
8.838255788933832013e-01 8.518479973486412860e+01 6.573350500711185873e+01 2.824262329008041661e+01 2.661356899004818088e-01 6.489604469697184186e+01 2.034593389058443143e-27 2.153428099296274880e-27 4.659118690985860920e-28 8.017949216019049086e-01 5.216086151679294389e-28 5.915691539338549347e-04 6.620967054937763928e-04 2.937029902167942095e-04 4.268180701215900652e-01 4.533892299082288536e-04 1.023744720194050344e+06 1.144256857012947556e+06 5.187052002428330015e+05 6.022069442921705873e-01 6.129737797495669220e+05
