# R (Mpc), mean rho (Msol/kpc^3), errup (Msol/kpc^3), errlow, std, median rho (Msol/kpc^3), mean pth (Msol/kpc/s^2), errup(Msol/kpc/s^2), errlow, std, median pth (Msol/kpc/s^2), mean gas-mass-weighted metal (fraction), errup, errlow, std, median metal, mean gas-mass-weighted temp (K), errup, errlow, std, median temp  
#  nprofs 181, mean mh 208443652906.255402, median mh 193334254613.133698 
#  Mass range 11.00 - 11.5
6.704502643857072897e-04 7.500936965823064744e+07 8.216701747307214141e+07 3.227260804374812916e+07 4.420384576175914182e-01 4.845937556092268229e+07 1.864615877262954082e-23 2.231376825998319450e-23 7.177418990539033055e-24 5.568646591536771107e-01 9.297933740144310587e-24 7.009038344052591959e-04 7.625832258470671221e-04 3.476769707239065269e-04 4.383829707762419980e-01 5.087804276097841879e-04 1.754330374375401880e+04 3.476706025931605836e+03 3.092013123467811965e+03 8.199931208233478264e-02 1.733924342495796009e+04
1.165109025084719785e-03 4.148430116772251576e+07 4.166898738318415731e+07 1.252916784011482820e+07 3.553068613667504372e-01 2.639912228454879671e+07 7.822503988427480537e-24 7.631149462829331389e-24 3.358165218093086504e-24 4.228833084380798635e-01 5.178758054198886301e-24 6.338036510448897144e-04 7.159857489659436636e-04 2.430037457237158689e-04 3.660255425516140138e-01 4.253356594679331081e-04 1.556933638529308337e+04 1.858786445477804591e+03 2.566108231356816759e+03 6.833807271384549631e-02 1.580875305404082792e+04
2.024727429375604119e-03 1.560311332524840906e+07 1.002350118859772012e+07 3.552157404968412593e+06 2.370957368291630452e-01 1.151831681248330697e+07 2.246895390392416740e-24 1.811071570507860685e-24 8.781003937086388284e-25 2.908729487802908520e-01 1.802442889326046181e-24 6.008852126955226570e-04 7.654943717674998413e-04 1.949468591710404515e-04 3.861607068753231675e-01 3.522910039422892767e-04 1.390653189272457530e+04 1.701532532136565351e+03 3.027303965875877111e+03 1.144431472717096637e-01 1.418340217634917826e+04
3.518573004760514565e-03 4.870600279091467150e+06 2.030567261231219396e+06 1.531830969971317332e+06 1.922106502916076376e-01 4.675616515172833577e+06 5.619429678559463073e-25 3.688663449217547614e-25 2.096832289522310071e-25 2.750015623150733890e-01 4.682866194746840120e-25 5.364565273487366609e-04 6.800567510327505932e-04 2.177659931666603215e-04 4.114999908978554943e-01 3.399624689895627025e-04 1.240126257826684014e+04 1.377434858770677238e+03 3.062619470183781232e+03 1.075368734232004242e-01 1.266116391907829529e+04
6.114579083688004638e-03 1.250847851037229644e+06 6.093063460987659637e+05 6.331494636523462832e+05 2.633582680815996779e-01 1.215399998836854007e+06 1.750770923035302001e-25 1.545432545939240255e-25 7.749466088896409566e-26 3.567003042521383338e-01 1.321607070806519766e-25 5.007158978716220966e-04 6.315797744737459366e-04 1.879510292447958246e-04 4.192135163821145150e-01 3.064716734004068886e-04 1.504397361469455791e+04 7.030763348320637306e+03 1.668785020661545786e+03 1.743440664145051999e-01 1.188601602318011282e+04
1.062592059908660722e-02 2.307992581488072174e+05 2.228457408866147744e+05 1.059221568821419205e+05 3.471587623629262542e-01 1.823742773952368880e+05 7.111516859847173067e-26 6.836719603924726066e-26 3.558384801335956230e-26 4.259829690837958482e-01 5.265860648118345004e-26 4.972576955114964585e-04 4.972349492956722791e-04 2.004581182918343737e-04 4.003388568155151206e-01 3.361577011819076350e-04 3.369053277904754941e+04 3.691201682243319374e+04 1.152506966782517884e+04 3.288644766422014754e-01 2.248588499041208706e+04
1.846573362331777393e-02 4.038032079333383444e+04 3.480334612670575734e+04 1.396955962620541322e+04 3.696823025005354091e-01 2.964173513450226164e+04 3.907101150328725374e-26 3.062381399117836276e-26 1.772943964166349151e-26 3.625269264295283289e-01 3.255066363650795202e-26 4.925781998018612801e-04 4.052154214601011960e-04 1.806444520685662703e-04 3.381131905307188101e-01 3.527576772152823167e-04 9.819007542582432507e+04 7.632096862432223861e+04 3.977148143227040418e+04 3.189369193497896826e-01 7.819421521631412907e+04
3.208976719406681638e-02 1.068888501954451931e+04 7.179315010455156880e+03 3.854000085093762209e+03 4.057801042883035225e-01 9.151354698820321573e+03 2.028353216504295367e-26 1.249550268455727670e-26 6.964076036150396811e-27 3.120490879997704359e-01 1.629637190292365476e-26 4.944007459083339965e-04 3.154777178502972596e-04 1.818008996754889753e-04 3.101751065206516111e-01 3.713693860036700284e-04 2.672942717211909476e+05 9.231556203816342168e+04 5.060989562703290721e+04 3.212393289307406419e-01 1.387367782533008431e+05
5.576562402422385878e-02 3.581137291538639602e+03 2.131469989255700966e+03 1.460414950907424554e+03 3.363401733209661071e-01 3.228735104080587007e+03 1.112556291079266269e-26 8.738553763886581722e-27 3.735445419582695248e-27 3.074199316139350491e-01 7.796213820216666489e-27 4.450531769124601005e-04 2.612861284404637279e-04 1.326260578793162490e-04 2.970020834538425469e-01 3.091118819903238631e-04 6.064169677725777728e+05 1.715084797771338490e+05 5.907892688205531158e+04 4.187969031568474776e-01 1.656963453731431509e+05
9.690954764502224261e-02 1.137161649419174637e+03 6.388039236780982719e+02 4.246939831552804208e+02 2.534923911203076918e-01 1.029686563143047806e+03 7.088281430543286988e-27 8.852801097307881042e-27 1.730798926774367876e-27 4.586497896864125123e-01 3.002359516583623654e-27 3.422698940942435464e-04 1.961322732752437817e-04 8.920939151560612818e-05 2.922634079619860215e-01 2.269391368332301072e-04 8.536458563995289151e+05 5.351443050000976073e+05 8.819692594177697902e+04 5.137483406574109290e-01 1.862996303588383889e+05
1.684094922112467918e-01 3.740754209844344587e+02 1.633655587704822665e+02 1.272137161088723474e+02 1.969862801435922628e-01 3.463365672719756390e+02 5.365226338532901198e-27 8.384411883156086317e-27 1.000418964197666384e-27 6.603747503397631169e-01 1.353071994238901069e-27 2.730678162763619803e-04 1.548987045461102752e-04 5.007401116374116427e-05 3.108507136787386771e-01 1.558517398329637273e-04 1.312003026394515065e+06 1.554345427220564336e+06 2.104388461895601358e+05 6.439860522212123017e-01 2.922641797163716983e+05
2.926621551339660399e-01 1.768251643065031260e+02 1.224161081981682173e+02 5.076354647641028350e+01 2.221891668088063765e-01 1.476242688504798934e+02 4.958396814802176276e-27 7.137688614078578256e-27 9.702073901687323116e-28 8.334561261595391235e-01 1.082025061001415082e-27 2.735499814898747183e-04 2.728845929358546425e-04 5.475064921500868639e-05 3.877114108234935297e-01 1.293141830960127731e-04 2.012815138642768143e+06 2.629256548639428336e+06 6.147940989521885058e+05 7.674943180746335303e-01 6.734707021510987543e+05
5.085885357353842062e-01 1.046664944976741225e+02 9.709686632851038723e+01 3.154936894311737916e+01 2.844223243797416867e-01 7.541092149846168979e+01 4.994519761723204109e-27 6.089715476905217992e-27 1.161676118987383077e-27 9.948100940195537811e-01 1.206172844966039003e-27 4.124368460806896873e-04 5.788896417737252748e-04 8.347906423243053658e-05 5.546118757032937330e-01 1.348449787655663285e-04 2.831005863357009366e+06 3.583885997511239722e+06 1.217767930947533343e+06 8.526272393873733924e-01 1.267500993160538143e+06
8.838255788933832013e-01 6.792261551755413507e+01 5.224906019362529008e+01 2.263372128436641617e+01 3.216057292944847212e-01 4.688037970343287242e+01 4.455481350670372270e-27 4.667191234466919554e-27 1.122691164354531274e-27 1.072358493864600026e+00 1.165044472158881641e-27 4.613589443623482321e-04 7.021295864020915024e-04 1.854769657890617182e-04 6.689362157700178280e-01 2.278131918580039532e-04 3.351182166174110956e+06 4.217156318656477146e+06 2.068954456524281763e+06 8.752655336171968337e-01 2.132237911943687126e+06
