# R (Mpc), mean rho (Msol/kpc^3), errup (Msol/kpc^3), errlow, std, median rho (Msol/kpc^3), mean pth (Msol/kpc/s^2), errup(Msol/kpc/s^2), errlow, std, median pth (Msol/kpc/s^2), mean gas-mass-weighted metal (fraction), errup, errlow, std, median metal, mean gas-mass-weighted temp (K), errup, errlow, std, median temp  
#  nprofs 63, mean mh 207181106150.429871, median mh 199032938261.889008 
#  Mass range 11.00 - 11.5
6.704502643857072897e-04 6.336322488112320751e+07 3.541895853534036130e+07 3.391228268321343511e+07 3.936272826636257327e-01 5.088579403480932862e+07 2.141748453634627867e-23 1.675630118661981953e-23 8.870115450939821859e-24 5.589940650530829114e-01 1.135238805002967063e-23 2.795542118451372227e-03 1.699902668821066335e-03 1.058327778726925140e-03 2.881953192181626600e-01 2.579081369183853622e-03 2.008185283545856146e+04 5.617792426501142472e+03 3.541130806079760077e+03 1.128493739331915824e-01 1.858250018617196110e+04
1.165109025084719785e-03 3.142026712366108969e+07 1.724812936373888701e+07 1.013864131982831843e+07 2.414219483929948562e-01 2.682047739489669353e+07 9.639460043232409167e-24 9.646580269460693091e-24 3.543418910770755993e-24 4.173419547994727807e-01 5.881882353721252052e-24 2.417094239880489010e-03 1.485914388074708724e-03 1.021359071009163288e-03 2.360192173759883827e-01 2.238352765494242957e-03 2.064235092250514208e+04 6.545729647567339271e+03 3.006860257086611455e+03 1.446698647330230958e-01 1.793342337807519652e+04
2.024727429375604119e-03 1.333895597950192541e+07 5.247821052609309554e+06 4.190334081072138622e+06 1.776217958609839498e-01 1.231883678566901013e+07 4.683661122320460833e-24 4.429878257923112518e-24 1.368836491287485494e-24 3.959726878714533993e-01 2.558977342689967919e-24 1.980743766336511263e-03 1.022833786975508750e-03 1.008523807352616503e-03 2.315582145074112086e-01 1.906014695566107245e-03 2.646046934093079471e+04 2.668661178913908952e+04 2.400484710025357344e+03 2.439772212636199533e-01 1.723450838532757189e+04
3.518573004760514565e-03 5.540177844610644504e+06 2.348308439943314530e+06 1.414753802165901754e+06 1.817547814318064281e-01 4.817811501972179860e+06 1.941309686338368002e-24 2.548798148145847498e-24 6.139738781852400706e-25 4.054878529676476107e-01 1.084022522922967233e-24 1.486057031302921022e-03 6.258417423736606193e-04 7.141035368761117132e-04 2.242213189284352759e-01 1.419232703287714829e-03 2.861593836890027524e+04 2.389166247734719218e+04 3.663034988648181752e+03 2.654976967521391895e-01 1.713093364861277223e+04
6.114579083688004638e-03 1.721735823036649963e+06 6.144476818123611156e+05 5.518569248904797714e+05 1.882334677299469794e-01 1.694907717257321114e+06 5.714675932519439062e-25 4.978461413802529060e-25 2.517091943392392818e-25 3.765930184403487591e-01 4.369039514753951686e-25 1.176417653754539133e-03 6.875063033687138850e-04 4.764181694003713800e-04 2.171504035371445707e-01 1.126579089352817411e-03 2.919341547290505332e+04 1.974628444376854168e+04 7.877486152820902134e+03 2.584435235453607094e-01 2.118504359731982549e+04
1.062592059908660722e-02 5.014801115435124375e+05 2.477553529128026566e+05 1.357865776260560961e+05 2.039556440139501658e-01 4.642443209459292120e+05 2.469018090589740987e-25 2.020379935162743731e-25 1.293750604141227359e-25 3.088056531705127283e-01 2.124147091719228601e-25 9.735857978000886977e-04 4.051585398570652736e-04 3.709945348607360293e-04 2.027877006454684994e-01 9.206446594598223379e-04 4.207795230905999051e+04 2.223686256780703843e+04 1.713700241688230381e+04 2.606461844848390608e-01 3.568939912146380811e+04
1.846573362331777393e-02 1.249635830874299281e+05 7.721166404882095230e+04 4.508799512227914965e+04 2.259891295584441906e-01 1.102245020388518315e+05 1.105930661171512312e-25 1.101776164510568047e-25 4.414060228246473537e-26 2.967637580149918297e-01 8.707430188325839462e-26 9.693614013024579165e-04 5.151273596001717863e-04 3.235917832567748948e-04 2.005657089524168768e-01 8.805397516687898810e-04 6.964425106914261414e+04 3.810712133852158149e+04 2.409724069093305297e+04 2.368543980597122844e-01 6.025568512349622324e+04
3.208976719406681638e-02 3.123085158057455556e+04 1.378099436168170723e+04 9.424144813982522464e+03 1.735946594855631575e-01 2.827347446652835424e+04 3.669155489207754410e-26 3.309774828743589256e-26 1.210117428603182505e-26 2.326872536409906600e-01 3.079232531488784699e-26 1.103717996333320470e-03 5.628427956847466360e-04 3.094740162112553320e-04 2.075166392588357611e-01 9.900544145476062891e-04 9.246858122168957198e+04 5.189156649545575783e+04 3.379079204744995513e+04 2.009660039955655231e-01 8.317953290924952307e+04
5.576562402422385878e-02 1.048234500946018488e+04 2.963884573561013895e+03 2.249171695070735041e+03 1.300580288875018420e-01 9.935599751519714118e+03 1.237377839514298633e-26 9.618666730100023667e-27 2.692611282755398358e-27 2.056122233485905004e-01 9.994426858113083483e-27 1.160444227229170868e-03 3.774174848800806482e-04 4.336585390872539636e-04 1.825593616012983755e-01 1.143533911582089941e-03 9.001731070965826802e+04 4.021531817971639975e+04 2.487542446920165094e+04 1.686351917816766022e-01 8.165852074577278108e+04
9.690954764502224261e-02 3.014399365190806748e+03 1.020592903806403228e+03 8.340999484510261937e+02 1.256438696316633519e-01 2.938609653459294350e+03 3.394499167620959614e-27 1.300472082291271755e-27 1.057846506856812622e-27 1.851757754211056928e-01 3.041992517787373734e-27 9.666350850146328971e-04 4.255317944859009389e-04 3.362276132746099466e-04 1.859886760557774854e-01 9.281528217567060982e-04 8.383275923457219324e+04 1.956767753732511483e+04 1.882229661045475950e+04 1.193203276704992710e-01 8.044219916325900704e+04
1.684094922112467918e-01 9.179015114637064698e+02 1.675989098163522613e+02 2.460410705970997469e+02 1.249521106712585261e-01 9.016150477799483269e+02 1.056356054100951261e-27 6.073334552841751550e-28 2.528507631648191317e-28 2.376632722221336258e-01 7.823905517080161326e-28 7.076512157096228033e-04 4.361796686000589699e-04 2.642164098395298867e-04 2.169806676655160749e-01 6.146418050800716995e-04 8.374945238171695382e+04 1.449856383688305505e+04 9.924633659400242323e+03 1.701623228704116919e-01 6.813875742530165007e+04
2.926621551339660399e-01 3.086210340602041811e+02 1.029906614664001268e+02 4.851046054206003078e+01 1.166162496259774278e-01 2.784463426567257898e+02 4.388964302808216587e-28 1.736829299585239725e-28 6.445944092657906834e-29 3.289333649999023335e-01 2.289762199492923832e-28 4.293578169411874437e-04 2.822548717856962703e-04 1.992190257708493671e-04 2.829668111661601260e-01 3.835837933239006617e-04 9.496423475711271749e+04 1.832174072674471972e+04 1.069424490746641823e+04 2.531652185143474787e-01 6.078812901148513629e+04
5.085885357353842062e-01 1.356864385249654958e+02 5.598750742461069763e+01 2.393464177051795616e+01 1.558439180364843690e-01 1.163254599355765038e+02 2.503827105002412458e-28 1.962083771212747208e-28 2.197963000296772525e-29 4.725152837081643131e-01 6.797353481169783909e-29 3.302248718517414652e-04 2.858195595283688777e-04 1.250439511533157520e-04 4.574106197520311778e-01 1.900735340637778694e-04 1.004426474343427690e+05 5.784328601541074022e+04 9.090863621017306286e+03 3.447262299521751117e-01 4.596690218870697572e+04
8.838255788933832013e-01 6.768766837895432786e+01 3.802695383673651719e+01 1.531519363874965478e+01 1.771865621469277674e-01 5.816622067269228324e+01 1.269246900943868101e-28 1.871981985472744068e-28 1.629703092011678796e-29 5.966987367728943115e-01 2.857954473637006519e-29 2.470418661618691523e-04 4.932119127966684557e-04 5.549509888001222707e-05 6.484467275963005095e-01 9.016640462296141500e-05 9.935969913638525759e+04 1.227890810795514117e+05 1.344558006583982933e+04 4.405172826978523415e-01 3.635083370221457153e+04
