# R (Mpc), mean rho (Msol/kpc^3), errup (Msol/kpc^3), errlow, std, median rho (Msol/kpc^3), mean pth (Msol/kpc/s^2), errup(Msol/kpc/s^2), errlow, std, median pth (Msol/kpc/s^2), mean gas-mass-weighted metal (fraction), errup, errlow, std, median metal, mean gas-mass-weighted temp (K), errup, errlow, std, median temp  
#  nprofs 205, mean mh 557395764836.232056, median mh 513442790804.916809 
#  Mass range 11.50 - 12.0
6.704502643857072897e-04 1.156113372277257293e+08 1.158458291999047250e+08 7.211912610259978473e+07 4.639939011919760325e-01 9.241155958786343038e+07 2.142969870953600634e-22 1.037117475489332602e-22 3.157568889511556877e-23 8.602309608140321640e-01 3.499905935729696923e-23 1.120884925733134189e-02 4.644403860031369111e-03 2.696847690141094926e-03 1.942320796960471663e-01 1.004889459584869076e-02 1.077102934683150379e+05 1.496125623385607832e+04 1.081404854512915335e+04 4.629824656155853146e-01 2.761437679131348341e+04
1.165109025084719785e-03 4.670315706222394109e+07 4.576970208095775545e+07 2.654677742536373809e+07 4.523709743339948131e-01 3.573696044032794237e+07 2.254219126065025249e-22 5.712776545755684871e-22 1.238907656950407727e-23 1.092334265265465065e+00 1.431893607734547435e-23 1.083036878900380667e-02 4.420437030405389295e-03 2.452025659656369497e-03 1.730189646643753854e-01 9.618641088992296861e-03 2.501888443569692317e+05 5.331176457352314610e+05 1.134729336547333151e+04 7.017244118048482360e-01 2.779594563869437843e+04
2.024727429375604119e-03 1.405859199195713364e+07 9.556369584175953642e+06 7.063537305964345112e+06 3.442770930631944837e-01 1.254528022716172226e+07 7.902804515101025696e-23 1.523424068645881753e-22 5.739540341253922153e-24 1.050553071351219447e+00 6.880138272570999259e-24 9.790938372554697927e-03 5.389108005002928720e-03 2.382864141953535027e-03 1.835514998594026670e-01 8.521636788264118009e-03 3.014298544626336079e+05 6.148269054004988866e+05 1.995331529258515002e+04 7.600225429876257266e-01 3.610679948547143431e+04
3.518573004760514565e-03 4.925096464169061743e+06 2.726559107175397687e+06 1.880998194588354789e+06 2.357572072173919897e-01 4.586410014950086363e+06 1.780964119293820064e-23 2.698768117712969694e-23 2.446007944446494480e-24 8.647993439257781745e-01 2.915694967542572370e-24 9.382191211043028334e-03 6.741428120181840872e-03 2.224448593144842667e-03 2.406177728336904853e-01 7.069999362675258303e-03 2.927199060653051711e+05 4.495983909032500815e+05 3.102532760044302267e+04 7.285735293780992716e-01 4.530147421201574616e+04
6.114579083688004638e-03 1.338468301641577389e+06 1.321225316274692770e+06 6.154662907884125598e+05 3.806680196601090471e-01 1.050470922775444575e+06 3.626144195981702254e-24 4.366704211093466223e-24 2.205941414178356817e-24 8.445248760153607481e-01 2.329085620649024000e-24 8.574795105994891323e-03 7.922689298051153323e-03 1.998932230419457091e-03 2.903129147672067201e-01 5.779575530942985227e-03 2.908313141763995518e+05 3.687300638886322267e+05 1.075111355133696488e+05 6.949457402716276988e-01 1.197637577235801145e+05
1.062592059908660722e-02 2.360759511413546570e+05 3.598766588935291511e+05 7.796978404933697311e+04 4.557869145989481008e-01 1.272889255579034652e+05 7.751917601160167753e-25 9.131529247337481002e-25 4.462823899645773527e-25 7.790575973059382653e-01 5.222202449317569362e-25 7.614553045325093104e-03 8.166813873946255839e-03 1.911172838172611223e-03 3.250904624949938482e-01 4.702931757932430831e-03 4.586540206020944170e+05 5.507038875943706371e+05 1.446911918072965927e+05 6.811817149076819788e-01 1.844331172082617995e+05
1.846573362331777393e-02 4.394392724721323611e+04 3.825968844492258359e+04 1.987586785077804234e+04 4.464080223173723105e-01 2.813421277421710693e+04 2.542693132808235020e-25 2.556784995084432263e-25 1.255287488089324491e-25 6.440580882220413583e-01 1.757138145296754509e-25 6.639956773721752276e-03 7.734641555856582550e-03 1.514299339807912478e-03 3.409645105833143952e-01 3.888957136674282312e-03 6.428271989218831295e+05 3.613122783807686646e+05 2.921562728791193804e+05 4.824383483096770786e-01 4.304673396734769340e+05
3.208976719406681638e-02 1.222725135265677091e+04 8.130747739600043133e+03 6.136475553455713452e+03 3.885015100507609453e-01 1.006008551905979039e+04 9.361421718967353344e-26 9.085613073003199516e-26 3.447425641655035611e-26 4.835449989111014202e-01 6.490125115187289851e-26 5.302852782610233823e-03 3.752613724111378193e-03 1.234714764026369118e-03 3.343209023280550585e-01 3.149433820261199769e-03 5.999330419727398548e+05 3.315869408197270823e+05 2.055186156558133662e+05 2.851380195614038882e-01 4.994583480015691021e+05
5.576562402422385878e-02 4.556729023202691678e+03 3.164800045335404320e+03 2.485288069151378750e+03 3.540294326270899128e-01 4.046632240047984851e+03 3.582414669671895001e-26 2.972867394631533809e-26 1.214332196693400453e-26 3.785020439633101641e-01 2.523247473023425309e-26 3.744143461783612341e-03 2.713496945203828104e-03 8.630755269509716131e-04 3.093170336754532124e-01 2.263021212863646024e-03 6.036189151579288300e+05 3.575462543651176384e+05 1.349635368548143306e+05 2.256413711629096375e-01 4.584898640415758127e+05
9.690954764502224261e-02 1.625636304370907283e+03 1.068322880966753019e+03 7.832347119048527020e+02 3.071644183732731292e-01 1.461262646189909447e+03 1.301178110190419045e-26 1.036594537921862056e-26 5.243273728703086795e-27 3.518912469037804858e-01 9.304360641606648921e-27 2.652725495747367511e-03 1.269309848056352722e-03 7.168684178080776941e-04 2.458110330140491073e-01 2.028994652465727824e-03 6.614968632020351943e+05 6.067238775403141044e+05 1.867338439048427972e+05 2.883563185184883082e-01 4.563411002619200735e+05
1.684094922112467918e-01 5.433825947190538272e+02 3.235069615512391010e+02 2.232245453392376362e+02 2.586490240497021365e-01 5.058024436239290935e+02 5.458862962270249109e-27 4.644519854038004344e-27 2.671338643145806051e-27 4.236035854624296548e-01 3.904364191075049384e-27 1.936660297629601507e-03 7.708908432041495021e-04 5.322876413488360128e-04 1.949969456501778609e-01 1.713333659835387761e-03 8.143231261119714472e+05 9.958717060241175350e+05 2.903999453463795944e+05 3.699137305358012329e-01 5.168208314444145653e+05
2.926621551339660399e-01 2.082372008093292095e+02 1.186984954598536035e+02 6.764259524174636340e+01 2.325823949124763146e-01 1.859266355840449876e+02 3.109530478426461199e-27 3.624322902400631536e-27 1.512357037288326600e-27 5.194152040337571830e-01 1.978568021992894034e-27 1.427080492780110395e-03 5.922726083425141914e-04 4.936449919131086217e-04 1.870605410648583933e-01 1.328164486139140395e-03 1.108678998479341855e+06 1.260716386450719554e+06 5.104372422796262545e+05 4.395470920345643795e-01 7.204329639296446694e+05
5.085885357353842062e-01 1.030664688700879310e+02 6.401704936502710552e+01 4.009455644219206505e+01 2.245364903360236031e-01 9.223842729639468985e+01 2.232321446615756745e-27 2.575284814660503090e-27 1.184458601673211353e-27 6.140450567909919721e-01 1.442738573577499584e-27 1.207300326519282442e-03 8.349173238556915205e-04 4.547817190782995310e-04 2.587067453627861502e-01 1.018226578475655945e-03 1.412679057756165508e+06 1.380588569569109241e+06 7.605142327869490255e+05 4.816310916727920555e-01 1.111335129074269673e+06
8.838255788933832013e-01 6.115342326913655313e+01 3.115697512935920344e+01 2.208165553270443837e+01 2.391671800202963272e-01 5.358810076323661775e+01 1.841098551407926028e-27 1.456391571138587067e-27 7.732421546628002426e-28 6.100374209644575663e-01 1.052593529342756697e-27 9.865802423901844521e-04 6.842578151767303354e-04 4.528623048545110490e-04 2.795387383059577124e-01 9.001848979572218707e-04 1.806922951399432262e+06 1.524899988818947226e+06 9.961291055281412555e+05 4.479518532086326221e-01 1.549915170297916047e+06
