# R (Mpc), mean rho (Msol/kpc^3), errup (Msol/kpc^3), errlow, std, median rho (Msol/kpc^3), mean pth (Msol/kpc/s^2), errup(Msol/kpc/s^2), errlow, std, median pth (Msol/kpc/s^2), mean gas-mass-weighted metal (fraction), errup, errlow, std, median metal, mean gas-mass-weighted temp (K), errup, errlow, std, median temp  
#  nprofs 296, mean mh 218662386111.808868, median mh 213348625704.919220 
#  Mass range 11.00 - 11.5
6.704502643857072897e-04 2.053249534179435372e+08 2.129621051984829605e+08 1.201832361780897230e+08 4.534022637900536612e-01 1.688490058732689917e+08 6.739718199950453726e-23 7.554496619825732288e-23 3.919564376654909604e-23 5.638747076756545074e-01 5.041702751212515124e-23 3.519582797410627378e-03 1.699351114527317304e-03 1.673438030703208170e-03 3.237687568196576660e-01 3.445420081842018659e-03 2.200859577086785066e+04 5.738412192428051640e+03 4.219601499620439427e+03 1.085858647685739864e-01 2.120215930525404110e+04
1.165109025084719785e-03 7.949776178608542681e+07 6.851672296522727609e+07 4.387114670862071216e+07 3.599873021492016045e-01 6.892062905835154653e+07 1.668888815091678006e-23 1.523238136834770365e-23 8.265152085481319176e-24 4.178728376007476153e-01 1.287649057658975209e-23 3.015032858855616789e-03 1.597950794388628554e-03 1.414652887724402418e-03 2.923916030787354625e-01 2.860565426410288832e-03 1.653113865892736794e+04 4.401591155314426942e+03 3.621270557973808536e+03 1.375919172644812782e-01 1.541092136022420709e+04
2.024727429375604119e-03 1.902602970923644304e+07 1.240170392524861544e+07 6.500175620536431670e+06 2.446361818765377671e-01 1.620143084868895262e+07 2.706924135736719518e-24 2.161992279042535376e-24 1.044053527796347110e-24 3.536798520432201665e-01 1.939447828424723299e-24 2.773784915325782675e-03 1.534134091709780760e-03 1.507901436553210107e-03 3.064185603836491745e-01 2.676487630726642752e-03 1.255948746696330818e+04 4.524575467495724297e+03 4.646394832596073684e+03 1.975884292113301854e-01 1.148053066254749501e+04
3.518573004760514565e-03 4.342715716306738555e+06 2.129941178936926648e+06 2.066676479420053307e+06 2.869827202314426118e-01 4.217598566014803946e+06 6.184386443339281505e-25 6.711315408471386782e-25 2.658419691593344067e-25 4.229324776916431050e-01 4.331023331490363184e-25 2.325602327390623256e-03 1.708405731393694820e-03 1.152390247955821555e-03 3.425456830731679059e-01 2.037102527381886262e-03 1.381255766599473282e+04 4.360691416762041626e+03 3.187929269482780001e+03 1.837378081651531991e-01 1.187451844917693234e+04
6.114579083688004638e-03 9.368440508516849950e+05 6.384590220218842151e+05 4.679019506835506763e+05 3.390117826562789594e-01 8.269929625197184505e+05 1.859699423114367472e-25 2.139239260015644171e-25 7.786629895089366654e-26 4.338998940116872149e-01 1.239028855133283995e-25 1.797854889598684202e-03 1.378199711766002348e-03 7.372875910039508466e-04 3.132710273868175022e-01 1.443158597117049973e-03 2.124049897126236829e+04 1.847846618983150620e+04 2.863026510213639995e+03 2.641316188619638461e-01 1.330298239385757915e+04
1.062592059908660722e-02 1.519832127874771832e+05 1.659848931159374188e+05 5.348695699536465690e+04 3.771434805027527037e-01 1.052503341129186883e+05 9.667166958853242457e-26 7.475020485605257268e-26 5.417042154929508113e-26 4.797286101062294139e-01 7.393629740463375853e-26 1.602147874019401287e-03 1.282403950097240133e-03 7.416541186499333140e-04 3.451153277004728737e-01 1.377864237349987666e-03 8.711417672778447741e+04 7.231307948255527299e+04 2.860910886025345826e+04 4.263171925885527180e-01 4.321403523334648344e+04
1.846573362331777393e-02 2.491725579951986947e+04 1.917207969123350995e+04 1.023134237004510396e+04 3.662616659060481950e-01 2.002662662435503808e+04 5.336520317016901958e-26 4.337352501634711032e-26 2.599347885849855996e-26 4.289885093337649224e-01 4.317756388579082645e-26 1.402583027238355233e-03 1.056745734399328670e-03 5.757599887127239037e-04 3.229160834736660157e-01 1.162487926342028067e-03 2.111652255476190476e+05 1.717667084698510007e+05 9.296727381992925075e+04 3.705366046610102937e-01 1.578592826825694647e+05
3.208976719406681638e-02 6.918159132963495722e+03 3.562787666011826332e+03 3.132736671389095591e+03 3.486682361449729428e-01 6.653563830101432359e+03 2.184715575217510674e-26 1.248472094236193937e-26 9.116597213466526355e-27 3.585540628074193603e-01 1.979854615840696577e-26 1.191372916417129035e-03 9.563690913410298911e-04 5.019815856781380172e-04 2.943837935436543485e-01 9.950227722281346568e-04 3.277331516051124199e+05 1.313399274341053679e+05 8.624938556728366530e+04 2.895297701648250621e-01 2.217217677095741383e+05
5.576562402422385878e-02 2.315347370041593877e+03 1.085637468161663492e+03 8.780479657798102835e+02 2.688756975734766796e-01 2.166427514301048177e+03 9.360104543092605220e-27 5.411369533730614041e-27 3.309025163123584094e-27 3.651453884957420182e-01 7.080821272124471021e-27 1.007546490446171094e-03 6.660814225873029409e-04 3.815017327423176328e-04 2.785956724059913125e-01 7.887471633607562533e-04 3.873877772980653681e+05 1.354783553634766722e+05 8.419249826453387504e+04 3.166421348592080576e-01 2.274190780933978967e+05
9.690954764502224261e-02 7.503876910745549367e+02 3.899726865621619254e+02 2.375070926003584759e+02 2.441591875584480098e-01 6.860746879575137882e+02 5.142378270873103363e-27 4.690903172229613231e-27 1.503237085305324317e-27 4.287106090917449097e-01 2.669072783555083432e-27 7.520876918762401352e-04 4.086454432753879821e-04 2.241687264661738508e-04 2.509413548081253498e-01 5.856263782785160483e-04 6.574077678322488209e+05 4.761359809676771984e+05 1.442335158484340063e+05 4.307630949492888273e-01 2.732517998402761295e+05
1.684094922112467918e-01 2.666468169032584115e+02 1.568122612340660567e+02 7.616165102395072495e+01 2.283993471486555349e-01 2.247112682598386755e+02 3.745035007565830212e-27 4.378097797392830603e-27 1.310002389843031218e-27 6.194280720413671837e-01 1.587413160040731023e-27 6.400597614874966538e-04 3.732796120115087612e-04 1.494331898128871189e-04 2.600558572732491469e-01 4.472253267550947578e-04 1.037782159334503696e+06 1.234636028400064912e+06 3.891713124823777471e+05 5.538498477443479784e-01 4.942305463013236877e+05
2.926621551339660399e-01 1.316474335713874098e+02 1.103622930998483156e+02 3.775438501756567433e+01 2.690350956372162261e-01 9.863209259148190711e+01 3.178711712995822464e-27 3.856363551215162952e-27 1.257252482281438098e-27 7.865729184753836867e-01 1.363640521650204847e-27 6.879376677937000138e-04 4.944315515207619314e-04 1.767789650729971235e-04 3.378073823525365449e-01 4.115707820880543577e-04 1.461558913840585155e+06 1.739686446947223507e+06 7.760072176919593476e+05 6.365146757475363959e-01 8.801697364102987340e+05
5.085885357353842062e-01 8.147483381692855176e+01 8.009814595711611673e+01 2.448033868420406023e+01 3.084324836064634145e-01 5.450769585089588531e+01 2.976263025032402057e-27 2.550758572452986980e-27 1.276754640444942159e-27 8.425251501887491834e-01 1.378659283044350735e-27 9.645434436998791359e-04 1.006494985578969053e-03 3.883262999312262669e-04 4.443100588379951255e-01 5.769083642580812715e-04 1.958861987766545266e+06 2.089750019562222995e+06 1.324302814832548378e+06 6.468736586572575442e-01 1.550113362390777096e+06
8.838255788933832013e-01 5.469842012482806126e+01 3.722792899451906123e+01 1.795049609475457331e+01 3.298009018770773348e-01 3.582868547210443921e+01 3.182307058393704635e-27 2.038564458361658131e-27 1.003076579451094285e-27 8.097455340465313789e-01 1.155892060954885806e-27 1.100924032550133465e-03 1.160855479546864591e-03 5.793064854208436303e-04 4.796833335244883867e-01 8.256717206370118049e-04 2.501326408487818670e+06 2.092658663982904516e+06 1.571214573467519134e+06 5.697815894570940065e-01 2.137662447376471013e+06
