# R (Mpc), mean rho (Msol/kpc^3), errup (Msol/kpc^3), errlow, std, median rho (Msol/kpc^3), mean pth (Msol/kpc/s^2), errup(Msol/kpc/s^2), errlow, std, median pth (Msol/kpc/s^2), mean gas-mass-weighted metal (fraction), errup, errlow, std, median metal, mean gas-mass-weighted temp (K), errup, errlow, std, median temp  
#  nprofs 139, mean mh 549886653046.597778, median mh 482035344021.097595 
#  Mass range 11.50 - 12.0
6.704502643857072897e-04 8.799701874175094068e+07 1.249025135184068382e+08 4.506720320588093996e+07 4.627021628297890987e-01 5.995168244297319651e+07 2.615944746916702537e-22 7.662739941745690260e-23 2.187113046807571190e-23 8.496254437236356871e-01 2.492581467768494513e-23 1.197427869872507572e-02 5.215548526976129806e-03 3.463262168916647968e-03 2.126435995806437995e-01 1.084509447996438725e-02 1.181520944463361666e+05 1.094878611442992842e+05 1.212335844909433763e+04 5.429636830003432557e-01 2.820680390629423709e+04
1.165109025084719785e-03 3.679131406359291077e+07 5.282113736159396917e+07 1.132992411469907314e+07 5.126744673757204218e-01 1.742307210701011866e+07 1.373430339062875723e-22 2.209310984861512972e-22 7.652754830909199170e-24 1.092981373243690602e+00 8.234687645347793053e-24 1.319332122833049951e-02 7.107895284015777401e-03 3.242290960180627818e-03 1.982792633566327900e-01 1.116638846306471956e-02 1.292036661166695267e+05 2.393093818009297247e+05 1.585247294570213671e+04 6.389460407539060416e-01 2.663166802346427721e+04
2.024727429375604119e-03 1.125136299180670641e+07 1.052812435432380997e+07 6.072490627725243568e+06 4.163106219201525571e-01 8.607635182042280212e+06 5.731084990712472578e-23 1.116969196723746843e-22 2.456070390771890405e-24 1.074091757145811732e+00 2.838834349864463387e-24 1.238909315857836084e-02 8.897868748455725965e-03 3.538478516648778729e-03 1.984199282006578469e-01 1.057618608267628553e-02 3.102650160686715390e+05 4.622913484854758135e+05 3.072093432226277218e+04 7.257706141111445186e-01 4.291538296010065096e+04
3.518573004760514565e-03 4.312405769896344282e+06 2.172535981828249525e+06 1.828723975552104879e+06 2.321893348214948138e-01 4.037147824488260318e+06 1.251669734618377779e-23 2.361029084131466581e-23 1.256004425454976307e-24 9.022990041606103739e-01 1.516380797494210399e-24 1.377705122438300546e-02 1.477080626799959738e-02 3.920814665261405756e-03 2.647020220936570634e-01 9.965550841822852848e-03 1.989431635891104816e+05 2.892292984644454555e+05 3.428937690352589561e+04 6.746135196915086230e-01 4.752944421747857996e+04
6.114579083688004638e-03 1.342879137290437007e+06 1.086006248907700879e+06 6.631932692542867735e+05 2.856295970980759491e-01 1.167135299065800617e+06 2.256606233862980715e-24 4.340242609011169390e-24 4.811050869067934283e-25 9.074276592991850077e-01 5.207715250619571208e-25 1.359932415501404618e-02 1.797570399985155137e-02 3.641478142001519126e-03 3.280710267193115981e-01 8.375340347571990501e-03 1.434928677541480574e+05 1.853612293348761450e+05 2.286287544457542026e+04 6.825609761880527815e-01 3.105880244272825075e+04
1.062592059908660722e-02 2.241540707336450869e+05 3.698198844316056930e+05 6.876929910411259334e+04 4.304677015576743315e-01 1.221049443472865678e+05 5.719463449484611793e-25 1.026525442493751972e-24 1.689745838606572203e-25 1.044942802053287156e+00 1.736032739331327454e-25 1.268956814396773360e-02 1.733642134278676195e-02 3.406656979155560545e-03 3.462587452911445318e-01 7.485506367623891676e-03 2.086031874118890846e+05 3.048081340302926837e+05 7.442514836958308297e+04 7.582464513982205556e-01 8.202588232731357857e+04
1.846573362331777393e-02 3.400042343705795793e+04 3.881971591334319965e+04 1.359692154190194560e+04 4.543979256055089566e-01 2.087057873376685166e+04 1.628222440422612693e-25 2.166477381487091295e-25 1.010416770364965869e-25 8.403752746058085199e-01 1.065046657209198496e-25 1.184179247321728509e-02 1.580881429616368822e-02 3.628182007770207849e-03 3.588615492671826668e-01 7.194201596713004424e-03 4.119755403251305688e+05 2.732736582419789629e+05 2.440154362540262518e+05 6.049833960938191257e-01 2.816739591812832514e+05
3.208976719406681638e-02 9.076264601027234676e+03 9.195262414771474141e+03 3.911395040228453581e+03 4.872793538968474003e-01 5.464451815632082798e+03 5.735400400292721152e-26 5.723531681272122628e-26 3.613116648843687089e-26 5.850800131833506779e-01 4.632679996224476193e-26 9.924209142052014057e-03 1.350152398284522499e-02 3.050843227772415209e-03 3.704677382993126766e-01 5.991307147431622002e-03 6.968421951304847607e+05 3.176965221155838808e+05 2.171645633390281582e+05 3.559865947091589988e-01 4.179619727306726854e+05
5.576562402422385878e-02 3.024932500075672124e+03 3.142744020627043028e+03 1.665502108846910232e+03 4.455029922181190094e-01 2.287639438640079788e+03 2.154819153522197518e-26 1.591047206117938621e-26 1.050059072963910592e-26 4.265019309486460242e-01 1.629029899940444090e-26 6.834670249554658343e-03 8.452031624016826533e-03 2.097477756084544735e-03 3.225611541507567015e-01 4.481613052233964292e-03 6.294899566680913558e+05 6.187363256363604451e+05 1.445548572776843794e+05 2.671868745202167217e-01 4.427705227418210125e+05
9.690954764502224261e-02 1.163034647084551580e+03 1.189373809588151971e+03 5.678021636071923695e+02 4.022812420731476934e-01 8.673522869714331591e+02 1.051755418771424709e-26 9.974067582027436827e-27 3.928181010329271789e-27 4.373619173019599460e-01 6.704369082626076046e-27 4.970732007811761929e-03 4.440584351948571873e-03 1.229548047734302634e-03 2.900352783440571236e-01 3.362551927832482367e-03 8.226258635725600179e+05 9.618235230021679308e+05 2.167657619502164307e+05 3.455401165544992326e-01 4.815306365548139438e+05
1.684094922112467918e-01 4.081028056273632956e+02 2.852426298808735510e+02 2.315784672204395349e+02 3.271848618312684365e-01 3.742559343089692447e+02 5.610374201801307789e-27 5.359271791246271625e-27 2.105976269328509829e-27 4.319168862068987758e-01 3.437192324380239045e-27 3.310955109956587213e-03 2.293472902794337510e-03 8.927169318897875544e-04 2.559459603443794973e-01 2.481935315695701135e-03 1.230319434151466237e+06 1.291059337494885549e+06 5.202031568394956412e+05 4.144657999123773084e-01 7.805826856412795605e+05
2.926621551339660399e-01 1.785348616384778211e+02 1.102408405588357709e+02 7.091636772353270146e+01 2.590332229684942922e-01 1.651880055129415723e+02 3.657642233206866238e-27 3.202444275105343005e-27 1.993558545922312623e-27 4.644183474594969496e-01 2.664390003964465950e-27 2.118465196198795857e-03 7.224773674703976589e-04 7.102135617001411640e-04 2.098050819000611411e-01 1.853506135691089214e-03 1.703581213876455789e+06 1.495794113835687749e+06 9.432294044246727135e+05 4.412565708711123080e-01 1.293903697510049678e+06
5.085885357353842062e-01 9.298143847182431898e+01 4.607953596058192147e+01 3.686435754913127738e+01 2.197728281768247804e-01 8.721759522726134151e+01 2.791948455163678407e-27 2.831243166501028817e-27 1.298763643449873471e-27 5.031494008833726772e-01 1.896580239246713563e-27 1.601777085601652261e-03 8.529031098019749287e-04 5.477072925369858795e-04 2.288081391714283930e-01 1.389033061915629979e-03 2.150217495304799173e+06 1.859464769025465706e+06 8.992327294857254019e+05 4.180813944611628807e-01 1.649462021383855725e+06
8.838255788933832013e-01 5.942469913680333349e+01 3.361232707253538621e+01 2.139290479433195458e+01 2.257085210676188503e-01 5.208932844771083381e+01 2.317936681116330521e-27 2.447916538815923331e-27 9.153572156395177642e-28 5.132488341015177813e-01 1.564688257764191518e-27 1.355591574939339150e-03 6.684495499789308830e-04 5.765729027288931784e-04 2.485929656776401653e-01 1.263041894873907951e-03 2.629336568030667957e+06 2.235524093730181456e+06 1.166399067720462102e+06 3.861851885943481943e-01 2.298315207352603786e+06
