# R (Mpc), mean rho (Msol/kpc^3), errup (Msol/kpc^3), errlow, std, median rho (Msol/kpc^3), mean pth (Msol/kpc/s^2), errup(Msol/kpc/s^2), errlow, std, median pth (Msol/kpc/s^2), mean gas-mass-weighted metal (fraction), errup, errlow, std, median metal, mean gas-mass-weighted temp (K), errup, errlow, std, median temp  
#  nprofs 80, mean mh 529240336579.442383, median mh 471105832773.639771 
#  Mass range 11.50 - 12.0
6.704502643857072897e-04 7.089854459541802108e+07 7.292852641766135395e+07 3.283910210785603523e+07 4.618230579397560320e-01 4.261044857273966074e+07 3.691095422472672748e-23 3.299084985876835423e-23 8.622295795242723976e-24 7.079366640611977068e-01 1.058049539238973033e-23 4.207847304251959367e-03 3.455694018197293105e-03 1.759727483288174013e-03 3.136013583989482600e-01 3.675422463724044644e-03 2.373556513656609968e+04 1.073294834129091396e+04 6.299321328683899992e+03 2.133214809717621785e-01 1.902537449508901045e+04
1.165109025084719785e-03 3.307911834155585989e+07 3.504276219995717704e+07 1.727072077356731147e+07 5.370581423542836186e-01 2.090340255678572506e+07 1.909693191721415227e-23 1.568078427727040849e-23 4.156332990866059400e-24 8.159454573152011836e-01 4.640355103758332134e-24 4.732829865725703827e-03 2.820160094947142537e-03 1.150892703798592903e-03 2.681391006173003411e-01 3.948279612432804841e-03 2.378342557714360373e+04 1.085457399641996744e+04 5.722792473785821130e+03 2.400209420613194922e-01 1.816383298772875423e+04
2.024727429375604119e-03 1.589073793174640648e+07 1.435114178647495806e+07 7.317381844295146875e+06 3.952851938990483704e-01 1.233798237041950598e+07 1.078340224251745713e-23 7.237957848058227680e-24 2.715217118917312611e-24 7.047558411961818425e-01 3.292144688450833371e-24 4.618852980335216331e-03 2.564855382087881733e-03 1.374508518844528085e-03 2.570589449987651376e-01 3.940942436033214105e-03 3.369324257492859761e+04 2.285054840576861898e+04 6.945027989428348519e+03 3.327567268241836684e-01 1.853255373258252803e+04
3.518573004760514565e-03 6.863628641370899975e+06 3.989813919300219975e+06 3.152017002021002118e+06 2.387598351329857094e-01 6.464666234589415602e+06 3.787135466767813006e-24 3.142110369877633342e-24 1.394386413677890728e-24 4.765336333292132798e-01 1.946629230287432137e-24 4.108095608354616658e-03 2.357309172008882105e-03 1.265992223683012723e-03 2.698769065800432632e-01 3.529321627711364852e-03 3.926697661668072396e+04 2.937470760436327691e+04 8.739861916528718211e+03 3.314892361742780014e-01 2.126085677548730018e+04
6.114579083688004638e-03 2.450751090693646111e+06 1.079289451640216168e+06 8.902831412642784417e+05 2.603422949681467591e-01 2.371494052758379839e+06 1.366747257073090789e-24 1.014706807376878323e-24 5.628390021318179009e-25 3.894007396080744754e-01 9.591947942302384325e-25 3.384680301961073921e-03 2.109908937412066990e-03 9.827747971030364148e-04 2.551761623562117109e-01 2.771954233111997672e-03 5.094533714020864863e+04 3.507912828131869901e+04 1.094813848146944292e+04 3.333811517763640708e-01 2.850587800270662046e+04
1.062592059908660722e-02 6.659853197464994155e+05 2.853612491340942215e+05 3.817639376332807005e+05 3.374415894724075993e-01 6.665045995810987661e+05 6.037321111272451552e-25 4.505781121685176215e-25 2.237138852107460060e-25 4.135536399950245912e-01 4.126113916253996548e-25 2.948638090737159927e-03 1.741845246619886951e-03 7.848118129810070093e-04 2.391074325071863571e-01 2.413093973226196950e-03 9.185876567747206718e+04 5.995099405094969552e+04 2.272183796978345345e+04 3.795606205080745976e-01 4.984877999150297546e+04
1.846573362331777393e-02 1.426007991019604378e+05 8.178927038715110393e+04 7.511751329853819334e+04 3.764225617502588439e-01 1.210671987152470974e+05 2.812087757654542265e-25 2.840914762889089637e-25 7.475341201738133010e-26 3.640983707283197979e-01 1.653599118437319347e-25 2.739342591413430894e-03 1.149302215063406803e-03 8.051464147069131976e-04 2.340170382725650366e-01 2.326782550823834790e-03 2.085915922113167180e+05 1.607545194686932664e+05 6.730705609609060048e+04 4.005489846655985731e-01 1.180914278052386071e+05
3.208976719406681638e-02 3.150055450092276442e+04 2.605941590930464736e+04 9.879304498930152477e+03 2.994099448665906160e-01 2.479370710178579611e+04 1.112032133750200959e-25 7.540077527359084926e-26 2.958456451066372412e-26 3.352095868068056816e-01 6.688850282122265664e-26 2.642624075593558858e-03 9.377659892944845664e-04 7.766871905487253164e-04 1.927948392188178484e-01 2.422693703749006187e-03 3.154456447965679690e+05 1.807749716811061953e+05 8.871825818723265547e+04 3.439318596338500345e-01 1.953859824588926858e+05
5.576562402422385878e-02 1.121418591612897217e+04 7.496385651059132215e+03 4.971712320834136335e+03 2.696110507398062905e-01 1.003922629732207497e+04 4.196027991873566092e-26 3.513888807694105348e-26 1.054872752043267541e-26 3.163869395490974123e-01 2.615674333334025597e-26 2.373766732810753295e-03 1.039435974051937644e-03 8.106151876238467877e-04 1.867300043437943313e-01 2.224110774414772822e-03 3.514668833063965430e+05 4.123987665994120762e+05 7.821738684384016960e+04 3.468875759430504191e-01 1.950725395187813556e+05
9.690954764502224261e-02 3.701199468095830525e+03 2.199870819357178334e+03 1.359348282908031706e+03 2.297607988656170386e-01 3.312539137136457612e+03 1.562915550083786363e-26 2.060453292486765581e-26 3.839895752434189238e-27 3.107087672677916190e-01 1.012039217289492398e-26 1.979371094712450291e-03 5.325331930489118903e-04 9.778124279367743366e-04 1.915090316826738304e-01 2.098837607703496998e-03 4.192998699909403222e+05 4.504889515477649984e+05 7.987636372709818534e+04 3.541108772316675646e-01 2.133975736876504379e+05
1.684094922112467918e-01 1.027983569145804495e+03 4.603775697281810153e+02 2.792246727905809394e+02 1.739387161161536077e-01 9.602964364724325605e+02 5.935246723431624616e-27 6.383134328131635613e-27 2.094906701114525241e-27 3.543858363406227063e-01 3.986246421709775790e-27 1.506557845580481451e-03 5.953028572936312941e-04 6.217501127335792145e-04 2.115511683514192109e-01 1.462664587469527256e-03 4.484700200635176152e+05 4.825927599706030451e+05 1.441350389809002227e+05 3.384990063987729503e-01 2.905052702177511528e+05
2.926621551339660399e-01 3.406494295120202196e+02 1.712310919669792497e+02 9.171789536285348277e+01 1.667903783673494178e-01 3.064857879425841816e+02 3.226220457252063742e-27 3.007009513796138713e-27 1.227274433800592666e-27 4.683064587833535852e-01 1.945141359012814769e-27 1.034150407978660577e-03 5.539521591116378443e-04 5.638970835744232593e-04 2.733727077460690880e-01 9.791858958156744990e-04 6.811829953176581766e+05 6.662659025123888860e+05 2.826753920212922967e+05 4.255596805857362330e-01 4.329409328253000276e+05
5.085885357353842062e-01 1.416918457801374984e+02 7.886482062095329582e+01 4.485596629179393346e+01 1.899822825341926924e-01 1.234842864333287054e+02 2.224865910161421802e-27 2.261481889302339240e-27 1.053525175556501202e-27 5.981601678359180774e-01 1.362537642577550515e-27 7.308383878564278947e-04 6.174485593338358003e-04 3.182280282000382143e-04 3.396578566488310247e-01 5.634400078061963489e-04 1.100480378727755276e+06 1.305750246144764591e+06 5.656097815692943987e+05 5.225322721612566390e-01 7.315727563209827058e+05
8.838255788933832013e-01 8.102612797751660878e+01 5.409390976155336261e+01 2.459856262874545507e+01 2.391019078741689341e-01 6.558280799698478347e+01 1.823818773440618348e-27 1.989194042148008386e-27 9.886122780837790122e-28 6.993117670265452945e-01 1.256976560567841485e-27 7.466877719554020553e-04 6.351865208709137154e-04 4.388814514364357744e-04 4.259254084267619089e-01 6.502108838178646214e-04 1.471379310645523714e+06 1.030011201479728101e+06 7.495279295912398957e+05 5.541940828577757161e-01 1.195556334860911826e+06
