# R (Mpc), mean rho (Msol/kpc^3), errup (Msol/kpc^3), errlow, std, median rho (Msol/kpc^3), mean pth (Msol/kpc/s^2), errup(Msol/kpc/s^2), errlow, std, median pth (Msol/kpc/s^2), mean gas-mass-weighted metal (fraction), errup, errlow, std, median metal, mean gas-mass-weighted temp (K), errup, errlow, std, median temp  
#  nprofs 116, mean mh 558839144118.774170, median mh 521651097335.895020 
#  Mass range 11.50 - 12.0
6.704502643857072897e-04 1.088956379737775475e+08 1.404994671105883420e+08 4.076097990115810931e+07 4.628855124676324317e-01 6.033504982726320624e+07 2.247195212211166929e-22 1.319663022495631654e-22 1.692256934695524595e-23 8.283913760962273720e-01 2.224707931855230769e-23 9.204686567107305678e-03 4.893125933045344017e-03 2.410166982806887133e-03 2.090755682818032091e-01 7.848700183457646765e-03 8.411999192907166434e+04 3.171633515606100991e+04 9.651696184991185874e+03 4.542060108425164389e-01 2.647904113477585634e+04
1.165109025084719785e-03 4.881547194959174842e+07 4.698503957306478918e+07 2.896424373804858327e+07 5.018526500678438529e-01 3.664949700373952091e+07 1.530072834417654998e-22 3.165250343613650823e-22 1.234171612231799258e-23 1.009589274209493404e+00 1.468816791697077599e-23 8.757958182335030470e-03 2.883370623694045745e-03 2.613626027741159166e-03 1.913828634939051254e-01 8.009609884770660382e-03 1.365830557840523543e+05 2.536107045078287774e+05 1.096865027881606329e+04 5.723967122559828757e-01 2.731949652322442125e+04
2.024727429375604119e-03 1.586980647664372250e+07 1.346121257823851891e+07 1.041484734152130038e+07 4.031301382803559874e-01 1.430027178612638079e+07 6.618009755074443866e-23 1.231943265309489655e-22 4.386121014563188391e-24 1.015937022067141982e+00 5.376764203783444910e-24 7.963029220028006172e-03 3.869383386137838395e-03 2.582557880203778002e-03 2.024330540301435000e-01 7.066038553458141476e-03 2.120712526983797434e+05 3.498857994966370752e+05 4.054155630186336930e+04 6.721755325366608469e-01 5.553835116176095471e+04
3.518573004760514565e-03 5.594036759897113778e+06 2.772207703204130754e+06 2.274805555695050396e+06 2.207945819895564543e-01 5.248401564456334338e+06 1.542981537033931856e-23 2.147734197665040239e-23 3.324720514150534172e-24 7.876821611488001862e-01 3.849025077769151162e-24 8.153439471250759074e-03 6.517756878218542577e-03 2.223135569666733272e-03 2.715629126921341174e-01 6.031112293930329660e-03 2.064776732957761851e+05 3.775088326544858282e+05 3.357237266132741934e+04 6.418903515013184569e-01 4.861900652731246373e+04
6.114579083688004638e-03 1.640523831742342329e+06 1.111843557806049939e+06 8.910330846516964957e+05 3.155162075690731149e-01 1.535958539352866355e+06 3.980534842230650173e-24 5.212717648071715149e-24 1.710675552949559351e-24 7.460425232212483104e-01 1.930137351774780251e-24 7.368055226908915359e-03 9.759831845361156138e-03 1.791656889848784913e-03 3.067036292184519009e-01 4.941755058304062032e-03 2.318898278172605205e+05 2.772262745635301690e+05 8.477514186848689860e+04 6.211622424010042609e-01 9.885716705311887199e+04
1.062592059908660722e-02 3.395128298718874576e+05 4.630191605521764723e+05 1.233190589745519537e+05 4.161433595946292807e-01 2.009280915307591786e+05 9.968242494837093464e-25 1.038375480814482112e-24 4.819078442306341086e-25 6.573271429510708641e-01 6.352785683559624278e-25 6.172222020856000732e-03 5.756763424778881151e-03 1.705258735252204467e-03 3.354163697408964473e-01 4.070809201644044230e-03 3.335734411406489671e+05 4.606414964084554813e+05 1.235338976923860755e+05 5.888566969420782060e-01 1.667666747576657799e+05
1.846573362331777393e-02 7.122601464707301056e+04 1.091321712107365893e+05 2.653086175708965311e+04 4.648487102818940619e-01 4.136863070315300138e+04 3.367176000915029825e-25 2.250296517910594142e-25 1.883330541594738906e-25 5.672860219641321367e-01 2.747592675207370479e-25 5.358718426491879301e-03 4.083971938039501585e-03 1.475976257081298027e-03 3.063635447061405226e-01 3.499745403152557631e-03 6.324029822703249520e+05 6.847079115573270246e+05 1.855478960879924998e+05 4.976137413546991017e-01 3.278558567679330590e+05
3.208976719406681638e-02 1.632733876311095446e+04 1.345005664383835028e+04 7.626253255415887907e+03 3.717447018876153253e-01 1.369877186473552501e+04 1.141807646938016667e-25 8.447814615153752086e-26 4.329143109114985893e-26 4.098311264197477821e-01 8.332832681235554384e-26 4.023465815033138576e-03 3.886888670719377843e-03 1.164095245920680494e-03 2.820698635985012803e-01 2.916515699626172266e-03 5.699070158610501094e+05 4.387852516431448748e+05 2.074655582110468531e+05 2.654792182739525441e-01 4.754508686741475249e+05
5.576562402422385878e-02 6.222495202243128006e+03 3.867910767422825302e+03 3.782306086250325734e+03 3.360976424677871721e-01 5.976038245254796493e+03 4.882339364945390528e-26 3.181905625216023548e-26 1.599979294793707600e-26 3.782155755495866800e-01 3.399568676387970441e-26 2.956178377510221278e-03 1.599885726162414163e-03 8.238870163744568386e-04 2.361899319949526121e-01 2.408807584983521915e-03 6.199804863491592696e+05 7.041089687201894121e+05 1.416198551518959575e+05 2.782878802082152658e-01 4.159807622506777989e+05
9.690954764502224261e-02 2.355757610362468768e+03 9.785042376351084386e+02 1.316694940379698892e+03 2.749652531143006451e-01 2.349940556625319914e+03 1.980211595762956455e-26 1.798247728408749731e-26 6.560475664542599551e-27 3.587959737403887406e-01 1.275682700758493731e-26 2.223369265827575443e-03 1.105227830223112773e-03 6.493701937794462906e-04 1.933864408196386275e-01 1.943138830763335365e-03 6.750418895518068457e+05 7.919577732430989854e+05 1.528338781399354339e+05 3.130024245530676485e-01 4.150041391903848853e+05
1.684094922112467918e-01 8.124735240329774797e+02 3.424888045238017185e+02 3.567415488227057949e+02 2.331806247131224530e-01 7.791780849798292365e+02 7.487824533631724741e-27 7.859931968783672132e-27 2.631327026954137256e-27 3.856901778879073817e-01 4.607674131110151859e-27 1.736178849333074471e-03 7.090486549099447346e-04 4.436418528350740895e-04 1.697044120912088450e-01 1.594539138144883406e-03 7.075979225619036006e+05 7.671380360985531006e+05 2.615514372507096268e+05 3.425232478486556209e-01 4.869207081311517395e+05
2.926621551339660399e-01 2.939016812903252571e+02 1.431714955786657129e+02 8.059358982445388619e+01 1.827813792592454800e-01 2.647801583705252142e+02 3.525802090961997629e-27 4.068494316367611581e-27 1.649645354608815795e-27 4.611008856915839726e-01 2.289509740073829310e-27 1.290670544869915734e-03 5.945998670807927083e-04 4.494957568944649151e-04 1.840949930327050454e-01 1.222542741082968502e-03 8.345185060230101226e+05 6.385676649506473914e+05 5.211970468831433100e+05 3.884227701574904934e-01 7.388724468295681290e+05
5.085885357353842062e-01 1.391108785392604545e+02 7.001152094424423922e+01 3.848672282931215705e+01 1.916349122831700336e-01 1.221997903448667842e+02 2.180147550679909403e-27 1.759122999860501102e-27 1.189975958892213303e-27 5.232862223616105979e-01 1.576648598673335946e-27 1.002509528605647271e-03 5.890856394976886788e-04 3.741781941729857086e-04 2.251408324463988198e-01 9.257313217113076085e-04 1.079214571810417576e+06 7.693781739060715772e+05 7.394704225765937008e+05 4.323241749956635016e-01 1.037554899788243230e+06
8.838255788933832013e-01 8.012322472848376265e+01 4.049719248820093753e+01 2.887334602219345925e+01 2.206737068992539186e-01 7.061908279675098754e+01 1.616850605139988006e-27 1.750033823265193990e-27 7.570121106906597936e-28 5.804810361378920369e-01 1.085251880399193656e-27 8.762785336148430420e-04 5.358542634627712353e-04 4.510549059909886062e-04 2.987562444791754812e-01 8.452797122591635369e-04 1.297346751632332336e+06 1.153079467493387405e+06 6.721950995774893090e+05 4.343845659234848999e-01 1.105025208779629786e+06
