# R (Mpc), mean rho (Msol/kpc^3), errup (Msol/kpc^3), errlow, std, median rho (Msol/kpc^3), mean pth (Msol/kpc/s^2), errup(Msol/kpc/s^2), errlow, std, median pth (Msol/kpc/s^2), mean gas-mass-weighted metal (fraction), errup, errlow, std, median metal, mean gas-mass-weighted temp (K), errup, errlow, std, median temp  
#  nprofs 36, mean mh 479788977503.095642, median mh 420369634399.505005 
#  Mass range 11.50 - 12.0
6.704502643857072897e-04 1.356331381840585470e+08 1.131213669649940580e+08 3.916208032268445194e+07 4.856371584757672166e-01 6.316330836500515044e+07 3.617133619867116011e-22 7.438190143178098740e-23 2.780112491491072664e-23 1.070975543828203369e+00 2.890727636463771773e-23 7.983373686184852200e-03 6.012552641861880487e-03 2.158065970002372505e-03 2.430027326736471094e-01 6.180675950255995477e-03 7.422414518279403273e+04 2.166325742856321449e+04 2.052912201673616073e+04 5.805305155638903480e-01 2.648785471362497628e+04
1.165109025084719785e-03 4.596574958509542048e+07 5.969879198443800211e+07 9.614966014273960143e+06 6.553236055618748557e-01 1.266889325049454160e+07 2.374509095283075005e-22 6.258868844194207065e-23 3.397662458950377128e-24 1.292169180279752583e+00 3.572693016866454616e-24 8.046560372905993755e-03 4.005533691655702687e-03 1.825707071959383095e-03 2.621994847787604277e-01 5.605051219159514105e-03 9.620437908185429114e+04 7.193241597796323185e+04 1.389583351664347538e+04 6.204635635352863110e-01 1.938749691196750791e+04
2.024727429375604119e-03 1.004200900271462277e+07 1.258575483880540729e+07 2.990865486657133326e+06 5.137807889903219793e-01 4.858869935969206505e+06 1.316914935271770395e-23 4.124421499894145561e-24 1.308037683597872761e-24 9.024322817369332395e-01 1.380799369087240994e-24 8.602948232131039236e-03 8.040950553409115242e-03 2.530436616731132800e-03 2.638393463934867733e-01 6.475695553568005733e-03 3.302801529417072743e+04 1.263739425284973913e+04 1.049054855533477530e+04 4.153512676637973189e-01 1.673880227955887312e+04
3.518573004760514565e-03 3.387019061454488430e+06 2.553393061155315954e+06 1.126491520067813806e+06 3.057550400614115205e-01 2.628572959885400254e+06 5.902118242410149002e-24 6.884067036779707476e-24 4.948524720303397231e-25 9.247679653254898824e-01 5.715785714378165755e-25 8.437960522471971495e-03 6.249593639493467197e-03 3.188389457339312061e-03 2.696983916967841122e-01 6.825821045226123339e-03 9.189835264995001489e+04 8.220198613552202005e+04 9.550421829629232889e+03 6.109685664811872474e-01 1.571543601656760802e+04
6.114579083688004638e-03 1.315575286481542280e+06 7.231001987172064837e+05 6.491583800700505963e+05 3.255652278583268666e-01 1.216644094244187465e+06 2.201789201449806426e-24 2.387574178864518664e-24 3.599645889178196835e-25 8.664243896457550775e-01 4.037632229723442540e-25 7.569055459000962986e-03 6.502990237531948263e-03 3.872043384376182718e-03 3.085713237967646072e-01 6.513375825689743208e-03 1.273671454005045089e+05 1.383701039754968369e+05 1.099691071283027486e+04 6.395268616918543536e-01 1.959767808391519793e+04
1.062592059908660722e-02 4.036337492554027122e+05 3.351370468365339912e+05 2.847479207985902904e+05 4.443333266794883274e-01 3.742295678949335706e+05 7.358975499340280348e-25 1.883999679596844301e-24 1.167951031439649400e-25 8.386958419733914205e-01 1.464310126851055451e-25 6.790575228915779644e-03 6.258585208442093983e-03 3.651262787470435384e-03 3.125644989532992413e-01 6.095424051558918921e-03 1.239419957628639240e+05 1.173026582344943599e+05 4.721918786087493936e+04 5.805480343004240096e-01 5.918584373927212437e+04
1.846573362331777393e-02 1.225268817700199143e+05 1.219460504376398458e+05 8.311299701740004821e+04 5.128784131872554664e-01 1.002899344061354350e+05 3.364834194167191703e-25 3.591837551965922564e-25 1.970564988640412316e-25 6.994730764767035369e-01 2.283047516769938507e-25 5.843471688385294335e-03 4.842956227760810903e-03 2.797842752699298760e-03 3.340629698514957502e-01 4.621339956947323815e-03 2.858796641275164438e+05 1.871857678364441672e+05 5.869148570040035702e+04 4.834411988343262911e-01 1.311002307871402299e+05
3.208976719406681638e-02 3.297889339638898673e+04 4.288377133519040217e+04 1.454965079862559651e+04 5.221238408422740340e-01 1.992515950864420302e+04 1.902798432512318133e-25 1.011665626345746372e-25 1.090345008648166052e-25 6.852170817422561511e-01 1.359364571158826931e-25 5.014622560300024089e-03 4.848793540083317158e-03 1.530038564426807433e-03 3.005510248427910591e-01 3.289987763544886465e-03 4.744053336738909129e+05 6.368264108532953542e+05 1.151128175500912184e+05 4.295611527364650573e-01 2.780356397707046708e+05
5.576562402422385878e-02 1.024213102534509926e+04 1.014746100219581604e+04 4.920341243949956151e+03 4.841490332117466266e-01 7.203792196325770419e+03 8.286260972731236843e-26 6.231522061357051616e-26 1.439972455129627928e-26 5.469226418753991847e-01 2.983463334106990397e-26 4.075058843555769833e-03 3.871882839342514863e-03 1.159123589414155688e-03 2.732130224150617903e-01 2.937568467027551825e-03 5.518932822207561694e+05 5.638260186158776050e+05 1.724952830665880756e+05 3.580777579511770781e-01 3.319898605705607915e+05
9.690954764502224261e-02 3.895729215972321072e+03 3.590201237195201429e+03 1.318545275106830559e+03 4.179012628958590492e-01 2.522816029351105499e+03 3.509502182293027109e-26 2.620876182635915378e-26 7.466572874957730892e-27 4.925121821820469536e-01 1.354299680755148891e-26 3.020130543317040006e-03 2.046723705987486645e-03 5.510772238101430218e-04 2.291221647393042182e-01 2.124170048482516490e-03 6.354505561136810575e+05 5.784501814478423912e+05 2.078443415788727289e+05 3.822187439228801886e-01 3.776166573611467611e+05
1.684094922112467918e-01 1.384596120129240262e+03 7.063804254561453035e+02 6.165229696219170137e+02 3.183942270691840215e-01 1.184019176998982857e+03 1.510541664216691152e-26 1.214374615530733796e-26 3.097755666662032554e-27 4.394792590300796720e-01 6.043186414593591889e-27 2.103869744244563945e-03 6.587437405223221104e-04 4.110779652237435237e-04 1.914850479867635513e-01 1.766882624772285124e-03 6.977800709229148924e+05 7.000055197883979417e+05 3.385005718991087051e+05 3.626858417651504518e-01 5.161613442727223155e+05
2.926621551339660399e-01 5.038782811589543371e+02 3.014439835680005899e+02 1.465679452863585084e+02 2.384294280185638715e-01 4.202314993146187589e+02 6.120591367394369553e-27 4.733398140255807850e-27 1.756788802470671196e-27 4.482911525483308512e-01 3.056529247570496852e-27 1.418440338076815002e-03 5.919836840240547647e-04 3.102514215708102648e-04 1.707599623538722244e-01 1.257168595850751032e-03 8.260286220202618279e+05 8.013874484630320221e+05 4.588288228766705142e+05 3.957402164020754620e-01 6.527313749287915416e+05
5.085885357353842062e-01 2.109828278774010641e+02 1.042359769200375581e+02 7.134668289259113294e+01 1.641725655421991670e-01 2.021604315196580615e+02 2.971248091514702710e-27 3.990572903160057964e-27 1.091500358194737697e-27 4.804616813136760589e-01 1.794950759005921789e-27 9.491013688265321872e-04 4.252502109590777443e-04 1.809155893437691242e-04 1.755352803923851956e-01 8.664316174120654558e-04 9.618791095924449619e+05 8.322067043397626840e+05 4.526301700789381284e+05 4.145351237698496893e-01 7.258505100242625922e+05
8.838255788933832013e-01 1.122926166129079490e+02 4.096650724238789110e+01 3.690352075605163407e+01 1.704404778767995010e-01 1.049745279114550982e+02 1.882794937392104696e-27 1.890092790020506876e-27 8.076612029843868483e-28 6.070049496918679122e-01 1.324480533910126243e-27 7.442374208350322103e-04 2.285033284380641981e-04 3.070045928928045033e-04 2.265754358780082689e-01 7.635575709936735615e-04 1.103607825047560968e+06 8.137223086760763545e+05 5.177610611903353711e+05 4.841554688782137017e-01 1.006500876043074531e+06
