# R (Mpc), mean rho (Msol/kpc^3), errup (Msol/kpc^3), errlow, std, median rho (Msol/kpc^3), mean pth (Msol/kpc/s^2), errup(Msol/kpc/s^2), errlow, std, median pth (Msol/kpc/s^2), mean gas-mass-weighted metal (fraction), errup, errlow, std, median metal, mean gas-mass-weighted temp (K), errup, errlow, std, median temp  
#  nprofs 287, mean mh 530500789984.689880, median mh 490335024801.136841 
#  Mass range 11.50 - 12.0
6.704502643857072897e-04 1.824162544183853567e+08 1.166957763944956958e+08 1.280319156229145527e+08 4.276845497224104342e-01 1.644358020998223126e+08 8.871608132836317112e-22 2.087977811876495705e-21 7.967646671274117440e-23 9.089738315555609960e-01 1.004338817905270919e-22 1.360049356403933950e-02 4.417148775691595239e-03 2.707214098790216780e-03 1.566371953244840853e-01 1.214474976305180733e-02 2.799899949938170030e+05 5.185869078765009763e+05 1.621174396611587144e+04 6.318357813993291661e-01 4.166723111459754000e+04
1.165109025084719785e-03 6.381792306667396426e+07 4.542051433821719140e+07 5.125628322653048486e+07 4.776684630943837107e-01 6.054989715835001320e+07 5.399191662615340127e-22 8.378766417233093442e-22 2.733450981320598944e-22 1.013569297661232715e+00 2.805434617888637090e-22 1.364437878860104252e-02 6.216161553110409466e-03 2.600860627533877270e-03 1.696223187030984347e-01 1.158757702440385909e-02 4.491515017451851163e+05 4.783069630594377522e+05 3.197228479576106765e+05 6.327638750339125151e-01 3.464019000036268844e+05
2.024727429375604119e-03 1.422207614644016698e+07 7.973959771789273247e+06 9.492004706015210599e+06 3.657626137741505912e-01 1.355139590207540430e+07 1.251887802134020577e-22 1.590673573720078587e-22 8.169981310417110376e-23 9.044502341882036944e-01 8.420744092500476132e-23 1.300608481148729338e-02 8.152072335769032160e-03 2.984429796430309104e-03 1.956302674444491130e-01 1.083940178997143573e-02 5.340966532939415192e+05 6.147233440842954442e+05 3.134674105594164575e+05 6.164608782182430247e-01 3.686434201478470932e+05
3.518573004760514565e-03 4.460209084550523199e+06 2.232065228462006431e+06 1.598847777348729782e+06 2.395707937469366278e-01 4.074199571342193056e+06 1.629558744888871125e-23 2.007678675640806157e-23 1.071346553654034047e-23 7.892828522635098043e-01 1.129038366760808702e-23 1.225208980559032608e-02 1.539034707688598930e-02 2.180082053235745526e-03 2.603126395237856938e-01 8.389562506315510065e-03 2.751653609790193732e+05 2.919614679283557925e+05 1.524882166290362948e+05 6.154406595760706367e-01 1.685574477957194322e+05
6.114579083688004638e-03 1.065667670535221929e+06 7.584313504058414837e+05 3.862209820653848583e+05 2.917768749715489718e-01 8.938840819213992218e+05 2.551355290356416175e-24 3.598529441254961550e-24 1.013897592307181029e-24 7.711913086105627313e-01 1.106884231624146919e-24 1.120969546523180142e-02 1.768032119312031372e-02 3.027007473182665755e-03 3.233047187757556729e-01 7.154188373270651928e-03 1.675235157952900918e+05 2.410310794404666813e+05 6.977181355547197745e+04 5.963752205090746550e-01 8.386434088911997969e+04
1.062592059908660722e-02 1.422623881132034585e+05 1.411106732885652455e+05 4.513070312780640234e+04 3.574039302359761638e-01 9.236071564778825268e+04 4.369282910685749977e-25 6.641690943525584346e-25 1.851369157170922075e-25 7.943926512550391061e-01 2.005880240191822229e-25 1.069892816496779628e-02 1.918384660752600959e-02 3.026900529441651881e-03 3.693734486172481901e-01 6.404640887339298032e-03 2.515539250901367632e+05 3.993311959985202993e+05 1.006747963869700325e+05 6.697133352002400120e-01 1.173328125321803964e+05
1.846573362331777393e-02 2.165046901858546335e+04 1.763042987508264923e+04 9.493376088634126063e+03 4.082832412516653187e-01 1.568549467373795051e+04 1.208743724838529592e-25 1.729997426982549370e-25 6.987190433523741437e-26 8.286600023493998490e-01 7.653140388828395716e-26 9.767126781039239466e-03 1.706749719953720018e-02 2.276409533126107134e-03 4.064649479281787769e-01 4.989933340710583226e-03 3.775786721330781584e+05 3.366177963868223596e+05 2.661714873507286538e+05 5.823670079137249767e-01 3.090080589040920604e+05
3.208976719406681638e-02 6.704070210353829680e+03 6.148980900920315435e+03 3.698671292820236886e+03 4.710619944693683059e-01 5.098175857731896940e+03 4.457101589151918974e-26 5.148805485099282280e-26 2.376816125060443496e-26 5.899041258594756032e-01 3.159457503956206600e-26 8.000398647394794602e-03 1.350069714244574691e-02 1.792660436840018759e-03 3.816736899292013097e-01 4.204067744593644254e-03 7.644240447579722386e+05 2.211242877403195598e+05 2.019478635810398846e+05 3.385655792771929962e-01 4.305620714241276146e+05
5.576562402422385878e-02 2.434322680877799030e+03 2.141460707574359731e+03 1.275468210763545585e+03 4.139329633552418231e-01 1.875697776064231221e+03 1.861810561038156185e-26 1.714219673991458022e-26 8.090326766633154973e-27 4.317182237140275713e-01 1.291110648618427913e-26 5.516258296411368986e-03 6.632958666167297103e-03 1.147143987541867933e-03 3.625672273311870142e-01 3.053036848148337444e-03 7.024232168364856625e+05 4.463132665559237357e+05 1.555671326076672412e+05 2.841585774688134558e-01 4.599907419862806564e+05
9.690954764502224261e-02 8.256542479761349114e+02 6.445177866639367039e+02 4.725451835106435965e+02 3.680989579085005570e-01 7.315670564052709324e+02 9.604018736158683113e-27 7.919765204235597998e-27 3.214082060948597260e-27 4.141285557056881284e-01 5.773192405596953205e-27 3.808613887977268728e-03 3.154130556683524579e-03 1.105491022745210342e-03 3.206664193701611598e-01 2.500210367191214172e-03 1.119083009206352755e+06 8.716598400952460943e+05 2.307541209061718546e+05 3.603988597772660452e-01 5.438158684325102950e+05
1.684094922112467918e-01 2.998771051541191355e+02 2.063041373521070909e+02 1.372710206800369690e+02 3.003768737815110668e-01 2.690440546932404686e+02 5.714274134686004223e-27 6.513239494646468199e-27 1.966668654560139874e-27 4.528950183232555160e-01 3.224490241543875554e-27 2.505139925178568282e-03 1.866085777502474695e-03 9.299847790760072848e-04 2.876082656990534003e-01 1.912519712723451115e-03 1.644690811984479427e+06 1.865999795871104812e+06 5.935946704750852659e+05 4.202746323662727157e-01 9.408847141398892272e+05
2.926621551339660399e-01 1.323437192376308076e+02 8.863390524873875620e+01 4.469770774175192685e+01 2.658384367230520740e-01 1.095260770865572795e+02 4.396915077501275485e-27 4.993969064006024273e-27 1.817750424031441264e-27 5.293675138127981183e-01 2.496446182107150942e-27 1.635384420626835155e-03 1.167173418895749550e-03 5.510875636838308582e-04 2.616878859623168463e-01 1.270330173023608749e-03 2.477870961270481348e+06 2.338280122013854329e+06 1.096423458458218258e+06 4.435566275267243119e-01 1.660451174857731443e+06
5.085885357353842062e-01 8.116953596250813519e+01 5.438398886525652642e+01 2.809302247268369968e+01 2.662734910915427466e-01 6.311660694732562149e+01 3.917680577839213964e-27 3.543978590506070807e-27 1.563817870886335305e-27 5.567973439858293627e-01 2.170304856483812018e-27 1.621574267028779272e-03 1.326887719981612859e-03 5.477319268580301903e-04 3.070010746092405873e-01 1.178437178377979332e-03 2.904693429055898450e+06 2.164531130740893073e+06 1.494363264814339112e+06 3.973350116190884629e-01 2.461620546078507788e+06
8.838255788933832013e-01 5.701272165608182974e+01 4.020999640959703214e+01 1.794965437486054327e+01 2.935670034750989532e-01 4.085943784314896021e+01 3.750337089516952758e-27 3.030288148688727912e-27 1.204542602432334460e-27 5.559962303017231822e-01 1.760821449709910424e-27 1.476585369057957032e-03 1.063056183767238996e-03 5.801834649173211785e-04 2.700424888328981643e-01 1.279576817627825405e-03 3.550687127916737925e+06 2.421089583546639420e+06 1.727596844949910417e+06 3.415825076137938843e-01 3.132248372793492861e+06
