# R (Mpc), mean rho (Msol/kpc^3), errup (Msol/kpc^3), errlow, std, median rho (Msol/kpc^3), mean pth (Msol/kpc/s^2), errup(Msol/kpc/s^2), errlow, std, median pth (Msol/kpc/s^2), mean gas-mass-weighted metal (fraction), errup, errlow, std, median metal, mean gas-mass-weighted temp (K), errup, errlow, std, median temp  
#  nprofs 68, mean mh 543972651080.145081, median mh 455692290122.916504 
#  Mass range 11.50 - 12.0
6.704502643857072897e-04 4.174585214874996245e+07 3.169215311570714787e+07 1.154763012673278153e+07 3.208108269228347464e-01 2.844406570492532477e+07 1.533121889162314050e-23 1.286259052322076292e-23 3.441473093107599668e-24 5.327026959455821720e-01 5.357347612311344461e-24 3.347978705699122121e-03 1.329209759041269107e-03 2.298025966406369407e-03 3.795298378799710770e-01 3.588710790041235287e-03 5.250093321823555016e+04 7.005307223885665735e+03 4.600583300877493457e+03 3.128473544052268185e-01 1.737863747047714060e+04
1.165109025084719785e-03 1.919549466091798991e+07 1.550265343283729441e+07 1.059219837751238421e+07 3.825469797297904040e-01 1.598865101364264451e+07 4.881168153837628631e-24 6.773013416603048220e-24 2.215489355197845860e-24 5.530270309630335168e-01 2.912695483760941337e-24 3.455419889733946613e-03 1.280215976487838851e-03 1.140471049822128734e-03 2.206716691666278096e-01 3.106202601893395983e-03 1.928057727433873151e+04 4.810912198014226306e+03 3.686927120675754850e+03 1.638071434299545326e-01 1.708689875384532206e+04
2.024727429375604119e-03 1.016534764148160443e+07 9.148243764483597130e+06 3.689692305000158027e+06 3.051144416221076572e-01 8.160054941661957651e+06 2.914818492937851534e-24 5.456711560401259347e-24 9.030285185738527328e-25 5.383495794634056697e-01 1.375097932308132882e-24 2.907330939991045575e-03 1.341187312889593336e-03 1.037416074029165382e-03 2.284499405935090377e-01 2.651254307194099609e-03 2.147838920830360075e+04 6.935072553678721306e+03 3.434860937834040669e+03 2.210522597868603556e-01 1.578029464673736948e+04
3.518573004760514565e-03 5.522733826637356542e+06 3.122390205532640219e+06 1.864370817969033495e+06 2.299702962655339744e-01 5.060310893423039466e+06 1.526609622645316140e-24 1.776288497301819045e-24 5.997757199460453970e-25 3.820531108724816716e-01 9.915488572214680425e-25 2.414148197902436701e-03 1.368055734322683355e-03 8.482204289206084560e-04 2.470201679317443055e-01 2.129875795028567109e-03 2.636819680970321497e+04 1.533918236106398399e+04 3.643769394017581362e+03 2.451688403903274360e-01 1.663614666242605017e+04
6.114579083688004638e-03 2.117383153058519587e+06 7.833354758369969204e+05 7.925003457654234953e+05 2.553991150259594667e-01 2.042865803889647592e+06 6.672323153538621708e-25 5.370136076529353406e-25 2.987333357214259438e-25 3.592355963651128192e-01 5.072727532325054535e-25 1.746401315760269133e-03 9.157503923736601530e-04 6.279184718364316754e-04 2.402854189704647647e-01 1.500394741523889330e-03 3.697088156671063916e+04 1.682761185373173794e+04 7.850913035416670027e+03 3.037478959715045890e-01 2.092544795127808175e+04
1.062592059908660722e-02 5.977723348702221410e+05 3.385815819121805253e+05 3.040002662523369072e+05 2.787083195026607285e-01 5.701911387645357754e+05 3.076751985890089449e-25 3.371697725200232504e-25 1.292080815226327732e-25 3.629943775463861377e-01 2.230559564058836368e-25 1.391779867193554485e-03 1.118077066797374145e-03 5.268953116873255696e-04 2.567834550578884101e-01 1.167049684581643191e-03 6.499829859910599771e+04 8.093254151645171805e+04 1.329624040778073504e+04 4.130963338974105170e-01 2.932039134889645356e+04
1.846573362331777393e-02 1.335595714092153648e+05 1.004450439182273258e+05 6.032180476022661605e+04 3.000439601044859739e-01 1.116136312121097435e+05 1.633736862492008539e-25 1.881213040417410167e-25 5.308319797283287155e-26 3.437096695729242590e-01 1.083603208196690598e-25 1.205176028260740830e-03 8.415589406151158074e-04 4.460912564968487395e-04 2.252791613317674801e-01 1.062088945401357554e-03 1.389456493250184867e+05 1.797689355379389017e+05 4.881839072944698273e+04 4.300378373356150141e-01 7.812371455381729174e+04
3.208976719406681638e-02 2.930562419194459289e+04 2.475550675256107570e+04 8.759235534965200713e+03 2.657645655824985020e-01 2.297514854956841373e+04 7.795598612961566944e-26 8.975978031925812703e-26 2.338939092318191796e-26 3.045128317985592026e-01 5.551372387781864461e-26 1.182494219571721128e-03 4.951427138007841698e-04 4.283734162926800286e-04 1.898108331477824651e-01 1.134664281575852550e-03 2.288552156311061990e+05 1.827437301866488706e+05 1.026848511530310207e+05 3.147449548132302266e-01 1.819074380227574438e+05
5.576562402422385878e-02 9.335972103799467732e+03 4.517297172360609693e+03 4.128103964954359981e+03 2.227728267231339487e-01 8.863451444307014754e+03 3.727151927242946285e-26 3.798919156477729287e-26 1.421931645134960811e-26 3.012998701243916888e-01 2.785864674713037817e-26 1.196274315994522424e-03 5.513496642769548633e-04 4.563896219187521443e-04 1.868906796680897542e-01 1.146192329112588181e-03 2.921821736721610650e+05 1.248973769379936275e+05 1.007094360065939545e+05 2.167061606709510813e-01 2.705614194646688993e+05
9.690954764502224261e-02 3.361519561318638807e+03 1.621656321030097388e+03 1.363849823486168134e+03 2.149223866766721558e-01 3.076308689814399258e+03 1.480335639932288816e-26 1.176950988661417348e-26 4.714482797818989830e-27 3.323875284761463322e-01 9.791445719826011005e-27 1.027804356149825561e-03 3.816965644537566836e-04 3.826207068492968330e-04 1.572709428543809518e-01 9.995804594685347468e-04 2.982760226786265848e+05 1.373194843817895744e+05 4.368443649103736971e+04 1.943310542047471390e-01 2.354319790523669217e+05
1.684094922112467918e-01 1.130702377092973848e+03 6.348575767363315663e+02 4.145397438958575549e+02 2.036863282828123289e-01 1.033305336853369226e+03 4.928888760387351858e-27 3.186817521059925294e-27 1.851224976819893675e-27 3.802927455807822987e-01 3.122461889169198940e-27 8.712510255515791601e-04 3.445268928764877534e-04 2.810911003079260510e-04 1.570573210683935128e-01 8.566577970654278007e-04 2.650595916616516770e+05 1.261672774420710921e+05 5.765326651626994135e+04 2.252511460998899429e-01 2.020295650810218940e+05
2.926621551339660399e-01 3.955687522794269171e+02 2.199116691231560594e+02 1.122407816441399859e+02 2.036925074923560119e-01 3.420938844020341207e+02 2.026445664730233515e-27 1.412099095581288725e-27 5.368842327778483056e-28 4.708686320470963915e-01 8.915109197600561579e-28 7.132148722774062219e-04 2.471905916133720037e-04 2.872005362114686067e-04 1.835957247969676742e-01 7.009636921834440024e-04 2.834771247019533184e+05 2.099555671973400458e+05 5.551649848369868414e+04 3.213227838083789756e-01 1.653371720068187278e+05
5.085885357353842062e-01 1.672323341944667732e+02 1.008210256475662732e+02 4.653706430677327432e+01 2.130381700985329030e-01 1.423960779557534408e+02 1.020448945803902915e-27 1.023721495970406078e-27 1.710439534736113673e-28 5.717808264804653540e-01 2.895251778799610067e-28 5.628658657160440573e-04 5.065853468548365624e-04 1.950693411303058866e-04 2.505370937400964171e-01 4.457610336425257532e-04 3.205961617812007316e+05 4.341318771423200960e+05 5.515642804311860527e+04 4.099871258807190055e-01 1.390870878320952761e+05
8.838255788933832013e-01 7.998790330922962255e+01 4.015976308358534652e+01 2.495665015664863517e+01 2.146839652773135099e-01 6.709801775270281610e+01 6.426925094591406524e-28 8.991642761356946574e-28 1.200345633864997709e-28 6.468837685199899656e-01 1.625659434845762748e-28 4.559686876611061270e-04 4.609669457821661707e-04 1.669433878201072091e-04 3.286426055830163340e-01 3.313393106010372336e-04 3.863394879397977493e+05 5.928580540200560354e+05 1.327936518894509936e+05 4.664660145562812832e-01 2.045124042222708231e+05
