# R (Mpc), mean rho (Msol/kpc^3), errup (Msol/kpc^3), errlow, std, median rho (Msol/kpc^3), mean pth (Msol/kpc/s^2), errup(Msol/kpc/s^2), errlow, std, median pth (Msol/kpc/s^2), mean gas-mass-weighted metal (fraction), errup, errlow, std, median metal, mean gas-mass-weighted temp (K), errup, errlow, std, median temp  
#  nprofs 123, mean mh 212722834391.005646, median mh 209403716581.728577 
#  Mass range 11.00 - 11.5
6.704502643857072897e-04 3.722822076416418701e+07 1.729760348787287250e+07 1.611546795385067910e+07 3.267354573076396429e-01 3.226923980317630991e+07 8.517088376899733961e-24 7.735264784268777346e-24 3.284075437859440790e-24 4.885342900402944721e-01 4.764224321444577366e-24 4.645720252956011273e-04 4.696657245670622432e-04 1.795131704960051320e-04 3.494369102144980199e-01 3.303853731210492370e-04 1.609174631781515382e+04 3.434844641692101504e+03 2.477263506323077308e+03 1.302030040963724211e-01 1.553991410422895387e+04
1.165109025084719785e-03 2.544400288326050341e+07 1.544271632752368599e+07 7.711138309121072292e+06 2.769865586997937723e-01 2.009691473725349456e+07 5.056237589044059732e-24 4.512656889749475581e-24 1.375940140459400639e-24 3.929145838518379175e-01 3.064731337675825688e-24 4.208502860229955010e-04 3.099466294557610231e-04 1.433561590355208375e-04 2.824249572144669207e-01 3.369450055171991721e-04 1.559008420498084160e+04 2.461189050023996970e+03 1.831020773747743078e+03 6.457809742579112555e-02 1.536667463128708187e+04
2.024727429375604119e-03 1.359632453535514884e+07 8.827277201260466129e+06 3.510452661307446659e+06 2.256243153913140842e-01 1.086654039135409519e+07 2.323280074620908413e-24 2.357188399328931616e-24 7.163644319633514399e-25 3.195021725060208651e-01 1.653155716055289036e-24 3.353017414332520136e-04 2.304339051366930216e-04 1.277464961531996133e-04 2.671356519383178973e-01 2.699735867315935524e-04 1.482997647678382418e+04 2.386200994239712600e+03 1.374390616060942193e+03 5.484730482414582053e-02 1.454032758360959633e+04
3.518573004760514565e-03 5.726550308061046526e+06 3.310513930593226105e+06 1.454225954284634441e+06 1.734133203904255072e-01 5.148149985875837505e+06 7.885560722160514520e-25 6.825578921351969825e-25 2.479366916429786114e-25 2.588599402594529142e-01 6.366199942555189906e-25 2.906701604338016403e-04 2.374827461982324231e-04 1.064729501105937768e-04 2.644820278296552418e-01 2.318270813484217205e-04 1.361991620957004307e+04 1.664339914883334131e+03 9.857269941822705732e+02 5.920529025112715449e-02 1.329996684266293960e+04
6.114579083688004638e-03 1.876050112303633476e+06 5.803303556063193828e+05 6.760348646877640858e+05 1.677006582118580336e-01 1.880694632075100206e+06 2.172535738774982245e-25 1.211554555424201404e-25 8.394325914312588812e-26 2.334986147761974051e-01 1.969153171984250612e-25 2.708082199916050513e-04 2.249108234273615740e-04 9.487928791175147117e-05 2.885499410987690805e-01 2.024760909679245628e-04 1.281102581628818552e+04 2.843226487109146547e+03 1.084750671616586260e+03 6.937902349116700784e-02 1.219003682594771635e+04
1.062592059908660722e-02 4.829719406514223665e+05 2.103371680087970453e+05 2.363285656172983581e+05 2.277034058613142120e-01 4.893164000907214941e+05 7.766100299228845503e-26 4.818218210752984054e-26 2.919847931122646726e-26 2.592655224863901209e-01 6.494659842603395642e-26 2.769965291472199125e-04 2.101649932549658130e-04 1.106628675672864084e-04 3.150341498700165443e-01 2.084514958084524949e-04 1.729868769991204317e+04 1.040997002191380489e+04 2.242837141393278216e+03 1.801040216885746725e-01 1.334219740261968218e+04
1.846573362331777393e-02 9.799156231082184240e+04 6.095327855362935225e+04 3.230303601227698528e+04 2.121528905395204667e-01 8.557560163935908349e+04 3.036781689693820955e-26 1.764342510183258739e-26 8.284428899304288545e-27 2.396664280682094250e-01 2.357973007268586046e-26 2.993034446471395872e-04 2.005009975187380697e-04 1.216089830132162830e-04 2.916298349998802109e-01 2.484768012694226901e-04 2.910287564433963416e+04 1.714447834172497824e+04 8.171320086805337269e+03 2.352169180755385169e-01 2.236076405371099099e+04
3.208976719406681638e-02 2.366840306993258127e+04 1.122874981841738918e+04 7.196127726159578742e+03 1.735776164017199807e-01 2.177851473102509044e+04 1.817224148128442556e-26 9.109722280836152108e-27 4.766800173655743211e-27 1.816703658529898180e-01 1.586755041248862102e-26 3.310314170245211123e-04 1.585272606773101907e-04 1.150039938521871220e-04 2.581625718915150913e-01 2.919706098910563978e-04 6.213353633297070337e+04 3.290406269563985552e+04 1.800099793953236804e+04 1.855928379806932871e-01 5.567413793275574426e+04
5.576562402422385878e-02 7.494410936855609179e+03 2.942480666987995392e+03 1.879664564316455653e+03 1.476131741673929187e-01 7.028072257903025275e+03 9.379396062207152948e-27 4.821548003205195092e-27 3.031254436957877045e-27 1.869733746827418885e-01 8.559602118988982362e-27 2.881099597176528309e-04 1.558514115486699081e-04 9.751789615192109784e-05 2.220055808769411110e-01 2.552451356212541629e-04 9.547201928607696027e+04 3.766436133683753724e+04 2.304335101334670617e+04 1.601852538965473638e-01 8.456264419003290823e+04
9.690954764502224261e-02 2.163803298290816656e+03 8.522485914875994695e+02 5.824758841069726714e+02 1.504282382424517450e-01 2.024441930439278849e+03 3.229169965947031923e-27 1.725405507852069039e-27 9.929910498538657833e-28 2.279894744516740290e-01 2.620097150407362267e-27 2.145919866533769257e-04 1.051468775734169293e-04 6.481194080805091694e-05 2.105968326894794296e-01 1.893578517760332203e-04 1.130486352207906166e+05 3.483064689552861091e+04 2.067175694842435769e+04 1.727759803025045726e-01 9.357556737771647749e+04
1.684094922112467918e-01 6.702405408715152362e+02 3.143988188401008301e+02 1.705357284463579504e+02 1.669154842061662813e-01 5.948881521485732264e+02 1.102997390706655078e-27 6.556224562429608166e-28 2.800184627629735731e-28 3.191541399818891289e-01 6.566365743516610641e-28 1.416981864750788654e-04 6.119103913827312518e-05 4.805479866472257041e-05 2.107858390606798804e-01 1.273209487391237422e-04 1.187513214401232690e+05 3.635595093626037124e+04 1.431361028850647563e+04 2.304913904038220773e-01 7.706854562994025764e+04
2.926621551339660399e-01 2.478699959666749635e+02 1.146108147679831859e+02 6.609788515024013122e+01 1.705454097801302749e-01 2.227067219139217400e+02 5.409224222265659037e-28 3.317705626609565490e-28 8.026015790627240648e-29 4.399740992249989158e-01 1.787643604766758294e-28 9.171095601296313073e-05 3.971177407554750253e-05 3.092061606552830565e-05 2.555584833316806304e-01 7.265421993913072276e-05 1.441960090134249185e+05 5.304056383846823155e+04 1.309179679306250182e+04 3.398735148539954176e-01 5.994790640675565373e+04
5.085885357353842062e-01 1.153739371275032397e+02 8.419182428963358689e+01 2.866611965639825144e+01 2.050640732139832612e-01 9.387305212371080643e+01 3.963627427844985755e-28 2.192312964377050680e-28 3.268331371447959976e-29 6.129414070339694875e-01 6.100723012007903046e-29 9.527187372132656074e-05 6.970609008103620375e-05 2.281422933258456129e-05 4.844778576134817771e-01 3.908265472506604929e-05 1.757478523433742812e+05 8.357356220980323269e+04 1.400946942372309422e+04 4.553720589594972834e-01 4.825479335057685967e+04
8.838255788933832013e-01 7.851208905282098272e+01 6.557973080642393882e+01 2.720093625203922727e+01 2.811955009507877135e-01 6.017444498754701954e+01 3.836499861226406197e-28 4.495222846657794934e-28 2.536544681500685459e-29 8.258161588186238022e-01 3.513182461544341756e-29 2.048338659456289731e-04 3.056248798413124367e-04 4.801600073825993981e-05 8.833050981152628101e-01 5.602763793955346832e-05 2.035070622864811448e+05 1.954670200506199617e+05 2.149990293350325737e+04 5.714767502062650939e-01 4.492646391567819228e+04
