# R (Mpc), mean rho (Msol/kpc^3), errup (Msol/kpc^3), errlow, std, median rho (Msol/kpc^3), mean pth (Msol/kpc/s^2), errup(Msol/kpc/s^2), errlow, std, median pth (Msol/kpc/s^2), mean gas-mass-weighted metal (fraction), errup, errlow, std, median metal, mean gas-mass-weighted temp (K), errup, errlow, std, median temp  
#  nprofs 187, mean mh 217314211271.715485, median mh 212031585984.392731 
#  Mass range 11.00 - 11.5
6.704502643857072897e-04 9.272794333903156221e+07 6.453682251925629377e+07 5.948928400313149393e+07 3.710454251615449284e-01 8.903469922268533707e+07 1.442756988676893811e-22 4.521312755909748135e-23 2.184716778657350369e-23 8.016233859901025216e-01 2.781259431815798566e-23 8.410723716959112028e-03 2.691776327134725449e-03 2.341342841223018056e-03 1.534113391034231944e-01 8.322720057979677080e-03 6.941794192049307458e+04 7.947422849654816673e+03 7.871025354959081596e+03 4.582422401929758804e-01 2.469055715879875061e+04
1.165109025084719785e-03 2.954971002188229561e+07 1.765537850005216897e+07 1.647855373664592020e+07 3.930527633766116580e-01 2.673611961799616367e+07 8.165916278437905330e-23 2.026046540099298512e-22 7.820217118133530502e-24 1.017175555019888211e+00 9.118718717721303241e-24 7.247583223856848139e-03 2.558255920672680185e-03 2.497070926921922569e-03 1.726743671971865401e-01 7.077334892727262135e-03 1.479276276035886549e+05 3.142259324636799865e+05 7.495555951556501896e+03 6.599613806178611375e-01 2.104388541873524446e+04
2.024727429375604119e-03 7.746307085835787468e+06 4.795410910784470849e+06 3.969489093716637697e+06 3.418571691626008380e-01 6.913717151623577811e+06 2.141241212585542878e-23 4.923543645844349983e-23 1.018197113345727236e-24 1.046174339145402588e+00 1.251497601193071660e-24 6.340257468558761419e-03 2.224034446358250441e-03 2.203299022500454334e-03 2.100561141958537104e-01 6.135237753140189085e-03 1.832881852056710923e+05 3.535646070249081822e+05 4.380917816432709515e+03 7.362632788586769284e-01 1.497741411242822323e+04
3.518573004760514565e-03 2.999855258061620407e+06 1.491409628508966416e+06 1.393626425203099847e+06 2.700757226816471457e-01 2.923949935974948108e+06 4.927713811439296899e-24 9.954633518688487087e-24 4.455519343263290566e-25 9.134526628672067217e-01 5.684146246244883734e-25 4.807706817528905816e-03 2.238350756588096055e-03 1.806535036017785281e-03 2.163440882438957824e-01 4.595658213567339889e-03 1.247658129907918483e+05 2.101987154839201830e+05 4.352199121567316979e+03 6.731199084218848494e-01 1.420865360697602046e+04
6.114579083688004638e-03 9.016648736197239487e+05 7.464610569001694676e+05 5.290872655466235010e+05 3.584338048387856746e-01 8.015981674604350701e+05 1.052930882942616289e-24 2.091123094546314399e-24 1.972116700284233583e-25 8.125553951599571167e-01 2.325300502508833860e-25 3.695714411693060836e-03 1.812837599995857120e-03 1.504885609537222856e-03 2.311398167143788596e-01 3.437502664209063884e-03 1.239918239087049442e+05 1.978829617516391445e+05 1.688760956022325990e+04 6.359817128328869584e-01 2.670939475253906858e+04
1.062592059908660722e-02 1.712027692501972197e+05 2.868833490847450448e+05 6.364249760462068662e+04 5.061975234472858576e-01 9.460849100624144194e+04 2.548984903077789292e-25 3.000298119200056851e-25 1.297294971802702881e-25 7.754217914284080582e-01 1.404981677181821897e-25 3.467303837811349949e-03 2.361437624108786871e-03 1.385030642176702425e-03 2.724396909443177472e-01 2.938406441911220034e-03 1.867054138583817694e+05 3.047259596556612523e+05 6.858077067615368287e+04 6.315915937143969927e-01 7.968353952244191896e+04
1.846573362331777393e-02 2.760635920910269488e+04 3.522481860857996071e+04 9.965444474197889576e+03 4.699319542447590869e-01 1.634622290700721896e+04 7.287375923103994029e-26 7.076121679243260797e-26 3.816754739929946300e-26 6.557821045666725190e-01 5.001474109407480819e-26 3.346921999468644663e-03 1.826138349816583406e-03 1.021298534099314382e-03 2.491081159176724846e-01 2.798377314904690327e-03 2.618118301567380840e+05 2.570910424426550162e+05 1.320388777569991944e+05 4.595300430763089028e-01 1.867036756502559292e+05
3.208976719406681638e-02 6.595881784341514503e+03 5.314285948151462435e+03 2.725912592512078845e+03 4.407461836225740059e-01 5.151753248590744988e+03 2.262375083698276127e-26 1.767521058199888430e-26 1.341818046611830765e-26 5.235674034693832413e-01 1.995244401278828348e-26 2.757115629096138117e-03 1.536142480771164089e-03 1.072274072874377336e-03 3.103686907092617631e-01 2.458875190559255131e-03 3.260403271257164888e+05 1.639321225180153851e+05 1.310249715063081821e+05 3.334673057007644381e-01 2.540519734103045776e+05
5.576562402422385878e-02 2.353787968534237280e+03 1.560777081834635283e+03 9.861864590965756179e+02 3.670743639566043104e-01 2.146453330453799936e+03 9.405588165101602506e-27 6.598261889298565921e-27 4.283016893186052182e-27 3.183957592250098445e-01 8.080504578296210587e-27 2.141350386869249507e-03 8.983921616223639571e-04 8.207062725288398128e-04 1.979391910887754180e-01 2.063785065868223041e-03 4.243538376155850710e+05 2.006045185593163478e+05 9.151881137412221869e+04 3.012401663614603931e-01 2.681051284657166689e+05
9.690954764502224261e-02 8.876863916814990034e+02 5.264984882307660428e+02 3.704793666163077432e+02 3.105325617571118024e-01 8.102746908458841517e+02 5.169842613159616168e-27 3.849708673009274006e-27 1.730805448879520558e-27 3.305845784802241005e-01 3.544440476834915759e-27 1.873380604220665916e-03 8.852907445327398792e-04 6.019246136927116578e-04 2.223543785927501182e-01 1.653673756329550023e-03 8.067829032737785019e+05 3.507107487193995039e+05 1.248551980773059477e+05 3.716360074897805399e-01 3.120582703308511409e+05
1.684094922112467918e-01 3.550648602400666505e+02 1.872727571536727282e+02 1.486417435296077088e+02 2.646260736998657936e-01 3.285961655593416708e+02 3.687441235131355557e-27 3.581799914432562994e-27 1.391582239200026856e-27 4.101823778078153571e-01 2.294574116334918266e-27 1.530285606598460416e-03 7.558959236996323251e-04 5.262604669527008640e-04 2.099993866493740369e-01 1.379723733585801280e-03 1.070443658835837385e+06 7.694796604784899391e+05 3.206293971193165635e+05 4.246663118806128234e-01 5.413732902605852578e+05
2.926621551339660399e-01 1.761649707218424510e+02 1.432711490205065559e+02 6.316134987076964080e+01 2.439729650766074287e-01 1.468572533724762081e+02 2.961854493972154099e-27 2.815635938538664362e-27 1.358965183526021005e-27 4.757482062968351744e-01 1.937326966996717913e-27 1.219928853234366305e-03 5.723898577858778890e-04 5.105904216026614217e-04 2.077022996803230270e-01 1.161911315401232322e-03 1.363361980799725978e+06 1.337021411248800345e+06 5.522942276798607782e+05 4.432157817930548749e-01 8.727301207299443195e+05
5.085885357353842062e-01 1.047675580185550359e+02 7.768440148742303109e+01 3.733019447331167839e+01 2.602989065191296247e-01 8.664828574490775281e+01 2.437852832066056902e-27 2.643630569392759915e-27 1.164693032983672895e-27 4.959484531084386028e-01 1.646660508866930458e-27 1.140908009109744799e-03 7.067674101079363981e-04 5.189273210213173580e-04 2.435061815169253518e-01 1.028106800118357839e-03 1.764323675556614529e+06 1.462685990399843547e+06 9.441044663804699667e+05 4.084584195916121652e-01 1.467968888490616344e+06
8.838255788933832013e-01 6.398254963212713164e+01 3.948644546655408760e+01 2.421493021111790256e+01 2.402668120057105117e-01 5.673923993054842185e+01 1.996220682845815954e-27 1.928198939023529801e-27 9.410142636668446659e-28 4.641934927652385801e-01 1.447379255071696599e-27 1.090260229877055339e-03 7.634797227383578353e-04 4.887282544680425717e-04 2.776518520383697841e-01 9.560857884615125155e-04 2.281557061753877439e+06 1.587078977972020861e+06 1.236603837338618468e+06 3.579482871990090631e-01 2.097254346438526176e+06
