# R (Mpc), mean rho (Msol/kpc^3), errup (Msol/kpc^3), errlow, std, median rho (Msol/kpc^3), mean pth (Msol/kpc/s^2), errup(Msol/kpc/s^2), errlow, std, median pth (Msol/kpc/s^2), mean gas-mass-weighted metal (fraction), errup, errlow, std, median metal, mean gas-mass-weighted temp (K), errup, errlow, std, median temp  
#  nprofs 265, mean mh 214079109831.297089, median mh 203698922368.883636 
#  Mass range 11.00 - 11.5
6.704502643857072897e-04 1.027864114428449124e+08 1.448589696900125146e+08 3.245514657384212315e+07 4.883733899596487404e-01 4.892339196087573469e+07 3.487861714215636999e-23 5.400989688108255529e-23 8.471543726077042845e-24 6.562684446986224440e-01 1.099311467789612806e-23 1.942584074960954348e-03 1.845056289751838708e-03 1.146263738437585181e-03 4.606710225677130288e-01 1.563381709756025192e-03 1.971334532516583567e+04 6.320528787688584998e+03 3.788132645449510164e+03 1.205598321444759646e-01 1.843318362476363836e+04
1.165109025084719785e-03 4.799749315572763234e+07 5.172598359604754299e+07 1.260299457460335456e+07 3.756669810734031278e-01 2.665975051511261612e+07 1.109725917693572662e-23 1.397548117847481064e-23 3.289075145644789125e-24 4.939005492579544576e-01 5.336645949066877975e-24 1.646255764660946438e-03 1.501046000296578972e-03 8.825076825865062376e-04 3.747482309239156817e-01 1.327998984785014758e-03 1.698413836358540721e+04 3.144048312163311493e+03 3.104208533480024926e+03 9.730805619939063289e-02 1.657552873625290158e+04
2.024727429375604119e-03 1.701678748245537281e+07 1.399124257291377522e+07 5.208258940697684884e+06 2.679882620880016941e-01 1.291194955780961178e+07 2.805562097795920837e-24 2.747500778821734416e-24 1.235033785697178202e-24 3.473509808783424857e-01 2.111571530483618079e-24 1.408198652982103113e-03 1.509837064146976778e-03 6.622765081330441589e-04 3.775233164931092733e-01 1.072847550825479016e-03 1.468291470697585828e+04 2.730264191843863955e+03 3.041154681096251807e+03 1.216704607944450039e-01 1.452620332233987210e+04
3.518573004760514565e-03 5.205341262164562009e+06 2.685713529708192684e+06 1.541636512462201994e+06 1.910402674815077639e-01 4.777278484227025881e+06 7.486688190458870469e-25 6.003191949372515582e-25 2.846202718789514162e-25 3.105248636334452805e-01 5.799563085201209328e-25 1.180101165148805895e-03 1.400214126538605001e-03 4.841382887267216273e-04 3.840481397106083605e-01 8.155158202298550115e-04 1.397510391772735056e+04 2.835803413941795952e+03 2.234927040131993635e+03 1.249560047975614707e-01 1.316711138649891654e+04
6.114579083688004638e-03 1.287774520352310734e+06 6.578384735525748692e+05 5.744608611479386454e+05 2.482098276545345594e-01 1.231668332810996100e+06 2.003707980994475549e-25 1.589763709231436119e-25 8.802372241117450536e-26 3.469140307565271031e-01 1.570662436183070632e-25 1.000482801252909311e-03 1.149828706121228420e-03 4.109359996677427042e-04 3.854863990305414934e-01 6.988274479377703814e-04 1.630912447777240050e+04 9.376220107371495033e+03 2.045344285835055416e+03 1.766009807234110163e-01 1.264973939634078306e+04
1.062592059908660722e-02 2.279398293974999106e+05 2.157598654832800094e+05 8.801489749109075638e+04 3.106538026149456844e-01 1.765772990315022471e+05 9.066247349108791416e-26 8.405758106042693678e-26 3.652524524978502719e-26 3.943359300454019611e-01 6.483030781674927249e-26 9.974057518286646822e-04 9.200646644771649741e-04 4.671485009450174761e-04 3.615878347073334664e-01 7.885118372707456682e-04 4.437766214418041636e+04 5.033384527523322322e+04 1.403060117715692468e+04 3.571573771898317595e-01 2.674660654669879295e+04
1.846573362331777393e-02 3.761461881551935221e+04 2.475645614712215320e+04 1.507229096756158106e+04 2.824748034594799506e-01 3.302925667984681786e+04 4.363453357856938583e-26 3.561417156794977558e-26 1.777320428894739460e-26 3.350730110783444182e-01 3.523382490339674384e-26 9.997922824261579796e-04 7.719701821021951633e-04 4.265210822747308832e-04 3.184673964620925446e-01 8.322687449119404481e-04 1.056151138615284144e+05 9.049992144009628100e+04 3.836106935261980834e+04 3.073714563999367932e-01 8.328804442326241406e+04
3.208976719406681638e-02 1.063169200889191234e+04 5.579732706363824036e+03 3.707985353786733867e+03 2.529898206395919114e-01 9.587299258341867244e+03 2.004708656934162528e-26 1.202331111710873120e-26 7.284300588168652531e-27 2.675560856621508887e-01 1.707695061599706955e-26 9.165460671927562041e-04 5.200934381431541456e-04 3.913334417427795104e-04 2.679333167796705828e-01 8.068811429771568762e-04 1.596319454864174768e+05 9.533653553525684401e+04 4.904444767775337095e+04 2.290972055322901269e-01 1.333332168334394228e+05
5.576562402422385878e-02 3.409496942057659453e+03 1.737370177060220158e+03 1.113833836810500316e+03 2.189514965345716047e-01 3.100337642817830783e+03 8.797372009514361110e-27 6.726249546332073756e-27 3.033164355751614503e-27 2.784471683112879070e-01 6.901773208932768123e-27 7.245275484418989753e-04 3.891827265686494987e-04 2.869403583308553448e-04 2.422019375417743536e-01 6.483833439865800945e-04 2.303339116635304526e+05 8.961691086643686867e+04 5.116835987864126218e+04 2.391920288380423310e-01 1.633083701246080454e+05
9.690954764502224261e-02 1.013471923961473863e+03 4.809315425417361212e+02 3.163029156338615167e+02 1.898841460473889020e-01 9.316722679528483013e+02 3.985345429673684194e-27 3.456087901304380429e-27 1.417129567506790105e-27 3.648313979513082006e-01 2.561452239701352161e-27 5.485572901297465888e-04 3.123832442954621222e-04 1.888489569712237053e-04 2.436700500148200887e-01 4.621077320082840243e-04 3.297562784690696280e+05 2.902894942306610756e+05 7.391751936596343876e+04 3.354916595140764457e-01 1.810167710830837314e+05
1.684094922112467918e-01 3.330884110767495372e+02 1.781185532108227676e+02 1.014153547451152235e+02 1.912307089529618753e-01 3.034184290681337188e+02 2.478779119651582436e-27 2.819549500264056682e-27 9.793755851167219210e-28 5.501961251174753986e-01 1.247681184295833570e-27 4.296583947976977602e-04 2.817985368495757952e-04 1.198774871293733558e-04 2.659534500220617215e-01 3.114751408664365932e-04 5.762819267459091498e+05 6.247372747665051138e+05 1.984626757653369277e+05 4.961113854922297173e-01 2.780836357288507279e+05
2.926621551339660399e-01 1.546314259647213873e+02 9.836809636281600433e+01 4.495263560938892056e+01 2.244061354961423282e-01 1.277351818166020223e+02 1.876207439414275349e-27 2.498422378250532903e-27 7.261426034352621157e-28 7.159499380336917795e-01 8.039025965428362399e-28 4.202183032918207833e-04 3.158186858143525099e-04 9.790187706317930900e-05 3.569016987197763946e-01 2.307010945706223148e-04 8.639081635103785666e+05 1.140247547722266521e+06 3.700940331690080930e+05 6.198836991130800556e-01 4.235345706424099626e+05
5.085885357353842062e-01 8.808777629867870473e+01 6.112682962862319869e+01 2.684334303081172379e+01 2.548887417957189094e-01 6.831459290758343172e+01 1.626389083379078941e-27 2.024000123781259962e-27 6.874660016324666421e-28 8.271293069033268663e-01 7.236239035703280542e-28 5.986857775002689787e-04 7.732286458858387808e-04 2.407863295040421018e-04 5.334516175398160698e-01 3.153540211106210670e-04 1.121007237223539734e+06 1.482767745656739455e+06 6.657864224498157855e+05 6.729284108824421518e-01 7.165966382172607118e+05
8.838255788933832013e-01 5.116596698579789404e+01 3.838082280147855840e+01 1.511415476197724672e+01 2.624347386816868188e-01 3.840789817773486448e+01 1.454982655323649985e-27 1.760093926955420363e-27 5.485312442778780826e-28 8.362455624610705129e-01 6.045328552364657567e-28 6.949442029233938740e-04 9.170857051053828190e-04 4.005825734820773858e-04 6.061502895792528767e-01 4.747218910351654617e-04 1.578048841094569303e+06 1.882368921098985709e+06 1.051504173582061427e+06 6.582213965747086837e-01 1.200591800965719856e+06
