# R (Mpc), mean rho (Msol/kpc^3), errup (Msol/kpc^3), errlow, std, median rho (Msol/kpc^3), mean pth (Msol/kpc/s^2), errup(Msol/kpc/s^2), errlow, std, median pth (Msol/kpc/s^2), mean gas-mass-weighted metal (fraction), errup, errlow, std, median metal, mean gas-mass-weighted temp (K), errup, errlow, std, median temp  
#  nprofs 45, mean mh 220740935717.946014, median mh 209844274041.976318 
#  Mass range 11.00 - 11.5
6.704502643857072897e-04 4.800779087119056284e+07 2.727432969028639048e+07 2.078436793751757964e+07 3.210848990688697224e-01 3.894511561845813692e+07 1.381371578893922998e-23 1.137764841967882181e-23 3.729549662657856517e-24 4.569291110204487527e-01 7.372097264043313879e-24 3.978277859677500743e-03 2.689666049632780803e-03 2.110491138716704285e-03 3.194345808001025078e-01 3.688141677814539554e-03 1.925317201859486886e+04 3.322627465540750563e+03 2.288436975800010259e+03 9.506055514109189308e-02 1.812079985578822379e+04
1.165109025084719785e-03 2.352215537144880742e+07 1.719572818066822737e+07 1.122196077755170502e+07 3.416022950876912434e-01 2.086228664093867689e+07 5.796905358306171048e-24 5.608338659255279959e-24 2.489671472350728658e-24 6.303003586481146225e-01 3.834770591776417569e-24 3.829900383660205399e-03 2.282984465218669632e-03 1.200104342586633122e-03 3.035683858700805593e-01 3.354192402839531028e-03 1.719313902552415675e+04 3.709443623933315394e+03 2.833856050081696594e+03 2.543677936332337519e-01 1.748363195120288583e+04
2.024727429375604119e-03 9.623070904232144356e+06 5.658187982801910490e+06 4.729045031880882569e+06 3.112151062373105792e-01 9.063400317032063380e+06 4.030476393822973662e-24 2.030965959890644405e-24 1.090832605553161169e-24 6.200193908728526271e-01 1.506644100663663238e-24 3.055683751779436456e-03 1.723309814299833417e-03 1.268450032849621420e-03 2.664304219273289087e-01 2.742151552283178355e-03 2.342746919132917174e+04 3.409338729607115965e+03 4.002173276999084919e+03 2.804065612333294655e-01 1.580761845588320284e+04
3.518573004760514565e-03 4.012191997424925677e+06 1.927882225080922712e+06 1.517420693709198385e+06 1.994535154060486093e-01 3.979439115193367470e+06 1.926130853551217774e-24 3.347276327122865022e-24 3.455571523533162113e-25 5.243779813575746296e-01 6.863831011644490828e-25 2.410277440133585126e-03 1.373385142280718427e-03 1.189562297528472040e-03 2.476527326269446216e-01 2.184947178942123289e-03 4.189599956749920239e+04 4.874411394295997161e+04 2.749564861241484323e+03 3.973373673056595501e-01 1.546276043810709598e+04
6.114579083688004638e-03 1.419970261126808822e+06 5.407694996049080510e+05 6.996245941618187353e+05 2.942562758235769960e-01 1.502358460239028791e+06 5.202535813996251238e-25 6.028004234084340321e-25 1.734958367882885901e-25 4.744916575783171275e-01 2.882034843059436494e-25 1.643503743410038975e-03 7.883388117984342202e-04 8.087898280904804891e-04 2.665193264510002380e-01 1.533811515402534612e-03 3.877405839697404735e+04 4.683175539969414240e+04 5.798912661605525500e+03 3.626104303729842382e-01 1.754179128785733701e+04
1.062592059908660722e-02 3.930117652450366295e+05 1.765713482320245239e+05 2.428089767181033967e+05 3.190048864643812432e-01 4.348233167247889214e+05 2.156833121770152149e-25 1.736558469980939562e-25 1.197096625903854922e-25 4.673818159629713476e-01 1.965268385247420208e-25 1.199719829215852799e-03 5.261887487856230488e-04 4.147460518011757786e-04 2.326689106208764124e-01 1.148284999247646283e-03 4.686138059970873292e+04 3.576706773563350725e+04 2.485203182108982946e+04 3.006526709082548710e-01 4.067183925710692711e+04
1.846573362331777393e-02 9.852601257235273079e+04 5.846318953305539617e+04 5.783278680801230075e+04 3.244147189606017556e-01 9.466068748623911233e+04 9.426247634030872678e-26 4.974625294045415168e-26 4.154421151711668716e-26 3.574786012537534141e-01 9.065497119687711874e-26 1.070759376029756498e-03 4.579322651599982124e-04 2.954296608893586945e-04 1.727971723287733963e-01 9.889035597880899749e-04 9.800772437028732384e+04 5.353173117758697481e+04 3.154098315920824825e+04 3.457694941508798192e-01 6.565155469916129368e+04
3.208976719406681638e-02 2.500578191421027441e+04 1.992276983278751868e+04 9.307961168350328080e+03 2.642116253669377635e-01 2.225715580140059319e+04 4.245106292915230194e-26 2.609354071524846429e-26 1.886809624312751055e-26 2.647381085579571525e-01 3.550423091303876425e-26 1.034226037531583162e-03 3.103955308114375415e-04 3.120849266558322699e-04 1.941972523948352347e-01 1.036903661257347750e-03 1.655917785428687348e+05 1.069869768649362231e+05 4.838721152910568344e+04 2.905443559298995782e-01 1.132453361162619985e+05
5.576562402422385878e-02 8.156882994847957889e+03 3.011945885851780076e+03 2.605032819994111378e+03 1.953366093261730274e-01 8.005885502735015507e+03 1.709627696805878764e-26 8.969679162656053977e-27 6.756101387502812374e-27 2.278498389557247483e-01 1.534422284683802503e-26 1.057900954871443056e-03 3.651664617739984811e-04 2.468712374454804480e-04 1.278520761644307280e-01 1.017147403178390993e-03 1.759080017097744276e+05 1.028718909643169900e+05 4.886685452883018297e+04 2.390805129599399281e-01 1.416290865562661784e+05
9.690954764502224261e-02 2.834536524171401197e+03 1.438204368272311513e+03 9.767976299363067483e+02 1.917052896066179513e-01 2.669957705323565278e+03 7.015753397166781749e-27 4.872452680384756166e-27 2.850166036142145421e-27 3.020814132402470653e-01 5.330684051865682757e-27 9.587352633420973165e-04 3.461991752220159842e-04 2.577633884328008355e-04 1.196565812221123543e-01 9.319877715222784709e-04 1.887052861678941699e+05 1.022935027069262869e+05 6.247797633939661318e+04 2.305630963535640621e-01 1.543704826703475264e+05
1.684094922112467918e-01 1.035425092147561372e+03 4.715805399504721436e+02 3.493875670434993026e+02 1.861802337882698111e-01 9.685297547623000582e+02 3.321247427180493148e-27 3.402713708979119710e-27 1.192799007098806154e-27 3.980106143952006348e-01 1.948532062748247172e-27 8.191977184660056803e-04 2.162554717465497512e-04 2.294647829200950444e-04 1.440429980466764459e-01 7.947271977601506584e-04 2.205147446375379222e+05 1.431178675989338954e+05 5.878676215932588093e+04 2.843086636811083534e-01 1.488266804444716836e+05
2.926621551339660399e-01 4.000707036674805295e+02 1.458221734932212712e+02 1.209073679340216358e+02 1.903831289279544481e-01 3.684552084963831931e+02 2.084511171501533701e-27 3.169958324419389151e-27 8.906773053502447363e-28 5.426741946288313745e-01 1.155269447773404370e-27 6.792545961246626660e-04 3.243214524749172623e-04 1.808398812954195296e-04 1.985093520576753090e-01 6.225015268770251039e-04 3.138160063277635491e+05 3.047221061087541748e+05 1.338897589530275436e+05 3.927951848864114082e-01 2.093838196854372800e+05
5.085885357353842062e-01 1.905941120451803670e+02 8.403934719777819851e+01 7.903213171755858468e+01 2.084834694587601456e-01 1.852604843338954481e+02 1.470867357495008483e-27 2.471324170485474295e-27 5.568262205999689895e-28 6.687633770859716664e-01 6.510785252279425047e-28 5.785117685064996261e-04 3.045627578083578155e-04 3.043942764349185618e-04 2.414071130459688741e-01 5.841967079555602117e-04 4.337693269985138322e+05 5.796058970990104135e+05 2.200124381338345120e+05 4.962925276081219250e-01 2.827773636410519248e+05
8.838255788933832013e-01 9.972183226287775426e+01 8.684853528573141546e+01 2.626387835692163719e+01 2.501496367855886027e-01 7.717447863092677096e+01 1.168378933657899152e-27 1.976117048718059729e-27 3.671251143697719638e-28 8.284066132321838971e-01 4.153443793729066695e-28 4.605458697235415878e-04 3.994428436965014582e-04 1.865146495091395975e-04 3.362893888006663889e-01 3.731621566833537534e-04 6.271211265925382031e+05 9.721011492073759437e+05 3.202287088545658626e+05 6.224771238703976639e-01 3.774655622908275691e+05
