# R (Mpc), mean rho (Msol/kpc^3), errup (Msol/kpc^3), errlow, std, median rho (Msol/kpc^3), mean pth (Msol/kpc/s^2), errup(Msol/kpc/s^2), errlow, std, median pth (Msol/kpc/s^2), mean gas-mass-weighted metal (fraction), errup, errlow, std, median metal, mean gas-mass-weighted temp (K), errup, errlow, std, median temp  
#  nprofs 329, mean mh 214602313125.324463, median mh 207674114310.853333 
#  Mass range 11.00 - 11.5
6.704502643857072897e-04 1.938184277356010377e+08 1.403294836000012159e+08 1.198450087663800567e+08 3.888035549075972708e-01 1.814698417114828825e+08 1.144354853005419152e-22 1.281530627052676228e-22 7.317079586158429288e-23 5.884334859558153497e-01 8.856547023449739363e-23 5.056634106753337896e-03 2.776437430843717996e-03 2.164127187342665751e-03 3.089942735282042996e-01 4.732054316532778582e-03 3.653404050515998097e+04 2.601437488170301003e+04 1.071391506992540235e+04 2.201797709795625946e-01 2.963433532632924835e+04
1.165109025084719785e-03 6.822289914803954959e+07 5.289072205595770478e+07 3.282075553806919977e+07 2.904821476209757947e-01 5.946583906457370520e+07 4.365314757611648129e-23 5.067574498957441502e-23 2.517984977705790619e-23 5.129950212306403357e-01 3.176119070601831843e-23 4.865652939961983940e-03 3.302805032915720300e-03 2.057925223380286002e-03 2.969282415958948151e-01 4.261768526832379785e-03 4.343791747322678566e+04 4.148868562241397740e+04 1.585225738087012724e+04 2.891096492623456138e-01 3.261064074312773664e+04
2.024727429375604119e-03 1.441440557761621103e+07 1.025063978434359655e+07 4.406918282555187121e+06 2.484504113549571014e-01 1.210282151895248145e+07 7.360845313387871610e-24 7.540252527616721764e-24 3.791000032859183643e-24 4.190944332670150096e-01 5.516135744265739951e-24 4.480243442912229535e-03 3.324567274524896799e-03 2.164682416808564464e-03 3.252880440144756413e-01 3.901319665888016482e-03 4.441645520254784060e+04 3.898489895704785886e+04 1.525608435991374972e+04 3.269772187002943364e-01 2.959910904975515950e+04
3.518573004760514565e-03 3.251217652846775018e+06 2.052785965761022642e+06 1.729195779470049543e+06 3.257574303404185412e-01 3.042766761451492086e+06 9.964984972954514783e-25 9.518039045918226470e-25 4.190818299203398325e-25 4.728298639426410932e-01 6.917269429238179787e-25 3.271069014797020526e-03 2.741105041734372659e-03 1.531226365696149259e-03 3.528074922659539259e-01 2.754302033814845160e-03 2.912408142118487012e+04 2.321565785336622503e+04 9.045023323345792960e+03 2.856274151589995869e-01 2.064175582873938401e+04
6.114579083688004638e-03 7.458495484313715715e+05 6.806617742340650875e+05 3.177227107193391421e+05 3.822461771358913185e-01 5.938051311434959061e+05 2.281126410904649014e-25 2.971700340821626680e-25 1.038140942828144837e-25 5.174482833065523479e-01 1.458047856596521713e-25 2.246807174582036732e-03 1.493974137389860899e-03 8.437754964601923511e-04 2.953792043150175739e-01 1.757403718632332074e-03 3.010405156415986130e+04 2.549036877412431932e+04 8.313101316802989459e+03 3.051741285318368413e-01 1.939833660931073973e+04
1.062592059908660722e-02 1.153757636269660143e+05 1.123885563471492205e+05 4.315852679103276023e+04 3.867666519177478945e-01 8.126658223647656268e+04 8.373579520294802058e-26 9.529550255634247264e-26 4.473349490338319395e-26 5.220692615152996430e-01 5.533483403368820359e-26 1.873070340585743536e-03 1.287249826765197612e-03 7.294943126169408168e-04 2.879553895845203271e-01 1.527577276012014691e-03 7.437800435646132973e+04 9.824478462461056188e+04 2.878190627489610779e+04 4.376266150452108872e-01 4.259613879481222830e+04
1.846573362331777393e-02 1.859782508035146384e+04 1.516363559253934545e+04 8.688242489321157336e+03 3.926155690365248918e-01 1.418175864361541062e+04 4.670752936150488329e-26 4.559110603425898881e-26 2.748012764584216207e-26 5.105988469601208113e-01 3.735605340424230023e-26 1.568699315454967057e-03 1.194047985207811113e-03 6.530646176443552237e-04 3.357841691888731050e-01 1.263583753112443265e-03 3.040193372581911972e+05 1.781248062578223762e+05 1.097838515216993692e+05 4.198737458683626245e-01 1.754529469295176095e+05
3.208976719406681638e-02 5.247211524141705013e+03 3.199026300415521291e+03 2.901798375836462583e+03 3.792015822851217410e-01 4.978376313489842687e+03 2.012076965064216497e-26 1.428359230652187013e-26 9.222341722887050048e-27 4.656838105167472319e-01 1.623545531996646795e-26 1.382833150917159824e-03 1.054171091029494503e-03 5.420525622460039931e-04 3.268249848256830070e-01 1.029685742604437597e-03 4.548408219694832223e+05 1.648209817633650382e+05 1.152565118786952808e+05 3.542393852217425865e-01 2.506420352861377178e+05
5.576562402422385878e-02 1.832006371414925297e+03 9.049111661190220275e+02 8.602716015003107941e+02 3.016130495770311115e-01 1.761277759951597773e+03 9.514856544938514343e-27 6.340546933981025752e-27 2.722897899536734188e-27 3.560607186722311024e-01 5.906069993224966965e-27 1.074774931413723187e-03 8.864503452849734630e-04 3.637987048160976587e-04 3.102868940367884409e-01 7.842705963757736322e-04 5.446783627032971708e+05 2.877035676407475257e+05 7.852875948714747210e+04 3.508079230848286656e-01 2.496253350435255561e+05
9.690954764502224261e-02 6.126809319875733308e+02 3.385735845124728485e+02 2.052330702914748599e+02 2.384211273514319218e-01 5.657628529649097118e+02 5.788362309184066801e-27 5.266360251802230711e-27 1.435889835603989023e-27 4.845671340082033374e-01 2.421639811423606665e-27 8.544014686130172809e-04 4.309290387248644952e-04 2.414312729635138387e-04 2.305113485153566233e-01 6.857639134993692882e-04 7.595332879896103404e+05 7.981989666742696427e+05 1.544114408086333715e+05 4.428589692117616550e-01 3.039721918256534846e+05
1.684094922112467918e-01 2.494772341055189031e+02 1.482112354285858942e+02 8.293860723918277245e+01 2.554083183893477993e-01 2.045435836551571924e+02 4.491926634554063110e-27 4.758302053326630310e-27 1.105147657163130602e-27 6.242859578800149523e-01 1.411059946754887762e-27 7.625039833246034793e-04 5.083954505053304420e-04 1.846777554552303893e-04 2.392305842225747881e-01 5.712162692382050143e-04 1.135093759284547530e+06 1.360627555532069411e+06 3.103613828373902943e+05 5.248000665100126527e-01 4.577965655034962692e+05
2.926621551339660399e-01 1.400324230418462434e+02 1.261890842841046094e+02 4.640296869495426790e+01 2.983186049843323806e-01 1.015105764932566217e+02 4.149635518841128699e-27 3.976807650530989661e-27 9.020861230716265246e-28 7.280766079489409126e-01 1.110192218147570188e-27 8.476644560970447153e-04 7.799154022657182970e-04 2.639841212598049167e-04 2.896077648128494442e-01 6.051736461442889809e-04 1.409314217690709047e+06 1.760447854222001508e+06 5.477348728472716175e+05 5.518799333456203549e-01 7.494379251333345892e+05
5.085885357353842062e-01 9.560723270152345776e+01 8.439213077651274375e+01 3.265969084706961922e+01 3.350826068769450772e-01 6.343575096510394218e+01 4.583371038250883712e-27 3.365325448349323292e-27 7.685551388357604810e-28 7.469474264050121048e-01 9.529166478092296965e-28 1.064415741632570873e-03 9.775228329390538672e-04 4.240972959783025379e-04 3.321723420675340988e-01 8.097409999993295275e-04 1.753970306159468368e+06 1.904337279043376911e+06 8.423990789362059440e+05 5.090221751932069161e-01 1.172154757072744425e+06
8.838255788933832013e-01 7.119592213759420929e+01 5.674417312354525933e+01 2.045273563071046041e+01 3.662387299921815442e-01 4.137902047827589769e+01 5.561913361522947618e-27 2.877995075249607863e-27 6.239346759071654329e-28 7.518813876552120634e-01 8.211622894227355624e-28 1.293616815298235427e-03 8.043077692212103648e-04 6.339422738986397405e-04 3.085898068443344022e-01 1.198360040289486467e-03 2.319242073128867429e+06 1.958983037880825810e+06 1.099083412017648341e+06 4.600105367884803065e-01 1.708702015989865176e+06
