# R (Mpc), mean rho (Msol/kpc^3), errup (Msol/kpc^3), errlow, std, median rho (Msol/kpc^3), mean pth (Msol/kpc/s^2), errup(Msol/kpc/s^2), errlow, std, median pth (Msol/kpc/s^2), mean gas-mass-weighted metal (fraction), errup, errlow, std, median metal, mean gas-mass-weighted temp (K), errup, errlow, std, median temp  
#  nprofs 56, mean mh 523452198281.838196, median mh 447861190134.252197 
#  Mass range 11.50 - 12.0
6.704502643857072897e-04 3.502672413194966316e+07 2.024217315386837721e+07 1.824874367727921903e+07 3.452520259688522386e-01 2.702973635488127172e+07 9.518645908808904786e-24 9.505103212249572911e-24 2.720900463079966384e-24 5.219681931501550798e-01 3.826417108389854994e-24 2.965878571901267146e-03 1.797971663216856638e-03 1.545629307964044210e-03 3.231584109019043360e-01 2.834961833609394178e-03 1.738904408677455649e+04 5.971909337092021815e+03 2.823514979048117311e+03 1.101135505898945544e-01 1.588848795141710616e+04
1.165109025084719785e-03 1.994858525397415459e+07 1.523498405367580801e+07 6.836868307577401400e+06 3.934777709206923046e-01 1.337928710411329940e+07 4.932229591280325289e-24 4.631755761570233604e-24 1.554186700356234999e-24 5.764653696732263688e-01 2.140771442497838287e-24 2.601107904602418218e-03 8.546320784371852670e-04 1.257054386000948940e-03 2.578613828141951836e-01 2.673461460899563113e-03 1.654731340447267576e+04 5.888762622617381567e+03 2.991660135559215632e+03 1.168059748648081903e-01 1.529555981633741249e+04
2.024727429375604119e-03 8.449346856895970181e+06 7.294431327487997711e+06 3.903624459429225884e+06 4.462527878185502117e-01 6.318721203683834523e+06 2.210078084137064011e-24 2.557074780793331223e-24 1.043456427011580447e-24 6.595267928965609094e-01 1.235528046768307483e-24 2.099878268668209109e-03 1.042839302535070178e-03 6.970048723437083198e-04 1.927879142618482977e-01 1.977371461962199300e-03 2.373831560275702577e+04 5.252025822421066550e+03 3.029517195840870045e+03 2.538712922168178676e-01 1.506207992821894004e+04
3.518573004760514565e-03 4.828178035424051806e+06 3.359840257999403868e+06 1.650658833143693861e+06 2.413805029961386406e-01 4.028590165039686020e+06 1.125016860605679354e-24 1.521621775536610469e-24 4.355941752712196656e-25 4.471425661527409501e-01 6.565439134538761469e-25 1.697039346093672614e-03 1.022691705109420772e-03 5.334162938898762921e-04 2.090621360607171630e-01 1.490274013958827999e-03 1.997112343975727708e+04 9.668877742234577454e+03 3.133733027044736446e+03 2.048334588327537231e-01 1.505903748190493206e+04
6.114579083688004638e-03 2.125532350118002854e+06 1.250954618795065675e+06 5.765941130871500354e+05 2.198823284463961303e-01 1.903515301893997472e+06 5.754224622339620716e-25 5.275033921522866404e-25 2.833370123602760676e-25 3.995059979232403191e-01 4.112377981356269070e-25 1.216432679663917741e-03 6.143985559986717398e-04 4.213807079419256297e-04 2.119615577028754749e-01 1.119512155803748616e-03 2.393856504007116382e+04 1.671849310776035782e+04 6.151699156670430966e+03 2.407335274249408075e-01 1.785598177347841192e+04
1.062592059908660722e-02 6.511682665744859260e+05 1.275598708714070963e+05 3.997338472013446153e+05 2.410187405032138963e-01 7.041766436466166051e+05 2.543141101793385626e-25 2.464417154846209624e-25 7.124757935555870090e-26 3.270348707882519967e-01 1.699890678588262976e-25 9.473072482934551206e-04 6.004784751317465480e-04 2.625457806076362437e-04 2.109376829638293926e-01 8.061720706630976256e-04 3.971094863135360356e+04 4.439776557908950781e+04 6.549246641169002032e+03 3.186205933390180434e-01 2.222303158497042386e+04
1.846573362331777393e-02 1.563256639261392120e+05 1.218790678054824530e+05 7.704658513849083101e+04 2.873375315127963958e-01 1.375237881525339908e+05 1.465510708308314963e-25 1.253344964271613665e-25 5.380142974401847629e-26 3.442119963234533397e-01 1.023508059901323879e-25 8.007887718009253390e-04 5.588505759042219391e-04 2.617354507540589972e-04 2.180785843644331701e-01 7.167420301665110294e-04 1.040733855920987844e+05 1.099770924392859160e+05 3.831488569778634701e+04 4.213729414303816756e-01 5.886367311026545212e+04
3.208976719406681638e-02 3.213721846703880510e+04 2.221309697461152246e+04 1.064290863653311681e+04 2.653627509532882622e-01 2.432665627074130316e+04 7.488930630051290114e-26 5.272904372112527202e-26 2.140250611137250764e-26 2.951983050405294073e-01 5.365599226767319226e-26 8.364864597977073957e-04 4.826704024386856053e-04 3.826158490093629710e-04 2.117604411012733723e-01 8.047768255013483703e-04 2.039116905559564184e+05 9.060617653303686529e+04 1.112711021244835865e+05 3.069528028886128745e-01 1.814951808540022466e+05
5.576562402422385878e-02 9.678311392015373713e+03 5.114989447957690572e+03 3.422607852961143180e+03 2.197820509528073951e-01 8.238777207230081331e+03 4.377287792617269731e-26 4.630331355772901192e-26 1.310586732831619645e-26 3.323603562866361272e-01 2.908378438323732858e-26 8.505717896973001178e-04 3.743406986539713974e-04 3.004601941348043759e-04 1.762960184953089038e-01 8.033978496141669628e-04 3.206598327345344587e+05 1.259221076876337174e+05 1.118645162498900609e+05 2.292621686279542326e-01 2.829840366589344339e+05
9.690954764502224261e-02 3.670504829445005726e+03 2.782885740125436314e+03 1.490026897183049186e+03 2.257717839914700209e-01 3.227938191992257089e+03 1.809812737240191640e-26 2.431031183540300140e-26 3.973384851168314131e-27 3.889709147242555454e-01 8.979368788915531518e-27 7.487556679989668335e-04 3.382480736789431324e-04 2.410650397055644082e-04 1.603959372913231762e-01 7.153571033670007382e-04 3.366590018464079476e+05 1.978534370311195089e+05 5.215232207346663927e+04 2.508963446641772066e-01 2.300159593099959602e+05
1.684094922112467918e-01 1.246675892021881282e+03 8.167736334585479199e+02 4.581635510475629189e+02 2.343056763940312981e-01 1.061427470216397523e+03 6.210730568289790772e-27 5.519673609614212922e-27 1.313488217490071013e-27 4.617432056169235577e-01 2.444479572992174527e-27 6.733274998025010755e-04 2.252861057603408037e-04 2.514131211697283579e-04 1.682672684630152904e-01 6.605239731283348492e-04 3.077309631836722838e+05 1.439914634404079115e+05 6.412284146713544033e+04 2.887304674802875226e-01 1.837296287223617255e+05
2.926621551339660399e-01 4.129421687789936186e+02 1.947738745733398673e+02 1.367922411495884489e+02 2.038293714861317552e-01 3.734202730061476814e+02 2.549433280066677156e-27 1.625106550198114364e-27 5.175478753902452045e-28 5.251135786954833629e-01 8.093261185986775487e-28 5.448350553226289890e-04 1.637874193430650287e-04 2.147035015571155630e-04 1.749963992446431915e-01 5.410360574504178514e-04 3.004993663849362056e+05 1.634207238367011887e+05 5.147620252792935935e+04 3.536519725313375107e-01 1.424926285932905157e+05
5.085885357353842062e-01 1.812499680411118277e+02 8.792774473014981140e+01 4.910405054286765392e+01 2.261051702496074123e-01 1.457736072505548464e+02 1.636047151804059437e-27 8.213551978111841895e-28 9.439203416506458137e-29 6.334924507278679728e-01 1.888908626616585379e-28 4.156209002179964010e-04 1.499737387146417799e-04 1.393358532775490748e-04 2.054561783300593025e-01 3.795851497724399390e-04 3.379902059739440447e+05 2.923397646031302284e+05 3.607454260069692100e+04 4.458628399398162911e-01 1.082158888221695670e+05
8.838255788933832013e-01 1.029621274207674304e+02 7.588972109772524277e+01 1.986237098788989641e+01 3.069544862064578217e-01 5.951632199925384015e+01 1.719013682741358389e-27 8.864617691339106645e-28 5.269082619371646292e-29 8.380414482722819969e-01 7.978444841641911465e-29 3.511725725189643300e-04 3.516759211266467697e-04 1.226032370649625955e-04 3.502187933448607793e-01 2.320543304475651829e-04 3.792374835036943550e+05 4.007947031294684275e+05 4.395917855399444670e+04 5.575746315744569692e-01 8.976379711199116718e+04
