# R (Mpc), mean rho (Msol/kpc^3), errup (Msol/kpc^3), errlow, std, median rho (Msol/kpc^3), mean pth (Msol/kpc/s^2), errup(Msol/kpc/s^2), errlow, std, median pth (Msol/kpc/s^2), mean gas-mass-weighted metal (fraction), errup, errlow, std, median metal, mean gas-mass-weighted temp (K), errup, errlow, std, median temp  
#  nprofs 87, mean mh 204714567866.926849, median mh 193816690753.316620 
#  Mass range 11.00 - 11.5
6.704502643857072897e-04 4.221875313738834858e+07 4.106393071964569390e+07 1.739536984805556387e+07 3.226626163377613321e-01 3.406040351668851078e+07 1.235879252521352988e-23 1.614415359564899697e-23 3.819835250554599834e-24 4.783648226005438597e-01 6.075959096764559687e-24 3.096449413852646847e-03 2.060892210295513140e-03 2.003301374609890283e-03 3.674499845005956833e-01 2.989436048594715321e-03 1.950802116587595083e+04 6.243651343767389335e+03 2.121152433759301857e+03 1.219352101876779448e-01 1.743677638692830806e+04
1.165109025084719785e-03 2.243080680623941496e+07 2.367904723674842715e+07 6.642674396208699793e+06 2.564891486205871929e-01 1.737455604926753044e+07 5.809607687256498396e-24 7.771578161543693537e-24 1.733464898066170288e-24 4.162990683467500674e-01 3.404266316511797174e-24 2.346516948467935581e-03 1.519381270387784848e-03 1.348230446647163657e-03 3.218859673311650904e-01 2.171105080561862733e-03 1.835753730286182326e+04 4.138405596234631957e+03 2.212500106353614683e+03 1.125153810640540930e-01 1.706562755032372297e+04
2.024727429375604119e-03 1.017314836900127307e+07 5.696904561909645796e+06 2.658459279416969977e+06 1.882195863357613574e-01 8.989341937273509800e+06 2.122848935022655607e-24 2.069365264469167153e-24 7.230500583065648127e-25 3.294522803622803586e-01 1.500617662662810561e-24 1.716331485333553921e-03 1.032445373170935016e-03 7.319423978388831138e-04 2.653577617052777504e-01 1.544413583906680508e-03 1.710352988875873780e+04 3.255614653448905301e+03 1.748591408448286529e+03 1.013404985690633947e-01 1.597794228644619943e+04
3.518573004760514565e-03 4.355134807770135812e+06 1.785423724777509924e+06 1.243426766203927342e+06 1.507704731511099461e-01 4.121652476278284099e+06 8.055247621509896674e-25 4.919167715361783889e-25 3.028299113370151078e-25 2.871372052135415243e-01 6.293456221321463430e-25 1.205846490663398801e-03 8.525333098177130878e-04 4.916407214611104737e-04 2.570182571388234249e-01 1.073791201777215317e-03 1.699994892859776519e+04 6.172154468950373484e+03 2.318119356196326407e+03 1.308133488205088235e-01 1.490367498478196831e+04
6.114579083688004638e-03 1.443444192595319822e+06 5.624074641447369941e+05 5.299897001820548903e+05 1.992008874178481104e-01 1.420778337185566546e+06 2.498844157384282040e-25 2.020240645361980093e-25 8.876138793992968133e-26 2.557261133412477849e-01 2.058409767208940824e-25 9.406858636594225397e-04 5.876873336962776815e-04 3.181902253284073960e-04 2.946008737374532505e-01 7.254378883283970616e-04 1.962186194875542787e+04 1.059029917357115301e+04 2.632611822281773129e+03 2.122205407545864897e-01 1.396406734293456429e+04
1.062592059908660722e-02 3.369575383650957956e+05 2.340672789705369505e+05 2.277824055747996317e+05 3.167832130580966465e-01 3.313311083864566754e+05 8.983032168675237148e-26 6.829893472613762495e-26 3.725716580416946933e-26 3.216686547903421789e-01 7.365909446028993474e-26 9.077788319300519014e-04 8.004846180320137651e-04 3.051027070350232143e-04 3.138420150762372129e-01 6.632849460418432670e-04 3.353062479244671704e+04 3.484202402948936651e+04 7.374843137436562756e+03 3.154036446863372478e-01 2.006864384231485747e+04
1.846573362331777393e-02 5.899505489996246615e+04 5.145654870262386248e+04 1.964838513460804097e+04 2.850732270860374395e-01 4.441944580184232473e+04 3.567065359490721668e-26 2.353931067556655848e-26 1.375146685557488362e-26 2.600174988692741107e-01 3.032133323773546479e-26 1.009977646532933320e-03 8.924708852195790878e-04 4.184532961787067228e-04 3.084155994328322548e-01 7.969570540766787291e-04 6.419476476334832114e+04 6.369262881953846227e+04 2.493242955503032135e+04 3.195373466346587144e-01 4.726683583660441946e+04
3.208976719406681638e-02 1.370767831156589091e+04 8.344268149435840314e+03 3.863656368681498861e+03 2.233767158584216983e-01 1.151518046358337233e+04 1.732582216844604826e-26 1.255738909597765446e-26 5.442697799092597058e-27 2.276051748449008372e-01 1.457228470881306414e-26 1.044192692173126318e-03 6.867274253206489664e-04 4.492838489713998277e-04 2.594168915356187544e-01 9.165635209689635115e-04 1.045382367039844394e+05 4.668321642938091827e+04 3.485911217394700361e+04 1.991106221094980366e-01 9.865481833114426991e+04
5.576562402422385878e-02 5.004052238308787310e+03 2.999094944055016640e+03 1.518660314526284310e+03 2.004573773192289410e-01 4.361586626784169312e+03 8.509548073641658442e-27 5.612611443442221176e-27 2.842469359648742980e-27 2.330079010846080878e-01 6.910738692368281196e-27 9.247661105947420660e-04 4.052185062645569102e-04 3.197882434183780057e-04 2.279683134116467225e-01 8.375926480635965607e-04 1.342761789128582459e+05 6.700705000916963036e+04 3.339689517764061748e+04 1.876922393917286325e-01 1.163982111710593890e+05
9.690954764502224261e-02 1.669893222356519118e+03 7.385514763723874694e+02 5.477572233469441016e+02 1.900453431959974460e-01 1.528326632438593379e+03 3.715927331245373524e-27 2.790196646365557792e-27 1.483431910579506218e-27 3.011215041917579827e-01 2.903520444259525361e-27 7.928053821781923553e-04 4.119317827925410031e-04 2.541772531754208568e-04 2.011949987972904141e-01 7.117888029992611425e-04 1.720323807145555911e+05 1.204930032340156758e+05 3.362521255721451598e+04 2.380486627161863822e-01 1.220657772106926568e+05
1.684094922112467918e-01 5.765598744782105314e+02 2.439561195057183909e+02 1.366278727059308835e+02 1.779048237891149020e-01 5.010787782259921528e+02 2.005966555069672956e-27 2.152126089547157387e-27 7.474122679254268279e-28 4.171861071833927181e-01 1.192212423662929136e-27 6.057512701322408707e-04 2.603482443507066420e-04 1.971755790007821696e-04 1.941300090728805272e-01 5.463184652754967969e-04 2.655897057530805469e+05 3.334486544062781613e+05 6.074219992810701660e+04 3.627800605381735766e-01 1.401108780921434518e+05
2.926621551339660399e-01 2.423961509611043539e+02 1.307475833328709882e+02 4.407955351543088796e+01 1.826879771035275490e-01 1.998214447468872663e+02 1.561379910992833347e-27 2.193460252151402175e-27 3.782521674535428072e-28 5.857687417464253476e-01 5.114285557131668086e-28 4.386507572652277478e-04 2.297091520716868732e-04 1.473011776002671120e-04 2.223238355058511917e-01 3.722125308531084534e-04 4.539107382031109883e+05 7.279974357505444204e+05 9.293892518450683565e+04 5.236593907228898059e-01 1.538912407221375906e+05
5.085885357353842062e-01 1.300277210771906766e+02 6.438115599578138415e+01 3.921346111796738398e+01 2.179966322910062426e-01 1.066658340705036068e+02 1.400623176434716598e-27 2.140317919750812525e-27 4.110218387352174213e-28 7.560845767026174169e-01 4.567553095558868446e-28 3.995947787689430736e-04 4.054562938583194617e-04 9.797119061737510253e-05 3.244707422893841620e-01 2.519185989843269915e-04 6.825446982377959648e+05 1.186933582886898192e+06 2.503740298274701927e+05 6.468815981895984502e-01 2.979305365371473599e+05
8.838255788933832013e-01 6.991969854737261869e+01 3.110458731416903788e+01 2.184050389603061859e+01 2.357667032047617850e-01 5.592573106155359142e+01 1.132609165180495838e-27 1.782130938522720486e-27 4.534042273434179984e-28 8.680906854722787447e-01 4.785625721281370799e-28 4.029652351910766581e-04 4.993328166742859323e-04 1.197615216104608321e-04 4.370629240293822382e-01 2.176544435093008317e-04 9.529834612251446815e+05 1.555097727193573490e+06 4.637187233979917946e+05 7.172344276294032595e-01 5.080272775874640793e+05
