# R (Mpc), mean rho (Msol/kpc^3), errup (Msol/kpc^3), errlow, std, median rho (Msol/kpc^3), mean pth (Msol/kpc/s^2), errup(Msol/kpc/s^2), errlow, std, median pth (Msol/kpc/s^2), mean gas-mass-weighted metal (fraction), errup, errlow, std, median metal, mean gas-mass-weighted temp (K), errup, errlow, std, median temp  
#  nprofs 105, mean mh 557277232634.582275, median mh 519476049153.500305 
#  Mass range 11.50 - 12.0
6.704502643857072897e-04 1.123408462344152331e+08 1.680280887673181295e+08 2.539774948620224744e+07 5.899249909746755449e-01 3.529688589926834404e+07 2.839575178301855578e-22 1.141885567484347103e-22 1.016452725840718230e-23 9.928610857219534180e-01 1.172348039054349053e-23 8.867506341551895099e-03 4.907003588744532352e-03 2.832692095252098245e-03 2.123686264411526470e-01 7.684642246689734821e-03 8.789279735511209583e+04 1.331014836567276216e+05 8.498981058999339439e+03 5.010376537388473439e-01 2.330934872199803431e+04
1.165109025084719785e-03 3.303485347530765831e+07 5.372038633820961416e+07 7.696058896179873496e+06 5.934863966229068089e-01 1.106993676285652258e+07 2.255073845773136529e-22 8.762370242209274555e-23 3.340238168391409367e-24 1.134475511736103392e+00 3.925435018491652182e-24 8.538597118090693674e-03 5.183606860114003782e-03 2.961186110035402864e-03 3.716490805137275255e-01 7.628735904251514148e-03 1.945241565611056867e+05 1.730692072309350478e+05 8.499588342502924206e+03 6.636219234286812041e-01 2.215094978069292483e+04
2.024727429375604119e-03 1.177058155838104896e+07 1.262353469023869745e+07 5.091055434246991761e+06 4.391881010571736521e-01 7.958755954450210556e+06 6.876368937975461697e-23 4.525089927076521019e-23 2.877779720141830950e-24 1.034851402981053825e+00 3.204235011354512070e-24 8.597252224596303033e-03 5.245093936016268985e-03 2.115480668690897237e-03 1.973913218142336334e-01 7.193248631734460927e-03 1.730923830145803804e+05 2.195937503951389808e+05 1.169867974002919618e+04 6.331072449403194469e-01 2.484455983163892961e+04
3.518573004760514565e-03 5.317518811414453201e+06 4.135216820119449869e+06 1.730364101855837274e+06 2.367498235770762738e-01 4.586608522856703028e+06 1.129877118285977983e-23 1.029797679512749589e-23 2.325953138591251715e-24 7.362266029789876765e-01 2.771683117773848758e-24 8.644761045110671213e-03 7.900459474434622098e-03 1.873246141349932913e-03 2.468749413750671307e-01 6.253735147816306787e-03 1.510416002940001490e+05 1.411059505811057752e+05 2.858722017664994200e+04 5.740703576701473576e-01 4.237308600450853555e+04
6.114579083688004638e-03 1.713798199062476866e+06 7.146167847208979074e+05 9.997526035247882828e+05 3.282986113731014566e-01 1.740376125195197063e+06 2.519591664249761988e-24 2.186149513577515066e-24 1.396367851251249195e-24 6.822525736281803699e-01 1.601287774771139249e-24 7.717077123052074744e-03 9.591827503097130614e-03 1.393527892378275315e-03 2.898361024060369662e-01 4.766758995747293927e-03 1.413360563768509892e+05 1.166464669326701696e+05 6.258742024036080693e+04 5.288781417619967673e-01 7.729385156702277891e+04
1.062592059908660722e-02 4.123700799403382698e+05 4.479277319846482133e+05 2.007482685490400181e+05 4.226074367427834488e-01 2.997940155009428854e+05 7.143218454849877152e-25 6.795203268456252830e-25 2.940833179696802020e-25 5.611509252137311110e-01 5.001528384877900040e-25 6.767776770486774729e-03 9.461313027984618804e-03 1.267387247093199228e-03 3.057064341283956543e-01 4.113586361242144510e-03 1.889825640340289101e+05 1.972759016152782715e+05 9.389039731445179495e+04 4.775510809012594171e-01 1.380819860574982013e+05
1.846573362331777393e-02 8.522962097540643299e+04 1.229313832073308877e+05 3.014044947808812140e+04 4.646716218264316800e-01 4.775813549199610134e+04 2.298795326818729864e-25 1.766902581396519847e-25 1.127650694312201901e-25 4.991581930139266099e-01 1.819423805654872055e-25 5.740968381892298973e-03 5.641495081015504912e-03 1.224021115623246704e-03 3.080626208737691774e-01 3.536164057690353857e-03 3.019575024650005507e+05 2.614847347405590117e+05 1.710539675582829514e+05 4.340360377443283624e-01 2.404971353727580863e+05
3.208976719406681638e-02 1.840813873900629551e+04 1.878983364429294306e+04 7.594432295721143419e+03 4.481360590339910077e-01 1.280501025642200148e+04 8.720537408822977300e-26 5.736493137680915374e-26 2.610730970472583368e-26 4.265926574317851494e-01 6.285953639250467218e-26 4.700275014557644439e-03 2.656437914455021896e-03 1.234797176900581574e-03 3.145756102618975647e-01 3.485236819753038517e-03 4.075034165062431712e+05 2.236141286155328271e+05 1.490918333192661230e+05 2.417512580749152651e-01 3.544110077454596176e+05
5.576562402422385878e-02 5.773577225895062838e+03 4.268453417652180178e+03 2.224767322433483969e+03 3.401812270542748373e-01 4.644527198160239095e+03 3.498658004698005047e-26 2.161221495778970510e-26 1.109529492511539290e-26 3.235466239540105149e-01 2.675074808498863124e-26 3.686654565690694087e-03 1.703140591571926116e-03 8.840668487452179626e-04 2.348677175875708290e-01 2.902557204971074455e-03 4.977473940675941412e+05 3.169133314457641100e+05 1.555994591888028954e+05 2.377049396618982624e-01 4.111261674835848971e+05
9.690954764502224261e-02 2.068235167099598584e+03 1.313848125058389542e+03 9.365434985698682340e+02 3.104324536543768276e-01 1.884010572919732567e+03 1.417355916488094953e-26 1.394703716908557395e-26 5.170051810313045973e-27 3.244248223346984372e-01 1.038411541301020070e-26 2.760194155075920957e-03 1.178094957750274677e-03 6.986063826756937038e-04 2.005372317377249469e-01 2.370326378435142455e-03 5.801870270790364593e+05 5.985844432386431145e+05 1.768330698516369448e+05 2.978773626166538735e-01 4.077527854193568928e+05
1.684094922112467918e-01 6.830235253288711874e+02 3.422958035389374345e+02 2.497697532544102614e+02 2.705456581109882408e-01 6.207608480783630966e+02 6.246064272256286678e-27 7.082671017683818426e-27 2.693925511437908353e-27 3.997016539564604565e-01 4.209769281582990400e-27 2.142639294400863932e-03 8.082668433393898344e-04 7.484823083126245294e-04 1.942088759392816832e-01 1.991324428621445673e-03 7.387944267557482235e+05 8.358585884967949241e+05 3.170057546499901218e+05 3.590338723149938405e-01 5.130138715354834567e+05
2.926621551339660399e-01 2.668696296109100103e+02 1.797104853897873227e+02 1.023037146898070091e+02 2.360341879333138770e-01 2.406362218866115654e+02 3.611446417337839266e-27 4.733038892935215897e-27 1.544124568670685897e-27 5.086526227570834502e-01 2.139089678186812200e-27 1.675630342253704545e-03 6.494660664577913290e-04 6.157455612140728344e-04 1.944630056541207797e-01 1.604015787056686402e-03 9.411677736873651156e+05 1.056649943876939360e+06 4.539442863385156961e+05 4.108749176443325379e-01 6.733226261508493917e+05
5.085885357353842062e-01 1.221846554264764251e+02 8.232852443287622179e+01 4.652164593129643322e+01 2.311203954021800178e-01 1.078750587034792972e+02 2.495469837143395622e-27 3.493917489570484555e-27 1.257230169028079874e-27 6.095076777010006719e-01 1.511814638963841327e-27 1.264121299854626800e-03 5.888555319960898666e-04 5.582462007452562280e-04 2.453635134638283977e-01 1.228400315283591704e-03 1.314157434026241302e+06 1.400516570684261620e+06 6.548435264553138986e+05 4.668436326997703611e-01 9.885369089236137224e+05
8.838255788933832013e-01 7.084028656634667698e+01 4.180803591834747834e+01 3.237966734751859121e+01 2.444610260343053343e-01 6.371810588078418647e+01 1.957938408131775497e-27 2.368606253628731618e-27 9.470604784702554581e-28 6.448590000799551136e-01 1.088375550625063141e-27 1.059567546477553071e-03 8.094746938216185617e-04 4.314898569512308577e-04 2.858792572007098909e-01 9.223353474998141188e-04 1.587188861240115250e+06 1.406345963029104983e+06 9.858726937269028276e+05 4.601755107499326813e-01 1.386257139113691403e+06
