# R (Mpc), mean rho (Msol/kpc^3), errup (Msol/kpc^3), errlow, std, median rho (Msol/kpc^3), mean pth (Msol/kpc/s^2), errup(Msol/kpc/s^2), errlow, std, median pth (Msol/kpc/s^2), mean gas-mass-weighted metal (fraction), errup, errlow, std, median metal, mean gas-mass-weighted temp (K), errup, errlow, std, median temp  
#  nprofs 219, mean mh 533400831930.605591, median mh 470169765408.180115 
#  Mass range 11.50 - 12.0
6.704502643857072897e-04 1.684988760508347154e+08 2.196959484719472229e+08 8.374382998710334301e+07 5.697969830473827990e-01 1.014885814017473161e+08 1.872217977825983414e-22 3.735839397474677855e-22 3.884175674602965534e-23 1.026596117269598318e+00 4.123963083533248310e-23 5.739264586448039433e-03 2.402514405027512956e-03 1.745735464615507521e-03 2.853450298040567379e-01 5.325247901295395922e-03 5.510969049064588035e+04 5.925493847472738707e+04 1.121586745122752836e+04 4.584098366445396588e-01 2.548379367991935578e+04
1.165109025084719785e-03 6.051371475231788307e+07 9.800333491400671005e+07 2.755168839779265597e+07 6.380369897780446831e-01 3.124697997900155932e+07 8.450069474128836880e-23 1.606571180573097125e-22 1.398238704531867208e-23 1.125671603588360714e+00 1.442504288381736822e-23 5.882473582276345238e-03 2.239490632002324837e-03 2.064151687193465506e-03 2.346082703569851435e-01 5.467329573899860733e-03 7.333854015234448889e+04 9.920295230174722383e+04 1.400639536272035912e+04 4.874655010146208278e-01 2.646941482162375542e+04
2.024727429375604119e-03 1.418496848804842308e+07 1.773292945428346097e+07 6.267084174574962817e+06 5.410504644902549565e-01 8.708594843247486278e+06 1.770782436044108569e-23 3.125237544723757850e-23 4.731713747265130283e-24 9.931527372146264909e-01 4.969524307211830132e-24 5.671888032556275314e-03 1.867663195237742081e-03 1.967919883131275405e-03 2.164447329060872338e-01 5.425379390900573334e-03 8.172862288951495430e+04 1.014579716888644180e+05 1.454430053425133519e+04 5.103852254472073247e-01 2.679593769095740936e+04
3.518573004760514565e-03 5.900105397691753693e+06 3.458495281782144681e+06 2.583668679916170426e+06 2.529558356876394076e-01 5.445745821004206315e+06 5.243274705438233462e-24 6.291845996003544057e-24 2.649897663066001906e-24 5.584230870427840943e-01 3.378463064364891058e-24 4.923332550118252916e-03 1.510671705382377397e-03 1.849865385901312657e-03 2.267247767724782925e-01 4.807898777727613766e-03 6.882011318432798726e+04 5.855046224098757375e+04 3.447327084618072695e+04 3.892514306960821457e-01 4.914379325403373514e+04
6.114579083688004638e-03 1.889437515054525342e+06 1.295222680669909110e+06 1.149615282196579967e+06 3.474755412330233217e-01 1.760007811927413335e+06 1.651511919676308507e-24 1.313274924315808277e-24 7.894565328440614115e-25 5.098054502186254444e-01 1.189420347666614732e-24 4.159533452969559411e-03 1.379224362280727194e-03 1.542735056566124554e-03 2.392233619391800625e-01 3.970921804495424791e-03 7.424204238857544260e+04 6.259317314348433138e+04 2.737979976329390047e+04 3.504239311051585148e-01 5.301847449878181942e+04
1.062592059908660722e-02 3.278191369896574761e+05 3.521582184615363367e+05 1.502016764847822196e+05 4.032916686043578891e-01 2.347714289528103254e+05 5.433455751087898673e-25 4.968662917889529521e-25 2.416108410229898478e-25 5.063398184369442001e-01 3.891863498004493249e-25 3.790359817158990303e-03 1.671979787218326637e-03 1.662896237952586967e-03 2.394491033553029224e-01 3.528227663201827756e-03 1.671233930396075593e+05 1.551475654317679582e+05 8.230055575770678115e+04 4.157246217822543333e-01 1.241770493053888349e+05
1.846573362331777393e-02 5.807867957456693694e+04 4.033147968980476435e+04 2.661179787848946944e+04 3.917703080210607758e-01 4.635189065361460962e+04 2.058032276033800960e-25 1.408049215540548335e-25 8.918492081173726745e-26 4.494847585600577622e-01 1.669030090427334231e-25 3.470958120968267637e-03 1.482205757016465467e-03 1.324240794091136346e-03 2.395805835272680762e-01 3.187758722728478364e-03 3.096905901937596500e+05 2.065411388651918387e+05 1.432198958056679112e+05 3.164597509971692202e-01 2.717261007307315012e+05
3.208976719406681638e-02 1.618888427425829104e+04 8.973917287127993404e+03 7.357608705361351895e+03 3.733004685293599412e-01 1.467447139579532995e+04 7.484983593072984381e-26 4.818185849803631763e-26 2.892597485935600278e-26 4.116475261178321743e-01 6.302785182263550130e-26 3.219560122767287872e-03 1.406462395898502166e-03 1.277771853921036991e-03 2.488910485229209602e-01 2.933035798111046505e-03 3.766785905480492511e+05 1.794532586206819396e+05 1.472605483951690840e+05 2.369812571194528095e-01 3.493853884835416684e+05
5.576562402422385878e-02 5.586602791378677466e+03 3.775963956503270310e+03 2.213707490111239167e+03 3.052609446986359609e-01 5.036109619670683969e+03 2.858059285592906616e-26 1.965256922290150871e-26 1.137356175176258489e-26 3.181257107103561688e-01 2.453651755798431126e-26 2.628560207353543027e-03 1.363479828975944219e-03 1.147048291016131236e-03 2.483066174936643944e-01 2.455338060765893237e-03 4.177960845680863713e+05 1.939532297465814627e+05 1.103790598970410647e+05 2.088390530443719473e-01 3.495828880303004407e+05
9.690954764502224261e-02 1.678077758831341498e+03 1.023831968279540206e+03 6.144763200072619611e+02 2.928830850617067938e-01 1.486428947325257241e+03 1.101755929737729135e-26 8.134717579367830173e-27 4.605027975382972652e-27 3.263647593654979695e-01 9.026168810972031355e-27 2.040325709779397100e-03 1.147908996777224347e-03 1.085387554950817228e-03 2.981939186002280362e-01 1.826363347077684203e-03 5.398475610471526161e+05 3.020065086276208749e+05 1.529832781908210018e+05 2.382886911295604981e-01 4.320557214326713001e+05
1.684094922112467918e-01 5.303282612570106949e+02 2.802257399573495036e+02 2.041097489415421364e+02 2.769885750788180778e-01 4.842000496112678434e+02 6.139277685851114991e-27 6.175153519978622942e-27 2.782577310135228966e-27 4.410928021865154203e-01 4.344349954593123430e-27 1.507689485177785525e-03 9.684714482634656715e-04 9.384798773214276212e-04 3.456879492998093939e-01 1.360935308692275917e-03 9.646951654423399596e+05 8.804349261411633343e+05 3.070745475202779635e+05 3.692898924548291828e-01 6.118930786591074429e+05
2.926621551339660399e-01 1.919177498172023206e+02 1.105185192473975633e+02 6.679412581088482170e+01 2.506686240034317059e-01 1.722005490256963469e+02 4.611812675218403859e-27 5.215007055767841636e-27 2.300339974484681271e-27 5.686581690921617138e-01 3.023726474046992910e-27 1.057506101577130328e-03 1.043751072179086373e-03 5.411403195875616684e-04 3.947391223932812943e-01 7.991780960787072709e-04 1.908325844775507925e+06 1.899725421419636579e+06 8.446295588560710894e+05 4.985887543956558088e-01 1.255208823276723502e+06
5.085885357353842062e-01 9.930577914322230981e+01 5.458513116081466876e+01 4.057787748263417171e+01 2.506980949814435755e-01 8.893922203619807476e+01 3.849767623814852943e-27 4.558889098644144956e-27 2.146582237359328883e-27 6.551707446975278959e-01 2.705675077551656720e-27 8.540966433488348612e-04 9.109465878597689361e-04 3.842021423664908754e-04 4.316627178073527138e-01 5.701188601920696925e-04 3.033114230674474966e+06 2.972374706252242438e+06 1.496219021767830476e+06 5.708058508282457533e-01 2.042207510391366901e+06
8.838255788933832013e-01 5.959135859059870910e+01 3.324235360327509881e+01 2.561659056457447647e+01 2.422661544427501257e-01 5.456460607689117381e+01 3.224993041678578263e-27 2.994093189125697344e-27 1.886663614835192676e-27 6.297196238864117834e-01 2.391149453134171484e-27 8.939784175092737066e-04 8.054984358036560528e-04 4.877547636786328292e-04 4.260406791022201545e-01 7.431777354656594328e-04 4.031620343194907531e+06 3.131823464359566104e+06 2.402152847170906141e+06 5.266368154405640656e-01 3.284961566239911597e+06
