# theta (arcmin), kSZ, tSZ (muK*sqarcmin) 
#  projections using mopc_hankel: lrange [170,1.4e6], z=0.54 
1.000000000000000000e+00 1.530359807710776343e-01 -3.040376950051311075e-02
1.625000000000000000e+00 4.340117506060073294e-01 -8.676442248270291313e-02
2.250000000000000000e+00 6.653357049423245240e-01 -1.267839274552410578e-01
2.875000000000000000e+00 9.133221738170554937e-01 -1.645676487096669749e-01
3.500000000000000000e+00 1.161868118741483658e+00 -2.062783572249827502e-01
4.125000000000000000e+00 1.429065211707404748e+00 -2.582187030982858733e-01
4.750000000000000000e+00 1.693364733782985132e+00 -3.134188680608090971e-01
5.375000000000000000e+00 1.922799424001217394e+00 -3.626000203842185687e-01
6.000000000000000000e+00 2.064397491135493201e+00 -3.946792728891901358e-01
