# theta (arcmin), kSZ, tSZ (muK*sqarcmin) 
#  projections using mopc_hankel: lrange [170,1.4e6], z=0.54 
1.000000000000000000e+00 7.362341599627632294e-02 -1.600693290711914518e-02
1.625000000000000000e+00 2.260692003483348034e-01 -5.428529371171975093e-02
2.250000000000000000e+00 3.822232695864834495e-01 -1.033504235360270251e-01
2.875000000000000000e+00 6.006131064114537121e-01 -1.892343808355244628e-01
3.500000000000000000e+00 8.458675930620939143e-01 -3.013361011824963187e-01
4.125000000000000000e+00 1.123798238386391812e+00 -4.400997204530588958e-01
4.750000000000000000e+00 1.406226964110098621e+00 -5.880163275011704993e-01
5.375000000000000000e+00 1.651296498554193581e+00 -7.177748490238942125e-01
6.000000000000000000e+00 1.803322168424335681e+00 -8.022040256093035948e-01
