# theta (arcmin), kSZ, tSZ (muK*sqarcmin) 
#  projections using mopc_hankel: lrange [170,1.4e6], z=0.54 
1.000000000000000000e+00 1.222329781901029255e-01 -4.248686154615857746e-02
1.625000000000000000e+00 3.660918741401694709e-01 -1.008215458249032276e-01
2.250000000000000000e+00 5.642370408618774258e-01 -6.136395598059787848e-02
2.875000000000000000e+00 7.770254852125112466e-01 -1.082848732873184158e-02
3.500000000000000000e+00 9.895660166436074379e-01 2.569919918211683099e-02
4.125000000000000000e+00 1.224706062209657942e+00 8.753150737924783251e-03
4.750000000000000000e+00 1.458608618887878183e+00 -2.560650812326829145e-02
5.375000000000000000e+00 1.664000808315536428e+00 -6.821292404907383644e-02
6.000000000000000000e+00 1.789630571405632420e+00 -8.979668605857440977e-02
