# theta (arcmin), kSZ, tSZ (muK*sqarcmin) 
#  projections using mopc_hankel: lrange [170,1.4e6], z=0.54 
1.000000000000000000e+00 1.596190336401235310e-01 -4.184658145144128788e-02
1.625000000000000000e+00 4.771743835440110937e-01 -1.124257006793334679e-01
2.250000000000000000e+00 7.670710624261808386e-01 -1.618698339157490229e-01
2.875000000000000000e+00 1.075031522127549932e+00 -2.056428120969018281e-01
3.500000000000000000e+00 1.408749643849547484e+00 -2.528875330138391497e-01
4.125000000000000000e+00 1.782010463051371785e+00 -3.069504438606028285e-01
4.750000000000000000e+00 2.164339409070616504e+00 -3.633442297051190373e-01
5.375000000000000000e+00 2.491230149682956085e+00 -4.124927589176161646e-01
6.000000000000000000e+00 2.696874463135246813e+00 -4.453032967386021945e-01
