# theta (arcmin), kSZ, tSZ (muK*sqarcmin) 
#  projections using mopc_hankel: lrange [170,1.4e6], z=0.54 
1.000000000000000000e+00 1.114345650065419469e-01 -3.199072156177210080e-02
1.625000000000000000e+00 3.261397785184043663e-01 -8.798064721685759648e-02
2.250000000000000000e+00 5.132733799609655589e-01 -1.245600063574086314e-01
2.875000000000000000e+00 7.514623206810409073e-01 -2.136581333486666512e-01
3.500000000000000000e+00 1.000903819906481029e+00 -3.420466831726038937e-01
4.125000000000000000e+00 1.271730250407745899e+00 -5.191548257954311518e-01
4.750000000000000000e+00 1.539363177115282477e+00 -7.117991452615515247e-01
5.375000000000000000e+00 1.772891944077918058e+00 -8.849486091391145504e-01
6.000000000000000000e+00 1.916354410751941462e+00 -9.953185377000670631e-01
