# theta (arcmin), kSZ, tSZ (muK*sqarcmin) 
#  projections using mopc_hankel: lrange [170,1.4e6], z=0.54 
1.000000000000000000e+00 7.671357374881893065e-02 -1.610627660347383958e-02
1.625000000000000000e+00 2.359430474430916358e-01 -4.516670720187510035e-02
2.250000000000000000e+00 3.752500929272957753e-01 -6.060536902227589562e-02
2.875000000000000000e+00 5.321188870455438868e-01 -7.842881358866232722e-02
3.500000000000000000e+00 6.915644414420066832e-01 -1.127268855645482820e-01
4.125000000000000000e+00 8.676634828054473614e-01 -1.719464575406207951e-01
4.750000000000000000e+00 1.043305187043180871e+00 -2.418389744330172730e-01
5.375000000000000000e+00 1.196945515094587131e+00 -3.044188618708209004e-01
6.000000000000000000e+00 1.291287304984830575e+00 -3.448447692330230407e-01
