# theta (arcmin), kSZ, tSZ (muK*sqarcmin) 
#  projections using mopc_hankel: lrange [170,1.4e6], z=0.54 
1.000000000000000000e+00 9.626819320056159701e-02 -2.285060526321719757e-02
1.625000000000000000e+00 2.853068011224849654e-01 -6.340409125570546645e-02
2.250000000000000000e+00 4.760283314131856791e-01 -9.562776266181829965e-02
2.875000000000000000e+00 7.121135157625355649e-01 -1.271787822474845508e-01
3.500000000000000000e+00 1.011219685167387139e+00 -1.637155536595046590e-01
4.125000000000000000e+00 1.378625009511557975e+00 -2.066923930150059430e-01
4.750000000000000000e+00 1.772131333548785825e+00 -2.522640252726890964e-01
5.375000000000000000e+00 2.108449928007545715e+00 -2.917398306275381659e-01
6.000000000000000000e+00 2.321645133067628652e+00 -3.180753521788326488e-01
