# theta (arcmin), kSZ, tSZ (muK*sqarcmin) 
#  projections using mopc_hankel: lrange [170,1.4e6], z=0.54 
1.000000000000000000e+00 6.055664198060024123e-02 -1.005814862609831495e-02
1.625000000000000000e+00 1.763057465847675254e-01 -2.985313467765576823e-02
2.250000000000000000e+00 2.755755496513131453e-01 -4.410360621427227706e-02
2.875000000000000000e+00 4.080503504868489562e-01 -6.492171063061051572e-02
3.500000000000000000e+00 5.492890080526273699e-01 -9.161351161302158652e-02
4.125000000000000000e+00 7.082557539531478819e-01 -1.278207250746380419e-01
4.750000000000000000e+00 8.672003772610681338e-01 -1.670191000851483643e-01
5.375000000000000000e+00 1.007068241794806474e+00 -2.023503825939752254e-01
6.000000000000000000e+00 1.092544127847793423e+00 -2.249258088395932054e-01
