# theta (arcmin), kSZ, tSZ (muK*sqarcmin) 
#  projections using mopc_hankel: lrange [170,1.4e6], z=0.54 
1.000000000000000000e+00 7.910430693939732305e-02 -6.753548947467278088e-03
1.625000000000000000e+00 2.142962101807068531e-01 -1.834633113066270332e-02
2.250000000000000000e+00 3.605438431100497221e-01 -2.985394101746114900e-02
2.875000000000000000e+00 5.729871868103150190e-01 -4.617624531677928107e-02
3.500000000000000000e+00 8.925461146638974386e-01 -7.133746837008854425e-02
4.125000000000000000e+00 1.321264069689417120e+00 -1.057318964969175962e-01
4.750000000000000000e+00 1.797724584273767245e+00 -1.443595252163843989e-01
5.375000000000000000e+00 2.204834348148617895e+00 -1.778590423519323394e-01
6.000000000000000000e+00 2.464446077178058303e+00 -2.000005395436103284e-01
