# theta (arcmin), kSZ, tSZ (muK*sqarcmin) 
#  projections using mopc_hankel: lrange [170,1.4e6], z=0.54 
1.000000000000000000e+00 9.172938203144470615e-02 -2.464506866456351794e-02
1.625000000000000000e+00 2.737291646356351804e-01 -7.082869631653657128e-02
2.250000000000000000e+00 4.416625516606811908e-01 -1.130619072814971066e-01
2.875000000000000000e+00 6.475228259812993992e-01 -1.686281985585995347e-01
3.500000000000000000e+00 8.621086655739158555e-01 -2.325868766448908054e-01
4.125000000000000000e+00 1.092276709838691406e+00 -3.052908375482380476e-01
4.750000000000000000e+00 1.319873437553424012e+00 -3.801143128948272221e-01
5.375000000000000000e+00 1.517007864634036807e+00 -4.455942018632319535e-01
6.000000000000000000e+00 1.638908803036114747e+00 -4.884978269753039726e-01
