# theta (arcmin), kSZ, tSZ (muK*sqarcmin) 
#  projections using mopc_hankel: lrange [170,1.4e6], z=0.54 
1.000000000000000000e+00 1.094112404784465115e-01 -2.561038966465579644e-02
1.625000000000000000e+00 2.907544804535324712e-01 -6.194493212323556180e-02
2.250000000000000000e+00 4.399634872377115036e-01 -8.670366898818067380e-02
2.875000000000000000e+00 6.315586694545399782e-01 -1.224518175218008292e-01
3.500000000000000000e+00 8.632965875376928944e-01 -1.732891330773719540e-01
4.125000000000000000e+00 1.140494844880667769e+00 -2.404166009069285403e-01
4.750000000000000000e+00 1.431067380322728733e+00 -3.140281565073183012e-01
5.375000000000000000e+00 1.681586778517211611e+00 -3.785491542539782261e-01
6.000000000000000000e+00 1.838628714766436634e+00 -4.208606338738704045e-01
