# theta (arcmin), kSZ, tSZ (muK*sqarcmin) 
#  projections using mopc_hankel: lrange [170,1.4e6], z=0.54 
1.000000000000000000e+00 1.075650963083686906e-01 -3.182587887246045300e-02
1.625000000000000000e+00 3.108859396025254185e-01 -8.288215436160854821e-02
2.250000000000000000e+00 4.950065483596029492e-01 -1.187324820476502174e-01
2.875000000000000000e+00 7.107006163288969169e-01 -1.549738329952245475e-01
3.500000000000000000e+00 9.871246442529534315e-01 -1.999324130004106748e-01
4.125000000000000000e+00 1.335986418715836122e+00 -2.558752769706666985e-01
4.750000000000000000e+00 1.712870320954282821e+00 -3.163112625669654565e-01
5.375000000000000000e+00 2.036229037013902232e+00 -3.689692873921926464e-01
6.000000000000000000e+00 2.240787347164454157e+00 -4.039217639167560492e-01
