# theta (arcmin), kSZ, tSZ (muK*sqarcmin) 
#  projections using mopc_hankel: lrange [170,1.4e6], z=0.54 
1.000000000000000000e+00 2.114250619972250222e-01 -1.418081810490669920e-02
1.625000000000000000e+00 5.722297110120927455e-01 -3.825773668977240638e-02
2.250000000000000000e+00 8.837754492291397534e-01 -5.438733535684051046e-02
2.875000000000000000e+00 1.241372300275889629e+00 -7.330246041332671991e-02
3.500000000000000000e+00 1.682336844078025528e+00 -1.086178990020575524e-01
4.125000000000000000e+00 2.220316817078523908e+00 -1.648560883346350259e-01
4.750000000000000000e+00 2.794104651036946940e+00 -2.307229029382071583e-01
5.375000000000000000e+00 3.284977270296315588e+00 -2.886064644324109474e-01
6.000000000000000000e+00 3.595649307158834240e+00 -3.265788242119326279e-01
