# theta (arcmin), kSZ, tSZ (muK*sqarcmin) 
#  projections using mopc_hankel: lrange [170,1.4e6], z=0.54 
1.000000000000000000e+00 1.080195023896996231e-01 -1.642995747095377448e-02
1.625000000000000000e+00 3.361460233109663798e-01 -5.073255953649485894e-02
2.250000000000000000e+00 5.733634058558305657e-01 -8.356485689933594585e-02
2.875000000000000000e+00 8.633112309106023563e-01 -1.179467363849896200e-01
3.500000000000000000e+00 1.197897627383258889e+00 -1.564845862917408348e-01
4.125000000000000000e+00 1.584113612874906929e+00 -2.009500365551589729e-01
4.750000000000000000e+00 1.985189964751490344e+00 -2.476149805659261793e-01
5.375000000000000000e+00 2.328764409207891184e+00 -2.881180630093187478e-01
6.000000000000000000e+00 2.545062250427216011e+00 -3.149936547191373171e-01
