# theta (arcmin), kSZ, tSZ (muK*sqarcmin) 
#  projections using mopc_hankel: lrange [170,1.4e6], z=0.54 
1.000000000000000000e+00 1.327848224246703235e-01 -3.933069868612734665e-02
1.625000000000000000e+00 3.756758111177925241e-01 -9.985303395902250800e-02
2.250000000000000000e+00 5.624993430092640745e-01 -1.407506694576534934e-01
2.875000000000000000e+00 7.709763819605457424e-01 -1.943441199651460005e-01
3.500000000000000000e+00 9.875763337532537101e-01 -2.584563701762612742e-01
4.125000000000000000e+00 1.226811667529066563e+00 -3.341233216358421299e-01
4.750000000000000000e+00 1.465503187290489562e+00 -4.127754516864786116e-01
5.375000000000000000e+00 1.673678169592847986e+00 -4.821293923547247395e-01
6.000000000000000000e+00 1.801805038656370872e+00 -5.274136993920190974e-01
