# theta (arcmin), kSZ, tSZ (muK*sqarcmin) 
#  projections using mopc_hankel: lrange [170,1.4e6], z=0.54 
1.000000000000000000e+00 1.266149712966521124e-01 -3.738146267629935404e-02
1.625000000000000000e+00 3.619826530932363506e-01 -9.689288145911399697e-02
2.250000000000000000e+00 5.536372424929221214e-01 -1.333284237521115689e-01
2.875000000000000000e+00 7.609380207979464794e-01 -1.664549395639483564e-01
3.500000000000000000e+00 9.774189501705574656e-01 -2.059918288818722854e-01
4.125000000000000000e+00 1.217142298097130482e+00 -2.567229249082597642e-01
4.750000000000000000e+00 1.458355906657633705e+00 -3.116178954937698919e-01
5.375000000000000000e+00 1.667322075637493350e+00 -3.601513968849418545e-01
6.000000000000000000e+00 1.796887282714194400e+00 -3.921033734171667229e-01
