# theta (arcmin), kSZ, tSZ (muK*sqarcmin) 
#  projections using mopc_hankel: lrange [170,1.4e6], z=0.54 
1.000000000000000000e+00 3.124766391204805149e-01 -5.041802755484266207e-02
1.625000000000000000e+00 9.627754927722979028e-01 -1.520185287979921862e-01
2.250000000000000000e+00 1.658301903761182805e+00 -2.400273252075608710e-01
2.875000000000000000e+00 2.416335001967514717e+00 -3.134448899354814189e-01
3.500000000000000000e+00 3.283414847122177349e+00 -3.857590734420813239e-01
4.125000000000000000e+00 4.268398384442904536e+00 -4.617817598837252735e-01
4.750000000000000000e+00 5.296932597786858210e+00 -5.391628084085721140e-01
5.375000000000000000e+00 6.165807940819583166e+00 -6.055267253154250628e-01
6.000000000000000000e+00 6.719994594868836657e+00 -6.505084027517296086e-01
