# theta (arcmin), kSZ, tSZ (muK*sqarcmin) 
#  projections using mopc_hankel: lrange [170,1.4e6], z=0.54 
1.000000000000000000e+00 6.715877240790783798e-02 -1.582717239633800455e-02
1.625000000000000000e+00 2.065648960755434027e-01 -4.670528391831053200e-02
2.250000000000000000e+00 3.360668964265547398e-01 -7.265342274434689884e-02
2.875000000000000000e+00 5.002103318108723773e-01 -1.133931043722522375e-01
3.500000000000000000e+00 6.765905708815310726e-01 -1.719311342148043542e-01
4.125000000000000000e+00 8.743050864941648292e-01 -2.524005388536836869e-01
4.750000000000000000e+00 1.073395134097314241e+00 -3.413206429556633892e-01
5.375000000000000000e+00 1.246942087320612513e+00 -4.199954064653195762e-01
6.000000000000000000e+00 1.354003569939933316e+00 -4.710276201838974885e-01
