# theta (arcmin), kSZ, tSZ (muK*sqarcmin) 
#  projections using mopc_hankel: lrange [170,1.4e6], z=0.54 
1.000000000000000000e+00 1.505135940295456165e-01 -1.942652743884146910e-02
1.625000000000000000e+00 4.671443319506038971e-01 -6.360524268907065404e-02
2.250000000000000000e+00 7.770907224810855718e-01 -1.170323564252566118e-01
2.875000000000000000e+00 1.156681555128996175e+00 -2.414348863163926773e-01
3.500000000000000000e+00 1.553098794274998307e+00 -3.941617103410248735e-01
4.125000000000000000e+00 1.978852910464830694e+00 -5.734600049244695796e-01
4.750000000000000000e+00 2.401147958340981603e+00 -7.569827950599721245e-01
5.375000000000000000e+00 2.766214607245606416e+00 -9.203765493597789726e-01
6.000000000000000000e+00 2.992475290242268215e+00 -1.024790744146489629e+00
