# theta (arcmin), kSZ, tSZ (muK*sqarcmin) 
#  projections using mopc_hankel: lrange [170,1.4e6], z=0.54 
1.000000000000000000e+00 2.348930787709332391e-01 -1.872317172018923490e-02
1.625000000000000000e+00 6.136974628201062876e-01 -4.491716869064038553e-02
2.250000000000000000e+00 9.353514330663521559e-01 -5.986981253646044693e-02
2.875000000000000000e+00 1.295975620785202231e+00 -7.196565381652877957e-02
3.500000000000000000e+00 1.768953713644020764e+00 -8.611278268709345041e-02
4.125000000000000000e+00 2.362895811615377983e+00 -1.030681053663164565e-01
4.750000000000000000e+00 3.007831195800008572e+00 -1.212409731978620203e-01
5.375000000000000000e+00 3.556288156698424352e+00 -1.369684338228167042e-01
6.000000000000000000e+00 3.906183359573965230e+00 -1.475982617327848412e-01
