# theta (arcmin), kSZ, tSZ (muK*sqarcmin) 
#  projections using mopc_hankel: lrange [170,1.4e6], z=0.54 
1.000000000000000000e+00 7.420564298439596973e-02 -1.702721087894638885e-02
1.625000000000000000e+00 2.199546571840930442e-01 -5.447009898705459235e-02
2.250000000000000000e+00 3.589308478340910158e-01 -9.923232812463796126e-02
2.875000000000000000e+00 5.506521215347167653e-01 -1.851166774489717837e-01
3.500000000000000000e+00 7.630085200059490980e-01 -2.938893170126070653e-01
4.125000000000000000e+00 1.002439624223461223e+00 -4.256163942736744810e-01
4.750000000000000000e+00 1.244418690837392649e+00 -5.637550881988809826e-01
5.375000000000000000e+00 1.455001987110780659e+00 -6.856879618959204059e-01
6.000000000000000000e+00 1.585178766883476698e+00 -7.644732145553075897e-01
