# theta (arcmin), kSZ, tSZ (muK*sqarcmin) 
#  projections using mopc_hankel: lrange [170,1.4e6], z=0.54 
1.000000000000000000e+00 7.072573187019233487e-02 -1.219526519435009879e-02
1.625000000000000000e+00 2.085189803482840887e-01 -3.708288534619484655e-02
2.250000000000000000e+00 3.329260395412046436e-01 -6.026971938617046998e-02
2.875000000000000000e+00 4.902631743635793571e-01 -1.005266566376374765e-01
3.500000000000000000e+00 6.532136701626638509e-01 -1.574145123209397812e-01
4.125000000000000000e+00 8.292427366553026813e-01 -2.337570776915403048e-01
4.750000000000000000e+00 1.002826500297240297e+00 -3.173194436160976517e-01
5.375000000000000000e+00 1.154303114711054068e+00 -3.912076741470256747e-01
6.000000000000000000e+00 1.247326013057224570e+00 -4.390715498162533481e-01
