# theta (arcmin), kSZ, tSZ (muK*sqarcmin) 
#  projections using mopc_hankel: lrange [170,1.4e6], z=0.54 
1.000000000000000000e+00 1.467846066016834095e-01 -5.811804008828368867e-02
1.625000000000000000e+00 4.257362413710419347e-01 -1.493330697803570140e-01
2.250000000000000000e+00 6.408741537934004029e-01 -1.849624112734015169e-01
2.875000000000000000e+00 8.612233691434595384e-01 -2.178864466713471282e-01
3.500000000000000000e+00 1.080512655361155039e+00 -2.571393063243557209e-01
4.125000000000000000e+00 1.318890188621206994e+00 -3.173142189728054285e-01
4.750000000000000000e+00 1.554896748410904861e+00 -3.829032923759587148e-01
5.375000000000000000e+00 1.760824403524238635e+00 -4.446292771877797256e-01
6.000000000000000000e+00 1.887349205649132555e+00 -4.832320142624803583e-01
