# theta (arcmin), kSZ, tSZ (muK*sqarcmin) 
#  projections using mopc_hankel: lrange [170,1.4e6], z=0.54 
1.000000000000000000e+00 1.062773476112254672e-01 -2.319092900956327280e-02
1.625000000000000000e+00 3.451927077396723664e-01 -8.528901083226395063e-02
2.250000000000000000e+00 6.559454985185778630e-01 -1.676738781251615185e-01
2.875000000000000000e+00 1.093668044035333020e+00 -2.681433501483185822e-01
3.500000000000000000e+00 1.659263223856798142e+00 -3.811950917257039828e-01
4.125000000000000000e+00 2.351389336898238813e+00 -5.069328073041533544e-01
4.750000000000000000e+00 3.092304790176670704e+00 -6.370630420692352525e-01
5.375000000000000000e+00 3.724813236569458397e+00 -7.492445438349716325e-01
6.000000000000000000e+00 4.126189846748997248e+00 -8.236646297255785232e-01
