# theta (arcmin), kSZ, tSZ (muK*sqarcmin) 
#  projections using mopc_hankel: lrange [170,1.4e6], z=0.54 
1.000000000000000000e+00 1.584541785771357292e-01 -2.667890185367431666e-02
1.625000000000000000e+00 4.513398679213889708e-01 -7.764259212005227007e-02
2.250000000000000000e+00 7.371531296221207619e-01 -1.242878411188714088e-01
2.875000000000000000e+00 1.078228413145334574e+00 -1.715330994850842172e-01
3.500000000000000000e+00 1.481899770506855285e+00 -2.208535648923440342e-01
4.125000000000000000e+00 1.948265268678610607e+00 -2.725217572435761348e-01
4.750000000000000000e+00 2.435547400498551784e+00 -3.246257798376807613e-01
5.375000000000000000e+00 2.849927356680855173e+00 -3.693692429825981005e-01
6.000000000000000000e+00 3.112699440172396859e+00 -3.994012642118942025e-01
