# theta (arcmin), kSZ, tSZ (muK*sqarcmin) 
#  projections using mopc_hankel: lrange [170,1.4e6], z=0.54 
1.000000000000000000e+00 9.017300338660683146e-02 -2.592637241553422470e-02
1.625000000000000000e+00 2.661528851209402635e-01 -7.626408675700120654e-02
2.250000000000000000e+00 4.293381424578746608e-01 -1.441451205735960472e-01
2.875000000000000000e+00 6.308970261923930734e-01 -2.578222284101217010e-01
3.500000000000000000e+00 8.407731984216805232e-01 -3.887927015985405133e-01
4.125000000000000000e+00 1.062667329924180448e+00 -5.284765836653290139e-01
4.750000000000000000e+00 1.280897153188888860e+00 -6.684036495586553883e-01
5.375000000000000000e+00 1.469268715871212772e+00 -7.895675126062299265e-01
6.000000000000000000e+00 1.585985488084641348e+00 -8.690914369848282695e-01
