# theta (arcmin), kSZ, tSZ (muK*sqarcmin) 
#  projections using mopc_hankel: lrange [170,1.4e6], z=0.54 
1.000000000000000000e+00 1.015351384272746849e-01 -1.363130297312336280e-02
1.625000000000000000e+00 2.832980021338197263e-01 -4.040939331362156800e-02
2.250000000000000000e+00 4.409455562375981241e-01 -6.412202131121302884e-02
2.875000000000000000e+00 6.468993170973723617e-01 -1.103875984406865879e-01
3.500000000000000000e+00 8.761885516605100177e-01 -1.855762265471282702e-01
4.125000000000000000e+00 1.137586500170640003e+00 -2.948561096983418617e-01
4.750000000000000000e+00 1.403423405086455356e+00 -4.180747029175376772e-01
5.375000000000000000e+00 1.634560972833352555e+00 -5.269754188891068170e-01
6.000000000000000000e+00 1.777694518768448306e+00 -5.975947271500779978e-01
