# theta (arcmin), kSZ, tSZ (muK*sqarcmin) 
#  projections using mopc_hankel: lrange [170,1.4e6], z=0.54 
1.000000000000000000e+00 7.708878377588281039e-02 -1.402055344232339650e-02
1.625000000000000000e+00 2.372997413396070177e-01 -5.417324458251553121e-02
2.250000000000000000e+00 4.030554519978277184e-01 -1.172055845966732263e-01
2.875000000000000000e+00 6.423016692467979905e-01 -2.304964573547756967e-01
3.500000000000000000e+00 9.070038832064943879e-01 -3.520417945838732465e-01
4.125000000000000000e+00 1.201967994659346006e+00 -4.753837429746802790e-01
4.750000000000000000e+00 1.498536550972018988e+00 -5.940289170337048619e-01
5.375000000000000000e+00 1.756351428192180819e+00 -6.981180950316043798e-01
6.000000000000000000e+00 1.915742179857852001e+00 -7.653457916275894224e-01
