# theta (arcmin), kSZ, tSZ (muK*sqarcmin) 
#  projections using mopc_hankel: lrange [170,1.4e6], z=0.54 
1.000000000000000000e+00 1.035241559151865304e-01 -8.681339564368310488e-03
1.625000000000000000e+00 3.155943529736816022e-01 -2.448262599679403365e-02
2.250000000000000000e+00 5.328379381315451191e-01 -3.918636594775454923e-02
2.875000000000000000e+00 8.076070264219652461e-01 -6.490684628585928484e-02
3.500000000000000000e+00 1.110137281306830870e+00 -1.039019290740297863e-01
4.125000000000000000e+00 1.443283798552913888e+00 -1.572950844932501646e-01
4.750000000000000000e+00 1.780223595727088881e+00 -2.165726087483356155e-01
5.375000000000000000e+00 2.069406464454941919e+00 -2.685929383647791546e-01
6.000000000000000000e+00 2.250360907085128481e+00 -3.025373424236970088e-01
