# theta (arcmin), kSZ, tSZ (muK*sqarcmin) 
#  projections using mopc_hankel: lrange [170,1.4e6], z=0.54 
1.000000000000000000e+00 2.967974872293018263e-01 -6.075403147865913317e-02
1.625000000000000000e+00 8.732295757582339002e-01 -1.758779107893202742e-01
2.250000000000000000e+00 1.424438759743339222e+00 -2.604010841674485044e-01
2.875000000000000000e+00 1.993135042672723456e+00 -3.164933487371300869e-01
3.500000000000000000e+00 2.638971635320137121e+00 -3.699437104334723503e-01
4.125000000000000000e+00 3.382590332758509621e+00 -4.308726088867405046e-01
4.750000000000000000e+00 4.161852462792077212e+00 -4.953219516650033127e-01
5.375000000000000000e+00 4.822502746732385326e+00 -5.512160310645120020e-01
6.000000000000000000e+00 5.242781306635755811e+00 -5.892230445023872720e-01
