# theta (arcmin), kSZ, tSZ (muK*sqarcmin) 
#  projections using mopc_hankel: lrange [170,1.4e6], z=0.54 
1.000000000000000000e+00 2.182506285368595311e-01 -1.074374897356339224e-02
1.625000000000000000e+00 5.506594997716962592e-01 -2.878899746339232818e-02
2.250000000000000000e+00 8.514818327911446438e-01 -4.494264054232676581e-02
2.875000000000000000e+00 1.227069364113562822e+00 -6.254166415903844589e-02
3.500000000000000000e+00 1.738916145856167050e+00 -8.371486365500627191e-02
4.125000000000000000e+00 2.388492753821211512e+00 -1.086315576375380537e-01
4.750000000000000000e+00 3.096650912246674991e+00 -1.351696052339385334e-01
5.375000000000000000e+00 3.699088685842351065e+00 -1.580163718880905621e-01
6.000000000000000000e+00 4.083564607739544883e+00 -1.732874457924724887e-01
