# theta (arcmin), kSZ, tSZ (muK*sqarcmin) 
#  projections using mopc_hankel: lrange [170,1.4e6], z=0.54 
1.000000000000000000e+00 1.416749350610207736e-01 -1.217686138495193207e-02
1.625000000000000000e+00 3.731631494839115493e-01 -3.124670462341776894e-02
2.250000000000000000e+00 5.949688289208512337e-01 -4.468351884284697123e-02
2.875000000000000000e+00 8.816176993283917351e-01 -5.781823509391977728e-02
3.500000000000000000e+00 1.287063978755259575e+00 -7.523839096653774094e-02
4.125000000000000000e+00 1.814220447479524712e+00 -9.772199376669998827e-02
4.750000000000000000e+00 2.393979662479893911e+00 -1.225122232062368088e-01
5.375000000000000000e+00 2.888086221177111668e+00 -1.439897175721097933e-01
6.000000000000000000e+00 3.203358898837772806e+00 -1.583213015389953737e-01
