# theta (arcmin), kSZ, tSZ (muK*sqarcmin) 
#  projections using mopc_hankel: lrange [170,1.4e6], z=0.54 
1.000000000000000000e+00 2.078757680687294829e-01 -1.913044911668198775e-02
1.625000000000000000e+00 5.968058502468006621e-01 -5.134297668658788921e-02
2.250000000000000000e+00 9.693469785591632970e-01 -7.152768739935137787e-02
2.875000000000000000e+00 1.382513323745415246e+00 -8.489519864669418936e-02
3.500000000000000000e+00 1.908310272052501588e+00 -9.955510757390026444e-02
4.125000000000000000e+00 2.560294265948018122e+00 -1.178316735715512209e-01
4.750000000000000000e+00 3.265164995458504027e+00 -1.377797492125059087e-01
5.375000000000000000e+00 3.864520450807690910e+00 -1.551410827897828915e-01
6.000000000000000000e+00 4.246706419446051761e+00 -1.668774528829162773e-01
