# theta (arcmin), kSZ, tSZ (muK*sqarcmin) 
#  projections using mopc_hankel: lrange [170,1.4e6], z=0.54 
1.000000000000000000e+00 6.605590104345107627e-02 -1.051710829514969879e-02
1.625000000000000000e+00 1.903691583667461995e-01 -3.080235535679031258e-02
2.250000000000000000e+00 2.985141478339408683e-01 -5.779162102413083063e-02
2.875000000000000000e+00 4.415530283832717617e-01 -1.114825502043730182e-01
3.500000000000000000e+00 5.944361378532708740e-01 -1.818817319359936346e-01
4.125000000000000000e+00 7.635682055796128020e-01 -2.665249142802683102e-01
4.750000000000000000e+00 9.321000351884507484e-01 -3.557273964253582221e-01
5.375000000000000000e+00 1.079418455717489067e+00 -4.336779626457754611e-01
6.000000000000000000e+00 1.169911695833377063e+00 -4.844754427174953193e-01
