# theta (arcmin), kSZ, tSZ (muK*sqarcmin) 
#  projections using mopc_hankel: lrange [170,1.4e6], z=0.54 
1.000000000000000000e+00 6.836713209383744883e-02 -1.476767329735843501e-02
1.625000000000000000e+00 1.966013080919179201e-01 -4.534990383869633851e-02
2.250000000000000000e+00 3.083122720975481346e-01 -8.006703728717221025e-02
2.875000000000000000e+00 4.576603594396654318e-01 -1.380581682964328316e-01
3.500000000000000000e+00 6.185988419866764731e-01 -2.114687686416743817e-01
4.125000000000000000e+00 7.980531967800049697e-01 -3.001036352886634617e-01
4.750000000000000000e+00 9.775343528834004037e-01 -3.935799332207419177e-01
5.375000000000000000e+00 1.134498877044296306e+00 -4.755475484606037084e-01
6.000000000000000000e+00 1.230939590408498985e+00 -5.289277963459235732e-01
