# theta (arcmin), kSZ, tSZ (muK*sqarcmin) 
#  projections using mopc_hankel: lrange [170,1.4e6], z=0.54 
1.000000000000000000e+00 1.026781586174092403e-01 -3.277363101197564715e-02
1.625000000000000000e+00 2.985088473821422284e-01 -8.226664258674383501e-02
2.250000000000000000e+00 4.670875991982756381e-01 -1.126483957567865901e-01
2.875000000000000000e+00 6.525363074534310526e-01 -1.421285026306454702e-01
3.500000000000000000e+00 8.561682021539689380e-01 -1.768851167684372949e-01
4.125000000000000000e+00 1.087974603982386990e+00 -2.191584410691058415e-01
4.750000000000000000e+00 1.325939637710554786e+00 -2.640919103842894189e-01
5.375000000000000000e+00 1.530776153435872144e+00 -3.035268385003015990e-01
6.000000000000000000e+00 1.658924420485290874e+00 -3.296296519192659646e-01
