# theta (arcmin), kSZ, tSZ (muK*sqarcmin) 
#  projections using mopc_hankel: lrange [170,1.4e6], z=0.54 
1.000000000000000000e+00 8.263953600409895683e-02 -2.471314791813163103e-02
1.625000000000000000e+00 2.487941205858152371e-01 -7.111392264346741432e-02
2.250000000000000000e+00 3.944053035070126945e-01 -1.142505548703731943e-01
2.875000000000000000e+00 5.616440326617612167e-01 -1.714872483364477673e-01
3.500000000000000000e+00 7.263250815810436967e-01 -2.350235387286607192e-01
4.125000000000000000e+00 8.972979668917038243e-01 -3.051873082064900378e-01
4.750000000000000000e+00 1.062596059498151835e+00 -3.762331538783080243e-01
5.375000000000000000e+00 1.206501883429170752e+00 -4.385355912255529121e-01
6.000000000000000000e+00 1.294742667570635941e+00 -4.792603855507398536e-01
