# theta (arcmin), kSZ, tSZ (muK*sqarcmin) 
#  projections using mopc_hankel: lrange [170,1.4e6], z=0.54 
1.000000000000000000e+00 9.275822965307117807e-02 -1.852291745185504976e-02
1.625000000000000000e+00 2.712018503450909779e-01 -5.062588596344629738e-02
2.250000000000000000e+00 4.358171948396729056e-01 -7.488248507279814115e-02
2.875000000000000000e+00 6.390831635774081310e-01 -1.003984191334507114e-01
3.500000000000000000e+00 8.676675755872198526e-01 -1.281798770448089597e-01
4.125000000000000000e+00 1.128602386058330520e+00 -1.600377669320922069e-01
4.750000000000000000e+00 1.396191954991530260e+00 -1.929360974118196903e-01
5.375000000000000000e+00 1.627021756901259497e+00 -2.218865222868418308e-01
6.000000000000000000e+00 1.771150924234366597e+00 -2.409180575089569232e-01
