# theta (arcmin), kSZ, tSZ (muK*sqarcmin) 
#  projections using mopc_hankel: lrange [170,1.4e6], z=0.54 
1.000000000000000000e+00 5.135112832925733256e-02 -1.270687146404323419e-02
1.625000000000000000e+00 1.611254243088457161e-01 -4.095882494831155213e-02
2.250000000000000000e+00 2.609476951049471971e-01 -5.121195471495704893e-02
2.875000000000000000e+00 4.083022655427412384e-01 -8.818408442940760261e-02
3.500000000000000000e+00 5.694762639606477661e-01 -1.414736408036325610e-01
4.125000000000000000e+00 7.553521924871225979e-01 -2.236853616711411974e-01
4.750000000000000000e+00 9.424962153126730247e-01 -3.137550244758416929e-01
5.375000000000000000e+00 1.108035561364910659e+00 -3.975940513829710476e-01
6.000000000000000000e+00 1.208771130060743770e+00 -4.493614886321154467e-01
