# theta (arcmin), kSZ, tSZ (muK*sqarcmin) 
#  projections using mopc_hankel: lrange [170,1.4e6], z=0.54 
1.000000000000000000e+00 4.269341292197664089e-02 -1.352627258803993163e-02
1.625000000000000000e+00 1.300139403867600074e-01 -4.553384027381039700e-02
2.250000000000000000e+00 2.051320356418905866e-01 -6.422381513404123998e-02
2.875000000000000000e+00 3.271345399022584921e-01 -1.219981046443645439e-01
3.500000000000000000e+00 4.746242561851327091e-01 -2.127297524205232770e-01
4.125000000000000000e+00 6.594935557550904992e-01 -3.498837649957116103e-01
4.750000000000000000e+00 8.528032960542814012e-01 -5.026932488252925380e-01
5.375000000000000000e+00 1.023911617460592005e+00 -6.413161396576749773e-01
6.000000000000000000e+00 1.128624426017604820e+00 -7.288840575075076211e-01
