# theta (arcmin), kSZ, tSZ (muK*sqarcmin) 
#  projections using mopc_hankel: lrange [170,1.4e6], z=0.54 
1.000000000000000000e+00 6.547187971724172106e-02 -1.790166205166333208e-02
1.625000000000000000e+00 1.895399161877498184e-01 -4.986860406472078122e-02
2.250000000000000000e+00 2.934684538616057492e-01 -6.059458088992860508e-02
2.875000000000000000e+00 4.354785882112139905e-01 -1.325168340850572113e-01
3.500000000000000000e+00 5.989112639471805277e-01 -2.851931220005635148e-01
4.125000000000000000e+00 7.951307532391512778e-01 -5.381327979637373637e-01
4.750000000000000000e+00 9.979433212746138260e-01 -8.316619550298256502e-01
5.375000000000000000e+00 1.175948180486819705e+00 -1.094232588080128243e+00
6.000000000000000000e+00 1.285470548917878375e+00 -1.262382400577267694e+00
