# theta (arcmin), kSZ, tSZ (muK*sqarcmin) 
#  projections using mopc_hankel: lrange [170,1.4e6], z=0.54 
1.000000000000000000e+00 5.540947586729316754e-02 -1.248991997587556649e-02
1.625000000000000000e+00 1.677099627328404730e-01 -4.092422686169826240e-02
2.250000000000000000e+00 2.704835390275408535e-01 -6.828936943631096212e-02
2.875000000000000000e+00 4.123371444388627682e-01 -1.175218865255317630e-01
3.500000000000000000e+00 5.658022534367239675e-01 -1.801126495242512116e-01
4.125000000000000000e+00 7.387446529471551893e-01 -2.596067609999443970e-01
4.750000000000000000e+00 9.121709751301211311e-01 -3.439240085690558058e-01
5.375000000000000000e+00 1.064288491674112436e+00 -4.191709278017580753e-01
6.000000000000000000e+00 1.157468585736230571e+00 -4.673775567912477613e-01
