# theta (arcmin), kSZ, tSZ (muK*sqarcmin) 
#  projections using mopc_hankel: lrange [170,1.4e6], z=0.54 
1.000000000000000000e+00 1.387150894585562066e-01 -3.251255397759311022e-02
1.625000000000000000e+00 4.116621617827795343e-01 -8.897957667221009781e-02
2.250000000000000000e+00 6.796397122894509701e-01 -1.319721223384731079e-01
2.875000000000000000e+00 9.813920092239641901e-01 -1.716670979735879787e-01
3.500000000000000000e+00 1.331175762743060487e+00 -2.158070305175857351e-01
4.125000000000000000e+00 1.736121170519827395e+00 -2.671943977193660391e-01
4.750000000000000000e+00 2.159583508693688092e+00 -3.213719711919154065e-01
5.375000000000000000e+00 2.519907507322118878e+00 -3.684105439543278737e-01
6.000000000000000000e+00 2.748094667200863928e+00 -3.997924286904885327e-01
