# theta (arcmin), kSZ, tSZ (muK*sqarcmin) 
#  projections using mopc_hankel: lrange [170,1.4e6], z=0.54 
1.000000000000000000e+00 7.496780742412444132e-02 -1.598003002584921783e-02
1.625000000000000000e+00 2.296015578426988668e-01 -5.084154716618280445e-02
2.250000000000000000e+00 3.711247714715085189e-01 -8.786746688908229908e-02
2.875000000000000000e+00 5.578943490385352977e-01 -1.546218163009368263e-01
3.500000000000000000e+00 7.545015250705067178e-01 -2.333549135051298518e-01
4.125000000000000000e+00 9.712646691496227280e-01 -3.245379824328760154e-01
4.750000000000000000e+00 1.186412995926083846e+00 -4.176591038812543788e-01
5.375000000000000000e+00 1.374947572727955869e+00 -5.003296401243249036e-01
6.000000000000000000e+00 1.490326889947995115e+00 -5.534091146750506063e-01
