# theta (arcmin), kSZ, tSZ (muK*sqarcmin) 
#  projections using mopc_hankel: lrange [170,1.4e6], z=0.54 
1.000000000000000000e+00 7.734006162951298502e-02 -1.490349884851981978e-02
1.625000000000000000e+00 2.255277806980543753e-01 -5.049034760566853408e-02
2.250000000000000000e+00 3.760567965585307482e-01 -9.261287270825308005e-02
2.875000000000000000e+00 5.847297525414617558e-01 -1.650079047727618653e-01
3.500000000000000000e+00 8.669849203215523881e-01 -2.733684582707930910e-01
4.125000000000000000e+00 1.232124436699268522e+00 -4.218975923143509221e-01
4.750000000000000000e+00 1.629207782223791812e+00 -5.870148482000776546e-01
5.375000000000000000e+00 1.971015445948753664e+00 -7.317767351273289922e-01
6.000000000000000000e+00 2.186650600209506301e+00 -8.261645161443506025e-01
