# theta (arcmin), kSZ, tSZ (muK*sqarcmin) 
#  projections using mopc_hankel: lrange [170,1.4e6], z=0.54 
1.000000000000000000e+00 6.077735606904997173e-02 -2.141300812826020875e-02
1.625000000000000000e+00 1.952291204722124973e-01 -7.105873609913106181e-02
2.250000000000000000e+00 3.308867153853455312e-01 -1.139518889482327296e-01
2.875000000000000000e+00 5.229686052835222920e-01 -1.893682486407439192e-01
3.500000000000000000e+00 7.325400634970579139e-01 -2.747263280491835657e-01
4.125000000000000000e+00 9.675805864776424459e-01 -3.772446909730332032e-01
4.750000000000000000e+00 1.203558662554268910e+00 -4.816847295423995479e-01
5.375000000000000000e+00 1.409753101330545544e+00 -5.765696091621972386e-01
6.000000000000000000e+00 1.536510259977315496e+00 -6.363461956108718010e-01
