# theta (arcmin), kSZ, tSZ (muK*sqarcmin) 
#  projections using mopc_hankel: lrange [170,1.4e6], z=0.54 
1.000000000000000000e+00 1.145623817787971288e-01 -8.346898811211698674e-03
1.625000000000000000e+00 3.205214087210458973e-01 -2.414183180295575645e-02
2.250000000000000000e+00 5.158292188273083667e-01 -4.784395087544460884e-02
2.875000000000000000e+00 7.691167672452872139e-01 -9.004332248204485745e-02
3.500000000000000000e+00 1.065767937936123788e+00 -1.430363808906565948e-01
4.125000000000000000e+00 1.407812505536289560e+00 -2.031465749484344108e-01
4.750000000000000000e+00 1.761708852998394192e+00 -2.654780662158445770e-01
5.375000000000000000e+00 2.065227046695331747e+00 -3.192359573498945724e-01
6.000000000000000000e+00 2.255784762307763813e+00 -3.546357855239864465e-01
