# theta (arcmin), kSZ, tSZ (muK*sqarcmin) 
#  projections using mopc_hankel: lrange [170,1.4e6], z=0.54 
1.000000000000000000e+00 7.075436031798279513e-02 -1.710497225998459589e-02
1.625000000000000000e+00 2.054176156650652230e-01 -5.489917980402347214e-02
2.250000000000000000e+00 3.351317781647587535e-01 -1.089887339574792946e-01
2.875000000000000000e+00 5.237320314611678684e-01 -2.392877751547934362e-01
3.500000000000000000e+00 7.379708683143966219e-01 -4.176886129993030994e-01
4.125000000000000000e+00 9.816663082708223520e-01 -6.413227951591509157e-01
4.750000000000000000e+00 1.229132711249807386e+00 -8.794420584920139561e-01
5.375000000000000000e+00 1.444131484981052482e+00 -1.089098924990987927e+00
6.000000000000000000e+00 1.577201915965172674e+00 -1.224551217754591415e+00
