# theta (arcmin), kSZ, tSZ (muK*sqarcmin) 
#  projections using mopc_hankel: lrange [170,1.4e6], z=0.54 
1.000000000000000000e+00 4.328115200333501611e-02 -1.730095084530059238e-02
1.625000000000000000e+00 1.305420133231746382e-01 -6.927961388550517297e-02
2.250000000000000000e+00 2.246991665293759100e-01 -1.372898065831227032e-01
2.875000000000000000e+00 3.673149727231940775e-01 -2.758198167410362833e-01
3.500000000000000000e+00 5.606566873295147913e-01 -4.913975753773319188e-01
4.125000000000000000e+00 8.101591232159255362e-01 -7.948911136405455435e-01
4.750000000000000000e+00 1.080459470184197635e+00 -1.133935765857253308e+00
5.375000000000000000e+00 1.313783282264023189e+00 -1.432626242098166802e+00
6.000000000000000000e+00 1.460539271303205933e+00 -1.626317139538141721e+00
