# theta (arcmin), kSZ, tSZ (muK*sqarcmin) 
#  projections using mopc_hankel: lrange [170,1.4e6], z=0.54 
1.000000000000000000e+00 3.819428870399816517e-02 -1.030155214223432356e-02
1.625000000000000000e+00 1.202286485063563809e-01 -3.715487903361505001e-02
2.250000000000000000e+00 1.954977834203826537e-01 -6.207224725723182318e-02
2.875000000000000000e+00 3.057876617041027645e-01 -1.101867310359479768e-01
3.500000000000000000e+00 4.209544285797761076e-01 -1.624959615486336884e-01
4.125000000000000000e+00 5.483809727760288188e-01 -2.232311610832524995e-01
4.750000000000000000e+00 6.736445444241325742e-01 -2.836432110040881804e-01
5.375000000000000000e+00 7.847886743841556711e-01 -3.389723323002383770e-01
6.000000000000000000e+00 8.519694595824044425e-01 -3.734784571001026343e-01
