# theta (arcmin), kSZ, tSZ (muK*sqarcmin) 
#  projections using mopc_hankel: lrange [170,1.4e6], z=0.54 
1.000000000000000000e+00 4.650312874163408522e-02 -1.199209743761105174e-02
1.625000000000000000e+00 1.444733832451111089e-01 -4.631360352158919030e-02
2.250000000000000000e+00 2.392130685916294963e-01 -8.463016252972292708e-02
2.875000000000000000e+00 3.814202928122832348e-01 -1.679971002676060865e-01
3.500000000000000000e+00 5.363415346511746229e-01 -2.726562077954480801e-01
4.125000000000000000e+00 7.101216991292890190e-01 -4.038959711396220009e-01
4.750000000000000000e+00 8.835956453300373159e-01 -5.414681922704769335e-01
5.375000000000000000e+00 1.036053889784648741e+00 -6.649388279179924144e-01
6.000000000000000000e+00 1.129215205693219648e+00 -7.433981827523016284e-01
