# theta (arcmin), kSZ, tSZ (muK*sqarcmin) 
#  projections using mopc_hankel: lrange [170,1.4e6], z=0.54 
1.000000000000000000e+00 5.581268378293664095e-02 -1.787428276571081595e-02
1.625000000000000000e+00 1.680815100165657106e-01 -5.211013891432635797e-02
2.250000000000000000e+00 2.585995341307959494e-01 -7.080849588159245089e-02
2.875000000000000000e+00 3.819723684780557127e-01 -1.182541569298571488e-01
3.500000000000000000e+00 5.167826715661267833e-01 -1.886970669577852366e-01
4.125000000000000000e+00 6.769414140450179529e-01 -2.917997621549265896e-01
4.750000000000000000e+00 8.398478935870371531e-01 -4.053391200009128781e-01
5.375000000000000000e+00 9.846683276194757584e-01 -5.084187502503848544e-01
6.000000000000000000e+00 1.072560814249981398e+00 -5.735469228659602070e-01
