# theta (arcmin), kSZ, tSZ (muK*sqarcmin) 
#  projections using mopc_hankel: lrange [170,1.4e6], z=0.54 
1.000000000000000000e+00 5.099683079928628293e-02 -2.269314748520310024e-02
1.625000000000000000e+00 1.547259959665889806e-01 -8.657126468229739413e-02
2.250000000000000000e+00 2.574516225416097481e-01 -1.516041152196918596e-01
2.875000000000000000e+00 4.045054553685573095e-01 -2.813255885523411881e-01
3.500000000000000000e+00 5.746545609273029376e-01 -4.508979867002624875e-01
4.125000000000000000e+00 7.745872863953739973e-01 -6.738231660503364306e-01
4.750000000000000000e+00 9.806324421824738069e-01 -9.124790689398629695e-01
5.375000000000000000e+00 1.160075053172873627e+00 -1.126587377463944328e+00
6.000000000000000000e+00 1.271186465335816251e+00 -1.263003719239786493e+00
