# theta (arcmin), kSZ, tSZ (muK*sqarcmin) 
#  projections using mopc_hankel: lrange [170,1.4e6], z=0.54 
1.000000000000000000e+00 9.699216448373253197e-02 -9.446825012104623567e-03
1.625000000000000000e+00 3.048439613983214835e-01 -3.562457968910090478e-02
2.250000000000000000e+00 5.644750114463299440e-01 -7.802672736297110168e-02
2.875000000000000000e+00 9.171369811384760817e-01 -1.467879595355397193e-01
3.500000000000000000e+00 1.406837512338621199e+00 -2.528730938254737937e-01
4.125000000000000000e+00 2.035902324537540942e+00 -3.969376217281314068e-01
4.750000000000000000e+00 2.724785511718042841e+00 -5.583499783467137378e-01
5.375000000000000000e+00 3.311491679782383013e+00 -6.981374994500193498e-01
6.000000000000000000e+00 3.685494400927886716e+00 -7.902802445580847657e-01
