# theta (arcmin), kSZ, tSZ (muK*sqarcmin) 
#  projections using mopc_hankel: lrange [170,1.4e6], z=0.54 
1.000000000000000000e+00 4.919069772813897123e-02 -1.245401734302445211e-02
1.625000000000000000e+00 1.505657707147612101e-01 -4.138252795545459967e-02
2.250000000000000000e+00 2.517946372710459513e-01 -7.080280278293391016e-02
2.875000000000000000e+00 3.951674837102197024e-01 -1.220731122821342163e-01
3.500000000000000000e+00 5.683720921872743581e-01 -1.898792239286163919e-01
4.125000000000000000e+00 7.778087343041193424e-01 -2.779333329510140227e-01
4.750000000000000000e+00 9.973156645833032297e-01 -3.727036634776719759e-01
5.375000000000000000e+00 1.187766722446940371e+00 -4.568140750503372760e-01
6.000000000000000000e+00 1.306401067355394963e+00 -5.110055839423467416e-01
