# theta (arcmin), kSZ, tSZ (muK*sqarcmin) 
#  projections using mopc_hankel: lrange [170,1.4e6], z=0.54 
1.000000000000000000e+00 6.224159503228057083e-02 -1.566157183869058139e-02
1.625000000000000000e+00 1.857511449968588524e-01 -4.765933115914399582e-02
2.250000000000000000e+00 2.971210562059121152e-01 -7.696229096334093744e-02
2.875000000000000000e+00 4.411059539457593548e-01 -1.202098498673264126e-01
3.500000000000000000e+00 5.913056514061760804e-01 -1.695589634180189875e-01
4.125000000000000000e+00 7.546187081854631717e-01 -2.270292075939060739e-01
4.750000000000000000e+00 9.158812078138749424e-01 -2.859359036588174363e-01
5.375000000000000000e+00 1.056815147582191639e+00 -3.383241339890207811e-01
6.000000000000000000e+00 1.143186181284823411e+00 -3.720514835583400570e-01
