# theta (arcmin), kSZ, tSZ (muK*sqarcmin) 
#  projections using mopc_hankel: lrange [170,1.4e6], z=0.54 
1.000000000000000000e+00 4.143007180857663507e-02 -1.594910883433134710e-02
1.625000000000000000e+00 1.310868024475020654e-01 -5.576210302421374942e-02
2.250000000000000000e+00 2.160128319564692811e-01 -9.379482597182381420e-02
2.875000000000000000e+00 3.447442728239872300e-01 -1.703345354481591578e-01
3.500000000000000000e+00 4.879679846702899004e-01 -2.650214794663741102e-01
4.125000000000000000e+00 6.539573842731122300e-01 -3.845981257813672061e-01
4.750000000000000000e+00 8.219015781262923870e-01 -5.099331407502020186e-01
5.375000000000000000e+00 9.700352344516987024e-01 -6.228881424944366918e-01
6.000000000000000000e+00 1.060477570554416937e+00 -6.945009018382131138e-01
