# theta (arcmin), kSZ, tSZ (muK*sqarcmin) 
#  projections using mopc_hankel: lrange [170,1.4e6], z=0.54 
1.000000000000000000e+00 6.966610644770396266e-02 -1.923452415255444414e-02
1.625000000000000000e+00 2.171083992445580757e-01 -6.568618169993746536e-02
2.250000000000000000e+00 3.920821503653356133e-01 -1.249587094832099871e-01
2.875000000000000000e+00 6.374092919718918893e-01 -2.158583701010182154e-01
3.500000000000000000e+00 9.821316331677590883e-01 -3.529568154173575723e-01
4.125000000000000000e+00 1.431517402326434985e+00 -5.393624390971847316e-01
4.750000000000000000e+00 1.924611339224710838e+00 -7.476228238063982179e-01
5.375000000000000000e+00 2.346435914844318127e+00 -9.287086416012876322e-01
6.000000000000000000e+00 2.614372463511709821e+00 -1.047756622566991425e+00
