# theta (arcmin), kSZ, tSZ (muK*sqarcmin) 
#  projections using mopc_hankel: lrange [170,1.4e6], z=0.54 
1.000000000000000000e+00 1.899017714266358348e-01 -1.953293442004112868e-02
1.625000000000000000e+00 5.286490043412618300e-01 -4.866696316952408979e-02
2.250000000000000000e+00 8.744894198575086097e-01 -6.900904288542494824e-02
2.875000000000000000e+00 1.305604483715506525e+00 -8.992793094445540591e-02
3.500000000000000000e+00 1.861160705051090103e+00 -1.153276868209512640e-01
4.125000000000000000e+00 2.537567983263482319e+00 -1.452458103219822216e-01
4.750000000000000000e+00 3.262999344695528325e+00 -1.770380623303091372e-01
5.375000000000000000e+00 3.878520105248020045e+00 -2.044447349855294527e-01
6.000000000000000000e+00 4.270853808569766485e+00 -2.227988185531954712e-01
