# theta (arcmin), kSZ, tSZ (muK*sqarcmin) 
#  projections using mopc_hankel: lrange [170,1.4e6], z=0.54 
1.000000000000000000e+00 4.885135962978469359e-02 -1.410874324664907788e-02
1.625000000000000000e+00 1.504168253752500850e-01 -4.821855122651785841e-02
2.250000000000000000e+00 2.444172273349874414e-01 -7.932281830476266282e-02
2.875000000000000000e+00 3.779510649395567135e-01 -1.483666338721144340e-01
3.500000000000000000e+00 5.244636983169719269e-01 -2.484513506099245150e-01
4.125000000000000000e+00 6.929420450751382354e-01 -3.878468915513590964e-01
4.750000000000000000e+00 8.631722656920006731e-01 -5.407869457941427704e-01
5.375000000000000000e+00 1.012961875350807617e+00 -6.775661282786914485e-01
6.000000000000000000e+00 1.104584036503493349e+00 -7.650378752294808571e-01
