# theta (arcmin), kSZ, tSZ (muK*sqarcmin) 
#  projections using mopc_hankel: lrange [170,1.4e6], z=0.54 
1.000000000000000000e+00 8.842437500063872469e-02 -2.243615427894331618e-02
1.625000000000000000e+00 2.669326473216482309e-01 -7.505660991573583074e-02
2.250000000000000000e+00 4.375578352837530272e-01 -1.226134199811854814e-01
2.875000000000000000e+00 6.495107647122695393e-01 -1.890273372019548870e-01
3.500000000000000000e+00 8.677495997761680568e-01 -2.629680740975999798e-01
4.125000000000000000e+00 1.100426628898142800e+00 -3.514525420085173879e-01
4.750000000000000000e+00 1.329403250881887821e+00 -4.425800128658439192e-01
5.375000000000000000e+00 1.528048627932938608e+00 -5.244988931509900754e-01
6.000000000000000000e+00 1.650502857517534672e+00 -5.767992289448131693e-01
