# theta (arcmin), kSZ, tSZ (muK*sqarcmin) 
#  projections using mopc_hankel: lrange [170,1.4e6], z=0.54 
1.000000000000000000e+00 8.428444875431403971e-02 -1.883120069637485641e-02
1.625000000000000000e+00 2.531027860447882527e-01 -5.514306301993962545e-02
2.250000000000000000e+00 4.124083238719210009e-01 -8.805598195817861129e-02
2.875000000000000000e+00 6.118304341777808242e-01 -1.358883010473898034e-01
3.500000000000000000e+00 8.159617894228886614e-01 -1.915976181524177702e-01
4.125000000000000000e+00 1.030897638577130904e+00 -2.568654010215657424e-01
4.750000000000000000e+00 1.240880188383937766e+00 -3.242618019435534737e-01
5.375000000000000000e+00 1.422999934572826142e+00 -3.838942397667082229e-01
6.000000000000000000e+00 1.535144839514632542e+00 -4.224855931303450607e-01
