# theta (arcmin), kSZ, tSZ (muK*sqarcmin) 
#  projections using mopc_hankel: lrange [170,1.4e6], z=0.54 
1.000000000000000000e+00 5.791180662538560758e-02 -1.827929432420742975e-02
1.625000000000000000e+00 1.795151444075732128e-01 -5.839396529358815979e-02
2.250000000000000000e+00 2.989493408954305154e-01 -1.007493210173619202e-01
2.875000000000000000e+00 4.543434401172018466e-01 -1.625304415924215262e-01
3.500000000000000000e+00 6.124806403159027690e-01 -2.273257123903740240e-01
4.125000000000000000e+00 7.786495486337317029e-01 -2.953526632451928258e-01
4.750000000000000000e+00 9.402164228912174293e-01 -3.617801766969065969e-01
5.375000000000000000e+00 1.080944990680144935e+00 -4.205392061842164741e-01
6.000000000000000000e+00 1.167215937078283083e+00 -4.584509658760349549e-01
