# theta (arcmin), kSZ, tSZ (muK*sqarcmin) 
#  projections using mopc_hankel: lrange [170,1.4e6], z=0.54 
1.000000000000000000e+00 1.460893056822674951e-01 -1.530552333945619028e-02
1.625000000000000000e+00 4.486424773883131989e-01 -4.498658167037417749e-02
2.250000000000000000e+00 8.021299359250658734e-01 -7.468988439275760227e-02
2.875000000000000000e+00 1.247373046516388140e+00 -1.086786809568215245e-01
3.500000000000000000e+00 1.821020106686106255e+00 -1.515380209206840245e-01
4.125000000000000000e+00 2.520353878301405004e+00 -2.036992146739954879e-01
4.750000000000000000e+00 3.271730481440083160e+00 -2.599812402131271294e-01
5.375000000000000000e+00 3.908908980555748869e+00 -3.084806241757988010e-01
6.000000000000000000e+00 4.315398035400996868e+00 -3.407611563832390056e-01
