# theta (arcmin), kSZ, tSZ (muK*sqarcmin) 
#  projections using mopc_hankel: lrange [170,1.4e6], z=0.54 
1.000000000000000000e+00 5.462188004466567853e-02 -2.197917983295025190e-02
1.625000000000000000e+00 1.651743117035421038e-01 -6.968381654361006927e-02
2.250000000000000000e+00 2.599101477998355669e-01 -9.978225740870845517e-02
2.875000000000000000e+00 3.896186422988939801e-01 -1.525721557572176923e-01
3.500000000000000000e+00 5.311429941330891857e-01 -2.165475859427714311e-01
4.125000000000000000e+00 6.961344044402661968e-01 -3.038145913675094345e-01
4.750000000000000000e+00 8.633158662693830587e-01 -3.963379741728665362e-01
5.375000000000000000e+00 1.011077947752349937e+00 -4.817185065853345494e-01
6.000000000000000000e+00 1.101151827155939733e+00 -5.349690790687221531e-01
