# theta (arcmin), kSZ, tSZ (muK*sqarcmin) 
#  projections using mopc_hankel: lrange [170,1.4e6], z=0.54 
1.000000000000000000e+00 8.852557560344187504e-02 -1.827339622484505655e-02
1.625000000000000000e+00 2.467679821233777770e-01 -5.583271164214918120e-02
2.250000000000000000e+00 4.106522143654985912e-01 -9.691184337650096681e-02
2.875000000000000000e+00 6.404385061609049190e-01 -1.684814077035680924e-01
3.500000000000000000e+00 9.339218474128910819e-01 -2.740118078399945700e-01
4.125000000000000000e+00 1.291875424026599939e+00 -4.170145189174819245e-01
4.750000000000000000e+00 1.672657065442076263e+00 -5.751704001763002783e-01
5.375000000000000000e+00 1.998872631108137510e+00 -7.139115798636493926e-01
6.000000000000000000e+00 2.204809954518744064e+00 -8.043258451642536500e-01
