# theta (arcmin), kSZ, tSZ (muK*sqarcmin) 
#  projections using mopc_hankel: lrange [170,1.4e6], z=0.54 
1.000000000000000000e+00 6.284615045583306914e-02 -9.664612961791030007e-03
1.625000000000000000e+00 1.933000306891661524e-01 -3.138793388767029124e-02
2.250000000000000000e+00 3.327138386795562286e-01 -5.650042399429445333e-02
2.875000000000000000e+00 5.262597008621292538e-01 -1.001376427849337836e-01
3.500000000000000000e+00 7.679524573611199445e-01 -1.619829333942751359e-01
4.125000000000000000e+00 1.063294732281368837e+00 -2.437427406977252242e-01
4.750000000000000000e+00 1.376459922805742586e+00 -3.332513399911402052e-01
5.375000000000000000e+00 1.646165658362829909e+00 -4.118114052759623278e-01
6.000000000000000000e+00 1.815571762832866698e+00 -4.629477354926215260e-01
