# theta (arcmin), kSZ, tSZ (muK*sqarcmin) 
#  projections using mopc_hankel: lrange [170,1.4e6], z=0.54 
1.000000000000000000e+00 4.705021191209608766e-02 -2.390914712167778455e-02
1.625000000000000000e+00 1.428151528530024195e-01 -7.739876376910902189e-02
2.250000000000000000e+00 2.250198818868649753e-01 -9.646280834591139386e-02
2.875000000000000000e+00 3.403284749713543778e-01 -1.436617355325898737e-01
3.500000000000000000e+00 4.575176915762854679e-01 -1.979586271883383708e-01
4.125000000000000000e+00 5.857089213672385108e-01 -2.805814738957894128e-01
4.750000000000000000e+00 7.104915732605842082e-01 -3.673981816524024002e-01
5.375000000000000000e+00 8.216785000190114374e-01 -4.517620778816548444e-01
6.000000000000000000e+00 8.885226590067480945e-01 -5.020097876913458546e-01
