# theta (arcmin), kSZ, tSZ (muK*sqarcmin) 
#  projections using mopc_hankel: lrange [170,1.4e6], z=0.54 
1.000000000000000000e+00 7.938354106195230631e-02 -7.628941822323574880e-03
1.625000000000000000e+00 2.389691393430294630e-01 -2.436447975761705381e-02
2.250000000000000000e+00 3.838966526123956391e-01 -3.828264276275954864e-02
2.875000000000000000e+00 5.727743891883639860e-01 -7.179103962174941678e-02
3.500000000000000000e+00 7.845036019881166389e-01 -1.297778813802449860e-01
4.125000000000000000e+00 1.031345868539208288e+00 -2.177471684355797299e-01
4.750000000000000000e+00 1.284443160886669988e+00 -3.177882238485917887e-01
5.375000000000000000e+00 1.505257548865112982e+00 -4.066849878896846016e-01
6.000000000000000000e+00 1.641652412823134677e+00 -4.639630991301773588e-01
