# theta (arcmin), kSZ, tSZ (muK*sqarcmin) 
#  projections using mopc_hankel: lrange [170,1.4e6], z=0.54 
1.000000000000000000e+00 1.729975172639620640e-01 -2.602861682333610857e-02
1.625000000000000000e+00 4.815486769863808747e-01 -6.639126218707569471e-02
2.250000000000000000e+00 7.218983206094252703e-01 -7.951410430152162923e-02
2.875000000000000000e+00 9.838908650654413224e-01 -9.994349617207218262e-02
3.500000000000000000e+00 1.273343904372661761e+00 -1.694775454742576404e-01
4.125000000000000000e+00 1.612107270308271723e+00 -3.021880559512022391e-01
4.750000000000000000e+00 1.961873202914955261e+00 -4.640782300174382535e-01
5.375000000000000000e+00 2.265295232111610435e+00 -6.074319810199776404e-01
6.000000000000000000e+00 2.453821353889055867e+00 -7.007279643921761059e-01
