# theta (arcmin), kSZ, tSZ (muK*sqarcmin) 
#  projections using mopc_hankel: lrange [170,1.4e6], z=0.54 
1.000000000000000000e+00 5.468710884097171404e-02 -1.358164462658349204e-02
1.625000000000000000e+00 1.615283940131169715e-01 -4.105452512391941089e-02
2.250000000000000000e+00 2.518810495285255802e-01 -6.336534869222654187e-02
2.875000000000000000e+00 3.702022593159225994e-01 -1.044060422000931826e-01
3.500000000000000000e+00 4.909510653318964191e-01 -1.565295769397833103e-01
4.125000000000000000e+00 6.228900596861680627e-01 -2.233968948362254348e-01
4.750000000000000000e+00 7.521567114579897906e-01 -2.942021796550302604e-01
5.375000000000000000e+00 8.664573578967325052e-01 -3.577770510448317065e-01
6.000000000000000000e+00 9.357062859928632070e-01 -3.983099693662962015e-01
