# theta (arcmin), kSZ, tSZ (muK*sqarcmin) 
#  projections using mopc_hankel: lrange [170,1.4e6], z=0.54 
1.000000000000000000e+00 1.138174119802896622e-01 -1.351697670007513327e-02
1.625000000000000000e+00 2.950483042967673164e-01 -3.890109500111860880e-02
2.250000000000000000e+00 4.579436224440422420e-01 -6.218800598237465838e-02
2.875000000000000000e+00 6.708557744683932844e-01 -9.527670817036006101e-02
3.500000000000000000e+00 9.571442592643387703e-01 -1.439973640721096959e-01
4.125000000000000000e+00 1.321712272558701162e+00 -2.102752544804697143e-01
4.750000000000000000e+00 1.717264535209920284e+00 -2.840237773994021553e-01
5.375000000000000000e+00 2.055858460476511329e+00 -3.484679198266410483e-01
6.000000000000000000e+00 2.270410981974904985e+00 -3.907312631059642882e-01
