# theta (arcmin), kSZ, tSZ (muK*sqarcmin) 
#  projections using mopc_hankel: lrange [170,1.4e6], z=0.54 
1.000000000000000000e+00 4.234185798425379316e-02 -1.492604887250447571e-02
1.625000000000000000e+00 1.336911824811647664e-01 -5.145165769272138506e-02
2.250000000000000000e+00 2.209338111752064959e-01 -8.441336861559935179e-02
2.875000000000000000e+00 3.618462141066424165e-01 -1.930224185908499535e-01
3.500000000000000000e+00 5.259482059018604216e-01 -3.707838490183468783e-01
4.125000000000000000e+00 7.217070809465181425e-01 -6.311381458155146396e-01
4.750000000000000000e+00 9.226990347561773165e-01 -9.220770591731479726e-01
5.375000000000000000e+00 1.099743872617983786e+00 -1.181830204813586693e+00
6.000000000000000000e+00 1.208225908986054531e+00 -1.348060618793754939e+00
