# theta (arcmin), kSZ, tSZ (muK*sqarcmin) 
#  projections using mopc_hankel: lrange [170,1.4e6], z=0.54 
1.000000000000000000e+00 7.522725357746458397e-02 -1.853735139817293959e-02
1.625000000000000000e+00 2.243775644468718189e-01 -5.690284605861655604e-02
2.250000000000000000e+00 3.930432938928541953e-01 -1.010709566095522316e-01
2.875000000000000000e+00 6.228835841297059028e-01 -1.628069430370001902e-01
3.500000000000000000e+00 9.402898844020631808e-01 -2.487573557216260778e-01
4.125000000000000000e+00 1.348881688207544505e+00 -3.595593367885157599e-01
4.750000000000000000e+00 1.795399030931203121e+00 -4.812098113599634353e-01
5.375000000000000000e+00 2.176818635424968562e+00 -5.866184113442514114e-01
6.000000000000000000e+00 2.419244251758055242e+00 -6.561841177828859895e-01
