# R (Mpc), mean rho (Msol/kpc^3), errup (Msol/kpc^3), errlow, std, median rho (Msol/kpc^3), mean pth (Msol/kpc/s^2), errup(Msol/kpc/s^2), errlow, std, median pth (Msol/kpc/s^2), mean gas-mass-weighted metal (fraction), errup, errlow, std, median metal, mean gas-mass-weighted temp (K), errup, errlow, std, median temp  
#  nprofs 447, mean mh 212743105632.192444, median mh 197198731660.167877 
#  Mass range 11.00 - 11.5 
#  Nhalos 191
5.932141921095533113e-04 9.264887111350004375e+07 9.030344645921169221e+07 4.696318306077186018e+07 3.836875015469836114e-01 7.158227522033379972e+07 3.910750780552170562e-23 6.194932137765181507e-23 1.525206887719311944e-23 5.973869291246641788e-01 1.874469977063022418e-23 4.471847675431377643e-03 2.289362642513589723e-03 2.562762715865535366e-03 3.571520453698235897e-01 4.419588108595021332e-03 2.443067100817291430e+04 1.045021289344941397e+04 4.926985303556277358e+03 1.843872567898821313e-01 1.994905613484137575e+04
1.030888114673873032e-03 4.728007492412929982e+07 4.287537677845391631e+07 2.347413063349547982e+07 3.773811505698344004e-01 3.829418873252388835e+07 1.990452387446349590e-23 3.108364416114700609e-23 8.196144627072189103e-24 6.030472691656800777e-01 1.059091292292228251e-23 3.941318435628747563e-03 2.512406337243193455e-03 2.414871633701708153e-03 3.453687513463820635e-01 3.793124572060407873e-03 2.616316316824280148e+04 1.976851197710351698e+04 4.925092984059570881e+03 2.075494096199535787e-01 1.996936868249469262e+04
1.791478220028137197e-03 1.885531435424139351e+07 1.519139948904736899e+07 6.720945553408909589e+06 2.675401528779195459e-01 1.524908939107278548e+07 7.493949430388006725e-24 1.103612696121055005e-23 3.604484803234826761e-24 4.967531638164073282e-01 4.728414764744485678e-24 3.421609943954078900e-03 2.392519827918539784e-03 2.196515157044327642e-03 3.596411678185791327e-01 3.191789233025701163e-03 2.736983805387712709e+04 2.093302663761084477e+04 4.423412517824619499e+03 2.338376842737171779e-01 1.858328656583226621e+04
3.113232335451354259e-03 5.987483955574629828e+06 2.853202266623319127e+06 1.685903340290385764e+06 2.200993340798136355e-01 5.493008064373926260e+06 2.015832910580804786e-24 2.068457289710333893e-24 9.316427403804043762e-25 4.282710704604334451e-01 1.410278233131169199e-24 2.921950287611479319e-03 2.506941351599787423e-03 1.733992950627698693e-03 3.661181523891252620e-01 2.517400271157398551e-03 2.747628645941191644e+04 2.365071464517381537e+04 6.255701140409031723e+03 2.523175556962111710e-01 1.947623895296399132e+04
5.410177732636713838e-03 1.697849338379340479e+06 9.832979454534067772e+05 6.826113864169120789e+05 2.922409961190041150e-01 1.610119067285576835e+06 4.695464782975024197e-25 4.705659511172087992e-25 2.075598664509408247e-25 3.904119570960220553e-01 3.555839625237835901e-25 2.346586061864588003e-03 2.244534633325939721e-03 1.296304017064850694e-03 3.778686793182133852e-01 1.953973227859613464e-03 2.823604782219465778e+04 2.249341974334788029e+04 6.572711567063654002e+03 2.684420298191174115e-01 1.841531462427027509e+04
9.401811347457503243e-03 3.329490349451850634e+05 2.690129585873793112e+05 1.507195728866516729e+05 3.199059336142955901e-01 2.809977238691117382e+05 1.209098789819826599e-25 1.082604355770410551e-25 5.026075054634252992e-26 4.267579636514154950e-01 8.675241798868983425e-26 2.116381931395698059e-03 1.984613957351497211e-03 1.078125380607950412e-03 3.927086562536366565e-01 1.702039734717460942e-03 3.680935711072655977e+04 3.897460331287945883e+04 1.331130111291197500e+04 3.303728762903073712e-01 2.492031114221308962e+04
1.633847555135692006e-02 4.848731486678789224e+04 3.269251278102063952e+04 1.806296613414447711e+04 3.216330719856024256e-01 3.770338561641377601e+04 4.459597663670351787e-26 4.537964360346025917e-26 1.928204845714524965e-26 4.239568305876378895e-01 3.257305372097457243e-26 2.142348984661169523e-03 1.803601641239187779e-03 1.053624046134573125e-03 3.352318607951607077e-01 1.836551177868937963e-03 8.371814583187551762e+04 8.014022492915469047e+04 4.865668560269266891e+04 3.585980875956825686e-01 7.266829299934946175e+04
2.839301635364948131e-02 1.026327499700016415e+04 6.792314067283639815e+03 4.806683734592818837e+03 3.714807335545172728e-01 9.218565221613785980e+03 1.711645094722047463e-26 1.064578520471149737e-26 7.828599640670182947e-27 4.071027066559230190e-01 1.558728490097937766e-26 2.075622304298358270e-03 1.361793390648177032e-03 9.515106666839590445e-04 2.766110689235670161e-01 1.804597581293266792e-03 1.403495509467727388e+05 7.093752155652368674e+04 4.531159952595866343e+04 2.355620936692891798e-01 1.256090021921407315e+05
4.934140735006660450e-02 3.205941276771422054e+03 2.083185689417108279e+03 1.196138311849352021e+03 3.298018223783166225e-01 2.855228012058890727e+03 7.056746960629651276e-27 4.298156965894997104e-27 2.671384613688479196e-27 3.338267197007958043e-01 6.149279263548106036e-27 1.656542336804357404e-03 9.945197755448704265e-04 6.559170620837071006e-04 2.530353814827324133e-01 1.444199858467143252e-03 1.861091451242725889e+05 9.080843866871166392e+04 5.799325108528025157e+04 2.240056777439477786e-01 1.589363924693588051e+05
8.574553858460631783e-02 1.027089351103877334e+03 6.385717857197840885e+02 3.343744280938751672e+02 3.400629253893939774e-01 9.036180711576472504e+02 3.158949510647812043e-27 2.633953313609806996e-27 1.163296769096431152e-27 3.784617229396420868e-01 2.258869257770212011e-27 1.198807798701650692e-03 6.916890599631474006e-04 3.804504717758002341e-04 2.426237851001792623e-01 9.787552362709489757e-04 2.774729384684452089e+05 1.877085491570739250e+05 8.436209912036522292e+04 3.104682091663275023e-01 1.860572958763819479e+05
1.490086680138903164e-01 3.312946188857499692e+02 1.489358362255145494e+02 1.153054279714799009e+02 2.578359187481953363e-01 3.123570422333604029e+02 1.902553381168575116e-27 2.297568309486332757e-27 6.648845547597129614e-28 4.610979571689510781e-01 1.025807048601106708e-27 8.583316887252112398e-04 4.257092752436732576e-04 3.059796617906811807e-04 2.639515025700340800e-01 6.977845611669458237e-04 4.966899797166939243e+05 5.672007879089030903e+05 1.254298851563351636e+05 4.323268452452239674e-01 2.271187991144103289e+05
2.589473867653792616e-01 1.288870323438779053e+02 6.687128361420332112e+01 4.579247035943650701e+01 2.402908457765912664e-01 1.126900584145965922e+02 1.485992165608058447e-27 2.064179590203169431e-27 5.293542405662157366e-28 5.879759442555808624e-01 7.003095972205139905e-28 6.187570687444746836e-04 4.021653555988118534e-04 2.027093875683304292e-04 2.671733631061471992e-01 4.832665075602678400e-04 9.157794501325465972e+05 1.309783685405183118e+06 3.107201580106453621e+05 5.333894804206079643e-01 4.411855816634256043e+05
4.499989833233608572e-01 6.487197835440525751e+01 4.255129201220788104e+01 1.964667040941710496e+01 2.620944310481505002e-01 5.099144053801335019e+01 1.253826072194965351e-27 1.711093564234262149e-27 5.038044820016288356e-28 6.376324370652279860e-01 6.378605068800579573e-28 5.960658265994623868e-04 5.529787828301878025e-04 1.791452877187875090e-04 3.420267187139408582e-01 3.833256176307961232e-04 1.402980676526631461e+06 1.795933062151803402e+06 6.189156353790485300e+05 5.375613694544492116e-01 8.551287003796191420e+05
7.820086061557125490e-01 3.888794730172393344e+01 3.458356848398732097e+01 1.165348036526246389e+01 2.894402945519895520e-01 2.841262558528516990e+01 1.156823616808270149e-27 1.611403743299218690e-27 5.344462017453484416e-28 6.297028141517785338e-01 6.581684603582569745e-28 7.572071347820440081e-04 7.670032920521997408e-04 3.166612992491232934e-04 4.102473275189133517e-01 5.027416372991818684e-04 2.091314168316225056e+06 2.355790222226854414e+06 1.032093632119316142e+06 5.062200441529129957e-01 1.480586665762412595e+06
1.358975203866542802e+00 2.587410791346116312e+01 2.013362720359445746e+01 9.531808327592912633e+00 2.754772462794554677e-01 1.996834108769586180e+01 1.058935308188093151e-27 1.258345938139238881e-27 5.044252291030754774e-28 6.205579282287253529e-01 6.495926088038381043e-28 8.904085597290367507e-04 7.080345764318147876e-04 4.586793722807914575e-04 3.831873385819531408e-01 7.500081935210354926e-04 2.583261792192905676e+06 2.296536668512634002e+06 1.485065238740668632e+06 4.513929222800610042e-01 2.188344172073096968e+06
2.361628235529128705e+00 2.154259064129941947e+01 1.437768588366729716e+01 6.844554380447362973e+00 2.666114938334011031e-01 1.634140553830332721e+01 1.198539512379411887e-27 1.016982523737764718e-27 4.355652647025756574e-28 5.090145653081794563e-01 5.986032548116200068e-28 9.270347815924612992e-04 5.748679529915587784e-04 4.768308745571029250e-04 2.889771422319761807e-01 8.629536485787978354e-04 2.947302967999855988e+06 1.391523793912612367e+06 1.717779345354523743e+06 2.938435307574527866e-01 2.912963143092957791e+06
4.104039504900442559e+00 1.693393260068248196e+01 7.295741074156794070e+00 4.569844902626801542e+00 1.944522743554055466e-01 1.460399231979171475e+01 8.229696144715808199e-28 6.241664710205691139e-28 4.256606645891833216e-28 3.667540382100664687e-01 6.372030691698515727e-28 9.605151642417527951e-04 3.125734460104029984e-04 2.963046797997893238e-04 1.511319454774907312e-01 9.479465521471578228e-04 3.098251026437706314e+06 1.248343314230537973e+06 1.417740081222840119e+06 1.948763028472735304e-01 3.125897947296574712e+06
7.132003252836161877e+00 1.459699705813237003e+01 5.620891575779335625e+00 2.686312541101877116e+00 1.111694004834344052e-01 1.373288731431224008e+01 6.621862495761665916e-28 4.169487742384100635e-28 2.443503080523293315e-28 2.129885300220268340e-01 5.836398242582565739e-28 9.646913918504477570e-04 1.864712566332889579e-04 2.050089094666020847e-04 8.512755314253057926e-02 9.770087774832328723e-04 3.194841658005661797e+06 9.723500407280763611e+05 7.130697877633729950e+05 1.096692800989157723e-01 3.085333521427572705e+06
1.239400116342193847e+01 3.879922328404165288e+00 6.937131490003531908e-01 4.112286305069421388e-01 5.685945824725372605e-02 3.783941921739632619e+00 1.656379725217615196e-28 9.102933640569403037e-29 2.979072843169827378e-29 1.283206642492750738e-01 1.486988810085490190e-28 9.542988741831203315e-04 1.523059410802777647e-04 1.075232413295306800e-04 5.280687151306606708e-02 9.436592517882159406e-04 3.112157209104665089e+06 9.031423609079080634e+05 4.176522511077281088e+05 7.669963357987033548e-02 2.959045264484735671e+06
