# R (Mpc), mean rho (Msol/kpc^3), errup (Msol/kpc^3), errlow, std, median rho (Msol/kpc^3), mean pth (Msol/kpc/s^2), errup(Msol/kpc/s^2), errlow, std, median pth (Msol/kpc/s^2), mean gas-mass-weighted metal (fraction), errup, errlow, std, median metal, mean gas-mass-weighted temp (K), errup, errlow, std, median temp  
#  nprofs 456, mean mh 1401671999489.527588, median mh 1401111873921.721191 
#  Mass range 12.00 - 12.3 
#  Nhalos 42
5.932141921095533113e-04 9.222396830150353909e+07 1.096599975022713542e+08 3.052631214498598129e+07 4.176728626597692173e-01 4.978699046647215635e+07 1.818139120881276791e-22 1.131501404957378352e-22 1.304989213206746773e-23 8.209123958557399403e-01 1.676137714309988984e-23 9.338587621894539961e-03 4.214857736502066604e-03 3.588352717019939464e-03 2.662046224474592937e-01 8.860174333159123727e-03 1.114066386974398192e+05 8.530356540051236516e+04 1.241514236681216425e+04 5.370300650633004214e-01 2.780573449927961701e+04
1.030888114673873032e-03 3.069870951795583218e+07 4.862830933851768821e+07 5.212384879818860441e+06 5.181750679680303673e-01 1.008429005714328587e+07 1.402604249521181176e-23 1.893191195716095113e-23 3.310246329886485600e-24 6.805226091639526853e-01 4.043668192203820160e-24 1.045813980341786867e-02 2.695845536750082413e-03 5.303010382159048693e-03 2.340082322154677374e-01 1.109892308884683973e-02 5.020803560486490460e+04 2.911478359287656349e+04 8.413171721717228138e+03 3.629594387518155774e-01 2.433382059740223485e+04
1.791478220028137197e-03 1.773670778678577766e+07 1.931727010450267047e+07 5.141424532576685771e+06 4.772542257181572878e-01 8.022174790896832943e+06 3.703639515777845259e-23 2.734746814877509316e-23 2.593640656989344060e-24 9.449067426622886900e-01 2.883771640676801266e-24 1.245627816458960875e-02 6.582735644378254897e-03 4.238498597542517468e-03 1.960087231601179980e-01 1.133538253044743399e-02 1.170653692949122051e+05 2.804864655712849344e+05 1.141834081840816361e+04 6.088453543535066181e-01 2.329109318566430738e+04
3.113232335451354259e-03 7.373391744572209194e+06 8.949242227656392381e+06 3.337973471170369070e+06 4.659269502853055633e-01 4.877693745471859351e+06 1.545317165754753462e-23 2.166529952862690905e-23 4.367023908803335438e-24 9.384953488802518784e-01 4.861108530529392549e-24 1.331016530767299526e-02 5.985166820574388050e-03 4.099748092211795772e-03 2.121735959753810463e-01 1.270442450473614933e-02 1.458828809721947764e+05 3.043743546508329455e+05 4.485507617121822113e+04 6.059640239829885422e-01 5.912340205186547973e+04
5.410177732636713838e-03 3.124848255797189195e+06 1.580617862931179814e+06 1.169351176951444708e+06 2.403888962881018387e-01 2.816055872192362323e+06 4.940379828538099126e-24 1.141192757934566010e-23 1.765296367444506883e-24 6.377626031004255402e-01 2.144042825504221822e-24 1.348766382097227323e-02 7.513050386026801086e-03 3.388800030928776005e-03 2.241030823421208962e-01 1.185181066434051050e-02 1.344015249265536258e+05 1.585872383352622564e+05 3.991100098280287057e+04 5.127267219627116290e-01 5.611341650709768874e+04
9.401811347457503243e-03 6.789871349802254699e+05 7.670672406415338628e+05 3.568420973660171730e+05 4.555065286417029902e-01 5.006765850686560734e+05 1.437652017589480445e-24 1.924777636570752731e-24 7.426212461105271267e-25 8.523833172217881726e-01 7.776661035519446143e-25 1.284265330415079211e-02 1.011721936568790378e-02 2.409348456807916539e-03 2.505841666059801520e-01 1.046720187857546128e-02 2.101118534073354094e+05 1.866207592280629033e+05 1.161391013935695519e+05 6.232018566274740712e-01 1.274226608696705953e+05
1.633847555135692006e-02 1.357936336324315052e+05 2.862368925475003780e+05 4.285383705018738692e+04 5.887933029660421536e-01 5.848436970520269824e+04 4.447525668043972289e-25 5.311860614827021509e-25 2.330685737622301634e-25 7.849674653343333697e-01 2.978992291342188164e-25 1.220298020203545303e-02 7.024334659957564425e-03 4.937907693690631039e-03 2.542832381021923327e-01 1.135738170898919347e-02 3.986121652263531578e+05 5.792189498855052516e+05 1.469589729395770410e+05 5.348382961939229796e-01 2.274140995459699188e+05
2.839301635364948131e-02 2.141897330988862450e+04 3.435021669970771472e+04 4.966562433516575766e+03 4.903130647368915129e-01 9.560202587133218913e+03 1.544999316711343246e-25 1.612989865685894761e-25 6.917767086537826820e-26 5.678782114767473299e-01 1.106886107070880621e-25 9.286851805908232990e-03 6.735038822624363208e-03 2.584828603012165327e-03 2.229545259476574948e-01 7.835928166216735505e-03 7.654407956662310753e+05 7.462718812881449703e+05 3.068460985200334108e+05 3.748069617713591373e-01 5.808456990254754201e+05
4.934140735006660450e-02 7.465289385826175931e+03 6.617601027188580701e+03 1.487114784130039425e+03 5.190912018215435575e-01 3.194585282108173033e+03 7.834454483984610869e-26 1.127405509088089066e-25 2.528976310048007690e-26 7.068330280663743803e-01 4.373422920247169858e-26 7.051913214545073479e-03 3.033503263386071527e-03 2.320522701653502870e-03 1.927545787708687952e-01 6.433161109478044426e-03 1.174760770271695452e+06 9.289258195144125493e+05 4.990857842725585797e+05 4.539047201245776098e-01 9.208588370634358143e+05
8.574553858460631783e-02 2.260569739834772008e+03 2.894781295440583108e+03 5.262487041454580776e+02 4.510490250214045371e-01 1.121972762185066131e+03 3.578487127746632995e-26 4.517576231514879403e-26 1.801383606379233613e-26 4.757425211200270176e-01 2.654643138303626804e-26 5.332203665372571913e-03 1.211405658642267062e-03 1.909439946792129694e-03 2.080275118369378506e-01 5.003262484576449787e-03 1.468566200380361406e+06 1.145884708939941600e+06 6.430138486319094663e+05 3.222421005684736328e-01 1.208788722345552407e+06
1.490086680138903164e-01 7.406948190025059375e+02 8.175758925453571919e+02 1.457970254014027205e+02 3.547554618380638902e-01 4.843998822522246428e+02 1.170799205133419544e-26 1.425170344450377215e-26 3.731441289126297962e-27 3.450672981831318653e-01 7.817436992671116704e-27 3.587330653855513689e-03 1.244017164647140145e-03 1.651726866423437398e-03 2.202471521433516655e-01 3.530464707202376606e-03 1.382435981886452064e+06 6.731798240735721774e+05 7.752134399230326526e+05 3.033438081668063391e-01 1.289802935116106877e+06
2.589473867653792616e-01 2.729079863626594715e+02 1.655137774901652392e+02 1.039262747806615153e+02 2.852357429436825909e-01 2.409434240709231290e+02 4.592615351908339759e-27 5.284512057806695165e-27 2.047005041271206930e-27 3.778924925607086704e-01 3.474235829559769946e-27 2.477690695030428884e-03 9.992465382849050060e-04 9.978375835887330104e-04 2.034335027677233176e-01 2.398433251893584278e-03 1.237041688176478259e+06 1.054717702674665488e+06 5.647585050532297464e+05 2.841497195226173611e-01 1.053211811189692467e+06
4.499989833233608572e-01 1.084469724650821973e+02 5.242233584699479820e+01 3.676340935895342454e+01 2.143754969180011460e-01 1.046697929196423331e+02 2.027786287299128562e-27 2.380678325840170832e-27 7.894855368742187045e-28 3.878325907753650270e-01 1.313255223439158026e-27 1.778137714877165440e-03 8.783489000467764075e-04 7.693699408741173310e-04 1.976699824791847970e-01 1.748874074993314598e-03 1.261153780629428802e+06 8.582769565879711881e+05 5.854466441590129398e+05 2.910788432945565773e-01 1.135867005015722476e+06
7.820086061557125490e-01 5.196758267846639967e+01 2.433482695518482330e+01 1.378524480145043896e+01 2.054885243191759137e-01 4.609492236012287947e+01 1.201073958233042108e-27 1.193678621908227880e-27 4.104159771277608131e-28 3.585471154397183446e-01 8.209441637503346012e-28 1.470191200102814776e-03 8.806706582439893273e-04 3.575604058094306948e-04 2.024838685320529685e-01 1.301782813253001426e-03 1.660858437434778782e+06 1.084616212802984752e+06 7.540672316053144168e+05 2.880046166117737338e-01 1.451140603655298240e+06
1.358975203866542802e+00 2.753214779742446083e+01 1.488579669771968383e+01 7.033599063873474222e+00 1.784287988492639365e-01 2.431151469095213713e+01 8.792863400158143146e-28 6.722294026163410148e-28 4.988043817022119788e-28 3.721419140472469467e-01 7.826537924368163881e-28 1.112507058491282773e-03 4.037440825308334473e-04 4.754369840603224658e-04 1.797839688162943261e-01 1.149491515720793208e-03 2.226851925455993973e+06 1.125786182254565647e+06 1.113514394754186971e+06 2.677656902599365174e-01 2.052377763939267257e+06
2.361628235529128705e+00 1.996129070741730516e+01 9.501304398821183383e+00 5.838658226022408471e+00 1.668370815132821650e-01 1.797885865430027508e+01 7.772454924788987114e-28 6.980830540694783188e-28 3.778350757002819850e-28 3.435890872004641605e-01 6.308673381560504026e-28 1.018878028555142163e-03 4.632690611699906078e-04 2.602096759357856032e-04 1.834094404903619524e-01 9.294967581646011202e-04 2.665128953787219245e+06 1.116502849224815145e+06 1.252000747532427777e+06 2.161746327781494670e-01 2.689698049510205165e+06
4.104039504900442559e+00 1.799269488767870229e+01 7.876042594561303289e+00 3.913962270618137396e+00 1.737580410211898019e-01 1.484201604993728729e+01 8.233753213702622208e-28 4.154627020986463394e-28 2.636039779978833884e-28 3.595801379308313783e-01 5.462931130707833233e-28 1.071379172357869638e-03 2.759012187452741186e-04 2.379138190400118891e-04 1.235620263517343970e-01 1.039439634297456214e-03 2.783778147458397318e+06 6.547668659975514747e+05 8.308133576925920788e+05 2.035738420416718375e-01 2.682691894068085589e+06
7.132003252836161877e+00 1.426016019354893061e+01 4.902745866490729298e+00 1.995435057678232482e+00 1.143601941887026213e-01 1.348975280752511452e+01 5.386014719682872543e-28 3.930973651333653268e-28 1.461733672080498800e-28 2.500758442942275783e-01 4.177938800670173416e-28 9.811955681987439420e-04 1.461662131175993969e-04 2.708678192693942353e-04 1.023701110840135875e-01 1.001057499144785475e-03 2.580949946491810028e+06 7.594938943936601281e+05 4.753749840798927471e+05 1.366568624156752620e-01 2.420372064426545054e+06
1.239400116342193847e+01 4.034853230851229711e+00 6.198638372845168831e-01 3.987619665251447287e-01 5.305161064800389265e-02 3.893765898562148386e+00 1.378043579467159032e-28 6.865033827105289820e-29 2.139419638580214966e-29 1.548558144613298437e-01 1.147465278738163823e-28 9.836195218194938947e-04 1.260624960088563024e-04 1.132046369416131633e-04 5.847499921528973021e-02 9.581499311634459823e-04 2.461089549592948519e+06 7.668340645571984351e+05 2.659989927869657986e+05 1.033349618014721000e-01 2.211568460211697966e+06
