# R (Mpc), mean rho (Msol/kpc^3), errup (Msol/kpc^3), errlow, std, median rho (Msol/kpc^3), mean pth (Msol/kpc/s^2), errup(Msol/kpc/s^2), errlow, std, median pth (Msol/kpc/s^2), mean gas-mass-weighted metal (fraction), errup, errlow, std, median metal, mean gas-mass-weighted temp (K), errup, errlow, std, median temp  
#  nprofs 468, mean mh 1385425419705.390869, median mh 1399065545482.405273 
#  Mass range 12.00 - 12.3 
#  Nhalos 39
5.932158538165270469e-04 6.685125088165616244e+07 7.121485620068699121e+07 3.627390298651906848e+07 3.881742376342347534e-01 5.000226795074263215e+07 2.976816095004222932e-23 5.160820707865481654e-23 1.343984718090809263e-23 5.828584117564810096e-01 1.635846480493079844e-23 1.011325370354306669e-02 4.800840972848363294e-03 6.978319527101357542e-03 3.688013875110730533e-01 9.662221866388393671e-03 4.531290596381929208e+04 1.192122664911485845e+04 9.179444175830220047e+03 3.274918911290673473e-01 2.384505303333799020e+04
1.030891002389629219e-03 3.547944285885066539e+07 6.431622386186207831e+07 6.813310763505031355e+06 5.057591096963046651e-01 1.294109384829542227e+07 4.191159482698575176e-23 4.847807880988738214e-23 8.030957637305578783e-24 8.097015965240064173e-01 9.376077141418898633e-24 9.690127687520545471e-03 4.764507520280091002e-03 3.610184398088947880e-03 2.168164216169128355e-01 8.972647545168990074e-03 1.067901882265713066e+05 1.187278236937753391e+05 1.375348961502788370e+04 5.009186601878417022e-01 2.820373191556700476e+04
1.791483238302971287e-03 1.969283023374581710e+07 2.658263948031386733e+07 5.538700599192450754e+06 5.532571188922258409e-01 8.088723938663518988e+06 3.015524041047013065e-23 2.548167838242846902e-23 5.270164882201417693e-24 8.167357315077724556e-01 5.853700021176068662e-24 1.173123605842255751e-02 5.325674641338063245e-03 3.610721047788783243e-03 2.275333080903255700e-01 1.097704536201675636e-02 2.224425099568325968e+05 1.154727371257054037e+05 1.334500520425978175e+04 5.819282526303167780e-01 2.931002871575902100e+04
3.113241056213520049e-03 8.754016627013340592e+06 8.289613514381309040e+06 4.378208589850060642e+06 3.355454060004408601e-01 7.004430004950345494e+06 1.375513908795060319e-23 1.345760106301704319e-23 4.898861881126436821e-24 6.512500134557286380e-01 6.192528275900242432e-24 1.332920453371486645e-02 7.457082694067447906e-03 6.139798941553049200e-03 2.166444372788386141e-01 1.311247763713927102e-02 1.007047855659399938e+05 1.247475442178893718e+05 3.926007602320056321e+04 4.162235445490967689e-01 6.206009953939206753e+04
5.410192887584432467e-03 3.260921303761434276e+06 1.769722465646517929e+06 1.906154702734251507e+06 2.729367977930351463e-01 3.128766744089615997e+06 4.466124999798091080e-24 4.489862335714546928e-24 3.703708277686771432e-24 6.556737749769692147e-01 3.986828087128459714e-24 1.302333955388502128e-02 1.096441142441035091e-02 4.434906533968041402e-03 2.496301041455938063e-01 1.090413231686766446e-02 9.947473682887849282e+04 6.741282292809903447e+04 6.714294988627696875e+04 4.392419984923853216e-01 8.169150472989647824e+04
9.401837683738208107e-03 7.903164367507442366e+05 1.016051384505195776e+06 3.890831082775366958e+05 4.499463768113139417e-01 5.578683767836384941e+05 1.654929437950279581e-24 2.002143924224475610e-24 9.752465257742443170e-25 6.369787950101004625e-01 1.261458309488362593e-24 1.221446102954012146e-02 1.079224278645817686e-02 3.620697718262147653e-03 2.750190336275011305e-01 9.463810841302246202e-03 1.898501091946345114e+05 1.443350869038068922e+05 7.861635500341412262e+04 4.198055009183849773e-01 1.433866727372207679e+05
1.633852131856735820e-02 1.739143357064309530e+05 3.271182121191926417e+05 2.769504407048419671e+04 5.446930148792097359e-01 5.459266239863140800e+04 7.215316736680509962e-25 5.867709557274962718e-25 4.818217035311793587e-25 5.651612511623453905e-01 6.600874630169559053e-25 1.104168067440620786e-02 9.274623417867070008e-03 4.101655919947542681e-03 2.893937488386848500e-01 9.110100424074150244e-03 5.602877326462137280e+05 3.298864699593610130e+05 3.694061421059974236e+05 4.415349439712188406e-01 5.007427654720542487e+05
2.839309588794570668e-02 2.773644346420281727e+04 4.635750408270654589e+04 7.599663696248299857e+03 4.756434867161156710e-01 1.414744987372694777e+04 3.442789492629848628e-25 3.955872200664252380e-25 1.945028704345815458e-25 5.205245364926838203e-01 2.502724175421454563e-25 8.567546041885984801e-03 8.781429421117372194e-03 3.186980369640655172e-03 2.776728188001255648e-01 7.029381192339626341e-03 1.044878790583336027e+06 7.310525481954927091e+05 5.078366993025610573e+05 3.036529889838032181e-01 9.172230090063035022e+05
4.934154556483250076e-02 7.576738994467128578e+03 8.406633761581564613e+03 3.494598775165402458e+03 4.136505527285945782e-01 5.593720256523031821e+03 1.346791068332078788e-25 1.147989010171026012e-25 7.151235725071604275e-26 4.716531670584612757e-01 1.167899435600442048e-25 6.831288325920501989e-03 5.780467049527227008e-03 1.904988559258305285e-03 2.568857437748259254e-01 5.080735822278916250e-03 1.380728179052716354e+06 5.334800015365441795e+05 6.518144006779358024e+05 2.421153297022574091e-01 1.354555992141027935e+06
8.574577877434103046e-02 3.317823090335202778e+03 2.499701457734837277e+03 1.629479443185984792e+03 4.198265496076695746e-01 2.616053250622314408e+03 6.135913104650531119e-26 2.456122748969014665e-26 3.760872166982176189e-26 4.117302553271440235e-01 6.090899403057802581e-26 4.902411216152903484e-03 2.646213981910266761e-03 1.413604643174532893e-03 2.382532118477299898e-01 3.835543399089337818e-03 1.655982874464698602e+06 5.579861857847538777e+05 5.772620631901370361e+05 2.414583275337578716e-01 1.497644157505332027e+06
1.490090854158103439e-01 1.201384825116693719e+03 8.935954090641891980e+02 4.731701545689062414e+02 3.385175452747152813e-01 1.014045607652062017e+03 2.248997816673531634e-26 1.355011516602155024e-26 9.287714330651220772e-27 3.454600693647040255e-01 2.079587392090700108e-26 3.117186541517174940e-03 1.494429296035223922e-03 9.196957058566757309e-04 2.040276292461604135e-01 2.673042059957017689e-03 1.440053125928910449e+06 3.722004360601922963e+05 2.924447328758409712e+05 1.866734605207140130e-01 1.296813806762516964e+06
2.589481121267818153e-01 4.140571988103706644e+02 2.509086803854637537e+02 1.535040634578584786e+02 2.886801134231219979e-01 4.047028299203112738e+02 8.899932977761972706e-27 7.836864006572523443e-27 3.338658611870418918e-27 3.332024252923549978e-01 6.685211187944474188e-27 2.274174516062351173e-03 6.657341232693858753e-04 5.562532993632857223e-04 2.300013972040905186e-01 1.973839888496016579e-03 1.670414270130201476e+06 6.089374768046487588e+05 4.167288413876997074e+05 2.520857129836007737e-01 1.259110515195203479e+06
4.500002438570074315e-01 1.721972092833040051e+02 6.962628694367097637e+01 3.666621654707988398e+01 2.226276349489150763e-01 1.454057699921301321e+02 3.961121768509758887e-27 2.962980324133394373e-27 1.398543367805129098e-27 3.348869077388736404e-01 2.729621270407842081e-27 1.647048216516237146e-03 7.683619193116066146e-04 5.776924655472729167e-04 2.247040421638628049e-01 1.582266851416315413e-03 1.632638019285997143e+06 1.035965662322054850e+06 5.099677007034390699e+05 2.383382938009285246e-01 1.295712972338490421e+06
7.820107967121281423e-01 8.684455136484736215e+01 5.559573023561337379e+01 1.726501933923429988e+01 2.123062674846216413e-01 7.311497066984794913e+01 2.339843275241624462e-27 1.756500966307866424e-27 1.091264051536865510e-27 3.843765504786893494e-01 1.732705329432343683e-27 1.398855485889965045e-03 7.386768753944491627e-04 4.679656576745632292e-04 2.122689054456448621e-01 1.287298753086537012e-03 1.851436382312551606e+06 1.436798582244413439e+06 7.235161617261290085e+05 2.757464828396339329e-01 1.520755205973857082e+06
1.358979010617297423e+00 4.738702333544917167e+01 2.052761396181524134e+01 1.604456082065237510e+01 2.110852767414196085e-01 4.245290147113475854e+01 1.807147710637184493e-27 1.131295903006856651e-27 6.806686893489302241e-28 3.994762640774215945e-01 1.115187208912543168e-27 1.064179095292872067e-03 3.370360378055681141e-04 5.968546054158848117e-04 2.156601634019925107e-01 1.133254575045940108e-03 2.345732302942890208e+06 1.504800113188402727e+06 8.754052430439295713e+05 2.417713367060699281e-01 1.953316199149668217e+06
2.361634850903744809e+00 3.383741821029795460e+01 1.213783151464003041e+01 7.965169439341622137e+00 1.811261848400902985e-01 2.950059224233257638e+01 1.560976536939707952e-27 7.825088280087037793e-28 4.333083103382578087e-28 3.701625644086375400e-01 7.964621582531156431e-28 9.598768348574218245e-04 4.451355087502085594e-04 3.204717466437540007e-04 1.666679939739917349e-01 9.229561871722422820e-04 2.456810328475006856e+06 9.198894697437915020e+05 1.049475280565085122e+06 2.204319215277624755e-01 2.313798019951151218e+06
4.104051001103932172e+00 2.433340211505826645e+01 6.843323719317425002e+00 8.452583788273440035e+00 1.398052230633956561e-01 2.407363038650180442e+01 7.717193063561848368e-28 3.184465159390157931e-28 3.654127448019346471e-28 3.039275071540232798e-01 6.856187013317153300e-28 9.027282238037831171e-04 1.713988436186836056e-04 2.366408717095953330e-04 1.204754555227862817e-01 9.151654536531946644e-04 2.105587046488387510e+06 7.330632676469513681e+05 4.943947918041055091e+05 1.882958933792445166e-01 1.903736201278696069e+06
7.132023230948114190e+00 2.074239456314567320e+01 4.616701475550495815e+00 2.038776635161944739e+00 7.346583124034467005e-02 1.961069291888935595e+01 5.864664707805798463e-28 2.148466819356270992e-28 9.078625903664726989e-29 2.056644788717886252e-01 4.460567062395540666e-28 8.469362880143541843e-04 1.111108433188500669e-04 1.284521917824583319e-04 7.840189028074218136e-02 8.490839467306829326e-04 1.976582100736380788e+06 3.880291928497578483e+05 3.388106739526216406e+05 1.345135494856237179e-01 1.765304829336188966e+06
1.239403588140144663e+01 1.379076730573033149e+00 2.049796017211937826e-01 1.676137096077316979e-01 5.888160091013847075e-02 1.355332988087502688e+00 3.843514321721823381e-29 1.026076553396220394e-29 6.784401189469313882e-30 2.126253188994126908e-01 2.914277840062250921e-29 8.554372948544999898e-04 1.642627795774139962e-04 7.256147810216892393e-05 7.743178655836477353e-02 8.066691623559306586e-04 1.959500374668969074e+06 3.306693382853909861e+05 2.638777915433763992e+05 1.616714088996514254e-01 1.641713474759690231e+06
