# R (Mpc), mean rho (Msol/kpc^3), errup (Msol/kpc^3), errlow, std, median rho (Msol/kpc^3), mean pth (Msol/kpc/s^2), errup(Msol/kpc/s^2), errlow, std, median pth (Msol/kpc/s^2), mean gas-mass-weighted metal (fraction), errup, errlow, std, median metal, mean gas-mass-weighted temp (K), errup, errlow, std, median temp  
#  nprofs 454, mean mh 4173540763897.295898, median mh 3059953130529.633789 
#  Mass range 12.30 - 13.1 
#  Nhalos 36
5.932162445594626674e-04 4.830537264709575474e+07 5.540419519096709043e+07 7.351058736420305446e+06 3.557575823849509766e-01 2.339793087113554031e+07 5.102156680459838070e-23 9.241548119055301488e-23 1.505617029839947586e-23 6.617891545343126403e-01 2.010468334498826722e-23 1.302358064961207582e-02 2.916597206450363688e-03 7.606167181492061447e-03 2.837826790743717131e-01 1.491783849229412831e-02 1.912660139795729774e+05 3.265412642468060367e+05 3.256532148512120693e+04 6.572888393511492344e-01 4.525027239679553895e+04
1.030891681423026437e-03 1.059942811973944493e+07 2.877556372005024925e+06 4.954337615472866222e+06 2.954938302732243449e-01 8.714681644934955984e+06 1.294881376125973084e-23 1.529870178711034084e-23 9.841211252166722712e-24 7.230080173160952084e-01 1.039377393707862252e-23 1.587626349423455069e-02 7.378491799258275058e-03 5.894813638359452587e-03 2.297994833918494684e-01 1.580206333209813879e-02 2.169121580926255265e+05 4.084608490450661047e+05 9.743149834050114441e+04 7.505202125943193359e-01 1.098727686622844631e+05
1.791484418327772034e-03 6.332427292503906414e+06 3.475845264728166163e+06 2.555348938680999912e+06 2.835752283429003318e-01 5.039102519293474033e+06 1.495904975262073000e-23 2.194834370292031552e-23 3.541253495132858861e-24 8.891464762880822992e-01 3.762496526098571709e-24 1.606922081958562717e-02 6.389854691545116677e-03 7.053776757088648167e-03 1.970006342358922302e-01 1.575053259288905494e-02 2.505041350894745847e+05 2.991104548312504194e+05 6.274856607861352677e+04 7.542972597128957402e-01 7.415846074538951507e+04
3.113243106861596308e-03 3.586611771431955509e+06 2.227021315698627383e+06 1.260918752545894589e+06 4.797193223239433757e-01 2.858501744725993834e+06 6.645537563774018331e-24 7.352306256997936451e-24 4.197127191859229000e-24 9.071066106310026189e-01 4.376214897831443538e-24 1.682798315068640901e-02 6.703891658601607295e-03 5.904784845219886863e-03 4.098272243657852254e-01 1.708602963255970858e-02 2.657572460489951191e+05 2.396263392573065939e+05 8.638073375319274783e+04 6.686227782405370634e-01 1.000365968314750789e+05
5.410196451202359258e-03 2.588132421431045979e+06 2.243461671457366552e+06 1.497856104175544111e+06 5.785721789677489291e-01 2.163563435734791216e+06 3.730527194695512131e-24 5.138761084126157784e-24 1.865748944924790148e-24 7.452765617334671244e-01 2.175196791639875511e-24 1.903559246223996901e-02 5.494295384636780494e-03 5.646630559575888803e-03 3.435804638389303722e-01 1.970089091098054662e-02 3.010887877759055700e+05 9.784204479804282892e+04 7.285775305306652444e+04 5.820251807625003160e-01 9.475700743301535840e+04
9.401843876596392702e-03 4.428135630052594352e+05 3.787390948766394868e+05 3.183039357704222202e+05 5.202479148070138226e-01 3.890599803902737913e+05 1.055553180359785125e-24 1.287104826877609295e-24 6.644431926616450817e-25 9.526166137810079260e-01 6.744467595884326182e-25 1.819685707577801612e-02 5.857929973720487488e-03 7.319151945263575182e-03 2.530896720095679453e-01 1.865538028854283811e-02 3.707418951991627109e+05 2.403471755449592019e+05 7.905347156919939152e+04 7.278684173065285146e-01 9.003838988252128183e+04
1.633853208052144651e-02 9.203160585004040331e+04 1.136966102592428215e+05 2.390089329226858536e+04 5.535361113371302100e-01 4.024272089973882976e+04 4.568363910154682274e-25 5.500634511425095908e-25 2.111430677543081680e-25 7.779838244623850096e-01 2.778560445282875018e-25 1.687794247071859599e-02 7.174715315897410572e-03 8.467141194514212973e-03 2.355999570066633908e-01 1.716058974656625713e-02 8.496781410808296641e+05 9.744879157352888724e+05 3.006181480134971789e+05 6.909389094479806426e-01 3.683139476562837372e+05
2.839311459007843805e-02 1.788019874840851116e+04 1.112416873926161134e+04 8.987289954947180377e+03 4.194373411713586131e-01 1.328340707534701505e+04 2.631051525112721610e-25 3.310786053726296928e-25 1.138922831977070756e-25 6.135028703749382251e-01 1.662340943713451579e-25 1.435707494743132182e-02 8.584163202593024511e-03 5.547202407650245366e-03 2.173718799465092777e-01 1.335382100579321496e-02 1.350182824610712472e+06 1.737978921950061107e+06 4.156040199073665426e+05 4.844021378212857720e-01 8.872898883483682293e+05
4.934157806541426133e-02 5.502361951652429525e+03 4.147605526078124967e+03 1.847971154416941090e+03 4.079140578666856642e-01 3.467416556049013707e+03 1.793466457123345709e-25 1.401482006443692069e-25 8.435435404560265259e-26 4.731259477492842369e-01 1.186614360573926751e-25 1.078761823362033891e-02 6.380123530083681507e-03 5.330853250254893178e-03 2.619841584489966402e-01 1.010172023129169740e-02 2.560122367303433828e+06 2.470377354923564941e+06 7.425152704716774169e+05 2.973601685841661957e-01 1.885397837589792674e+06
8.574583525387895200e-02 2.627141022215808789e+03 2.537551138571925549e+03 8.791662103827065948e+02 4.140624118807128551e-01 1.667666790248401412e+03 9.274879411506354952e-26 4.378899220528167551e-26 5.383665617544473737e-26 4.407937513177297428e-01 7.191645478828477922e-26 7.842105857641621172e-03 6.064124824219642787e-03 3.901971382199140997e-03 3.080758215584648574e-01 7.065685547705294681e-03 2.758816805260883179e+06 1.888627246900341939e+06 1.294356941144134849e+06 2.818814844969206312e-01 2.274417792388541624e+06
1.490091835659981823e-01 1.069081980797115193e+03 7.608453943322308533e+02 5.497688154965828744e+02 3.483076753023887639e-01 9.348011800453543856e+02 3.763607903857909607e-26 2.520404561185978814e-26 1.285481646481854758e-26 4.134282900247512327e-01 2.305418778913572063e-26 5.229541542303367020e-03 3.066578553575984023e-03 1.821305111050162615e-03 2.399447032538608304e-01 4.603993224058910115e-03 2.351302113450333010e+06 1.384158548449274618e+06 7.109875864023545291e+05 2.435715049733152560e-01 1.932735660959136207e+06
2.589482826922595571e-01 4.714427881871650925e+02 3.411744986572726930e+02 2.067049264953678573e+02 2.975126411918279090e-01 4.086594561827270127e+02 1.471540835970359952e-26 5.199870026876796955e-27 5.834106385091110090e-27 3.574906994388454273e-01 9.951160263444531199e-27 3.459010342373956218e-03 2.520831322899886803e-03 1.043040493839196602e-03 2.294044002570840013e-01 2.962817271765056173e-03 2.192209774143331219e+06 1.467705152576681459e+06 7.636440247723229695e+05 2.642946311665635428e-01 1.745769855676579988e+06
4.500005402658359133e-01 1.953467657088385749e+02 1.201841777998877774e+02 6.081502788777380886e+01 2.487608785597946182e-01 1.590154383129496978e+02 5.114063520421962876e-27 4.655473118208227251e-27 1.175147301635237474e-27 3.653769064327063165e-01 2.854480728800145922e-27 2.394906733864101897e-03 1.148322246828530069e-03 8.238993792116543809e-04 1.975791253164163874e-01 2.253242261628406358e-03 1.722743243362709414e+06 9.176707138948920183e+05 4.921331017990997061e+05 2.252052725546167533e-01 1.426141012896746863e+06
7.820113118116359674e-01 7.588999958269396018e+01 3.480143566399806332e+01 1.518516003511946622e+01 1.743157271098660366e-01 6.157971085014052903e+01 1.838225578712483120e-27 1.454698587268433722e-27 4.122659570124884462e-28 3.209825951031818891e-01 1.194848651373533067e-27 1.726215824806850985e-03 6.184150470980834431e-04 6.614417017221151194e-04 1.800945171282087587e-01 1.705767455045502107e-03 1.661198781651418190e+06 5.066453648030487821e+05 5.654928816370588029e+05 2.141598889922311233e-01 1.526414631274776068e+06
1.358979905757649043e+00 3.776625700685193721e+01 1.472295847953245129e+01 7.530922983348460775e+00 1.115447365112341993e-01 3.516503000871777829e+01 1.009659448814558279e-27 6.396839157610389066e-28 5.092966977385139929e-28 2.826640897018996568e-01 9.870657541883497049e-28 1.443270666641465524e-03 2.710101157327334236e-04 3.469656452678925810e-04 1.295013993287857101e-01 1.434209965611185503e-03 1.885968154658279149e+06 7.626713893425087444e+05 9.639649309134357609e+05 2.149752301313226643e-01 1.998608178057813551e+06
2.361636406479389549e+00 2.323366307904669981e+01 5.875491566778837438e+00 8.662910303524334665e+00 1.476962434349164965e-01 2.289633071540577447e+01 7.355914836857219060e-28 4.407899801059888616e-28 3.846542047682895362e-28 3.061781691512974746e-01 7.033095447036861696e-28 1.253453101901752086e-03 4.938704183980852612e-04 3.468969359846149755e-04 1.455489936273728913e-01 1.220839397762510901e-03 2.200330521778721828e+06 8.377054207354094833e+05 7.351129108853996731e+05 1.886457378531090356e-01 2.188298268311023246e+06
4.104053704384576839e+00 1.639569972957166044e+01 3.873539191707948248e+00 5.113511020889729863e+00 1.492872239943830448e-01 1.598677319400955454e+01 6.013726224910751868e-28 2.112369583217088503e-28 2.001291600633014791e-28 3.271027349650596494e-01 4.880783698843859739e-28 1.079741317483685339e-03 3.530401542095815137e-04 1.472691165970711931e-04 1.091595295945661653e-01 1.021921193122546454e-03 2.343480397128796205e+06 3.455874231129186228e+05 6.494586690769549459e+05 2.030440715205187874e-01 2.323961825121624395e+06
7.132027928711459630e+00 1.350347355676461270e+01 4.562851913671085669e+00 2.678822562856133516e+00 1.255802715249844936e-01 1.256618041038479561e+01 5.079451082845921574e-28 7.560824493067752756e-28 7.284171723988164905e-29 2.961453214976766390e-01 3.440566066367546684e-28 1.078136581570024715e-03 2.023163927676152173e-04 1.594475539862273954e-04 9.207677873852991579e-02 1.092598249240793983e-03 2.492203415147101507e+06 2.211379106966820545e+06 4.088864265749454498e+05 1.736363440810415604e-01 2.144796938701306470e+06
1.239404404517848235e+01 5.062983472977595767e+00 7.910389597062907896e-01 6.175123018613826176e-01 5.525814209552461220e-02 4.957899133023890847e+00 1.620119201106659013e-28 1.294421127960383245e-28 2.561865854228669291e-29 1.738349358560720981e-01 1.308718008041866240e-28 1.026429299926281003e-03 1.500742570378515474e-04 8.169455877761618544e-05 4.406097707432751753e-02 1.002254033849796395e-03 2.290314183963205200e+06 1.335968946899696253e+06 2.738880851048908662e+05 1.210078613877986625e-01 1.953961481724004261e+06
