# R (Mpc), mean rho (Msol/kpc^3), errup (Msol/kpc^3), errlow, std, median rho (Msol/kpc^3), mean pth (Msol/kpc/s^2), errup(Msol/kpc/s^2), errlow, std, median pth (Msol/kpc/s^2), mean gas-mass-weighted metal (fraction), errup, errlow, std, median metal, mean gas-mass-weighted temp (K), errup, errlow, std, median temp  
#  nprofs 459, mean mh 1375357577452.551025, median mh 1373430507013.613281 
#  Mass range 12.00 - 12.3 
#  Nhalos 45
5.932141921095533113e-04 7.951274384267863631e+07 9.928485322036159039e+07 1.993560223736117035e+07 4.356991836925709904e-01 3.479287227368759364e+07 7.191859634873977097e-23 5.426725255807464267e-23 1.370685639238629467e-23 6.991312309907771194e-01 1.619159881881890954e-23 9.605683385161911322e-03 2.589138817434426948e-03 3.608795683203039860e-03 2.835240485804143007e-01 1.001485324268629185e-02 7.862931481439681374e+04 5.165745583254503435e+04 7.337046666422687849e+03 4.629633184649857292e-01 2.230000728727874230e+04
1.030888114673873032e-03 3.764667737658832222e+07 4.324091324745818973e+07 6.764536473857934587e+06 5.734390178121725468e-01 1.036729051097521372e+07 7.838505293692037450e-23 2.278606603713457005e-23 5.605736598409383343e-24 8.886868615856272635e-01 6.233682623431810166e-24 1.096041890659200241e-02 4.032575363380957317e-03 4.158490463606148192e-03 2.357256332070041538e-01 1.050547079566654246e-02 1.388966455452567607e+05 1.823263731767456338e+05 5.164805709225591272e+03 6.053388185237249530e-01 1.934316999918783767e+04
1.791478220028137197e-03 1.878908980498666689e+07 2.261600752608675137e+07 4.288788859272764996e+06 5.023883325185809490e-01 7.818466516067001037e+06 5.551712391676022731e-23 1.752181993412483523e-23 4.470178846554607716e-24 9.139568621136306970e-01 4.762884173584054507e-24 1.182859558556174570e-02 6.720280506953717203e-03 4.643462403074640615e-03 2.131788889249622843e-01 1.113323604402229397e-02 1.260490758230513602e+05 1.817839286629371345e+05 1.060410833677451046e+04 5.991031316004555851e-01 2.349670458314520874e+04
3.113232335451354259e-03 7.658200112952291965e+06 1.105537570748181082e+07 3.947639280025729910e+06 5.311594656513963786e-01 5.344597112266758457e+06 1.499351323491306911e-23 2.037806363409031424e-23 3.292077929691086490e-24 8.117978573536988041e-01 4.031961067743081255e-24 1.159928489118668485e-02 4.258532207621257629e-03 4.404450854413957846e-03 2.635647154164700301e-01 1.071157764232268106e-02 3.047585491997232893e+05 5.148300265408886480e+05 3.902966507810832263e+04 7.216035031275217504e-01 5.384224080018705718e+04
5.410177732636713838e-03 3.219328472504474688e+06 1.906268388084489387e+06 1.578546851900081849e+06 2.871944554224639123e-01 2.953264676379013341e+06 4.349655834722413706e-24 3.289374788335098774e-24 2.075820183131350833e-24 7.135720557981993784e-01 2.550489783897890796e-24 1.229618968414865343e-02 7.526927628615393343e-03 3.298535795977001334e-03 2.026855284682860525e-01 1.067977287056050793e-02 9.543535677078361914e+04 1.067337068477481953e+05 4.020682271781252348e+04 4.800327315302452269e-01 5.712441765590404248e+04
9.401811347457503243e-03 8.258363801347869448e+05 4.177429059462810401e+05 4.964654104214692488e+05 4.257152851806357829e-01 8.126753172943608370e+05 1.398893437106158448e-24 9.883166434573932314e-25 6.407786969680405843e-25 7.322906040139791628e-01 1.006853579655956037e-24 1.137183497415224925e-02 8.505693444279436091e-03 2.539915058619387350e-03 2.193356548991177435e-01 9.347610923559982951e-03 1.442523874518975499e+05 1.816498270979893277e+05 4.057404783589557337e+04 4.651712332462608623e-01 7.981496806055237539e+04
1.633847555135692006e-02 1.580534336250738124e+05 1.564377857496980869e+05 8.999898219598879223e+04 5.188131875625491274e-01 1.187391249015054491e+05 4.880278330899743230e-25 5.650377094884430186e-25 2.015095020979345752e-25 6.663379086311945754e-01 3.455972369420383505e-25 9.647897355795942084e-03 6.056589713193819349e-03 2.396765218435745540e-03 2.303461012029334176e-01 8.122047044843755739e-03 3.781909344813892967e+05 5.302047633839228656e+05 1.630035403397538757e+05 5.010773565468258361e-01 2.324154014503061189e+05
2.839301635364948131e-02 2.962781505761835797e+04 5.035331647229669034e+04 9.909422596958913346e+03 5.121328238606697170e-01 1.708326451359176644e+04 1.927229811731191706e-25 1.297400977492005235e-25 1.147116870084836624e-25 6.023342932979928177e-01 1.781954324625491789e-25 8.004762960330119581e-03 5.168243253158085956e-03 1.932048701720623027e-03 2.303833070696487129e-01 6.383086358418780387e-03 7.696914586402239511e+05 8.736771569993076846e+05 4.082137524492484517e+05 4.368998259068750389e-01 5.917138646537752356e+05
4.934140735006660450e-02 8.106119366525993428e+03 9.917014658252235677e+03 1.921216732913202122e+03 4.192167627532308316e-01 4.465485594978798872e+03 8.449858723380324047e-26 4.607898199351575237e-26 4.430690638879539752e-26 3.759077263466683583e-01 7.632798372131004326e-26 6.170767815394036758e-03 3.625057708451790393e-03 1.353387855870451500e-03 2.096085577117126342e-01 5.093865950150758791e-03 1.001225102443873999e+06 8.510690958753653103e+05 4.649100991268556681e+05 2.845508278686621484e-01 8.573338336968427757e+05
8.574553858460631783e-02 3.191894596804761932e+03 2.844870664060522358e+03 1.214467162520885040e+03 4.160677338424030869e-01 2.324786556567736625e+03 3.564894922157693695e-26 1.563059897896993794e-26 1.387616936966703382e-26 3.548537466609692492e-01 3.233073605802671112e-26 4.182591570079474338e-03 1.465417046509285247e-03 1.332127593364128889e-03 1.907854375461245089e-01 3.802002613363561837e-03 1.040662955854443368e+06 7.574767778040433768e+05 3.709919674372776644e+05 2.450028093547094721e-01 8.995982212749542668e+05
1.490086680138903164e-01 9.872551412145925269e+02 6.840665031134273022e+02 3.752934111529884831e+02 3.329972994625258753e-01 8.472283741480770232e+02 1.277539218251542310e-26 6.126014147027477782e-27 4.250600097779253288e-27 2.944984310512192005e-01 1.191239496564142679e-26 2.913888166922153512e-03 1.104040272259510652e-03 1.208143576262965795e-03 1.758994795190653992e-01 3.002201435892567181e-03 1.138795288476598682e+06 7.216056501144396607e+05 4.484699105570570100e+05 2.421239597310389235e-01 1.002691639760450693e+06
2.589473867653792616e-01 3.480825228866322050e+02 2.083782580118148644e+02 1.124387643405206063e+02 2.363197516884277538e-01 3.293414524320080545e+02 4.520538410369862911e-27 2.619391400907901908e-27 2.416849757380732152e-27 3.361114435915476539e-01 4.096864720313295997e-27 2.263396249946556492e-03 1.145092367297250238e-03 8.203444028311989312e-04 2.139683073801832980e-01 2.108163763274377867e-03 9.785650850278382422e+05 5.550886143981734058e+05 5.438279853193571325e+05 2.727472875107102568e-01 9.217792237173790345e+05
4.499989833233608572e-01 1.248298895034302944e+02 4.714441668723708290e+01 3.863007624149797437e+01 2.024603940020113235e-01 1.210123261406835695e+02 1.800045348011172334e-27 1.708268177878662536e-27 9.200421999397697579e-28 3.983116326810055563e-01 1.389863792988272593e-27 1.817819634893541852e-03 8.362534334616950494e-04 5.431639822706902862e-04 2.131081315932389919e-01 1.723800953670057362e-03 9.893963508418967249e+05 4.606167445585501846e+05 5.372766441936192568e+05 3.014201868730843059e-01 9.894912303069916088e+05
7.820086061557125490e-01 5.899592167283301336e+01 2.024973408804443409e+01 2.259225526433554165e+01 2.071523299601873425e-01 5.696472423608000213e+01 9.273348126404106134e-28 8.033178720346342817e-28 4.712839653317340154e-28 4.197826438243223990e-01 7.397427991642787323e-28 1.473669267981843247e-03 9.908601352836205519e-04 4.636740957766475376e-04 2.606154617295609044e-01 1.329030181894245684e-03 1.067000841549781850e+06 6.164223032582516316e+05 6.506822524998692097e+05 3.048504949997447588e-01 1.115052207217074232e+06
1.358975203866542802e+00 3.038000775683262944e+01 1.891799526703220735e+01 8.697784309206806341e+00 2.069732049714845812e-01 2.575135490642684388e+01 6.169167991224562876e-28 6.972317403985498289e-28 2.920553279878338478e-28 3.872068616289916498e-01 4.741568043839826947e-28 1.117153190086843688e-03 4.004402235419789353e-04 4.810816713544531064e-04 1.817921210822480149e-01 1.132076801073251225e-03 1.419560133550739614e+06 8.855043134851700161e+05 5.943813917344132205e+05 2.652627482809536974e-01 1.260655825963497860e+06
2.361628235529128705e+00 2.011912181328287375e+01 1.187857053254490225e+01 5.667647701427423357e+00 1.775506489659971765e-01 1.732119433366463213e+01 4.930432681881885440e-28 6.700107037755266682e-28 1.315670352198358850e-28 3.671482688210144230e-01 3.073406313999251564e-28 1.063078949527154673e-03 5.036465711463309226e-04 3.177489330542848439e-04 2.075971071183493888e-01 9.832512454506334328e-04 1.634969980957682943e+06 1.204131858008969808e+06 4.696961616495946655e+05 2.279054485524328877e-01 1.410266298723962856e+06
4.104039504900442559e+00 1.763877755943057224e+01 8.393421827982251671e+00 3.270549902748987492e+00 1.738815695615311407e-01 1.431850409521451084e+01 6.268965296871784022e-28 3.563763553837846714e-28 9.149096794773953164e-29 4.001135533916151399e-01 2.496907591818679146e-28 1.146548876399033478e-03 2.856699839445054137e-04 3.110543799262683500e-04 1.244941385577622711e-01 1.136728929178341301e-03 1.873491409729754552e+06 6.106471716319306288e+05 4.487030085128755309e+05 2.336777665380209423e-01 1.527817284022779902e+06
7.132003252836161877e+00 1.370592683637748621e+01 3.889320321607984354e+00 1.668163079261399062e+00 1.064470326262875605e-01 1.282259387950905882e+01 3.506702211696396006e-28 1.632905072110846454e-28 8.533134291066936636e-29 2.811320707055764978e-01 2.551503879323753753e-28 1.022057586873896745e-03 1.232826396862487985e-04 2.747637792881903185e-04 1.000046526472075370e-01 1.046514612997443945e-03 1.688871894615478348e+06 3.196677633399658371e+05 3.799314881035294384e+05 1.764692448776936373e-01 1.523250306493569631e+06
1.239400116342193847e+01 3.163547235978794170e+00 5.718077069328542095e-01 3.108325516848200465e-01 6.789951210726447028e-02 3.040448384561686090e+00 8.491941000358141018e-29 1.057822070510905809e-28 1.148511003088902181e-29 2.555430248851878194e-01 5.450794163400531602e-29 1.039254931319415773e-03 1.927725095726424542e-04 1.029903491265112990e-04 7.026546464070179687e-02 9.925242262859782904e-04 1.819666548647915712e+06 1.866539237387035973e+06 1.327722449926473200e+05 1.874312491725133867e-01 1.340180213100343477e+06
