# R (Mpc), mean rho (Msol/kpc^3), errup (Msol/kpc^3), errlow, std, median rho (Msol/kpc^3), mean pth (Msol/kpc/s^2), errup(Msol/kpc/s^2), errlow, std, median pth (Msol/kpc/s^2), mean gas-mass-weighted metal (fraction), errup, errlow, std, median metal, mean gas-mass-weighted temp (K), errup, errlow, std, median temp  
#  nprofs 444, mean mh 211386398309.177032, median mh 198938267150.342285 
#  Mass range 11.00 - 11.5 
#  Nhalos 200
5.932158538165270469e-04 9.588471287341704965e+07 1.123090397267437577e+08 3.840325828790589422e+07 4.167229357240624932e-01 6.208166249253445864e+07 3.715924769816283551e-23 5.327244469031100084e-23 1.354257157783040670e-23 6.114728819680007588e-01 1.694706591558991087e-23 3.055296561662283836e-03 1.721443009187388282e-03 1.926676143249393680e-03 3.620722392075763629e-01 3.007597281979940140e-03 2.255731746601954728e+04 8.909521801110913657e+03 5.242437734237691984e+03 1.537913279809837719e-01 1.993402078195015929e+04
1.030891002389629219e-03 4.636218852561489493e+07 5.102755940127554536e+07 1.762123492789996788e+07 3.565694176934397497e-01 3.242840663233491778e+07 1.417623489561522861e-23 1.965224862640440894e-23 6.118939249673909753e-24 5.290599720050768173e-01 8.187162699467925010e-24 2.594504386930444797e-03 1.766928730980367891e-03 1.462587275492545228e-03 3.682014141615574943e-01 2.328925065402008814e-03 2.035579569677292966e+04 7.056522463501187303e+03 3.725302129063016764e+03 1.367901375246150519e-01 1.831561065012999825e+04
1.791483238302971287e-03 1.606794348713426292e+07 1.213806091746676899e+07 4.555314103715050966e+06 2.849097147697751686e-01 1.318221395341334306e+07 3.941954091607083471e-24 4.668234107845386862e-24 1.440420573631664960e-24 4.583678260004644955e-01 2.589764050224847458e-24 2.108804989855345407e-03 1.654105011773271275e-03 1.128990126693611403e-03 3.326128167266174662e-01 1.806182148112026693e-03 1.922450672759799636e+04 8.128648108757097361e+03 2.726671114230195599e+03 1.794052194334362360e-01 1.607439378579296681e+04
3.113241056213520049e-03 5.598761331632663496e+06 2.453076282510453835e+06 1.597716368119029794e+06 2.036451953349468491e-01 5.304191454968241043e+06 1.113486963179870125e-24 1.022446722626573526e-24 4.255660973601121376e-25 3.374478462635399079e-01 8.311950979063738090e-25 1.716515660273480043e-03 1.610461357354171525e-03 7.967185702084615814e-04 3.588975504799585825e-01 1.365457038959265543e-03 1.783334638807579177e+04 8.020541754864341783e+03 2.631849505850332207e+03 1.641425157869798035e-01 1.463716660101664456e+04
5.410192887584432467e-03 1.592992401058463147e+06 8.376907547512520105e+05 6.729008111963458359e+05 2.970093718192021726e-01 1.554625710798556916e+06 2.953533219982937177e-25 2.602040921530549097e-25 1.277389521862455612e-25 3.626396117157257848e-01 2.400946478493248995e-25 1.390709064125292705e-03 1.445134730816998543e-03 6.086727971381320759e-04 3.769980452311984531e-01 1.054365335546936190e-03 1.984287724541530406e+04 1.118156702771791970e+04 3.146431743955907223e+03 2.106740748382787409e-01 1.450977833508109688e+04
9.401837683738208107e-03 3.004327674387572333e+05 3.070329390260741347e+05 1.053264535310328356e+05 3.773555412771270601e-01 2.202449352479246445e+05 1.028968972751809417e-25 9.982332406131415278e-26 4.297817010389277039e-26 4.293931384906448656e-01 7.244233972522868238e-26 1.408825080590424576e-03 1.516249350469986261e-03 5.600827074178176251e-04 4.028743845733674944e-01 1.001046436893344212e-03 4.074533284933288087e+04 4.911158195005239395e+04 9.621984031412896002e+03 3.631053788033239971e-01 2.121407306813568357e+04
1.633852131856735820e-02 4.802548523096951249e+04 3.803992288497713889e+04 1.727471011989745602e+04 3.487609137395591419e-01 3.733914513212482416e+04 4.459749277025545980e-26 4.050251379421715614e-26 1.960247035173075635e-26 4.311785783548781614e-01 3.344419296052060875e-26 1.305885640035419314e-03 1.098362858645613891e-03 5.610529964413835417e-04 3.367063148418096841e-01 1.051229418847302423e-03 9.310732473836660211e+04 8.291065717869029322e+04 4.061502900075653451e+04 3.636397843933672491e-01 6.689121900143260427e+04
2.839309588794570668e-02 1.108147077946432546e+04 5.867256288818050962e+03 4.032659033800632642e+03 3.166797031539495544e-01 9.785904961733052914e+03 1.872372925540043991e-26 1.352328248393441553e-26 7.268489732486746434e-27 3.652439704763787431e-01 1.627864037884676398e-26 1.385281693442853412e-03 1.101188052505832054e-03 5.267602267830324893e-04 3.112992243540712023e-01 1.063303804468270029e-03 1.722082005407137913e+05 7.732897596310969675e+04 5.036355603798397351e+04 2.704688485589263891e-01 1.217720329086618440e+05
4.934154556483250076e-02 3.578161269506601002e+03 1.692458272855491032e+03 1.439782231828707381e+03 3.320996752359024473e-01 3.296399076407436496e+03 7.494021874361942233e-27 5.164353633019986333e-27 2.541353268513321505e-27 3.693172245197083869e-01 6.386448914014470343e-27 1.198896748608591425e-03 6.640787605021429433e-04 4.582099050081711632e-04 2.693735674425703497e-01 9.639002153366216458e-04 2.004191183968604892e+05 9.601207432818770758e+04 5.316588870538120682e+04 2.683157563925649414e-01 1.472165433463869267e+05
8.574577877434103046e-02 1.217098740621451725e+03 6.706851953246741687e+02 4.993217048350757068e+02 2.989786017583894728e-01 1.129393299762866263e+03 3.539356268323034523e-27 2.521044659848398819e-27 1.386868725983915229e-27 3.741557750391900639e-01 2.701202597068824256e-27 8.436277809780886282e-04 3.866945981563144454e-04 3.249257852956276759e-04 2.423480930477927009e-01 7.196737495689223317e-04 2.671638024472154211e+05 1.961530186487838509e+05 5.015843384369579144e+04 3.030208886020232528e-01 1.567664212723787059e+05
1.490090854158103439e-01 3.821942770195873322e+02 2.124668447539647218e+02 1.176029319818756562e+02 3.172550721313567856e-01 3.439891308734049176e+02 1.982466166927739343e-27 2.220811279007265134e-27 7.110626021117665132e-28 4.597899254150936699e-01 1.111974011878934381e-27 6.161198857371224689e-04 3.135753952773137751e-04 1.716260700536586473e-04 2.343500692789831363e-01 4.912031033033678737e-04 1.030382400000501540e+06 4.979888624569098465e+05 1.191187594963034499e+05 4.613988547291377751e-01 2.137171486270520836e+05
2.589481121267818153e-01 1.493608307743924968e+02 6.865573034219892179e+01 4.783948790510942217e+01 2.557069625106007105e-01 1.365110121566962107e+02 1.537877592357015664e-27 2.201154260562143239e-27 6.039254544422553237e-28 6.018255223892357009e-01 7.218449049958759315e-28 4.536352914730469002e-04 2.248893205591211662e-04 1.334801112793345453e-04 2.453559209129579366e-01 3.525142825311257258e-04 1.230105259447896387e+06 1.090415993949794676e+06 3.170624004744116683e+05 5.988775047923748929e-01 3.872997982316300040e+05
4.500002438570074315e-01 7.638345682290203342e+01 4.944520569691661649e+01 2.276807412192503222e+01 2.334492980910211624e-01 6.539023752205392270e+01 1.349705905526412213e-27 1.591133887605789214e-27 5.921749014040785550e-28 7.107339373698752238e-01 6.701369578315170265e-28 4.545935883810439627e-04 4.724313332315006517e-04 1.414338204235610639e-04 3.358617413464430879e-01 3.048871829438194324e-04 1.450499796293623745e+06 1.744482091902912362e+06 6.353693388354614144e+05 6.635978143984990751e-01 7.156701455806086306e+05
7.820107967121281423e-01 5.058401248096669178e+01 3.793506771917443388e+01 1.432331900429026916e+01 2.645509006635140548e-01 3.839575189889257700e+01 1.271421316386506988e-27 1.613499146322908811e-27 5.391573507210548881e-28 7.689656954900758734e-01 6.220006283257134084e-28 5.882175845921792804e-04 7.118659180589405030e-04 2.661983016550476628e-04 4.419721478845777818e-01 3.860347065778149721e-04 1.717763778665374033e+06 1.984293381077954546e+06 8.695443193949171109e+05 6.441701472729238764e-01 1.067576430350029841e+06
1.358979010617297423e+00 3.748899613409503928e+01 3.187142564486408247e+01 1.222408307231782842e+01 2.713504198270051404e-01 2.888291879097738502e+01 1.280512111501275162e-27 1.424332561397718373e-27 4.652630862228603380e-28 6.973191776204066272e-01 5.998878594488348012e-28 7.334477315360512714e-04 7.530188082757334998e-04 3.757608771887507209e-04 4.214707786998174721e-01 5.594364413583109708e-04 1.962916952739371452e+06 1.945419609866994433e+06 9.984198880800895859e+05 5.339972913083426143e-01 1.436806335868783295e+06
2.361634850903744809e+00 3.070652119555732895e+01 1.703740840837230053e+01 9.971853555331453123e+00 2.499635408346686516e-01 2.430974949755933778e+01 1.370061798473401736e-27 1.015272721226619738e-27 3.900073366163267833e-28 5.583139181316904009e-01 5.781326009465979040e-28 7.672116162445775673e-04 4.304637641134180081e-04 4.189681460773864380e-04 3.025539372962287032e-01 7.472883877219468115e-04 2.192706069326905999e+06 1.282331909369015135e+06 1.124971160948211560e+06 3.705150161359879180e-01 1.910859170512610115e+06
4.104051001103932172e+00 2.398807982451692666e+01 8.327164749561923429e+00 5.981900226268749066e+00 1.649362737970825332e-01 2.194563855994927337e+01 9.086474871803448788e-28 5.579086744248524079e-28 3.887102513755155522e-28 3.507822100533851684e-01 6.492289434345154522e-28 8.039661024419704136e-04 2.913290876198849823e-04 2.799037509622047133e-04 1.481246745962220279e-01 7.956726588972814432e-04 2.390746994072360918e+06 9.078170921462140977e+05 9.794410769347029272e+05 2.068296259282213501e-01 2.252057416930303909e+06
7.132023230948114190e+00 2.213473125346139625e+01 5.809260712975717666e+00 2.770843060118725276e+00 7.624222574324153456e-02 2.139472080538710230e+01 7.628236967798856106e-28 7.528226568057309668e-28 1.592090529267792405e-28 2.029330892241865136e-01 6.012386406937591550e-28 8.170287993495236635e-04 1.530721819736215834e-04 1.232193771803105718e-04 7.318241787181864466e-02 8.050583893106932638e-04 2.439334320646686479e+06 1.569870541318475734e+06 3.659744596303272992e+05 1.306302796008367295e-01 2.143961923507735133e+06
1.239403588140144663e+01 1.031310576912166610e+01 1.468348910829792686e+00 1.038457232629397708e+00 4.761073452411461460e-02 1.014168307566888316e+01 3.311355582580063704e-28 1.466518642609619546e-28 8.963047011237077130e-29 1.442737432500422745e-01 3.062344812154265526e-28 8.027825146177956827e-04 9.861342934407418132e-05 8.889668236510179806e-05 4.965158535904232867e-02 8.017378515958238725e-04 2.333549697149582673e+06 6.413317549828845076e+05 4.761318144857110456e+05 9.634603130360290535e-02 2.249780810407269746e+06
