# R (Mpc), mean rho (Msol/kpc^3), errup (Msol/kpc^3), errlow, std, median rho (Msol/kpc^3), mean pth (Msol/kpc/s^2), errup(Msol/kpc/s^2), errlow, std, median pth (Msol/kpc/s^2), mean gas-mass-weighted metal (fraction), errup, errlow, std, median metal, mean gas-mass-weighted temp (K), errup, errlow, std, median temp  
#  nprofs 428, mean mh 211260216410.876221, median mh 200311396164.965851 
#  Mass range 11.00 - 11.5 
#  Nhalos 185
5.932145057505327102e-04 4.807967093801141530e+07 3.759146911047644168e+07 2.415474780325146765e+07 3.342947682248935126e-01 3.658816244165980071e+07 1.245989706272185302e-23 1.336264106391201556e-23 4.730123699573534904e-24 4.815054259193600195e-01 6.614497273039968650e-24 2.659022180959450584e-03 2.471931882715266461e-03 1.405144201842067030e-03 4.055736336067441439e-01 2.208051112888665367e-03 1.759187215924551856e+04 4.906188949767678423e+03 3.247116497855809939e+03 1.000928256203011818e-01 1.689616434233392283e+04
1.030888659719426644e-03 2.701714851268727332e+07 2.065216326044614613e+07 1.054667861419180036e+07 2.768679749817952174e-01 2.258332244370102882e+07 6.281753775416840378e-24 6.184515286007142066e-24 2.213732639041956599e-24 4.291671575347532075e-01 3.771600834373598492e-24 2.245186143480261669e-03 2.026801482080483122e-03 1.069063183921246593e-03 3.551316939039109166e-01 1.832431520427506028e-03 1.695141211730966461e+04 4.107977705473207607e+03 2.704648129030845666e+03 1.042152648776784596e-01 1.596227072772563042e+04
1.791479167208752171e-03 1.171103599093915336e+07 6.718164461411237717e+06 3.003441765319042839e+06 1.958705713741507592e-01 9.907612377006288618e+06 2.084690057465877814e-24 1.876870434294349244e-24 8.228929088771099996e-25 3.124058077020663848e-01 1.572502067638416758e-24 1.758350853522765806e-03 1.883857187846075783e-03 7.553867014954559426e-04 3.479546877126715732e-01 1.306017215552575167e-03 1.546106843647024834e+04 2.355955853965224378e+03 1.995155467445980321e+03 7.785360596530356558e-02 1.507041524457819833e+04
3.113233981462612109e-03 3.875959270559495315e+06 1.463776216184015851e+06 9.818457549693598412e+05 1.818161360305569074e-01 3.614731239489185158e+06 4.824425866262497476e-25 3.027491233411713878e-25 1.518140963787476372e-25 2.713384542057438176e-01 3.803196968851376293e-25 1.356349308937295417e-03 1.680357347439835744e-03 5.876768925591526480e-04 4.053476431423735926e-01 9.367098232257590248e-04 1.338157261838983868e+04 2.014994909133693000e+03 1.779893696547998843e+03 1.162052193351529455e-01 1.248945935427368386e+04
5.410180593076441800e-03 1.308561504666338209e+06 6.184551602536540013e+05 6.385896067817059811e+05 2.420319193200031194e-01 1.289295414343075594e+06 1.580148346655257255e-25 1.094637990225073722e-25 5.634650559150656021e-26 3.106036535617143213e-01 1.235357264896115286e-25 1.173719190192623087e-03 1.495054020991440791e-03 4.425912734032623691e-04 4.227402275290679246e-01 7.319761196826860298e-04 1.384746024348121864e+04 3.378386173197341122e+03 1.420915960754959087e+03 1.518370492905200542e-01 1.160922464292056611e+04
9.401816318332032948e-03 2.763099863589239540e+05 2.813685149256505538e+05 1.306043539396853303e+05 3.522303569361053266e-01 2.221798755494298530e+05 5.227639051807739261e-26 3.907002190456951340e-26 2.166234568181953262e-26 3.825915917586522053e-01 3.771312126679013559e-26 1.167947292100696838e-03 1.257301057414211137e-03 4.990418749410101404e-04 4.300927516778857429e-01 7.908149227939320148e-04 2.497051816873559801e+04 2.600064679956598775e+04 3.194850070756392597e+03 3.131533325708957816e-01 1.323188080575500135e+04
1.633848418974679848e-02 4.325006534015700890e+04 4.202859441458967922e+04 1.675747681415971601e+04 3.861463989346162196e-01 2.912710646013480437e+04 2.769308634496292959e-26 2.531121929934075673e-26 1.006032449124665879e-26 4.393385425670378042e-01 1.786682464297553226e-26 1.114034949851486385e-03 1.179757767899162688e-03 4.617151153745003385e-04 3.685330461196649754e-01 8.200489514596959488e-04 7.271085367297487392e+04 1.118099258059797285e+05 2.624117282962584795e+04 4.114498398146789748e-01 4.281498847333966842e+04
2.839303136545056824e-02 8.514702566698073497e+03 6.514246634423087926e+03 3.173593121950664681e+03 2.889166528967960779e-01 6.715927268792639552e+03 1.420956654973124361e-26 9.400742468075332363e-27 6.182232485185277367e-27 3.329834801064043837e-01 1.255959164053219268e-26 1.020927630629647059e-03 8.090644447967378170e-04 4.490967725715961181e-04 3.354669852584639123e-01 8.490973854991708258e-04 1.527742106463185337e+05 8.102454536915104836e+04 8.962110029435419710e+04 3.119419022418220555e-01 1.549441181907842983e+05
4.934143343758698452e-02 2.495408951749697280e+03 1.237346388580724579e+03 7.394543840022813583e+02 2.235531428786811936e-01 2.172593557845949817e+03 5.514793549679605775e-27 3.970240449707664273e-27 1.740666568378376843e-27 2.249733249715597794e-01 4.684375724325033286e-27 8.898311611781290018e-04 6.322239463535970572e-04 3.957040353364117799e-04 2.827363435920320911e-01 7.620329658325075564e-04 1.773211597016993619e+05 7.763287462522726855e+04 4.665477078136301134e+04 1.767965687808445707e-01 1.596818355846899503e+05
8.574558391952083469e-02 8.895015705270867556e+02 4.466859259123228867e+02 3.156061814221757231e+02 2.111309310640579473e-01 8.175951268448440032e+02 1.971590249694613483e-27 1.377053238607419548e-27 8.103771742704238182e-28 2.607801653216379467e-01 1.703040336608230296e-27 6.893282042768577016e-04 4.161048784516883838e-04 2.833041105445118684e-04 2.325201407413693966e-01 6.246323054912787231e-04 1.746118827989109559e+05 6.474460294279249501e+04 4.454648586031573359e+04 1.960674424242699887e-01 1.485208258440084173e+05
1.490087467969423429e-01 2.993536642898856712e+02 1.652881705739808353e+02 9.451979615703112358e+01 2.021438999837668338e-01 2.604760868032865915e+02 7.571364121479253851e-28 5.782990151326049495e-28 2.642218172075489847e-28 3.573294331784744315e-01 4.695398211272119708e-28 5.111049120273079144e-04 2.527808574193263235e-04 1.570315924487118014e-04 1.986980654870273977e-01 4.408371821529765886e-04 1.801447475759577064e+05 8.378538366024452262e+04 4.119838552840371267e+04 2.602887554797540526e-01 1.245153833215924678e+05
2.589475236746323628e-01 1.075442952388860363e+02 6.476399023305796732e+01 3.867256075041382957e+01 2.188321085661270315e-01 9.576030141819231289e+01 3.813546189101071229e-28 3.948618485699540149e-28 1.162802871060168905e-28 5.113658264278744259e-01 1.651410423629819297e-28 3.933079819361338784e-04 2.081049392625998517e-04 9.794380885494601463e-05 1.959038838196945909e-01 3.286786126543949889e-04 2.251525137173703697e+05 1.714212278384838137e+05 5.629280951981536055e+04 3.902904010487105446e-01 1.119546377224461321e+05
4.499992212443744144e-01 5.073084116465018667e+01 3.880041792146758439e+01 1.545586870417054115e+01 2.523685085124318661e-01 3.889012415395475841e+01 2.880136230121796806e-28 2.823461997848944964e-28 6.051960903156518119e-29 6.652634983243650435e-01 7.774458871984151676e-29 3.661059707062104323e-04 2.115405625093341670e-04 1.179561570430433443e-04 2.543528652252647348e-01 2.864478621390020656e-04 3.152230096237612888e+05 3.901343501316694310e+05 8.819777385865466204e+04 5.160394885947042765e-01 1.319830960345292988e+05
7.820090196150470963e-01 2.859466124143418142e+01 2.394611551233576918e+01 7.239280407726802480e+00 2.754000203163997629e-01 1.991397387029204324e+01 2.785560926490372114e-28 2.971928378417123603e-28 4.968179939468593011e-29 7.649969465779754563e-01 5.904098248498945692e-29 4.198203835317377837e-04 4.827061012885526959e-04 1.222478686804892188e-04 3.408277509273792694e-01 2.637331341546786216e-04 4.582397024294798612e+05 5.564087832646850729e+05 1.738405859746342758e+05 5.865882043271157809e-01 2.180261795835901285e+05
1.358975922376516987e+00 1.928265690920451547e+01 1.622280211172616760e+01 5.761941301525414616e+00 3.046681363083764138e-01 1.333359556810851210e+01 3.398736290858535277e-28 2.536408433016817745e-28 6.103893996817624085e-29 8.149326531434363252e-01 6.944790054699107714e-29 5.137942018547921388e-04 5.963189183773288070e-04 1.975504210041859174e-04 4.130306694702437498e-01 3.186429004047091826e-04 6.200028770694994600e+05 6.716332210758917499e+05 3.188045796288877027e+05 5.993681051735482157e-01 3.798883576739730197e+05
2.361629484156356984e+00 1.484972265771846089e+01 9.787149955732221684e+00 5.329267229103887615e+00 2.929537680587959159e-01 1.119871473958173524e+01 5.181289415655574898e-28 1.903508175226435297e-28 7.321845230595609197e-29 7.544744677749690709e-01 8.333669822885095857e-29 5.871169541674847638e-04 5.943807662387928315e-04 2.793417058331337560e-04 3.740645847965963777e-01 4.758117441174214641e-04 7.849591057933568954e+05 5.926897565639414825e+05 4.558425154526138213e+05 5.229812636756724364e-01 5.918584973575687036e+05
4.104041674765874781e+00 1.060349935372902763e+01 5.006397262320316344e+00 3.164326826910428991e+00 2.118174854860724876e-01 9.373953881546405853e+00 1.881522153876144915e-28 1.369881324760411680e-28 5.531638149197404896e-29 5.229617396702452847e-01 8.868770642897560721e-29 6.705420937689905020e-04 2.668635226830875628e-04 2.713149135259115851e-04 2.229581840085787803e-01 6.659569391509157724e-04 8.606765361702374648e+05 4.738149644957532873e+05 3.647790226067889016e+05 3.305327948588678844e-01 7.105412615329815308e+05
7.132007023630110076e+00 9.791904975606419370e+00 3.830920676337774111e+00 2.631518640474627801e+00 1.555073085035483249e-01 9.005603904215506716e+00 2.576458894264249478e-28 9.619183792595322378e-29 4.949760975299399490e-29 4.732740520243037818e-01 9.486224139504262540e-29 7.045939128161580502e-04 1.995366307576257586e-04 1.938827025313703562e-04 1.262190897590516891e-01 6.950440970281772900e-04 1.333771724711007439e+06 4.496853612769070314e+05 2.793879755761873676e+05 3.218416213774353274e-01 7.974019363244007109e+05
1.239400771631078335e+01 5.265848775581764230e+00 1.391476657937632311e+00 6.612757214753397506e-01 7.457682282775364435e-02 5.008848444756083040e+00 1.213181393722506890e-28 2.563937734090036183e-28 1.376105802436145408e-29 3.650953090514253430e-01 5.478439899048496496e-29 7.198766573225433372e-04 1.368357594828378127e-04 8.486945946764221354e-05 5.950620561402209657e-02 7.017811447580257246e-04 1.478222352850322146e+06 2.506341913792605512e+06 1.492103941195033258e+05 2.907901778051127373e-01 8.250944263631812064e+05
