# R (Mpc), mean rho (Msol/kpc^3), errup (Msol/kpc^3), errlow, std, median rho (Msol/kpc^3), mean pth (Msol/kpc/s^2), errup(Msol/kpc/s^2), errlow, std, median pth (Msol/kpc/s^2), mean gas-mass-weighted metal (fraction), errup, errlow, std, median metal, mean gas-mass-weighted temp (K), errup, errlow, std, median temp  
#  nprofs 446, mean mh 4079512240034.817383, median mh 3473018168195.173828 
#  Mass range 12.30 - 13.1 
#  Nhalos 38
5.932171770859670339e-04 6.635448506087668985e+07 5.338701028180046380e+07 3.556878203959220648e+07 4.386261478896295585e-01 4.869115283942183852e+07 6.927507710481476121e-23 6.619834014422805072e-23 8.987327252068733852e-24 5.452355002531404926e-01 1.869048581887633786e-23 8.941615688342988491e-03 4.598781527200158231e-03 2.623781727370095955e-03 4.264950778032983725e-01 7.271405878679812820e-03 2.037852029136826168e+05 1.446034615275633987e+05 1.257136875336908997e+04 5.715474049482319741e-01 3.279615111797182908e+04
1.030893301968358478e-03 2.362752238312970847e+07 4.849232359251266718e+07 5.849468130557520315e+06 4.910262718880875066e-01 9.753551075958771631e+06 2.609803129146705523e-23 3.745537796549916362e-23 8.604311391952936778e-24 8.584860138163462606e-01 9.415462719449703222e-24 8.272056865277977594e-03 3.752739316263953989e-03 4.255007884617746997e-03 3.913431167125447363e-01 7.616283593099822460e-03 2.580905836456610414e+05 5.455491981456693029e+05 1.549712101205491308e+04 7.282458404095007998e-01 2.930994817934167440e+04
1.791487234512792676e-03 2.045749454739644006e+07 2.911843869964490458e+07 3.901443766445843503e+06 4.875230642099411260e-01 7.589778852805902250e+06 2.206746626097701909e-23 1.661535596630001569e-23 1.414940265404161102e-23 6.701293360491601403e-01 1.640121557409220474e-23 8.012101868064058774e-03 3.437366729451305641e-03 3.193191225683018886e-03 2.368808007192817755e-01 7.993658013657728434e-03 2.800605195988349151e+05 5.639178578049255302e+05 1.784160459909755809e+04 6.944791573969893994e-01 3.562679419007097022e+04
3.113248000830259356e-03 9.356921377505635843e+06 1.235495597083353065e+07 2.424095998472894542e+06 4.197422198388266468e-01 4.531155570922872052e+06 1.635208924981706237e-23 1.422245597237446107e-23 8.814017504861707298e-24 5.009726618690752975e-01 1.235704317700328510e-23 8.623630344274038281e-03 2.298985112484245794e-03 2.823779588817462889e-03 1.688272043186903049e-01 8.388606347553116335e-03 3.229904559508123202e+05 3.944260460378954886e+05 1.008073923825771781e+05 5.849023833547682960e-01 1.347917410632005485e+05
5.410204955945158156e-03 4.015609604065419175e+06 3.300824616296809167e+06 1.535244920122154290e+06 2.889510382040461622e-01 3.279070494373372756e+06 6.523581233834280946e-24 5.491314379269932175e-24 4.277001968723248882e-24 4.910325702588525520e-01 5.718574140093076754e-24 9.801029461448141147e-03 4.925832586641464353e-03 4.506892223205088283e-03 2.016119107954808531e-01 9.137237597971982137e-03 1.356585114368155191e+05 1.290639750772500120e+05 6.018968782332631235e+04 3.678281920504494762e-01 1.008909246066390770e+05
9.401858656145479012e-03 8.598922258982741041e+05 4.446746319964220747e+05 5.201132287189050694e+05 3.034204313386141272e-01 8.703714795486319344e+05 2.722190120776826525e-24 2.129467124836770319e-24 9.045086121400193378e-25 2.718059085439928912e-01 2.128535353559236955e-24 9.148570792152074804e-03 4.374434377488904679e-03 4.714528801402488589e-03 2.216542248458183428e-01 8.782205713843261805e-03 3.126382664322102792e+05 2.714588331546195550e+05 1.018877102863091568e+05 3.409756503805342343e-01 2.044970613823628519e+05
1.633855776443408903e-02 2.228869756325781927e+05 2.019275162281675148e+05 7.131893894868271309e+04 4.106908171468826030e-01 1.344968654537703842e+05 1.276307649912779550e-24 1.433521250468948095e-24 2.975502941044750298e-25 3.040656629077265749e-01 7.753568717702033636e-25 7.545080901847169008e-03 4.314729046400853432e-03 3.712482857023492993e-03 2.277643564975529722e-01 7.165123221901622749e-03 7.235802411145861261e+05 8.706724633201559773e+05 3.737709661721301964e+05 4.132483719637753961e-01 5.367184997175625758e+05
2.839315922360311981e-02 5.340045596778148320e+04 6.567989417917016544e+04 1.549927216441694327e+04 4.044192088204888180e-01 2.850453501947959739e+04 6.490438571010200872e-25 4.817150261735893669e-25 2.560723516489200859e-25 2.689483340705358105e-01 5.479581686986233180e-25 5.864591566111304263e-03 3.225755860475531395e-03 2.066772417415973454e-03 2.185077501783161402e-01 5.067087460861558618e-03 1.458673855927803554e+06 9.542441230687783100e+05 9.550700857560671866e+05 3.650415470608556201e-01 1.309910614429347217e+06
4.934165562959044737e-02 1.389354215768138238e+04 1.128556220766868864e+04 5.314242109762228210e+03 3.195130894964281487e-01 1.047251940364643815e+04 3.874615983497726590e-25 2.116076634296705147e-25 1.252420107338759761e-25 2.590944014864571820e-01 3.092663079066194701e-25 4.285558377463575229e-03 1.905932644138885398e-03 1.407080610073519270e-03 2.027036141008815850e-01 3.911947721563201370e-03 2.500828780998810660e+06 1.778485584981097374e+06 1.296944001945354510e+06 2.833541160403188486e-01 2.420308969982854556e+06
8.574597004496860297e-02 6.227345437365460384e+03 6.081168695419218238e+03 2.141285514177670848e+03 2.930044595700277976e-01 4.993050724201914818e+03 2.037901156370552740e-25 1.316677968094057591e-25 6.260124017875583232e-26 2.783418086852615381e-01 1.473996488526708125e-25 3.049095361428061455e-03 1.497030098420284831e-03 1.290902458448884562e-03 2.267434750075330574e-01 2.962386761736871509e-03 2.600942477719435934e+06 1.422132889065122232e+06 8.422554746251516044e+05 2.417913867798786309e-01 2.242869686501523480e+06
1.490094178060654695e-01 2.779200145946932480e+03 1.812526018257772193e+03 1.110684228581246089e+03 2.446948260503417072e-01 2.437619605377741209e+03 8.431567981638125298e-26 6.543270162112813134e-26 2.025660220277922724e-26 2.868391091696892437e-01 5.706290187019211445e-26 2.086617741019724127e-03 8.172681959380703569e-04 1.037366392384097506e-03 2.214940539880337622e-01 2.066096233277467126e-03 2.233038768261205871e+06 1.156443684925553855e+06 1.039477062098553171e+06 2.247325116426150127e-01 1.985412121271627489e+06
2.589486897548426425e-01 1.137720883786217655e+03 4.871858733865228714e+02 4.142847483886821465e+02 2.023120742502603209e-01 1.018146248571987599e+03 2.734147251493299511e-26 1.462764612444299721e-26 7.297008198065309808e-27 3.244171602056721282e-01 1.998076790122489925e-26 1.574707348806026440e-03 7.415195700426790212e-04 5.727639996023750537e-04 1.865381243425697777e-01 1.478661764246902563e-03 1.633023601659099571e+06 5.306651990695064887e+05 8.333015369191413047e+05 2.251814209429296720e-01 1.690919787134288345e+06
4.500012476595302013e-01 3.520428171266498225e+02 1.341223842882885720e+02 8.901679031347237014e+01 1.758937650170507849e-01 3.198377597434916879e+02 6.712686627575650808e-27 6.095769037048577460e-27 3.168316552890489912e-27 3.776503961155527889e-01 5.285146103830214220e-27 1.160133633212120582e-03 5.202948364785215697e-04 4.199289560187577245e-04 1.757488101971744765e-01 1.109560065417748579e-03 1.245074473453749903e+06 6.239729412488327362e+05 5.709533948148658965e+05 2.406559177137786720e-01 1.179335846845529042e+06
7.820125411209841726e-01 1.118832553849996572e+02 4.346689647642855903e+01 3.188147189707112261e+01 1.710766064470939651e-01 1.050650526546450862e+02 1.778371823275998974e-27 1.670236418106554697e-27 9.084166499359559699e-28 4.305338500154674009e-01 1.390615262583094034e-27 9.780928546050239678e-04 3.845165602062577959e-04 4.076235532840476704e-04 1.929686606269249149e-01 9.511223242597327716e-04 1.081952160800584825e+06 8.427070623446401441e+05 5.338883862668161746e+05 3.172355219255262870e-01 9.630314827410386642e+05
1.358982042052452988e+00 4.009621016653348846e+01 1.674696097293172414e+01 7.057730155338106215e+00 1.481642498586537016e-01 3.510378494923876502e+01 5.584619300184257984e-28 7.218025311924090293e-28 2.696282561763849721e-28 4.553960811733904768e-01 3.913497195231125380e-28 7.442103002391934567e-04 3.655787250370142339e-04 2.268213864571091954e-04 1.842945288290301908e-01 6.582301548355780525e-04 9.153677736988248071e+05 8.386866868600548478e+05 4.828631186505581718e+05 3.400695550610030593e-01 7.873471954159355955e+05
2.361640118934270394e+00 2.166403133385278323e+01 1.107974832693902201e+01 7.776280564341812251e+00 1.923070112937801113e-01 1.956706856622079727e+01 2.487344723642977939e-28 1.905409666170773740e-28 9.386711580693682011e-29 4.486193699181904582e-01 1.537607876065996460e-28 6.326102870827469277e-04 2.720867954138205804e-04 3.050594934765286231e-04 2.139182604931937071e-01 6.410177551389745904e-04 7.065608761059768731e+05 4.024116879709511995e+05 3.158262823292659014e+05 3.100118729709626653e-01 5.999959145704864059e+05
4.104060155891746220e+00 1.468377383302057559e+01 6.050391765923112786e+00 4.285290095592380055e+00 1.751861646951138329e-01 1.331818592970412851e+01 3.266364322015769237e-28 9.248597570044859992e-29 4.498492425148842926e-29 4.552838321289779944e-01 9.241971514046534601e-29 5.505577106407333462e-04 2.721365913063487994e-04 1.756717203394402428e-04 1.688262980673381486e-01 5.186041906341338961e-04 8.198065507667645579e+05 2.710656241499957396e+05 1.575572317845025100e+05 3.017752449435256445e-01 5.540613621590115363e+05
7.132039140145964851e+00 1.185432486993872381e+01 5.511296317614421625e+00 2.824242876918736656e+00 1.517190327563890939e-01 1.086184725626647740e+01 3.542017770793953062e-28 1.119608673355204788e-27 4.739804100464441361e-29 5.926472800916396944e-01 9.110156314579487813e-29 5.629375055023060374e-04 1.448892354736574335e-04 1.280199360673159401e-04 1.381012729706027342e-01 5.664174833736475810e-04 1.480749642851174343e+06 4.540265482868431136e+06 2.143737514378687483e+05 4.466568430249685528e-01 5.793762590574389324e+05
1.239406352841865555e+01 4.415068409345400902e+00 6.737406290400977937e-01 6.386427603696933630e-01 7.194172758428325765e-02 4.334398213775018327e+00 8.219461558569530968e-29 1.015355060905544951e-28 1.276786847354229044e-29 4.219677541083218797e-01 3.305460363198726963e-29 5.281736035690431062e-04 8.351807331043441945e-05 6.528343591718143921e-05 6.980796714853527984e-02 5.233276764590699378e-04 1.154135960668831132e+06 1.404751598441493697e+06 1.451053733375206357e+05 3.531146470585719843e-01 5.616423922546454705e+05
