# R (Mpc), mean rho (Msol/kpc^3), errup (Msol/kpc^3), errlow, std, median rho (Msol/kpc^3), mean pth (Msol/kpc/s^2), errup(Msol/kpc/s^2), errlow, std, median pth (Msol/kpc/s^2), mean gas-mass-weighted metal (fraction), errup, errlow, std, median metal, mean gas-mass-weighted temp (K), errup, errlow, std, median temp  
#  nprofs 465, mean mh 212201588769.513977, median mh 196856895336.502991 
#  Mass range 11.00 - 11.5 
#  Nhalos 200
5.932141921095533113e-04 9.524507032768794894e+07 1.144139276280550957e+08 3.465051321483672410e+07 3.683220257505193662e-01 5.897247965992904454e+07 2.344367041658423225e-23 3.025395688920598204e-23 1.032550766601629993e-23 4.880835944445650609e-01 1.464038746808901658e-23 9.211958474764543343e-04 8.817651314869576727e-04 5.272963858719385832e-04 4.137041311036265823e-01 7.513340002567778751e-04 1.730296076488533436e+04 3.626971382604508108e+03 2.548248056639426068e+03 1.141659045368121628e-01 1.709023172261837681e+04
1.030888114673873032e-03 6.163835041770864278e+07 7.734905586174435914e+07 2.239353093475849926e+07 3.728314616172022644e-01 4.028171669276858866e+07 1.188384452100099565e-23 1.406148771059524170e-23 4.827096254281415343e-24 4.312221195314477340e-01 7.629568226418553704e-24 8.044262865612003457e-04 8.712292666358425856e-04 4.376954261460074685e-04 3.820114069447608784e-01 6.410154845706088865e-04 1.554444957805736703e+04 2.270900426180429349e+03 1.855561909784948512e+03 8.175871989560205833e-02 1.505723630108437646e+04
1.791478220028137197e-03 2.626850572036323696e+07 2.696617353151760250e+07 8.874613479724049568e+06 3.083711897680135872e-01 1.857130567682490498e+07 3.711010709874068964e-24 2.913996103928289236e-24 1.404556710875043591e-24 3.316277057587655452e-01 2.735814867372589944e-24 7.625517634184798919e-04 9.239410177186727297e-04 3.520133419870470582e-04 3.881847826700717818e-01 5.372937509619473513e-04 1.315750996478399247e+04 2.640170414863292535e+03 3.132256116867722085e+03 1.126190694467426728e-01 1.319505475506268158e+04
3.113232335451354259e-03 7.517594140028823167e+06 4.150111365522315726e+06 2.342057000675571151e+06 1.951096214125576933e-01 6.663330971678070724e+06 8.449897080121850236e-25 5.690149365966008391e-25 2.916681747803987638e-25 2.752559664678622675e-01 6.587226676120887973e-25 7.223252416057515798e-04 8.336026195791813821e-04 3.548599672028375810e-04 4.081248233792130198e-01 5.197506198169262208e-04 1.200766880520024824e+04 2.127291408884178963e+03 3.954345052943441260e+03 1.539842515944254975e-01 1.201377671690723582e+04
5.410177732636713838e-03 1.908368373860861175e+06 7.352906323669939302e+05 6.907831707781073637e+05 2.185164035369356328e-01 1.853856949580034241e+06 2.274666234195776504e-25 1.805511847904480008e-25 9.372204863621329467e-26 3.153945512607487789e-01 1.856481443521286031e-25 6.451485888073300520e-04 7.167636512046873234e-04 2.909942088716748246e-04 4.259138234431067427e-01 4.420929739639246426e-04 1.278722751929877813e+04 6.011514146594399790e+03 2.586384364084218760e+03 1.440341131609563508e-01 1.157368770013970425e+04
9.401811347457503243e-03 3.921305677849664353e+05 2.736943837187190074e+05 1.583250115219205909e+05 2.568921616056024093e-01 3.301919695356484735e+05 8.521586917430285200e-26 6.136506149130990158e-26 3.736021601432366757e-26 3.323238253446705315e-01 6.772714347563423564e-26 5.859921182163616363e-04 5.898398123481835009e-04 2.896238461681611216e-04 4.082667980219450987e-01 4.287071143101789578e-04 2.350566669525167163e+04 2.377240720675541525e+04 5.625800795667231796e+03 2.661714828027140767e-01 1.612599889236919080e+04
1.633847555135692006e-02 5.986299215570776141e+04 4.394718386149902653e+04 2.233537358387370477e+04 2.638464602720573815e-01 4.811390719649217499e+04 4.123003774088377277e-26 3.484774650370137372e-26 1.537753409780731887e-26 3.178057457260350938e-01 3.363187001151176327e-26 5.676604432794530707e-04 5.430153378294125472e-04 2.586344389728723655e-04 3.721457471153240548e-01 4.391181694559837022e-04 7.007633929571695626e+04 6.131626664212226751e+04 3.476285595811356325e+04 3.494566679016976596e-01 5.536025361031325883e+04
2.839301635364948131e-02 1.295867100598308207e+04 7.710071395647773898e+03 4.362466864247840022e+03 2.649439648432241889e-01 1.094983742703577809e+04 2.075975778034107038e-26 1.220562935667226247e-26 8.108092448837982841e-27 2.625201090253896363e-01 1.843483918324326696e-26 5.292334388129614920e-04 4.705937230786180845e-04 2.095130924208068589e-04 2.981952969180213797e-01 4.184319318836644515e-04 1.401837076138525445e+05 6.704222437143285060e+04 5.851645302945497679e+04 2.448597439470693027e-01 1.283301974790907116e+05
4.934140735006660450e-02 4.021624231592611977e+03 2.510855016685923147e+03 1.302303847423021580e+03 2.261625523782539726e-01 3.487268571066548247e+03 9.528347481279375242e-27 6.268311451784838104e-27 3.344924366279487847e-27 2.534618567435948933e-01 7.788824523688977286e-27 4.171262539728684288e-04 2.882918522914625385e-04 1.601779519111512029e-04 2.696006705223529809e-01 3.482643678793132056e-04 2.004678556642687181e+05 8.796578899873539922e+04 5.524636070086623658e+04 2.299582862834595454e-01 1.601159322716039896e+05
8.574553858460631783e-02 1.298864561604352275e+03 7.853142419270336632e+02 3.761793436043103611e+02 1.996982477283562596e-01 1.120392441454330310e+03 4.134292175140631321e-27 3.176252131969780067e-27 1.432508280457197570e-27 3.490079503778216741e-01 2.660450004009145473e-27 2.813124655467747750e-04 1.466629467122938313e-04 7.989224949663111886e-05 2.323536547277743614e-01 2.231868758064521553e-04 2.464951494799118955e+05 1.817616736106965109e+05 5.095147543896814750e+04 2.915903065199970667e-01 1.515665717425618204e+05
1.490086680138903164e-01 4.121597425184763210e+02 1.984859137782863741e+02 1.133272488423186815e+02 1.932933715587338841e-01 3.659531578797452198e+02 2.951163950673075984e-27 2.836939412680091655e-27 5.501305991466041759e-28 5.253386041688465902e-01 8.663363900855617436e-28 2.135016871228741979e-04 1.131884915829468625e-04 6.276289843954477267e-05 2.437617759907513559e-01 1.681808530252908716e-04 4.188060178053684067e+05 5.205476438526855200e+05 6.711717803240563080e+04 4.428835015822176202e-01 1.477230244728169055e+05
2.589473867653792616e-01 1.560640001930070753e+02 8.671413769330237642e+01 5.201056756896764455e+01 2.349371761184366747e-01 1.302676270372319891e+02 1.968863562147628078e-27 2.099793166571723867e-27 4.257266551325396469e-28 7.388586202250396751e-01 4.907520362772811594e-28 2.019811946417287359e-04 1.420383060907028983e-04 4.472727188122268866e-05 3.224417952873712134e-01 1.162148670252328682e-04 7.549375611161497654e+05 1.018632587720514974e+06 1.870487959113354445e+05 6.345043978256529327e-01 2.427857155661960714e+05
4.499989833233608572e-01 8.187987570205997656e+01 6.188501533882035233e+01 2.076176891483036258e+01 2.947911233104413831e-01 5.369128193053525422e+01 1.519932113108483078e-27 1.954631268199333624e-27 3.878545537825335319e-28 8.864380453509218549e-01 4.124159927426853214e-28 3.364308696427226100e-04 3.673208870205943184e-04 4.721250763882190978e-05 5.045257332008973306e-01 9.721952239004908380e-05 1.140450003167344490e+06 1.716922486100160982e+06 4.427051346322435420e+05 7.314647373405477326e-01 4.890558507791194716e+05
7.820086061557125490e-01 4.724702591166192889e+01 4.469043999067458373e+01 1.105477113347793150e+01 3.209124672472191686e-01 2.830798253033375289e+01 1.373510713756595222e-27 1.486159043014585168e-27 3.618062881740849085e-28 9.105155533762843145e-01 3.899339013802501923e-28 4.210308719305739383e-04 5.832947531366310112e-04 1.433059676619454295e-04 5.701749566653767642e-01 1.839021838689223684e-04 1.561420351092843805e+06 2.231160337416508235e+06 8.273013165845175972e+05 7.272493941456917854e-01 9.158463059582046699e+05
1.358975203866542802e+00 3.055225871084050127e+01 2.667304803198318552e+01 9.818479015336167848e+00 3.119660192654382658e-01 2.122755123542462741e+01 1.487593253638407344e-27 1.106506603516176275e-27 3.607822834763221786e-28 8.318572885550689078e-01 4.331020537277013566e-28 6.129231112146331243e-04 6.925225636175168014e-04 3.644700291022169320e-04 5.724247766481117550e-01 4.407718903330785963e-04 2.059520075872021262e+06 2.313408679749018513e+06 1.222723772744130576e+06 6.270007056430167980e-01 1.568472779536988353e+06
2.361628235529128705e+00 2.381254863433623825e+01 1.649684667624696743e+01 7.596810368851251383e+00 2.994383918957525537e-01 1.669328984662944748e+01 1.420897392572159685e-27 9.494870324390660395e-28 3.507125872935567624e-28 6.326103739196371478e-01 4.703639359699503621e-28 6.967812136809022321e-04 5.135527510566834444e-04 4.060026092671586225e-04 4.026048189230105323e-01 6.277948654704209024e-04 2.521497274935489055e+06 1.985120841363777872e+06 1.173558245805436978e+06 4.109870366745800863e-01 2.014142974281937350e+06
4.104039504900442559e+00 1.720367819606937942e+01 7.530494265782360586e+00 5.212592701513370841e+00 2.069864781215826899e-01 1.506355174807895203e+01 7.871703477093822808e-28 5.971727419514624026e-28 3.393446941305479442e-28 4.176729641020520689e-01 5.075084106326968443e-28 7.824706973895403841e-04 2.790774721917873777e-04 2.771104437962749112e-04 1.728006259364303632e-01 7.547697299802487436e-04 2.718818223554444965e+06 1.299479129136658274e+06 1.243807152719034348e+06 2.481893898392129871e-01 2.525904545872610528e+06
7.132003252836161877e+00 1.479170512806040527e+01 6.662380881295742796e+00 2.914589629187723574e+00 1.216755492510888381e-01 1.370892896236466996e+01 6.382154106698005300e-28 9.553767613224648880e-28 1.603144496623025558e-28 2.862524516310280265e-01 4.336645238439224271e-28 8.078674962619563152e-04 3.602365712047368284e-04 1.689376438642794642e-04 1.216393923952805017e-01 7.558819851368309660e-04 2.847917936575944535e+06 2.459073118185980245e+06 5.088519093912090175e+05 1.717603660372790941e-01 2.377655919122011401e+06
1.239400116342193847e+01 3.979246253221109697e+00 7.873985326930705853e-01 4.624448350203453906e-01 6.438192300554063108e-02 3.844790229965014738e+00 1.499297088282051106e-28 1.419703424464133125e-28 2.082393211405885907e-29 1.898198120314157633e-01 1.159181388350433882e-28 7.853512010641995741e-04 2.532838257107780525e-04 1.065410577632093991e-04 8.761836807156644924e-02 7.414144955257318025e-04 2.657920331317692064e+06 1.587543651076677255e+06 3.452105873072298709e+05 1.297532754874842764e-01 2.308175617712086067e+06
