# R (Mpc), mean rho (Msol/kpc^3), errup (Msol/kpc^3), errlow, std, median rho (Msol/kpc^3), mean pth (Msol/kpc/s^2), errup(Msol/kpc/s^2), errlow, std, median pth (Msol/kpc/s^2), mean gas-mass-weighted metal (fraction), errup, errlow, std, median metal, mean gas-mass-weighted temp (K), errup, errlow, std, median temp  
#  nprofs 445, mean mh 212956493231.002106, median mh 203596819106.130249 
#  Mass range 11.00 - 11.5 
#  Nhalos 190
5.932158702927985659e-04 6.257519366698102653e+07 6.064851186285281926e+07 3.555648773970469832e+07 3.756412210120408379e-01 4.912230575347336382e+07 2.738846288061378143e-23 4.161041621685420286e-23 8.243642685641645538e-24 6.205196909233039460e-01 1.024813985042881074e-23 6.316518768493122570e-03 2.612708505904616854e-03 3.408096642846742200e-03 2.906361189054272320e-01 6.363413092486966058e-03 2.522242904094211190e+04 7.470241183131762227e+03 4.578839459112768964e+03 2.282276964525316865e-01 1.889401540336394464e+04
1.030891031022107118e-03 3.750633187400392443e+07 3.324016313827852905e+07 1.927384958608335629e+07 3.583474354019408059e-01 3.127834437342248857e+07 1.818668653538906229e-23 2.606404093953942998e-23 6.553439689324882095e-24 6.805061468836340888e-01 7.845182529782419449e-24 6.257534947105429166e-03 3.230864195850498971e-03 2.974347315233537639e-03 2.616616347140421905e-01 6.026949894424080134e-03 2.926917685936698763e+04 2.978861074167557672e+04 4.937877984320522955e+03 2.918785109275660039e-01 1.877508818622077524e+04
1.791483288060515293e-03 1.630704853842391260e+07 1.230237687646571174e+07 7.936304935725007206e+06 3.627386541209385862e-01 1.446108220146755874e+07 9.435270164137029636e-24 1.493756804916308250e-23 4.384715982168016313e-24 7.450252543329300980e-01 5.049890593449619180e-24 5.719342621733589614e-03 2.544456802695944930e-03 3.489226455922546464e-03 2.942226202940430024e-01 5.762872403032017962e-03 3.515454374607538921e+04 3.316185359668835008e+04 1.362971011345090665e+04 3.496692997292447647e-01 2.593084657771451748e+04
3.113241142682221171e-03 5.292918235018490814e+06 3.026396931325962767e+06 1.873663982156056911e+06 2.297977268568312526e-01 4.721900636887328699e+06 3.364323302090861263e-24 3.619067334804918129e-24 2.317753795130637202e-24 6.034973731161814570e-01 2.629716649422122243e-24 5.041923902526674293e-03 3.078194586561782894e-03 2.983622814079886845e-03 3.220402661707587044e-01 4.877965778054760976e-03 4.650467508877713408e+04 4.698449236908752209e+04 2.124448535772146715e+04 3.806062747880167296e-01 3.305817113877152588e+04
5.410193037849813334e-03 1.532542248110400513e+06 4.940634009743221104e+05 5.027908212836259045e+05 2.045997952869628711e-01 1.534647690121602733e+06 7.521673722168862835e-25 7.017251988182309266e-25 4.111479514811684175e-25 4.268958387087724571e-01 5.851098988683114019e-25 4.427921091536078657e-03 2.699855458906816330e-03 2.561287441098340778e-03 3.319131265297184386e-01 4.224906655276441242e-03 4.299374323954783176e+04 4.128725598795130645e+04 1.767102762238586001e+04 3.530731686381422540e-01 3.185322251871768822e+04
9.401837944869510452e-03 3.234778704365752055e+05 2.639161637703295564e+05 1.052514026691261097e+05 2.961517657689139438e-01 2.667921432447746629e+05 1.623903329107894869e-25 1.512383786216468209e-25 7.192549930340171916e-26 4.322175339262218641e-01 1.210998330244133960e-25 4.000184556723732597e-03 2.402721981155764731e-03 2.403930180762231441e-03 3.314306865811429414e-01 3.833013552239638699e-03 4.950962671274866443e+04 5.642129989188564650e+04 2.011000031501016929e+04 3.737948951804303532e-01 3.430334258114716795e+04
1.633852177236155140e-02 4.634143009540594358e+04 4.254208960114749061e+04 1.405079036730748339e+04 3.303707325773897474e-01 3.179130921218671574e+04 3.522267343441092279e-26 3.772527862552971241e-26 1.707992235351498454e-26 4.796743036953941552e-01 2.530076813880293163e-26 3.859167784856194945e-03 2.420319402818770296e-03 1.979577701248036795e-03 3.151356254195507023e-01 3.581126037143892576e-03 6.960945588881596632e+04 7.741175743718654849e+04 2.992985834762574450e+04 3.916772399709193553e-01 4.758175485414052673e+04
2.839309667654963537e-02 8.830073282593542899e+03 8.059089479318416124e+03 3.234409099744964351e+03 3.335238796471720613e-01 6.363582440198304539e+03 1.102412215887844313e-26 8.173265036736162454e-27 6.043573323403270613e-27 3.498133183410207514e-01 1.034446860159525587e-26 3.412869141014393103e-03 2.341018088532928650e-03 1.459628962934833140e-03 2.644735266004069607e-01 3.039774815342379845e-03 1.130756398024061054e+05 7.640834537770824682e+04 5.030241498115829017e+04 2.719500857110777603e-01 9.998578359406387608e+04
4.934154693526905666e-02 2.550277101320158181e+03 1.737926012673440709e+03 9.906849441322301573e+02 3.255477303433244041e-01 2.102732859988140717e+03 4.351804636246238131e-27 2.363582598809205065e-27 1.970103043713560201e-27 3.012759213347372955e-01 4.097056837395562212e-27 2.875808367639419438e-03 1.861056389236553834e-03 1.151871847090348228e-03 2.556853728139101278e-01 2.482358010885907674e-03 2.331953337379190198e+05 7.398999230360967340e+04 5.432907823593652574e+04 2.675852260017039796e-01 1.347707724705594883e+05
8.574578115588683824e-02 7.319809833979905989e+02 4.497888283961616480e+02 2.874687401678329479e+02 3.012939917393228639e-01 6.533958627617199681e+02 1.617410142640760230e-27 1.214010021819013395e-27 5.660487976696848231e-28 2.826097736933578797e-01 1.303961657445484068e-27 2.191876977958006397e-03 1.384010279128094741e-03 9.535304197304783061e-04 2.635572260538515676e-01 1.905878335314980165e-03 2.036001639867284102e+05 1.008860772673194006e+05 3.925791064818124869e+04 2.335871415946383645e-01 1.427525169126700494e+05
1.490090895544625982e-01 2.297247839654246775e+02 1.505716611571568251e+02 8.165665602139876000e+01 2.945183196495591571e-01 2.029280567240232926e+02 7.488240346440341692e-28 6.830589914292431391e-28 2.509190450376684559e-28 3.540521111804474375e-01 5.074862192850497438e-28 1.479342314031228999e-03 1.264174719392188468e-03 4.948618468054060467e-04 2.988696468687148666e-01 1.071703512464626529e-03 3.893765923723431770e+05 2.639238353250059881e+05 6.049575289014897135e+04 3.500895317534728490e-01 1.708189203355974169e+05
2.589481193189351327e-01 7.938370121218730446e+01 6.504680899954314555e+01 2.234949382372685278e+01 2.922385680264008578e-01 6.536522042231450769e+01 4.929504727311688229e-28 4.975476318788486484e-28 1.758555609667082601e-28 4.487944750753930512e-01 2.781743253467917259e-28 1.052853869750166281e-03 1.203302435298345390e-03 3.184441575838494278e-04 3.183585475229888662e-01 7.025055576604998875e-04 8.897149797636389267e+05 5.869955783481267281e+05 1.603443590804665582e+05 4.604526816594147753e-01 2.788386690422493266e+05
4.500002563555373647e-01 3.667759367990063879e+01 2.986584777144669189e+01 1.135496856484821748e+01 2.970213258807281598e-01 2.862463144825364125e+01 3.740017481419934574e-28 3.704719372678986930e-28 1.576211198866075034e-28 5.152010289103136076e-01 2.225731067305167799e-28 8.895667782342169243e-04 8.861414325969222718e-04 3.637111963730379083e-04 3.658153918221786483e-01 6.202764865876151529e-04 9.228441311516653514e+05 9.110333593673272990e+05 3.247482233593613491e+05 4.675203856255847334e-01 4.942935118220305885e+05
7.820108184320838651e-01 1.954011750324123398e+01 1.329291895875573104e+01 6.893200743273542486e+00 2.927654740815723300e-01 1.513294114372881083e+01 3.269334740027035276e-28 3.161886562088487650e-28 1.398196913619895455e-28 5.064072591866767281e-01 1.952051078007991127e-28 9.032797995817548609e-04 1.066840913619495701e-03 3.795190751172342471e-04 3.920938687516056231e-01 6.091294383260726242e-04 1.437765033469981980e+06 1.096942446067230310e+06 6.693511466645951150e+05 4.354806303332681705e-01 9.766084459173353389e+05
1.358979048362254582e+00 1.226464190263253862e+01 8.623486965803376592e+00 4.120295911580964976e+00 2.774344442508367425e-01 9.644803468476478514e+00 2.895345181505004290e-28 2.541756357292435141e-28 1.084153425963942450e-28 4.762710930546763533e-01 1.750183717234713056e-28 9.794529719155753780e-04 8.237673733774782299e-04 4.996034350769775314e-04 3.696987745551624238e-01 8.061386411669121781e-04 1.789922686077953549e+06 1.318115593392877374e+06 8.494797020183438435e+05 3.624291714513110385e-01 1.416020506574880797e+06
2.361634916496962333e+00 8.842330327503972853e+00 5.409954144696431655e+00 3.459102812371621205e+00 2.438033839831316996e-01 7.626977149901639663e+00 2.510414377844378707e-28 2.446271660125181600e-28 1.145841317364045651e-28 4.234909846038939496e-01 1.736813105035247566e-28 1.096508451399841278e-03 6.810495803816029974e-04 5.408729522796021458e-04 2.849606280865127905e-01 1.031815671406828517e-03 1.921745759853374446e+06 1.291338624333047075e+06 6.186720044271007646e+05 2.728891439591754620e-01 1.588681886022868799e+06
4.104051115091881030e+00 7.169019113393297893e+00 4.022284417625551001e+00 1.968405250404289042e+00 2.151805566299655748e-01 5.991401692923160383e+00 2.495949388914516196e-28 2.184653092774501935e-28 1.058993166087670920e-28 3.760543653600338931e-01 1.736825995879196536e-28 1.106609275072006340e-03 4.049140268215524995e-04 3.632206004675937608e-04 1.731850177394451129e-01 1.091416194357319302e-03 2.167006446929643396e+06 7.807112640367643908e+05 8.954921597763758618e+05 2.029909249985035191e-01 2.133913354091476649e+06
7.132023429036466133e+00 6.666011872070650490e+00 2.677021634801091565e+00 1.750212465196514522e+00 1.746131509523388969e-01 5.964736936151631141e+00 2.724870537855507255e-28 1.453197364553724625e-28 9.618932331681424555e-29 3.386278915749604823e-01 1.826163385569304752e-28 1.152945894938012640e-03 2.792265191807808723e-04 2.787539786957414934e-04 9.747281474027776060e-02 1.170228926324617426e-03 2.518667277449012734e+06 6.897795879807705060e+05 6.700537670090778265e+05 1.745974449512069648e-01 2.296492145305517130e+06
1.239403622563954954e+01 4.109541930106754393e+00 1.145416695618975300e+00 6.135778270266061263e-01 8.531906740466739525e-02 3.963536493304337771e+00 1.451340665867912404e-28 1.393406936610193183e-28 2.234938455154878270e-29 1.894544291423750082e-01 1.137750101529777295e-28 1.155731446319631980e-03 1.420881991348792259e-04 1.210125127341331319e-04 4.766067601199296816e-02 1.152022423055623461e-03 2.485840264680969529e+06 1.353965414660526440e+06 2.528009824150230270e+05 1.092138474613503496e-01 2.223727437358740717e+06
