# R (Mpc), mean rho (Msol/kpc^3), errup (Msol/kpc^3), errlow, std, median rho (Msol/kpc^3), mean pth (Msol/kpc/s^2), errup(Msol/kpc/s^2), errlow, std, median pth (Msol/kpc/s^2), mean gas-mass-weighted metal (fraction), errup, errlow, std, median metal, mean gas-mass-weighted temp (K), errup, errlow, std, median temp  
#  nprofs 462, mean mh 1322779456088.913818, median mh 1264875170691.076172 
#  Mass range 12.00 - 12.3 
#  Nhalos 39
5.932145057505327102e-04 1.357576931087715328e+08 8.488505319801099598e+07 9.260796346912089735e+06 4.989846468535222845e-01 2.746530382874873281e+07 2.224698669431012437e-22 3.298403406437190562e-23 9.407208215833988060e-24 8.540416891845050706e-01 1.126928345662899678e-23 1.443235627723354376e-02 1.053979179056465862e-02 3.405047995722750367e-03 3.055698390390678698e-01 1.142004734605132910e-02 5.394398978504191473e+04 1.161032851150532952e+05 1.465043992677134520e+04 5.140128459754657042e-01 2.511979292786211954e+04
1.030888659719426644e-03 2.350616463309030607e+07 2.058232914100060239e+07 3.770265380734002218e+06 4.828360150803096551e-01 7.433927058813933283e+06 3.066490435264428631e-23 1.403257207615550855e-23 3.750539141750078950e-24 9.898172915225262880e-01 4.027145592168905474e-24 1.638864895853377537e-02 8.777714314484480820e-03 6.075856857351946520e-03 3.209090238938731576e-01 1.369197884680532599e-02 9.008318784225662239e+04 1.217715646418815741e+05 1.236324104668640211e+04 6.885861460361457631e-01 2.297754404289850572e+04
1.791479167208752171e-03 1.132177616968069971e+07 1.355910034728330374e+07 2.286200671462791041e+06 4.747618092476486584e-01 5.114834652286066674e+06 2.190581806192592587e-23 1.654055672167796408e-23 2.345750876257917939e-24 1.008449889824644785e+00 2.630128264607540572e-24 1.542213300653393244e-02 7.509070581009413825e-03 5.643464908526520454e-03 2.326414501711413507e-01 1.366272320140204249e-02 8.154185542706915294e+04 1.063214665791686712e+05 1.978565083951238921e+04 6.183510580604989482e-01 3.156972872682662637e+04
3.113233981462612109e-03 4.470416190111246891e+06 3.711684956196106970e+06 1.451665324187730439e+06 3.395928498129393014e-01 3.213478091175431386e+06 9.798899436134763180e-24 8.196165085257386861e-24 1.177991022429443590e-24 9.004585119266567128e-01 1.312547741375546477e-24 1.638796537233042430e-02 8.156005348785596784e-03 4.930956247025339648e-03 1.855919208767136952e-01 1.478732571739190503e-02 1.105164464302751439e+05 1.144434408883651486e+05 4.403458780789122102e+04 5.902312415971866510e-01 5.601283391760982340e+04
5.410180593076441800e-03 2.095063244279199746e+06 9.078893688999286387e+05 3.732979891383866780e+05 1.748460491529079674e-01 1.813461281742088264e+06 3.363843847155152953e-24 5.456078218877662055e-24 8.011088214616021945e-25 7.315478553126804062e-01 9.622632478207196479e-25 1.800485502590301254e-02 3.368426248079200297e-03 8.365910920002611259e-03 1.915679699801414171e-01 1.952791020347110704e-02 1.124502380442323483e+05 1.931724904811862216e+05 3.185997681799814018e+04 5.636740551988259629e-01 4.387739070524417912e+04
9.401816318332032948e-03 4.578153324613481527e+05 4.513836380811292329e+05 1.212381105022738921e+05 2.469563604024717363e-01 3.402654840012846398e+05 6.280707722763878632e-25 9.054846355656771560e-25 3.132603405251539877e-25 7.584607834595795683e-01 3.377861492743376693e-25 1.738210913479155267e-02 5.806865384136442737e-03 8.423235718051508281e-03 2.035459588121618091e-01 1.783650848500107147e-02 1.130454232081640075e+05 1.220647896879543550e+05 3.295144952735993866e+04 5.783180952819517717e-01 4.299338755292566930e+04
1.633848418974679848e-02 8.027446489803057921e+04 7.857257793557431432e+04 2.251657370726979934e+04 4.374390347982334837e-01 4.277811785136564868e+04 2.028186284686560651e-25 1.633329049490443535e-25 1.237288969826232710e-25 7.449421101479637430e-01 1.337012343607718578e-25 1.606371442194324400e-02 6.405904491861898892e-03 8.441709514344216889e-03 2.091097835145013795e-01 1.715699106501928153e-02 2.684798501974552055e+05 4.190291020586680388e+05 1.229434340734726866e+05 6.014382502335494651e-01 1.543091779381523666e+05
2.839303136545056824e-02 1.682476911246558302e+04 1.847173303267164010e+04 4.155946887195452291e+03 4.522738661967999896e-01 8.030786378209993927e+03 9.682183770803793766e-26 6.765076060267725287e-26 4.758020219886561423e-26 6.471013471455808741e-01 6.681323877914967052e-26 1.396378777675930973e-02 9.351112877427241940e-03 4.851685060764178957e-03 2.276334610696743033e-01 1.214862899513440529e-02 6.214840810469037388e+05 7.131880348471292527e+05 2.923482824986421037e+05 4.926255268841517321e-01 4.022563162517474266e+05
4.934143343758698452e-02 3.835910469253007250e+03 2.024305279864646764e+03 1.053617847857572315e+03 4.603876164440219854e-01 2.316321853933011880e+03 4.276060812996741185e-26 5.002026506817432791e-26 1.978066178940574446e-26 5.889958022224393019e-01 2.855272662917898886e-26 1.156190520147955952e-02 7.695330544935288092e-03 5.539303104863884698e-03 2.421666819206657884e-01 1.084970030640109578e-02 9.003915498761808267e+05 6.533516568420568947e+05 3.268069603834176669e+05 3.378264648550728388e-01 6.429907710777046159e+05
8.574558391952083469e-02 1.443415627999212802e+03 1.327744506925829683e+03 6.107714716952341405e+02 4.414356823165683230e-01 9.726834183883837568e+02 2.121191335893117574e-26 1.898814156771063954e-26 7.244955973864724245e-27 5.199112545038870881e-01 9.884900806531530099e-27 8.506769550898957491e-03 6.163736039412490153e-03 3.006428966249414907e-03 2.652124702528145250e-01 6.934546730957381194e-03 1.078204169760670979e+06 8.139686915803696029e+05 1.497622782800093410e+05 2.867838958353717271e-01 6.319369627903392538e+05
1.490087467969423429e-01 5.632533466943540361e+02 7.567731435140742633e+02 2.673100410517783416e+02 4.488279475919944583e-01 4.048036170332654820e+02 8.199394306063435416e-27 7.393720574004574605e-27 3.435586518569878612e-27 4.815487045205842920e-01 4.984073936592773362e-27 5.763566982389594501e-03 6.281956817512038965e-03 1.406071281142274015e-03 2.795712358623679838e-01 4.359955776392667598e-03 1.037275886424301192e+06 5.106828150592163438e+05 4.478254137009964325e+05 2.417118034688514883e-01 9.347562177347819088e+05
2.589475236746323628e-01 1.838984096983543566e+02 1.714334266916387151e+02 1.049786220228950953e+02 4.008546704657331428e-01 1.630188932968457607e+02 3.029366370935036236e-27 1.597594705934146303e-27 1.370226603185928121e-27 4.477452684391970417e-01 2.229883806074952673e-27 3.650609490403745362e-03 2.703408172359179906e-03 1.135034909457985092e-03 2.451440257320115779e-01 3.015866229469323610e-03 1.115534954070117325e+06 5.672495743743202183e+05 3.965193396016625920e+05 2.023262602041114300e-01 1.071626401658121264e+06
4.499992212443744144e-01 7.635458225148950362e+01 5.305950478250692015e+01 4.361594939996168563e+01 3.593836242703353778e-01 7.222850155204491784e+01 1.344734110209878421e-27 1.122399589244493587e-27 5.597621362978778633e-28 3.596235618760170172e-01 9.634970369068771858e-28 2.664279305743690648e-03 1.500438124748314315e-03 8.211994421950797023e-04 2.153750070974452813e-01 2.217241180280197024e-03 1.397980459320694674e+06 6.086755136188226752e+05 7.248814286310371244e+05 2.914887917452292920e-01 1.278168142956469906e+06
7.820090196150470963e-01 3.558120277016555377e+01 1.356935227095281959e+01 1.281704612383808239e+01 2.494451603185906530e-01 3.511758505865846303e+01 6.959056321925939781e-28 6.446443772371858466e-28 2.687273314163184880e-28 3.190817004858046979e-01 5.170171032757445687e-28 1.820196859251678760e-03 1.023191382486245268e-03 5.691843788050972384e-04 2.042737372105193905e-01 1.624356165758205099e-03 1.543165527658060659e+06 1.282008823284348240e+06 5.307768256392655894e+05 2.941045322663954353e-01 1.182539364810027415e+06
1.358975922376516987e+00 2.013581192347256987e+01 8.769121795392933905e+00 6.908565434033516084e+00 2.034710383808060186e-01 1.943201620860134327e+01 5.029738332032861445e-28 3.114810092292440966e-28 2.718911677816006162e-28 3.317038948729378878e-01 4.503572938434167028e-28 1.426953479392951453e-03 5.578763969610327396e-04 4.414305886537885082e-04 2.012307584222926549e-01 1.278776137841686764e-03 1.826436377824808471e+06 9.062502511092193890e+05 6.813823290836778469e+05 2.550703880033303728e-01 1.601395751873248490e+06
2.361629484156356984e+00 1.393242835966813864e+01 6.913123619452262503e+00 3.634372010921525842e+00 1.904894696721214919e-01 1.261234570733156879e+01 4.411882513474993565e-28 4.513806838675681713e-28 1.514471471200627382e-28 3.563017096119698857e-01 3.239892786436118443e-28 1.247088584528917386e-03 6.556791147010352858e-04 3.398753448662603397e-04 1.806342719076855785e-01 1.155139566712454647e-03 2.146365273805594537e+06 8.050213806570959277e+05 9.284336774099050090e+05 2.231380947721868235e-01 2.219024803673329297e+06
4.104041674765874781e+00 1.218528661343989583e+01 5.710232865633324550e+00 3.026666037064659420e+00 1.741630745115947676e-01 1.045506500613786294e+01 4.838718606058622702e-28 3.560876121507347610e-28 1.247658398709131046e-28 3.822259075993354460e-01 2.708352396665605611e-28 1.266386811954180311e-03 2.665902987343709337e-04 4.580889437410717770e-04 1.312542354843649894e-01 1.324285393179126758e-03 2.233372985194799956e+06 6.693597043823224958e+05 6.501397119157237466e+05 2.251178059976892964e-01 2.090725056501263985e+06
7.132007023630110076e+00 9.274093168997643133e+00 2.207075616473208157e+00 2.393792417198056910e+00 1.284736030539297691e-01 8.743361873842868448e+00 3.010121536335715496e-28 8.055019037189522194e-29 1.336280130859521865e-28 2.813644488552692335e-01 2.618595209892138188e-28 1.175478853064212351e-03 1.503861016526001487e-04 3.346543978213823746e-04 9.577915564467107123e-02 1.217798303383317137e-03 2.133015416691282764e+06 1.817863871693704277e+05 5.866683847761068027e+05 1.573740130815094174e-01 2.126623793507514521e+06
1.239400771631078335e+01 3.987300533083064202e+00 1.021861845973194516e+00 3.555037350534284712e-01 6.586049150645004180e-02 3.822809973820296303e+00 1.227131222146666795e-28 1.027083672029905663e-28 1.454718562768355597e-29 1.981103626223730541e-01 9.293082549748813571e-29 1.141896252435509228e-03 1.745568129490804223e-04 1.236612064162555692e-04 5.550636132873279505e-02 1.118775152423933522e-03 2.153087516485875938e+06 1.048754324742179131e+06 2.106340362553545274e+05 1.333830510026411120e-01 1.842345291230826871e+06
