# R (Mpc), mean rho (Msol/kpc^3), errup (Msol/kpc^3), errlow, std, median rho (Msol/kpc^3), mean pth (Msol/kpc/s^2), errup(Msol/kpc/s^2), errlow, std, median pth (Msol/kpc/s^2), mean gas-mass-weighted metal (fraction), errup, errlow, std, median metal, mean gas-mass-weighted temp (K), errup, errlow, std, median temp  
#  nprofs 456, mean mh 4169668692497.096191, median mh 3584845242637.437500 
#  Mass range 12.30 - 13.1 
#  Nhalos 33
5.932180175954789589e-04 3.393210148065721244e+07 4.049972191263075918e+06 5.215769052347715944e+06 3.007301055431792491e-01 2.009692312943124026e+07 1.323944701994428652e-23 1.974082503353158455e-23 3.368711252869249063e-25 7.292073368097572450e-01 1.687296284825709870e-24 1.242246870101142500e-02 4.975530064108137779e-03 5.017716733637146015e-03 2.023476136678171999e-01 1.258763180521419237e-02 4.050148624082354218e+04 5.169445949951917282e+04 3.344178501911772400e+03 5.629464542092165180e-01 1.343849685398714792e+04
1.030894762606484986e-03 1.262517282125715353e+07 5.033021653193884529e+06 1.976588880091349129e+06 3.522891285483204515e-01 5.930827365910417400e+06 1.420376577928087748e-23 9.124814722218753323e-24 4.263193562061565428e-25 8.538951457322109251e-01 7.191864534869098281e-25 1.755530557211919945e-02 1.319363242745725737e-02 1.221410785892842153e-02 3.825837850413516539e-01 1.688027165324442261e-02 1.316748519055477809e+05 8.806744935818458907e+04 3.975492768849331696e+03 6.327130719771527634e-01 1.410126587638913952e+04
1.791489772810939867e-03 7.200530813849141821e+06 4.175001235246228985e+06 1.582617345080279745e+06 3.193141016451878089e-01 4.310719521925876848e+06 1.287978633084046696e-23 7.338892836520274776e-24 2.084886876690503361e-24 8.885783700175569066e-01 2.317873716379775807e-24 1.691123467512799239e-02 7.212457575191167508e-03 7.475028957948980438e-03 1.809634082516884679e-01 1.734368938568679394e-02 1.482590096355879796e+05 1.135780799135091074e+05 4.685779674559246632e+04 6.596595675709381323e-01 5.580896964029848459e+04
3.113252411886883054e-03 3.758092351396001410e+06 1.234739460190518294e+06 8.800332001197605859e+05 3.063386371528858398e-01 2.638367120403439272e+06 6.350601075078239446e-24 8.356372097067890732e-24 1.278399718131099366e-24 8.189443726650418309e-01 1.470455147011701295e-24 1.865824343970919064e-02 6.276531339651943847e-03 7.665954735665588340e-03 1.613320002453941804e-01 1.906935818376056038e-02 1.365778128356369270e+05 2.568998721073127235e+05 4.502430802880103874e+04 6.217531233793234247e-01 5.481170790430715715e+04
5.410212621483013670e-03 1.628500456086658174e+06 9.838161625707168132e+05 8.493434313809515443e+05 4.344113606074737066e-01 1.508047106761878356e+06 2.910837562536344016e-24 3.835845237414856464e-24 1.145248334480352770e-24 9.240618393959835197e-01 1.218014220367584315e-24 2.079155797911869108e-02 4.623856196748918346e-03 7.151274213656936760e-03 1.539215195762253241e-01 2.208660070830796573e-02 1.373614069523829676e+05 1.279568815759375866e+05 6.018887798696188111e+04 6.061290512008203901e-01 6.990737807700590929e+04
9.401871977323516399e-03 3.063218703099308768e+05 3.489132505861653481e+05 1.979644756029993005e+05 5.932666143464020436e-01 2.442198017176113499e+05 7.970800847416711391e-25 1.433323738353321441e-24 3.512378642094504697e-25 9.345099291442856559e-01 3.643039859683629258e-25 1.976560243014778215e-02 3.639828584552223800e-03 8.687251118691945162e-03 2.038396338769561389e-01 2.159219632927068117e-02 3.931209536303408677e+05 4.169195051677545416e+05 7.517505016982376401e+04 7.733705327984577993e-01 8.651693702975510678e+04
1.633858091398833132e-02 5.493591558355989400e+04 6.225391522010773042e+04 2.282636161617288599e+04 5.056498302628772423e-01 3.081023045023218583e+04 3.937518374643344369e-25 4.076055274651242267e-25 2.028437088576601315e-25 7.587223924619498350e-01 2.470054322198720600e-25 1.916253399941719032e-02 5.742379442341911944e-03 7.727136000283046924e-03 1.630448936400775706e-01 1.990985713237920784e-02 8.397132422230608063e+05 1.015404991538520670e+06 2.931735759432541672e+05 6.632888749239224113e-01 4.243294435461768880e+05
2.839319945291765221e-02 1.104519936592591876e+04 1.043930257170528057e+04 3.711753756951775813e+03 4.071116523456188574e-01 6.516012504665445704e+03 1.672603477442885482e-25 9.379176059327039827e-26 9.707031479279412251e-26 5.420189514073333603e-01 1.469083584863426974e-25 1.660586384560870307e-02 7.379959450259380299e-03 6.049480467720665458e-03 1.937847662999673537e-01 1.558683390423480294e-02 1.553040673177483259e+06 8.850726552253041882e+05 7.424440034977976466e+05 5.155557409437843130e-01 1.305083649378090864e+06
4.934172554012659223e-02 3.674459619098086478e+03 5.403086155562328713e+03 9.553597354670573623e+02 4.003936138036988668e-01 1.955191035925226515e+03 7.978101507708392351e-26 5.028036750441147735e-26 3.783882531519470866e-26 3.533746314612825068e-01 6.454924118170758712e-26 1.309916129487011076e-02 8.467819496515257421e-03 5.775747934506799547e-03 2.425412660936013265e-01 1.270391004285279651e-02 2.034211242612222442e+06 1.341976517924448941e+06 7.745382624468141003e+05 2.919758557847216829e-01 1.624520906375618186e+06
8.574609153555624863e-02 1.493960670918070491e+03 1.861286315486245712e+03 4.598702071860813021e+02 3.634997024082863848e-01 9.248939703747499834e+02 4.371727125247770800e-26 3.688723994285821125e-26 2.191021191193041883e-26 3.694822859044398222e-01 3.413014036046619601e-26 9.710823457813983275e-03 7.505846449744800475e-03 5.312705061514743851e-03 2.945875339061394538e-01 8.611427331899762505e-03 2.556257294744865969e+06 1.481347586550777312e+06 1.057597847847184632e+06 2.706076487575572731e-01 2.237877771193658467e+06
1.490096289325093804e-01 7.523219189123283286e+02 9.254653661006218499e+02 2.386468161878398178e+02 3.663439779947117447e-01 4.882803359888216619e+02 2.244479688763186520e-26 1.716875918146985480e-26 1.007949732318740506e-26 3.621869378790005811e-01 1.690800936159380995e-26 6.747004471404248992e-03 4.923729511461905767e-03 2.607004034415696860e-03 2.921876539204614209e-01 5.256007019484842599e-03 2.581722925789094530e+06 2.138954465426642448e+06 1.054720920834969962e+06 2.759509317673564111e-01 2.097080611135341460e+06
2.589490566505518454e-01 3.135227129890919286e+02 3.023053205542867090e+02 1.357158539933715247e+02 3.337862869225332596e-01 2.351054193707241211e+02 9.754632475478656526e-27 9.269596171914551542e-27 4.401776634879910503e-27 3.125610848531170105e-01 7.427241129121967110e-27 4.368775182393232551e-03 2.330496134309098608e-03 1.609295964455095384e-03 2.336061519968480049e-01 3.705244661676200275e-03 2.539300452461963054e+06 8.094224490782087669e+05 1.180505148544841912e+06 2.430783683545480744e-01 2.308635604295203462e+06
4.500018852511976086e-01 1.378281750646438013e+02 6.771681403515009379e+01 6.245485565022111984e+01 2.468532712695249431e-01 1.298635934058800672e+02 3.712949437442066195e-27 3.495678219700278208e-27 6.964776593294303078e-28 3.054068606170355915e-01 2.500950011421681374e-27 3.051630661110019647e-03 1.315612701097354943e-03 1.691847252836929357e-03 2.195582675548392870e-01 3.228862943799153725e-03 2.011661212599134538e+06 9.029619212413555942e+05 6.281392170543180546e+05 2.342561817811022740e-01 1.674019779989161063e+06
7.820136491283121716e-01 5.631489784140386234e+01 2.172770986768600920e+01 1.678731950164085873e+01 1.683647146465373223e-01 5.246838262161909228e+01 1.472700502972905499e-27 7.361416419910827685e-28 6.020521970671466874e-28 3.191449865826525567e-01 1.227123177899211117e-27 2.093250309300946892e-03 8.398428830810782467e-04 1.015201981611630819e-03 2.234318633015207889e-01 2.119156253100984259e-03 1.828431250329662347e+06 6.120963856003377587e+05 9.971696885199649259e+05 2.514025971673105597e-01 1.829036856632017531e+06
1.358983967548505811e+00 2.787807125451950441e+01 9.932531396674022517e+00 7.941659481783766239e+00 1.426022336151165637e-01 2.789212809096174084e+01 7.670258864191172449e-28 2.985924216675265540e-28 4.546812009411472956e-28 3.376071679572507644e-01 7.247382227706951054e-28 1.642834692700671697e-03 5.700884950228224911e-04 6.443785001789058102e-04 1.714340825870327156e-01 1.687495747442444103e-03 1.986018085785919568e+06 8.350427872119508684e+05 8.953273053414179012e+05 2.625052286448406602e-01 1.761639827893791720e+06
2.361643465062907232e+00 1.625104451534084404e+01 4.678239785386441696e+00 5.800225721174655291e+00 1.531315999027378083e-01 1.626005758987261629e+01 5.386751593320823563e-28 3.274916664877082527e-28 2.680204306601296004e-28 3.471022506352943737e-01 4.905490690509516000e-28 1.383483095736067533e-03 5.073385416348278904e-04 4.361001129172234524e-04 1.557134152741341537e-01 1.357148441902603130e-03 2.279727600297207478e+06 7.000567111514438875e+05 1.134077382973371306e+06 2.289186878752574872e-01 2.391198644185861573e+06
4.104065970796863638e+00 1.078045667264293073e+01 3.288754725452129435e+00 4.340080856580070368e+00 1.438067087219767615e-01 1.109749615586484772e+01 3.959445683206042274e-28 1.511996829613198448e-28 1.884178396118151609e-28 2.611542896494172261e-01 4.185905706116342380e-28 1.190797676622691852e-03 3.496846505307113929e-04 1.739596533900501871e-04 1.048183847791381712e-01 1.168283206943806704e-03 2.639488616034057923e+06 3.671943393200328574e+05 6.523926094238311052e+05 1.508664054792899778e-01 2.735312213861736935e+06
7.132049245292897410e+00 9.313604209586547000e+00 3.485768804535908316e+00 2.368986942475365787e+00 1.424282867478786352e-01 8.547172776359477808e+00 4.170809178204987988e-28 3.271644910768796162e-28 5.908642592489928215e-29 2.919508738984994412e-01 2.959280176795504475e-28 1.188573702231863214e-03 1.637059841000420082e-04 1.419556804072700552e-04 8.908928699692189590e-02 1.199023519131318244e-03 2.952029270160317887e+06 9.278042733426475897e+05 4.039572104547470808e+05 1.562236062093070310e-01 2.671589348937814124e+06
1.239408108915136886e+01 4.780237066650650846e+00 9.255149991612618976e-01 6.628192562444601421e-01 7.275280133250891512e-02 4.663552979612036964e+00 1.810447301426142000e-28 1.579326858215357814e-28 2.185820838421589811e-29 1.723849703079949058e-01 1.433075775576848140e-28 1.112183563106916009e-03 1.701770453609284268e-04 7.007882470132969013e-05 4.738379985845608128e-02 1.074686884383789336e-03 2.693211720132555347e+06 1.336281553907908499e+06 2.427419192522130907e+05 1.042732115034654405e-01 2.419664722200203221e+06
