# R (Mpc), mean rho (Msol/kpc^3), errup (Msol/kpc^3), errlow, std, median rho (Msol/kpc^3), mean pth (Msol/kpc/s^2), errup(Msol/kpc/s^2), errlow, std, median pth (Msol/kpc/s^2), mean gas-mass-weighted metal (fraction), errup, errlow, std, median metal, mean gas-mass-weighted temp (K), errup, errlow, std, median temp  
#  nprofs 455, mean mh 4238861484804.897461, median mh 3235438299541.447754 
#  Mass range 12.30 - 13.1 
#  Nhalos 35
5.932162445594626674e-04 6.047693637000508606e+07 9.557132749541059136e+07 1.502780790162087604e+07 4.291434970167295471e-01 2.935442312197452039e+07 5.010430830554775588e-23 6.295383072835459202e-23 4.146554171710581595e-23 7.374101138177735493e-01 4.289677146504143326e-23 9.010001761729348121e-03 1.355146635004992814e-03 7.171015758014378030e-03 3.427770980398315848e-01 1.162442940333289175e-02 1.544500868828604580e+05 4.497659265527833486e+05 1.994447493486496751e+04 6.348487247862026894e-01 3.164233904365950366e+04
1.030891681423026437e-03 2.236193697155324742e+07 2.780910715933358297e+07 6.302559091304341331e+06 4.627968106021655981e-01 1.015437418805919215e+07 1.877340667916298871e-23 2.384751400983976081e-23 8.799202932828244386e-24 7.992220690931925997e-01 9.219742764085009228e-24 1.342532452073197380e-02 5.693455971556894007e-03 5.254141931993387346e-03 2.712058898679449159e-01 1.237159860921842672e-02 1.660733638842143409e+05 2.715463669212764362e+05 2.631340586563751276e+04 6.730499491803662027e-01 3.834915528656859533e+04
1.791484418327772034e-03 1.091998617841535434e+07 8.708869804175311700e+06 2.469127641244403552e+06 4.153627994421131286e-01 5.137414440060259774e+06 1.479709826191949677e-23 1.194764908761859675e-23 6.588051521664331423e-24 8.551191928268356834e-01 6.955496596052216976e-24 1.644258074344493933e-02 6.733350207147506539e-03 6.310734144037164275e-03 2.280474266518324467e-01 1.419253059561332436e-02 2.511878135867952369e+05 2.535119822567625670e+05 6.273804461772384821e+04 7.296995246870235929e-01 7.328252756552277424e+04
3.113243106861596308e-03 4.526038554326232523e+06 4.471693509781866334e+06 1.209811135043047601e+06 3.284201292136542105e-01 2.890203933915721253e+06 1.545690157031679043e-23 2.253809962762517397e-23 7.020095952304804770e-24 7.883273510442341259e-01 8.325395894534879298e-24 1.677111121225205101e-02 6.375614874975246704e-03 4.880448073579833970e-03 1.651456199515918266e-01 1.536785024004437561e-02 4.160192045306790387e+05 3.579756678953251685e+05 1.800535717387625482e+05 6.759119895477260220e-01 2.246844838325784658e+05
5.410196451202359258e-03 3.544649076881228015e+06 3.824628475612058304e+06 1.605985214723694138e+06 5.105558037831187113e-01 2.603375412361492403e+06 7.225264393723009176e-24 8.467025633677943578e-24 1.621396357691267103e-24 8.241284135477509043e-01 1.902390548635346773e-24 1.859529104684434081e-02 6.295242161021338129e-03 8.653168190499580664e-03 3.261292083205756809e-01 1.913082946022785433e-02 2.931032504459419288e+05 1.318019764382014400e+05 4.362997439115961606e+04 6.184197999240973465e-01 6.340263518402673799e+04
9.401843876596392702e-03 6.998656206922952551e+05 5.989945425954496022e+05 4.206924518382890965e+05 3.903005034050280320e-01 6.264008339923704043e+05 2.511759047163160175e-24 2.373513733784744987e-24 1.640524682189527660e-24 8.202541361327322367e-01 1.821971386685922099e-24 1.841707099849124174e-02 6.412187174737904449e-03 1.024800015249587026e-02 2.026543380055728649e-01 1.953000932237047849e-02 2.808538656565952697e+05 2.449395523345067631e+05 1.349503478320633294e+05 5.669911337719134581e-01 1.790805919096377911e+05
1.633853208052144651e-02 1.272696855730218231e+05 1.762243555483105592e+05 7.433158708695761743e+04 5.080685214379506709e-01 9.613353764707707160e+04 8.643092110490908181e-25 7.879054252923257219e-25 3.396247296390812633e-25 7.912377092978101212e-01 4.941268664670198127e-25 1.591318278236831044e-02 7.139860212749763596e-03 7.651659417682860412e-03 2.136099264405065534e-01 1.595959679765932351e-02 7.022813784382843878e+05 9.124636977434214205e+05 1.961914104008246795e+05 6.157974643838898254e-01 3.330159979042559280e+05
2.839311459007843805e-02 2.395619821502347986e+04 3.781737490209241514e+04 6.687035580670831223e+03 4.523073083169965591e-01 1.315459987194790301e+04 4.659943309766304400e-25 6.826104110232272642e-25 1.248795139920914627e-25 6.299072915872594436e-01 2.190392153060331126e-25 1.344863482438708215e-02 8.698943571790422949e-03 5.296325629693473744e-03 2.581682538938584459e-01 1.188025896393647175e-02 1.520693067164144479e+06 1.260336259468636941e+06 8.671504914247808047e+05 4.415996450087582570e-01 1.328789747290276922e+06
4.934157806541426133e-02 6.937492323003714773e+03 5.553997761740371061e+03 2.539099440578207577e+03 3.849895130135518873e-01 4.866811898287805889e+03 2.657412194677382622e-25 3.288390015954368177e-25 6.927078135524847820e-26 4.883176217455404422e-01 1.256952204578036311e-25 1.007452550588637183e-02 7.046577721382916992e-03 4.247698288287056825e-03 3.019281641973738939e-01 8.803028333465457572e-03 2.549064979069741443e+06 1.708475796238362323e+06 1.120715701947978232e+06 2.924577384957015025e-01 2.170119526932739187e+06
8.574583525387895200e-02 2.936791978320743510e+03 2.498939553683464055e+03 1.137618139967005391e+03 3.427775816789707664e-01 2.401462595680055983e+03 1.200490582587808352e-25 1.370847525171759779e-25 4.134101825719704898e-26 4.416203308433532815e-01 7.373538808352663017e-26 7.168997564478523689e-03 5.639763494219119516e-03 2.845038719922055384e-03 3.275361126784618326e-01 5.740495694343138514e-03 3.079916435496475548e+06 2.604285068232919555e+06 1.160281207579119829e+06 3.399028577201468893e-01 2.318477683286866639e+06
1.490091835659981823e-01 1.285271617035279633e+03 6.690064188033056780e+02 4.118343881806765694e+02 2.986208641543014464e-01 1.102899290456285144e+03 4.954228340556327726e-26 5.764878745019307652e-26 1.486172853001102151e-26 3.951162307176990796e-01 2.965749165931052384e-26 4.704277797658105130e-03 3.736900512618187946e-03 1.667869662576132190e-03 2.665292286100264252e-01 3.895924309721521261e-03 2.810226692877026740e+06 1.810170381148506189e+06 8.934118318680280354e+05 2.960160049540970228e-01 2.060109216061697574e+06
2.589482826922595571e-01 5.604384451834243919e+02 2.640563194905573710e+02 2.158031193590530847e+02 2.643943777344775481e-01 5.211508397648389064e+02 1.923432227594936101e-26 2.559014896368525105e-26 5.864994249401063370e-27 3.602254688469498367e-01 1.151033180413990575e-26 3.115108900277474210e-03 2.663353056561995353e-03 9.673216688910061048e-04 2.503173535166037245e-01 2.522287445423058907e-03 2.304362448056297842e+06 1.227729221635932568e+06 7.214132914364575408e+05 2.473500328060240783e-01 1.981810922763755079e+06
4.500005402658359133e-01 2.382843586656100854e+02 9.763840249693822670e+01 9.631242717512685658e+01 2.250279894161898442e-01 2.249220054652816430e+02 6.216530223705530775e-27 5.797927346215324691e-27 2.600790423557343961e-27 3.365351631936072119e-01 4.527324488424546182e-27 2.319798982802569014e-03 1.217256407272935322e-03 7.705732462765925266e-04 2.161489520986639157e-01 2.174346111315575859e-03 1.773787096135695232e+06 1.127152887059245957e+06 5.500275307182446122e+05 2.202283030042321288e-01 1.541894763115389505e+06
7.820113118116359674e-01 8.477333078811896883e+01 2.446552834179189517e+01 2.562866945417748354e+01 1.638661246443631758e-01 8.165145476926122114e+01 2.010707882656345297e-27 1.679188901761451869e-27 6.959974048100487010e-28 3.106990427184767589e-01 1.487305975764431091e-27 1.671468872609803815e-03 7.913853306873966549e-04 5.651994012676076363e-04 1.770320743673712283e-01 1.601179199897074471e-03 1.632438723398926901e+06 9.799647286019031890e+05 4.788027226672000252e+05 2.221648088453576642e-01 1.463203157322402578e+06
1.358979905757649043e+00 3.867366418439876696e+01 9.884599388775328066e+00 9.756639853339059698e+00 1.143083473616785944e-01 3.732184412802666884e+01 1.005584856153973326e-27 7.774318810250970633e-28 4.002742259850020476e-28 3.071527299266925137e-01 8.156195565396254338e-28 1.366845848918721773e-03 2.547893227649070894e-04 5.189281133397044728e-04 1.642941415705276575e-01 1.368110049105466077e-03 1.815387415488268947e+06 8.812103825662101153e+05 8.624297804508963600e+05 2.311513515449737932e-01 1.820793102543160552e+06
2.361636406479389549e+00 2.315751903167621606e+01 8.536971444058902847e+00 8.219392179460516701e+00 1.614186147476750766e-01 2.259055498813706109e+01 7.248522099405273266e-28 6.008296347782513188e-28 3.229664976399120733e-28 3.437933882257945828e-01 5.645035077060944309e-28 1.127716455824950229e-03 5.621225435271544595e-04 3.284491636208759346e-04 1.619770566307074111e-01 1.085481960085558700e-03 2.128204303891093004e+06 9.221562267644831445e+05 8.595452635202312376e+05 2.099953889383595618e-01 2.054809528953955742e+06
4.104053704384576839e+00 1.646457900295908772e+01 3.676334957996356678e+00 5.915029096651387874e+00 1.580246072319319017e-01 1.649538491271421137e+01 5.804424998178935642e-28 2.122941331127986739e-28 1.698019181581651814e-28 3.158425885979118108e-01 4.308421908319890380e-28 1.005524553570560095e-03 2.743384546628417197e-04 2.455356058882306050e-04 1.202205635546327173e-01 1.001591007213069795e-03 2.215043682549603283e+06 4.527509319703853689e+05 5.777607637362894602e+05 1.840083413348733432e-01 2.192783846245847177e+06
7.132027928711459630e+00 1.354611416846233318e+01 5.070976359810854817e+00 2.770539488266665629e+00 1.305684342579724322e-01 1.258030933304082843e+01 4.963861859229312379e-28 8.184716122561200890e-28 9.393819224493348347e-29 3.215185850946468138e-01 3.283234004464585249e-28 1.008866644738490000e-03 2.048465201153696746e-04 1.874947713374902625e-04 1.021625593696257744e-01 1.016390832248177103e-03 2.378609693253967911e+06 2.433558155664776452e+06 3.960660595102496445e+05 1.933835601932003823e-01 1.957542699194812216e+06
1.239404404517848235e+01 4.325192666963313393e+00 6.073298906033786082e-01 7.090119339646925312e-01 6.252848036065696002e-02 4.260908067482286121e+00 1.310878293325836001e-28 1.326991673644126962e-28 2.975251269505330941e-29 1.991255822563264555e-01 1.056540436808992198e-28 9.485247432836603834e-04 1.414563691954123965e-04 7.740584269270653090e-05 5.431887946531938072e-02 9.196957104385702735e-04 2.140010126547408756e+06 1.524873108796631452e+06 3.311310225256013218e+05 1.403303369050953875e-01 1.831965505691825878e+06
