# R (Mpc), mean rho (Msol/kpc^3), errup (Msol/kpc^3), errlow, std, median rho (Msol/kpc^3), mean pth (Msol/kpc/s^2), errup(Msol/kpc/s^2), errlow, std, median pth (Msol/kpc/s^2), mean gas-mass-weighted metal (fraction), errup, errlow, std, median metal, mean gas-mass-weighted temp (K), errup, errlow, std, median temp  
#  nprofs 463, mean mh 4092169997153.428711, median mh 2712176201720.472656 
#  Mass range 12.30 - 13.1 
#  Nhalos 33
5.932173081830181089e-04 2.511106425999297500e+08 2.879971021766258478e+08 5.463361078238314390e+07 5.928088923252750053e-01 7.483931386870613694e+07 8.558733973460180435e-22 1.927427698935401479e-22 6.244678173535120177e-23 1.045566591912410415e+00 7.575915944520753716e-23 1.589576901549973748e-02 8.135510027444135817e-03 4.449052210493213352e-03 1.533795366714716668e-01 1.480015741037635224e-02 1.944033215598856623e+05 4.030095310583068640e+05 2.855671541578246979e+04 7.241240224504803535e-01 4.768920200022983772e+04
1.030893529788922541e-03 8.266078272770558298e+07 1.704018298821220100e+08 7.716126253825554624e+06 7.172980319331538901e-01 1.176547822494067624e+07 4.395671348375524762e-22 2.250352028815388983e-22 2.548915756102893501e-23 9.866443527008901260e-01 2.872593655279916012e-23 1.462257365693142575e-02 7.503588975407685449e-03 5.508336228333767653e-03 2.322215870061750398e-01 1.338059906430790792e-02 7.375518128726364812e+05 6.860393449273433071e+05 1.105830948789468966e+05 8.007098626561984789e-01 1.334177979102126264e+05
1.791487630419557730e-03 2.641903135748660937e+07 4.138985377252641320e+07 2.761573472645407543e+06 6.529703280995068360e-01 5.519915732360957190e+06 1.976205132450475914e-22 1.676094151402822759e-22 1.905745272239335133e-23 9.616735400711267090e-01 2.270160575148862425e-23 1.559438256761475593e-02 1.349355114049972416e-02 3.320152070008547396e-03 2.098435980980049576e-01 1.319503538401423960e-02 8.930776873799845343e+05 8.073836651900421130e+05 2.467527821048040059e+05 7.907973462580095703e-01 2.733770729316201760e+05
3.113248688837364202e-03 8.530900960113717243e+06 9.843880530639728531e+06 3.483705440882891417e+06 4.627026948004499540e-01 4.969385776142964140e+06 6.164548023308675994e-23 8.112479003950752039e-23 1.497487538574568766e-23 1.053511687973966549e+00 1.623199924012791060e-23 1.812348750071018574e-02 8.734228423634908534e-03 8.577682108696031010e-03 1.931213275146075048e-01 1.782417808313785726e-02 6.142275986837224336e+05 9.394442127942463849e+05 1.556976565536223643e+05 8.095792626687287052e-01 1.752823019113966729e+05
5.410206151564474382e-03 5.674216656487039290e+06 3.062123468430899084e+06 1.446024704287162982e+06 3.627001685935234421e-01 4.731346279477151111e+06 1.645017382079346479e-23 1.353247974134488621e-23 6.130691946442353933e-24 8.247467532245227329e-01 6.909455344274427702e-24 1.831902043252860157e-02 8.809482157938669511e-03 9.905438381564686881e-03 2.010732457290121677e-01 1.926685228400151079e-02 1.651696107184991706e+05 2.013909321311538806e+05 8.479999245163273008e+04 5.151986336795063570e-01 1.022937328055051767e+05
9.401860733893718097e-03 8.005723547096204711e+05 7.304740255905960221e+05 4.093704996907571331e+05 3.668310387742009238e-01 6.784161372055259999e+05 4.748245497150203010e-24 3.434258353382342589e-24 2.329350446772657119e-24 6.111524434677727546e-01 3.061893304875983302e-24 1.782096351482987534e-02 1.048959107471946275e-02 7.408030952691019300e-03 2.146530762081171051e-01 1.662546542311633610e-02 3.990162869111133041e+05 2.747330184066027869e+05 1.628783084460489335e+05 4.863979988354674711e-01 2.884500046431041555e+05
1.633856137514670334e-02 1.473583111536691140e+05 2.460636893373819767e+05 3.412621506774868612e+04 4.209874943168772643e-01 6.843947788315777143e+04 1.751989489755353988e-24 1.935611665792997312e-24 5.864772027492702885e-25 5.663288001679389616e-01 8.832339488425790459e-25 1.641879017655901649e-02 1.025124792520093822e-02 6.995170418346114902e-03 2.314847024241485640e-01 1.518127979132118457e-02 9.902939334185867338e+05 1.199174475764703471e+06 4.183646173783891136e+05 4.629840984150848660e-01 7.050554292343403213e+05
2.839316549830248754e-02 2.843277370849118597e+04 2.118398359844053994e+04 6.823404232715492981e+03 3.490378153596112032e-01 1.700358835488797558e+04 6.544577948514408002e-25 4.692949777044037798e-25 1.460058449578809452e-25 4.088462545799128600e-01 2.967097608290508287e-25 1.366294816468951144e-02 1.058539083488572487e-02 3.896766201644607554e-03 2.210316380630012734e-01 1.149892936877395556e-02 1.543829847857405199e+06 1.398076797172408318e+06 6.654664691308850888e+05 2.732697057939999508e-01 1.259171672230261145e+06
4.934166653376820949e-02 7.994403418766877621e+03 4.949571573261007870e+03 3.691706092897766666e+03 2.462096933258771103e-01 7.246001863647141363e+03 3.438168739237222942e-25 3.903373234305995216e-25 1.053978129228498579e-25 3.998533074269146614e-01 1.806761455694143029e-25 1.042751359151863552e-02 6.174324449550893171e-03 2.827040905984652165e-03 2.348524470169118528e-01 8.581888637808064366e-03 2.466182503698767163e+06 1.099862538903470151e+06 1.253303334126279922e+06 2.430021335977448349e-01 2.395543940592164174e+06
8.574598899425776855e-02 4.381228790768890576e+03 3.753140785613814842e+03 1.219455630588501663e+03 2.742740002141013100e-01 3.310637959481387952e+03 1.727180870039764501e-25 1.881886159862462884e-25 4.961107962661573176e-26 3.303926473539993691e-01 1.137169727441851793e-25 7.641924560279330335e-03 6.602480391179436046e-03 2.543678348429763945e-03 2.725159809453540083e-01 5.812750333904146728e-03 2.799155052668054588e+06 1.700038945547154173e+06 9.200600200824476779e+05 2.387214981098417788e-01 2.401942343505107332e+06
1.490094507361558740e-01 1.956133980613384665e+03 1.605782688329556322e+03 6.141649683649724238e+02 2.403836891828427802e-01 1.550443592763810784e+03 7.570446144568160887e-26 7.222057540962518482e-26 1.758320645232449957e-26 3.120773481464649279e-01 4.667694478251120283e-26 4.754912806756965080e-03 2.813644826065863844e-03 1.481683376160019064e-03 2.676506944093660634e-01 3.842652429016904687e-03 2.869075936583606526e+06 2.134169913704693783e+06 8.796594889253200963e+05 2.639923088411987862e-01 2.197291669872189406e+06
2.589487469807810194e-01 8.147407623403632897e+02 2.726446615307979755e+02 3.037006165012321048e+02 1.975584501174523777e-01 7.699465645346037945e+02 2.951348014444014367e-26 3.650849954312373348e-26 1.015052482232961732e-26 3.555144071429660046e-01 1.911141532134130331e-26 3.183039966520482492e-03 1.570338155803543360e-03 1.081198739232920548e-03 2.396068893235395736e-01 2.907076353665234442e-03 2.382429765712074935e+06 1.939973295924960636e+06 5.479811243725747336e+05 2.416013386055255452e-01 1.860859907364429440e+06
4.500013471068133319e-01 3.142897890887513768e+02 1.862430956564273856e+02 8.265833632973738077e+01 1.921962952831237637e-01 2.565567550294906596e+02 9.011641297236101742e-27 9.054443545256291337e-27 3.672898844383447804e-27 3.680333437475848957e-01 6.116759823674089659e-27 2.034866222282862014e-03 9.216680220538464325e-04 6.827922068816344274e-04 1.655260694492650952e-01 1.918567588160745947e-03 1.881490577033656416e+06 1.303372843102467479e+06 7.368778183434751118e+05 2.495746287053967616e-01 1.608866014191602124e+06
7.820127139405553818e-01 1.149168321625224110e+02 4.260623057007077819e+01 3.739373516113943197e+01 1.681336199071928883e-01 1.059111118730511691e+02 3.128087751975070490e-27 2.865649338341244616e-27 1.051185586044505086e-27 3.573628838370330185e-01 1.950349986486612974e-27 1.572631380739475653e-03 4.098157593178152272e-04 5.445618101406592484e-04 1.550375459234639985e-01 1.514362937382614672e-03 1.778228113333344925e+06 7.661152550646087620e+05 7.448801279897927307e+05 2.469428359344930657e-01 1.665128314686418744e+06
1.358982342378446839e+00 5.578293667761397501e+01 1.103740559250549325e+01 1.455288391875003384e+01 1.749990327343234342e-01 4.944277631695477737e+01 2.299339373255095891e-27 7.571736385182868877e-28 8.706165995009752357e-28 4.339700445071413282e-01 1.281483383412426865e-27 1.263445280416194798e-03 6.588987691061160262e-04 3.569180711268336035e-04 1.858963655262667047e-01 1.157957230182510896e-03 1.956284482189423637e+06 7.228764826808278449e+05 9.843979001689211000e+05 2.904459329886009411e-01 1.813195775573757011e+06
2.361640640841031757e+00 3.312408300495269486e+01 1.209255689864587424e+01 1.033190834915749434e+01 2.005367385474811914e-01 2.929690663938871609e+01 1.419894860395360091e-27 5.732672504763301646e-28 4.823624620180349955e-28 4.498722867872822495e-01 7.441385251579700542e-28 1.062900196653887921e-03 4.705656209482856744e-04 3.097335655410707583e-04 1.729182675263040148e-01 9.978965841171154229e-04 1.957981262016990688e+06 9.259194399633840658e+05 6.820113802060997114e+05 2.741883396272075668e-01 1.672295578236015979e+06
4.104061062861748432e+00 2.226165079821004156e+01 5.461009708505223159e+00 6.388960362134369575e+00 1.417601238503770900e-01 2.142349196713307791e+01 6.384177324527122189e-28 2.741449901058302888e-28 1.968246497082919716e-28 3.577088669982509406e-01 4.579305929737838813e-28 9.633889787427123369e-04 1.497701227702878841e-04 2.538110676721229506e-04 1.399712475901160325e-01 9.746920018982117156e-04 1.746698575667180121e+06 4.086260934048837516e+05 6.425486012892764993e+05 2.343019445234799381e-01 1.667772336376869818e+06
7.132040716279185233e+00 1.946813468783889434e+01 7.995277241999009021e+00 1.972634041679306449e+00 1.105120141815712637e-01 1.747813339423663948e+01 6.528391782156105160e-28 1.064205197178235214e-27 1.146638750828233060e-28 3.605998826713436856e-01 3.486138760752941190e-28 1.008482215012576752e-03 3.512290373504764387e-04 2.622806715461715793e-04 1.190706944820657809e-01 9.732566173670637553e-04 2.145060642288683914e+06 2.400336987989236135e+06 3.661347058934369124e+05 2.475601534247288682e-01 1.478232342947990168e+06
1.239406626742427164e+01 4.952380005020295961e+00 9.104045306606263210e-01 4.267760974298768772e-01 5.313872240479220604e-02 4.840279035901608573e+00 1.320689902302518401e-28 1.299313130364485338e-28 2.215757607489372505e-29 2.353751304445660386e-01 8.988041308597244540e-29 9.827271466731370402e-04 2.024014318015315448e-04 1.444446669773728287e-04 6.454353721156236290e-02 9.592069080246655400e-04 1.855763988996408181e+06 1.575001468659437029e+06 2.509486819012772758e+05 1.801681949295947660e-01 1.388784070983750513e+06
