# R (Mpc), mean rho (Msol/kpc^3), errup (Msol/kpc^3), errlow, std, median rho (Msol/kpc^3), mean pth (Msol/kpc/s^2), errup(Msol/kpc/s^2), errlow, std, median pth (Msol/kpc/s^2), mean gas-mass-weighted metal (fraction), errup, errlow, std, median metal, mean gas-mass-weighted temp (K), errup, errlow, std, median temp  
#  nprofs 475, mean mh 212704046727.827209, median mh 201755848252.068054 
#  Mass range 11.00 - 11.5 
#  Nhalos 210
5.932158538165270469e-04 9.961885606837031245e+07 1.069754425120378137e+08 5.000625035752607137e+07 4.015212508273761638e-01 7.416733677939924598e+07 3.639527115885016181e-23 5.009994117795470234e-23 1.584710736313842750e-23 5.845665018692328685e-01 1.969779439671699148e-23 3.601118241548304736e-03 1.924134988303151210e-03 2.094252713767963143e-03 3.816439275057330049e-01 3.632734779207588520e-03 2.228039646294417253e+04 8.707411952394308173e+03 4.573678048356285217e+03 1.446137840664819818e-01 2.029092334288506390e+04
1.030891002389629219e-03 4.986164061301305145e+07 4.807295968830955774e+07 1.815791399449121207e+07 3.523613664514537169e-01 3.499954108266022056e+07 1.712380411631886369e-23 2.246670671808475563e-23 6.231154089963925068e-24 5.416338651630204781e-01 8.712659745825896018e-24 2.923759204413461585e-03 2.012122915419846565e-03 1.615422497384266841e-03 3.308930333397168133e-01 2.639122845677035166e-03 2.157483989660321095e+04 7.861737010320954141e+03 3.919486994338902150e+03 1.546062224035334165e-01 1.868830034907549270e+04
1.791483238302971287e-03 1.797997702652559802e+07 1.128511622752183862e+07 7.136158493074316531e+06 2.517275135803985209e-01 1.569187366328111850e+07 4.945702945872942850e-24 5.683334872727474996e-24 2.017201368688222140e-24 4.166978239044367149e-01 3.223629113318906768e-24 2.404333747523269664e-03 2.008407920177055894e-03 1.211289608151482240e-03 3.461036800801276514e-01 2.009033122709809240e-03 2.020605245843060766e+04 7.862249782883409353e+03 2.674297806354687054e+03 1.613053617411977225e-01 1.654562380243013467e+04
3.113241056213520049e-03 5.989703757526203990e+06 2.490535592511238530e+06 1.802833934156608768e+06 1.771243779644794403e-01 5.694160261391096748e+06 1.304276548307268139e-24 1.170806260915869186e-24 5.252217262770021792e-25 3.209962664087109285e-01 1.035120418796500256e-24 1.917213521679021889e-03 1.740137171165775888e-03 8.695895107625137028e-04 3.493677428459791567e-01 1.553029559260148433e-03 1.938902807426605796e+04 9.893421882136895874e+03 2.757681332888096222e+03 1.721272782895130748e-01 1.561604818759650152e+04
5.410192887584432467e-03 1.644180860369695583e+06 7.363406408013296314e+05 7.249880082360014785e+05 2.887010402820194277e-01 1.624555240323265083e+06 3.519851882223097489e-25 2.986505235034190477e-25 1.254168751736326679e-25 4.143177755063102152e-01 2.579741449249867696e-25 1.648802071915900311e-03 1.561680823632174801e-03 7.354296253719110575e-04 3.854497020756637027e-01 1.247786385488241015e-03 2.129830852489662720e+04 1.614967707114476798e+04 3.968476442685514485e+03 2.433341484234070318e-01 1.544482638236937782e+04
9.401837683738208107e-03 3.258440693728101905e+05 3.169601553145569633e+05 1.424732879408363369e+05 3.328164812481373969e-01 2.611708190765682957e+05 1.188415136253465507e-25 1.032006395622983214e-25 4.547181999713099345e-26 3.817773025953217769e-01 8.493946683820819795e-26 1.609621890417887525e-03 1.478478514669813795e-03 8.187449623547149533e-04 3.816745397748986246e-01 1.297587380787009349e-03 4.162743674823712354e+04 5.166171422244058340e+04 1.056209817567690334e+04 3.494860883033480414e-01 2.396180866754203453e+04
1.633852131856735820e-02 5.353198020257238386e+04 4.376066727250230178e+04 2.310824606213777588e+04 3.475919979598746656e-01 4.269104976827890641e+04 5.029523816349940750e-26 4.375641885589789516e-26 2.104522264109822353e-26 3.699079230966603737e-01 4.018005035076470988e-26 1.607374984321922537e-03 1.365956518690419810e-03 7.899334931429282270e-04 3.737560863898560792e-01 1.285219876558567256e-03 9.673182426116779970e+04 7.584120585201657377e+04 5.580484702897988609e+04 3.621825567208354357e-01 8.376045123525537201e+04
2.839309588794570668e-02 1.187874766875271962e+04 7.484561331860501014e+03 3.648137925029315738e+03 3.152412028621826567e-01 1.019880067751569186e+04 2.038030844842758715e-26 1.113354999499667252e-26 8.036090522631385316e-27 2.961475833376647215e-01 1.881597900142116310e-26 1.465903779019942692e-03 9.958636526957841822e-04 5.664045243157964614e-04 2.810981335313236240e-01 1.268439816680590887e-03 1.558562812091437518e+05 8.127575132169749122e+04 5.522235642262311012e+04 2.428803873634290678e-01 1.300256713811749360e+05
4.934154556483250076e-02 4.088133032129358526e+03 2.516526640038342066e+03 1.330385065930050132e+03 2.847220896963714720e-01 3.600695950613283912e+03 8.930807638630877056e-27 4.742488940152662858e-27 3.553634812069898936e-27 2.375702862237869251e-01 8.309447945769036566e-27 1.215397336615290334e-03 8.009195739068551787e-04 4.391854764425156795e-04 2.529229532760147170e-01 1.014024560305095378e-03 2.533214127377608966e+05 9.019289150363067165e+04 6.492819390232203295e+04 2.516909919730461742e-01 1.650271677971723839e+05
8.574577877434103046e-02 1.326073866698292250e+03 7.157368605748681603e+02 4.395214634510339238e+02 2.986272407032095066e-01 1.190718043593773018e+03 4.043706543630127697e-27 3.219062919851655924e-27 1.583511452564488790e-27 3.162715545720706234e-01 3.042298118754380748e-27 9.310758497485522971e-04 5.599376939105006092e-04 3.078021379151347483e-04 2.476510548107710707e-01 7.673236839796017828e-04 3.695081394779781695e+05 1.508005534062774968e+05 6.959420134752831655e+04 3.322146278022463650e-01 1.789683353297744761e+05
1.490090854158103439e-01 4.208653677327052378e+02 2.243704516827581301e+02 1.437019611818863609e+02 2.420838428610785076e-01 3.904791195962757229e+02 2.457654912945834530e-27 2.790688999389016912e-27 7.956283526592714888e-28 4.609475943500530581e-01 1.258498977297871700e-27 7.037658376696911749e-04 3.320887002454624409e-04 2.244930589157653126e-04 2.387904916736719729e-01 5.649514825426006637e-04 5.341327738567860797e+05 5.416229865751145408e+05 1.342687327932825137e+05 4.408314045677875215e-01 2.356209029151419236e+05
2.589481121267818153e-01 1.739752063042436703e+02 9.395115523043000394e+01 5.084440549269517362e+01 2.314119535165146957e-01 1.463811003918973199e+02 1.883288822497720884e-27 2.501947310216670942e-27 6.646840555467469925e-28 6.284831575178851937e-01 8.036720383588311253e-28 5.545511757965533367e-04 3.267183016648490096e-04 1.468086559078982339e-04 2.829259910938409783e-01 3.863386834230588267e-04 8.402658370290808380e+05 9.619065826095804805e+05 3.494834668759517372e+05 5.628640043269633741e-01 4.255359146593575133e+05
4.500002438570074315e-01 9.878160066544479889e+01 8.359550133744076561e+01 2.980407052346911456e+01 2.746496899392846247e-01 7.197674333859626472e+01 1.770928319128418053e-27 2.317850365663533597e-27 6.315594681789537180e-28 7.435295157340920946e-01 7.341785734142997610e-28 5.938981922082340681e-04 6.350879824031412579e-04 1.820333707912055298e-04 3.767507081222115639e-01 3.501736452709672568e-04 1.271411240623614285e+06 1.377034279104635119e+06 6.396584534193304135e+05 6.308506830960100009e-01 7.463718802677756175e+05
7.820107967121281423e-01 5.709404421250437878e+01 5.155134907439928327e+01 1.948855464850258556e+01 2.857152982634502680e-01 4.290756895261047532e+01 1.473061858689447158e-27 1.933583816588870372e-27 6.211326630069453446e-28 7.779477535354234474e-01 7.161767159528108277e-28 6.874131729668457071e-04 8.516998347541352050e-04 2.673077493201579994e-04 4.471460847567669816e-01 4.151773887959492380e-04 1.715862425947715761e+06 1.807129262749313610e+06 1.024563328796372050e+06 6.255594420087140506e-01 1.248827815258097602e+06
1.358979010617297423e+00 3.894329037098010815e+01 2.893426265398845487e+01 1.348171479744074119e+01 2.676662773033545162e-01 3.068128358927376098e+01 1.326978371332332666e-27 1.260539960339836188e-27 6.335612967263393650e-28 6.490492592214731626e-01 7.552689501679729840e-28 7.601603815909058594e-04 7.487818413877474644e-04 3.950784964498433530e-04 4.095004935873115537e-01 6.075277159843404592e-04 1.957208905028529000e+06 1.567543901353518944e+06 1.166859220407215413e+06 4.746045238701062652e-01 1.707463288824527990e+06
2.361634850903744809e+00 3.089407296976456863e+01 1.663304147242599385e+01 1.017077318081858905e+01 2.431510786393631940e-01 2.513099488417406491e+01 1.380986349643899496e-27 9.914096534128268683e-28 4.382442433099088523e-28 5.198209403551158347e-01 6.478880383378890715e-28 7.802539948238923842e-04 4.050352620862080833e-04 4.150939238580508297e-04 2.815873305484751232e-01 7.714999029283020398e-04 2.228826772943577729e+06 1.172864007896230556e+06 1.068045615832810989e+06 3.189621105284001779e-01 2.003787333184726536e+06
4.104051001103932172e+00 2.475842447978319782e+01 8.571521326648802841e+00 6.574760326455336923e+00 1.690299772460858441e-01 2.276484074845624406e+01 9.412342531098117667e-28 5.655309342427201970e-28 3.658607116372862402e-28 3.590234771774369893e-01 6.339561758432438632e-28 8.214257105779315411e-04 2.463778558354384231e-04 2.713114715527862849e-04 1.439743756515402817e-01 8.141928913371573352e-04 2.334164734078478534e+06 7.356841056533232331e+05 8.791437448102706112e+05 2.013241253771573258e-01 2.166852518277069554e+06
7.132023230948114190e+00 2.225595131232389789e+01 6.227722479526743626e+00 2.730575499337312806e+00 7.928395028412899004e-02 2.137942606146629387e+01 7.590684188884947024e-28 7.681502501618061715e-28 1.438189356091044086e-28 2.097338251545173837e-01 5.785789241243257863e-28 8.261231604828611630e-04 1.949257704031714684e-04 1.205375214209891644e-04 7.456845087782815185e-02 8.072022234362969447e-04 2.398950757968525868e+06 1.590836920884547755e+06 2.815648035800107755e+05 1.337387140286719900e-01 2.043143073911817744e+06
1.239403588140144663e+01 4.728035666143336258e+00 7.886327606932157508e-01 4.223503343634806839e-01 5.381119804521122818e-02 4.590825864725761818e+00 1.484756237480671787e-28 1.173505136552979911e-28 3.048562703573127121e-29 1.674908257666502809e-01 1.246273234313251337e-28 8.128718617331444265e-04 1.640419847690290957e-04 9.241012448328003899e-05 6.001919923041500876e-02 7.926565039909332783e-04 2.262173421204107348e+06 1.191665218076631892e+06 3.120651399704643991e+05 1.160112572076556908e-01 2.021011767677388620e+06
