# R (Mpc), mean rho (Msol/kpc^3), errup (Msol/kpc^3), errlow, std, median rho (Msol/kpc^3), mean pth (Msol/kpc/s^2), errup(Msol/kpc/s^2), errlow, std, median pth (Msol/kpc/s^2), mean gas-mass-weighted metal (fraction), errup, errlow, std, median metal, mean gas-mass-weighted temp (K), errup, errlow, std, median temp  
#  nprofs 456, mean mh 4230536545894.693359, median mh 2940283843398.431641 
#  Mass range 12.30 - 13.1 
#  Nhalos 33
5.932141921095533113e-04 4.150952181999237090e+07 4.674365108478288352e+07 7.422256326874352992e+06 3.235184643153698469e-01 2.386758380886547640e+07 3.259223353586812232e-23 2.933256106515692995e-23 6.290380135004835172e-24 6.177804813296067232e-01 1.004936317620445080e-23 1.680449372124112953e-02 2.021192505604591655e-02 2.995945785684610979e-03 3.656926592956145083e-01 1.147996933871786758e-02 1.318861816591073002e+05 6.395375985234056134e+04 1.140767581494686601e+04 5.549943919992418317e-01 2.637939856463874821e+04
1.030888114673873032e-03 1.829338041527167335e+07 2.587227343947812170e+07 3.552957635316859931e+06 4.378764167903065885e-01 7.286025548748218454e+06 1.179398778765889094e-23 1.673200910351266115e-23 6.562813680734892101e-24 7.592891737607330160e-01 7.041474720281300414e-24 1.608900794968624523e-02 9.614204082676132759e-03 5.639874994713961823e-03 2.941391781485477863e-01 1.460842889894360848e-02 1.455346362040606909e+05 2.783654615471940488e+05 1.634686475759819041e+04 6.536619126829403825e-01 2.751707843439858334e+04
1.791478220028137197e-03 1.076913546295143850e+07 5.995833967317759991e+06 2.613416786794731859e+06 4.423987353753904839e-01 5.014238580504264683e+06 1.243403325086626153e-23 1.576750106523581594e-23 1.513647740538332658e-24 8.061181150920814220e-01 1.814612281437035305e-24 1.630776355347045639e-02 1.039759548704526776e-02 5.170044350521801196e-03 2.709597334950538672e-01 1.450122915080258659e-02 2.405840126661999093e+05 4.045889382456735475e+05 1.824113859849896835e+04 6.851612344391158071e-01 3.024449025196717412e+04
3.113232335451354259e-03 3.895095422313195653e+06 3.311183563715229277e+06 1.435511379894112702e+06 3.906323586183805263e-01 2.693918145715041552e+06 1.034891827639246844e-23 1.409583268306161215e-23 1.819013053910836620e-24 7.362109220783521479e-01 2.306060022260536420e-24 1.915230593667287609e-02 6.570540219418146560e-03 7.624640053177122664e-03 1.893327848102698274e-01 1.892920101101939340e-02 2.548921216486308840e+05 3.136062805228362558e+05 9.004844432448275620e+04 6.236120598274028648e-01 1.061851441912718728e+05
5.410177732636713838e-03 2.313114013988187071e+06 2.679347056109057739e+06 1.337565642864705995e+06 5.054797579550095454e-01 1.794589325646298006e+06 3.151254793717942770e-24 3.931802212079014586e-24 1.628135516369556208e-24 7.615007250670224881e-01 1.808770899335017428e-24 1.943001519366065882e-02 4.212354452825455703e-03 1.105448390454426798e-02 1.890151571012439746e-01 2.130285259237877163e-02 2.420642019438694697e+05 2.803497812901924481e+05 5.930237594410263409e+04 6.178807410974102021e-01 7.806956489572039573e+04
9.401811347457503243e-03 5.497928417258808622e+05 6.536077155039983336e+05 2.797985207437875215e+05 4.763507290017007234e-01 3.791136896753945621e+05 1.251315006256512329e-24 1.932889505253173945e-24 7.020486768617530316e-25 8.102035336613786498e-01 7.313194949863207810e-25 1.784156176562118681e-02 5.520355491849527479e-03 1.092280313748506676e-02 2.142211225100109362e-01 1.957779129495358997e-02 5.034966473359325901e+05 7.857211987478630617e+05 9.745069410975524806e+04 8.101386406244625027e-01 1.081318752838094952e+05
1.633847555135692006e-02 9.343616951150310342e+04 1.171455982442442619e+05 2.248499801684980775e+04 4.995945673994517389e-01 4.235630377704850252e+04 4.685029464720956297e-25 3.751557681155613926e-25 2.379107319079930202e-25 5.432328156165971977e-01 3.261390895234315287e-25 1.594854199808366443e-02 6.687202926678976339e-03 1.029261137804169182e-02 4.372039717169756701e-01 1.669548177398817376e-02 8.811850801717620343e+05 1.189590818359436002e+06 2.796041067733035889e+05 6.150077902840750399e-01 3.693670792467995198e+05
2.839301635364948131e-02 2.084902123951691829e+04 2.964260524093025379e+04 5.245684620863788041e+03 4.253613879010528787e-01 1.024516704044403377e+04 2.576110658750055945e-25 2.306961437158177200e-25 1.469774595709058260e-25 4.451663697720555923e-01 2.115702686882839804e-25 1.363037430471733362e-02 7.027077902840106124e-03 8.446217896304269307e-03 2.780001134266621987e-01 1.430291882098569216e-02 1.449438246883125510e+06 2.057744790397269651e+06 6.308686095508071594e+05 4.435233622061643399e-01 9.536982708524721675e+05
4.934140735006660450e-02 5.919992755288724766e+03 3.865912741861383438e+03 2.134394225675454436e+03 3.367667998175098987e-01 4.176114336799185367e+03 1.225576296884745559e-25 9.487081700692077066e-26 5.021157638490932941e-26 3.425180386335175964e-01 9.456426181244387160e-26 1.074952518789251167e-02 8.028183387603761087e-03 4.322178793100812759e-03 2.358052538955450472e-01 9.995026394893411978e-03 1.798394463117524981e+06 1.578314517725507263e+06 7.679757942307118792e+05 3.086927799297535246e-01 1.463729811698516365e+06
8.574553858460631783e-02 2.538090400649479761e+03 1.522525922216008894e+03 1.405726968954149015e+03 3.531384159003365109e-01 2.082824634351246004e+03 7.711175537098867050e-26 6.449925224524576321e-26 3.943995350397715656e-26 3.616819014422236744e-01 7.144747687334590438e-26 7.731275542836409630e-03 5.538372609803571961e-03 1.963305202782465991e-03 2.781587258281429942e-01 5.509143078321522211e-03 2.884477744646123610e+06 2.384182490189009812e+06 1.034362556345480261e+06 3.239756959548267812e-01 2.056636651957108174e+06
1.490086680138903164e-01 1.199061633873641995e+03 9.793803040556593942e+02 6.179202010339176923e+02 3.262050094456727667e-01 1.009425537219685225e+03 4.280129633263073713e-26 4.189896278845120522e-26 2.107503688214479664e-26 3.524516825286446720e-01 3.620755801448735748e-26 5.303970212661816841e-03 3.963164469297079419e-03 1.499998882112309629e-03 2.573033498626338678e-01 4.177429481630527859e-03 2.971856639484523330e+06 2.350429115979451220e+06 9.451576568862632848e+05 2.871796821607672245e-01 2.184705154962935019e+06
2.589473867653792616e-01 5.391970811411691784e+02 2.497526938941673507e+02 2.440450274336355960e+02 2.498486532205862753e-01 5.343229046627216121e+02 2.027823135303878383e-26 2.099342693066763023e-26 5.727891775217903643e-27 3.721615679846465019e-01 1.211060859691427388e-26 3.443403066930581999e-03 2.053386777201408626e-03 1.307326145735872736e-03 2.212220395246766447e-01 2.949154476012124087e-03 2.604006768961237743e+06 2.235942128275037743e+06 1.103126327745245304e+06 2.789418942116084765e-01 2.081735444553142646e+06
4.499989833233608572e-01 2.116949422402382197e+02 7.677648696920479665e+01 9.036020479623759627e+01 2.137500534612510328e-01 2.015280804136167774e+02 7.144373860023397676e-27 8.906761213617375836e-27 2.767772870422444780e-27 4.114394174900340984e-01 4.588165101312514688e-27 2.319619037062550706e-03 1.382650329243279366e-03 7.665256942053805689e-04 2.007969815033763539e-01 2.115318153364303174e-03 2.130566141049773432e+06 2.124718753483960405e+06 8.232431223291434580e+05 2.689720121790623586e-01 1.769115579075764399e+06
7.820086061557125490e-01 8.677820250883206654e+01 2.266237328411908436e+01 2.905913982427905040e+01 1.784142896131958866e-01 8.447563529737715271e+01 2.380180200687336570e-27 2.028535093944189924e-27 1.003311424324472466e-27 3.270522443146920422e-01 1.929660940584569843e-27 1.766365787070193084e-03 6.307226791066439762e-04 7.180568956919929167e-04 1.962059451020835010e-01 1.725686823049727044e-03 1.941097248623407213e+06 1.736492325061904499e+06 4.765101476063512964e+05 2.457222393919679115e-01 1.490993255436560838e+06
1.358975203866542802e+00 4.075002983241964927e+01 1.197857917485479362e+01 1.001080140561258958e+01 1.218051171135502569e-01 3.954258577592482027e+01 1.350209063551337556e-27 1.355331657745256736e-27 5.095148588116153779e-28 3.315599287116220428e-01 1.067189856684076911e-27 1.383904855783339629e-03 4.012746171861551227e-04 3.947249936675298202e-04 1.284736056831291551e-01 1.364140549821760834e-03 2.300389901657463051e+06 1.418767133468174608e+06 8.344353103874081280e+05 2.515720631162300380e-01 2.024155400257150875e+06
2.361628235529128705e+00 2.495905115216447712e+01 1.058267807837859564e+01 8.463628449033683054e+00 1.569271447538410358e-01 2.382320794013032028e+01 9.865905694244096090e-28 7.242761883458605980e-28 4.542353769995035391e-28 3.293596823227444848e-01 8.709155493249739096e-28 1.138769220239078473e-03 3.918137938975871804e-04 3.076035263811057385e-04 1.404138944355659835e-01 1.095306922898538508e-03 2.744058854276660830e+06 1.079707158678993117e+06 7.328316069467721973e+05 2.042938145635889713e-01 2.685563660133004654e+06
4.104039504900442559e+00 1.775137051941647925e+01 4.152125100536476765e+00 4.962749454314296926e+00 1.428253729256649673e-01 1.697418164448073341e+01 7.601370977626319797e-28 2.357831552682744571e-28 2.369609874162397493e-28 2.930270182585609229e-01 6.504250744977228632e-28 1.039325034216563625e-03 1.653529851132857706e-04 2.577286100698872231e-04 1.228961357971663781e-01 1.086624523259469835e-03 2.821988666463430040e+06 5.007028284422517754e+05 7.125152375704781152e+05 1.673546069817312132e-01 2.856709359866478480e+06
7.132003252836161877e+00 1.503607503016585767e+01 5.381642382307699535e+00 2.835062257012976872e+00 1.171765677667396671e-01 1.412161875603473504e+01 6.097871864586687076e-28 6.076978726350479620e-28 9.907210553132548500e-29 2.619237366797296240e-01 4.430583002893605373e-28 1.033810672304584857e-03 2.257767880379680115e-04 1.841334254993456715e-04 1.012702417176436220e-01 1.037129618427041480e-03 2.770115983950669877e+06 1.453903437687493395e+06 4.562984199039260857e+05 1.465492640603078267e-01 2.542488062993797939e+06
1.239400116342193847e+01 4.206577723795612123e+00 6.934966875020531774e-01 4.360632725733433190e-01 5.541069597231180338e-02 4.142953324004137627e+00 1.549768593614100129e-28 9.953182464481374191e-29 2.149564139879862391e-29 1.563758566359953195e-01 1.278736340364586812e-28 9.862294262946381864e-04 1.535041857386855533e-04 8.705546521466773179e-05 5.227090906965251721e-02 9.559684509770137277e-04 2.657806846367136575e+06 1.213003737808264326e+06 2.735691973659945652e+05 1.031554231739568450e-01 2.417860711262111552e+06
