# R (Mpc), mean rho (Msol/kpc^3), errup (Msol/kpc^3), errlow, std, median rho (Msol/kpc^3), mean pth (Msol/kpc/s^2), errup(Msol/kpc/s^2), errlow, std, median pth (Msol/kpc/s^2), mean gas-mass-weighted metal (fraction), errup, errlow, std, median metal, mean gas-mass-weighted temp (K), errup, errlow, std, median temp  
#  nprofs 470, mean mh 1398321030399.467285, median mh 1298531930326.900391 
#  Mass range 12.00 - 12.3 
#  Nhalos 46
5.932158702927985659e-04 3.277422489564578980e+07 2.419221704999393597e+07 6.307398191153958440e+06 2.225164633138183579e-01 2.367932482990671322e+07 9.766432064283404745e-24 1.557550150548893731e-23 3.962810629570971561e-24 6.351227033334259087e-01 5.257615421482640779e-24 1.387991088329538353e-02 3.699152372496484001e-03 4.065255411247237910e-03 1.632504463886484125e-01 1.403869957397179367e-02 3.431915560021957936e+04 4.582075216021262895e+04 3.254802831378485280e+03 4.893706614214364259e-01 1.397425761652988331e+04
1.030891031022107118e-03 1.299190142606111988e+07 6.530101708629380912e+06 3.663622322589454241e+06 3.366144121199015626e-01 8.081179824787126854e+06 8.246474222096368346e-24 4.575986646790677771e-24 1.092246228253144146e-24 7.169293168297066199e-01 1.368199932265938537e-24 1.378669418243772503e-02 7.892450744894700249e-03 7.211256568445353378e-03 3.218103306429950794e-01 1.277136633249871187e-02 4.002662315272907290e+04 7.038311448763933731e+04 8.530431799154090186e+03 5.321414085498273883e-01 1.642475828043158981e+04
1.791483288060515293e-03 5.460989822974817827e+06 3.495972739696702920e+06 1.448594655737750698e+06 3.783160803778840564e-01 3.436883218046897091e+06 3.832842896206689719e-24 3.942398422903085151e-24 5.212893985787483982e-25 8.847514042277144775e-01 5.969868497624992574e-25 1.476221113046730614e-02 7.356054891123408462e-03 5.276609329760850384e-03 1.815886150487673323e-01 1.405087437116064181e-02 5.589541928315896075e+04 8.284227847756425035e+04 7.664043923037032073e+03 5.965651726351651751e-01 1.286427950330714339e+04
3.113241142682221171e-03 2.826384851153137162e+06 2.227503434768462088e+06 9.580370609504564200e+05 3.235203317479433127e-01 2.105772500956572127e+06 3.553572823685655971e-24 7.886577168279424567e-24 6.221032880083097226e-25 9.425763903580324232e-01 6.789875932009549364e-25 1.407727790025978948e-02 6.389142485136684729e-03 4.908172697041404339e-03 1.703838309001287077e-01 1.360255513782477124e-02 7.063402914693740604e+04 8.404893005864963925e+04 3.544718795923091238e+04 6.315414972889752399e-01 4.240560138483959599e+04
5.410193037849813334e-03 1.545223305279841879e+06 6.123943303536453750e+05 5.337218945294723380e+05 1.931364690509054238e-01 1.441789798998205923e+06 1.686752151825762887e-24 3.332634884268164223e-24 2.931150373559271060e-25 7.979274818380477363e-01 3.520373266084615933e-25 1.617624791222146627e-02 4.877606143538167072e-03 9.223915550564232291e-03 1.869864016298349862e-01 1.731580827642207471e-02 7.208005623229029879e+04 1.118428562006552238e+05 2.466085314198915148e+04 5.660330101558946891e-01 3.246231380187045579e+04
9.401837944869510452e-03 5.941786010550329229e+05 5.257272251909065526e+05 3.195137212935171556e+05 3.481443284910475389e-01 5.011672666747279000e+05 5.473359701859935533e-25 7.125214497845723391e-25 3.264737888403772440e-25 7.718543456967810190e-01 3.430281730938134941e-25 1.590427174281636158e-02 4.310698056904857522e-03 9.582683097190946089e-03 2.055364548068394359e-01 1.673006280856246392e-02 7.964593045990170504e+04 8.645578739804544603e+04 2.703701946098801272e+04 5.511617239404991153e-01 3.718815720097263693e+04
1.633852177236155140e-02 9.749539553201613307e+04 1.452109324424289516e+05 3.289244587531673460e+04 4.165417844311502527e-01 5.793681475230331125e+04 1.539103302162359621e-25 1.873209783468604344e-25 7.298273955335001938e-26 7.204478406930341361e-01 8.395937956731270206e-26 1.466870967987716178e-02 6.904731553924042808e-03 9.109285016113809891e-03 2.358257117057524499e-01 1.493130822146980508e-02 1.427477337555241247e+05 2.417849264788156142e+05 4.167363613666850142e+04 5.318265915998803273e-01 6.819863801808463177e+04
2.839309667654963537e-02 1.854398470616784107e+04 2.058574994491089456e+04 5.316576962811512203e+03 5.289524737084713157e-01 8.585709473129127218e+03 6.350815015671358346e-26 5.387472870402167151e-26 2.707612303107248221e-26 6.659301270412133489e-01 4.443262310280737256e-26 1.407163699368752484e-02 8.135545733646982677e-03 7.751532998741580971e-03 2.418944226409273923e-01 1.361259311939954676e-02 4.103469215875485679e+05 2.608806754383409861e+05 2.333489412722057896e+05 4.670975397663573170e-01 3.348013282919254852e+05
4.934154693526905666e-02 3.905133923323319323e+03 4.975345047802464251e+03 1.021001757260843647e+03 4.966394537508407869e-01 1.908344146300709554e+03 2.817308749902093652e-26 2.632698423929754766e-26 1.195197534486958418e-26 5.183837179206719492e-01 2.160168031256849162e-26 1.075110013545091912e-02 4.801309985560810178e-03 4.406666788965807671e-03 2.156157638509006991e-01 1.020275103794214891e-02 7.501193989197647898e+05 5.800925083070464898e+05 2.685321693678369629e+05 3.251776378824978164e-01 5.898853095826697536e+05
8.574578115588683824e-02 1.238734073193382983e+03 1.457259400036763509e+03 3.135936958956802414e+02 4.844314006820339968e-01 6.835709722104307957e+02 1.139652296877031980e-26 9.625015836431389904e-27 5.948393664950856261e-27 4.362613447264211408e-01 8.830524667559738075e-27 8.114535886823091501e-03 3.373901820976361876e-03 2.633774980730164798e-03 3.729295986177755262e-01 7.195981264677346612e-03 8.835317376376456814e+05 5.489591433829118032e+05 3.420057218373874202e+05 2.690513891659762624e-01 7.040245239809630439e+05
1.490090895544625982e-01 4.447374709379910200e+02 5.628381287486520250e+02 1.224820308793937187e+02 4.275892170587287655e-01 2.476820405191014629e+02 4.400518482099342403e-27 3.190521609249044046e-27 2.528820502659667818e-27 4.059466728120457168e-01 3.847411764416248557e-27 5.774911282685466808e-03 2.786140726531346687e-03 1.302484152671508702e-03 2.660967153933638252e-01 4.653463491193667381e-03 9.487444274954224238e+05 4.686931247057251167e+05 4.466706265751916799e+05 2.657202321689586255e-01 8.267624894311020616e+05
2.589481193189351327e-01 1.567094697217998771e+02 1.399964136766689364e+02 6.431959286619741079e+01 3.921540168303813689e-01 1.153334911679532695e+02 1.855161919742688240e-27 1.617370811380947003e-27 7.375893355192118289e-28 3.801775453174649488e-01 1.329133717816538899e-27 3.928554649564173183e-03 1.722629244188153032e-03 1.196866412821657490e-03 2.477207330232903404e-01 3.324258031463065734e-03 1.019435426376456162e+06 5.697552247153811622e+05 4.069622497555442387e+05 2.505074521711196378e-01 8.874051366801904514e+05
4.500002563555373647e-01 6.338523611357199172e+01 4.409779373024088756e+01 3.626192719493880645e+01 3.331862620619975290e-01 6.154211275821382543e+01 8.647968771312957075e-28 7.149702883756569173e-28 3.380062543498487023e-28 3.755454009429457507e-01 6.595480707187255192e-28 2.695909940038372470e-03 1.322605375328334085e-03 5.981329758261719545e-04 1.937295209873604873e-01 2.186245798353168152e-03 1.061038684631253593e+06 7.611894116139300168e+05 3.732800271056640195e+05 2.595226864166567671e-01 9.156201337903344538e+05
7.820108184320838651e-01 2.975916774215239968e+01 1.373127455387287199e+01 7.264262016160007107e+00 2.572560283335580955e-01 2.660375648508800595e+01 5.117581826852366185e-28 5.450713212907611350e-28 2.182763736066662137e-28 3.978791418766780552e-01 3.519620136640564297e-28 1.795651136226766951e-03 6.378284927320502628e-04 5.201746237276769127e-04 1.646254799768729071e-01 1.703013146898141620e-03 1.181663986669282196e+06 8.616320362198443618e+05 4.875078847945717862e+05 2.711925586543594835e-01 1.039846966814255109e+06
1.358979048362254582e+00 1.697601350329009051e+01 7.517128570610376315e+00 4.825438658314750384e+00 2.081974620425676714e-01 1.519036955930632082e+01 3.840928040943431827e-28 3.521642136785047858e-28 2.022607197613339047e-28 4.279449700412376600e-01 2.902429177761667008e-28 1.489998926377463428e-03 8.944871606315213386e-04 4.451454659291809602e-04 1.956229432996813011e-01 1.294146551372799339e-03 1.581847301372373244e+06 1.617586909876466030e+06 6.797236202824724605e+05 3.184178417182059739e-01 1.257563613484094618e+06
2.361634916496962333e+00 1.069088575158010102e+01 5.693483658248641888e+00 3.083394168862513496e+00 2.133234342138366491e-01 9.251358355614847540e+00 3.266316519000344881e-28 2.674526383005307248e-28 1.497897203347999128e-28 4.446618369858998943e-01 2.425663894545512963e-28 1.318007477241231939e-03 3.601958210914541630e-04 4.201090763038200322e-04 1.479575310522460996e-01 1.300950910361292796e-03 1.951620109017583309e+06 1.107748666970407823e+06 6.976665399792727549e+05 2.827083628074519295e-01 1.750951893223299412e+06
4.104051115091881030e+00 9.335121986900388080e+00 4.326220973418146265e+00 2.107471219192589729e+00 2.309321453811099267e-01 7.024688098674373826e+00 4.473579866162373566e-28 2.227091478206384183e-28 9.313634374661573588e-29 4.559489338858837004e-01 1.907934454982290221e-28 1.333128114007003321e-03 2.556857815487888642e-04 5.826491863146812103e-04 1.542234262925046839e-01 1.430978253330700669e-03 2.299359209889684338e+06 5.647744199608801864e+05 8.095506932043365669e+05 2.556518980787951256e-01 2.199609585773549043e+06
7.132023429036466133e+00 6.491913509514989578e+00 1.573872332116811101e+00 2.215114907124302590e+00 1.491952317407843343e-01 6.321280535271252887e+00 2.098520390985949532e-28 6.666679262123604472e-29 8.173186022153903870e-29 3.015107041913580033e-01 1.729346414828624498e-28 1.230278503310215567e-03 1.449096965809217735e-04 3.081187629066389246e-04 8.490372746845509244e-02 1.262209592724791805e-03 2.078286502469389234e+06 3.495886323623503558e+05 4.116344434459703043e+05 1.620430778930473104e-01 2.002866524560923222e+06
1.239403622563954954e+01 3.860594111774878989e+00 1.114740982577973050e+00 3.835741358238262677e-01 7.997383415590202105e-02 3.637393637893156395e+00 1.170665640159308174e-28 8.452673663686195476e-29 1.737091992779804855e-29 2.009779238573596583e-01 9.079502659881537775e-29 1.169988617942079511e-03 1.517567798011531903e-04 1.292337870630484980e-04 4.997600478596460338e-02 1.163002661577725331e-03 2.113018370831476059e+06 8.667474351155003533e+05 1.994971849991008639e+05 1.235379560331077847e-01 1.842028739303326234e+06
