# R (Mpc), mean rho (Msol/kpc^3), errup (Msol/kpc^3), errlow, std, median rho (Msol/kpc^3), mean pth (Msol/kpc/s^2), errup(Msol/kpc/s^2), errlow, std, median pth (Msol/kpc/s^2), mean gas-mass-weighted metal (fraction), errup, errlow, std, median metal, mean gas-mass-weighted temp (K), errup, errlow, std, median temp  
#  nprofs 447, mean mh 4220160377876.464844, median mh 3637872092540.173828 
#  Mass range 12.30 - 13.1 
#  Nhalos 32
5.932145057505327102e-04 2.786375223667973280e+07 1.335701212007492781e+07 6.841000225232254714e+06 1.756301278124238752e-01 2.572313447716882080e+07 2.656408332993016722e-23 2.657362241878493052e-23 1.578034780804605589e-23 4.729702630742437242e-01 2.059191529598248758e-23 1.845999470285661706e-02 8.457200611520599570e-03 9.591781976429120463e-03 2.999599938029318125e-01 1.644853805900384908e-02 1.228175467551146576e+05 1.870499189500728389e+05 4.505270361023730948e+04 4.892697334457985492e-01 6.309779453451604059e+04
1.030888659719426644e-03 7.238959837464477867e+06 7.761913156229801476e+06 1.549334779444276355e+06 2.365151192222292309e-01 5.155921221156254411e+06 7.042258559850166384e-24 5.067801587191288934e-24 2.461536855982949408e-24 6.386442231510693901e-01 2.855718997390007375e-24 1.567558110901642876e-02 8.615540442813528557e-03 5.247563019569167694e-03 2.267491919737986139e-01 1.412360887541043962e-02 1.032060096846825327e+05 8.439032217943854630e+04 4.160843029916574596e+04 5.400987516654283116e-01 5.330573615402969153e+04
1.791479167208752171e-03 4.971297272062234581e+06 3.138495627231893130e+06 2.957893291528626345e+06 3.473150635501208172e-01 4.749159491894255392e+06 8.257296072137612453e-24 6.884600727376407406e-24 1.871741722903096465e-24 7.722089441121281483e-01 2.140046579551548937e-24 1.897281432539500018e-02 8.054754019487929406e-03 6.397615884837250938e-03 2.521657241195183197e-01 1.840422283935946174e-02 5.361226122486902168e+05 1.076146476965387410e+05 2.049625669232139626e+04 6.616010778449317176e-01 3.297603472824148048e+04
3.113233981462612109e-03 2.771844572003937326e+06 2.320432792660397012e+06 6.510429838822630700e+05 3.447780365819814175e-01 2.360424718651141506e+06 2.770669051009277252e-24 2.499083343233920402e-24 8.397951444834059518e-25 7.520363689131481788e-01 1.233856525586285096e-24 2.042109927406668760e-02 5.351566247028441414e-03 8.551200177810278774e-03 2.351767571642272292e-01 2.103964788070463235e-02 8.301556635659781750e+04 3.915449359787932190e+04 5.495831641108134500e+04 4.449143089371919157e-01 7.054406963519852434e+04
5.410180593076441800e-03 1.871654609839908313e+06 1.148525017517923377e+06 1.006345850269294227e+06 4.700056849295518036e-01 1.763631965423998423e+06 3.208732264035592617e-24 5.235064545510647182e-24 1.379080275278110115e-24 8.733418267992331119e-01 1.526455682810748777e-24 2.016983426389390432e-02 5.877300660522256914e-03 6.358748210351122809e-03 1.671148816582407604e-01 2.043396234221415281e-02 5.515386436237179441e+05 1.693053709253750567e+05 4.026946734201803338e+04 6.694518753292112434e-01 5.476167535467343987e+04
9.401816318332032948e-03 4.433723498855092330e+05 4.309945054501948180e+05 2.203510990499085747e+05 5.572203802244709570e-01 2.877706429388840916e+05 1.066770041123409257e-24 2.000357756206536285e-24 4.759021738293919065e-25 8.806970956345909762e-01 5.041541878685128460e-25 1.994179781595393011e-02 4.710897691623892186e-03 7.045698429475655972e-03 1.769896412939078734e-01 2.139608889262308716e-02 7.493515018236986361e+05 4.246439768002533237e+05 8.424477870075035025e+04 8.563356227238742013e-01 9.506512592191276781e+04
1.633848418974679848e-02 7.495028283364426170e+04 6.193816230170550989e+04 2.987091958758965848e+04 5.738431999924167304e-01 4.000574055569061602e+04 4.007781904753688689e-25 3.423492409920863260e-25 2.795798010714149858e-25 8.032397071528859511e-01 3.023908129317156766e-25 1.840552581264333007e-02 4.793408292698145973e-03 7.411249878936477381e-03 2.161606424411086913e-01 1.985254370385255290e-02 1.686731635026828153e+06 2.729005059614286292e+06 3.805418088134393911e+05 9.123941386941839538e-01 4.142308471110129030e+05
2.839303136545056824e-02 1.179920027000341724e+04 1.119530716712922003e+04 3.987542613851551778e+03 4.481861437743877574e-01 7.186539776923837053e+03 1.839891424552034796e-25 1.523549282118792144e-25 1.026086562441649550e-25 4.137308758643932216e-01 1.505901723979312427e-25 1.700959197506072065e-02 6.541869467610827299e-03 7.123368391549689954e-03 2.237690768303884636e-01 1.782687695328705191e-02 2.233601147149048280e+06 2.190441762961538043e+06 9.784861290203724056e+05 4.829284212487757744e-01 1.345989627537814900e+06
4.934143343758698452e-02 3.287207362655246470e+03 3.741975574047463851e+03 1.113189645657357687e+03 3.932925145818735313e-01 2.052776191834564997e+03 9.975629172813521095e-26 1.005714191534281954e-25 5.795003875523395576e-26 4.155122937472182643e-01 7.416771482202795787e-26 1.360912125568274240e-02 9.037232238306151799e-03 5.727990337938413008e-03 2.386089236917001977e-01 1.169553309573084440e-02 2.746797293333026581e+06 9.502932095644138753e+05 1.510364757085468154e+06 3.388268859131974287e-01 2.218062551058709621e+06
8.574558391952083469e-02 1.231096909467171599e+03 8.137394550875703771e+02 3.856244738256875735e+02 3.134473979067715632e-01 8.650117471838989331e+02 5.700453921963104833e-26 6.669955295633165961e-26 2.461292115421825423e-26 4.330241097241507853e-01 3.644630760363789605e-26 9.872775715037026417e-03 5.478937721932666122e-03 5.436936629708040772e-03 3.261211818317650835e-01 9.394264691458244221e-03 3.430870992129501887e+06 2.477172677684795577e+06 1.349848046028526034e+06 3.149266527435743424e-01 2.670134442324661184e+06
1.490087467969423429e-01 6.693151256464277594e+02 7.354494339540317469e+02 2.198251122211125050e+02 3.415750806873231737e-01 4.578642057659480997e+02 2.296932439392498300e-26 1.864395327145606962e-26 1.562330672351715230e-26 4.000002301019434103e-01 2.128193257455398805e-26 7.409853777394855186e-03 4.344801616743537882e-03 3.996656637117616817e-03 3.181070214720515543e-01 6.257456155128367399e-03 3.086132583459641319e+06 1.827339609788508154e+06 9.933766928030163981e+05 3.283040450386932041e-01 2.137997932313377038e+06
2.589475236746323628e-01 2.835433691657982536e+02 1.847399445728665341e+02 1.680410526865445036e+02 3.038132212497988149e-01 2.710053667384252094e+02 1.126652546616577619e-26 1.022505991910493621e-26 5.685226025780743307e-27 3.704130392329174071e-01 9.079990065823060625e-27 4.647260877109139939e-03 3.096969825454020005e-03 2.223502637888076158e-03 2.885641756485115006e-01 4.120110475444192441e-03 3.305610240522839129e+06 1.405416354024204426e+06 6.561992316911939997e+05 2.887241230314079865e-01 2.100456857501743361e+06
4.499992212443744144e-01 1.301097576107410418e+02 7.119864473899195900e+01 4.744130366374997720e+01 2.084421271413842425e-01 1.188865468331161139e+02 4.353147741270714422e-27 4.459707453402694674e-27 1.200068421579983828e-27 3.283480327183346259e-01 2.763516653620758441e-27 2.837504594158326947e-03 1.852731923738738101e-03 1.127495129822290131e-03 2.312433751633072854e-01 2.590407104342349297e-03 2.300838959635547362e+06 1.539317642306463327e+06 6.122024297336307354e+05 2.359115787828249267e-01 1.865406127510546707e+06
7.820090196150470963e-01 5.235069035617835453e+01 2.345234246966810332e+01 1.252536914837756399e+01 1.398677606821399910e-01 4.816554164001782823e+01 1.636075611689437340e-27 1.562191000785696224e-27 5.220580521421782811e-28 2.884151011518578112e-01 1.296633572039496840e-27 2.130460165051954995e-03 9.584151730275720926e-04 1.056605930150470276e-03 2.495747926661768812e-01 2.214161207589246221e-03 2.185245338259723969e+06 1.507277409148232546e+06 4.992136910046522971e+05 2.266190192619590982e-01 1.840895909413151909e+06
1.358975922376516987e+00 2.737557900320147297e+01 8.552909037025376193e+00 5.815615467081091339e+00 1.316199644116208545e-01 2.604464291752033134e+01 9.838347895854359195e-28 7.072554103365710278e-28 5.091765278131491412e-28 3.552968745401405282e-01 8.521734766068472002e-28 1.631455191367052384e-03 5.545756925370683502e-04 5.792312006608329317e-04 1.825474392262167733e-01 1.620034854365702548e-03 2.470186672226500697e+06 1.571968064111170825e+06 1.154143996517675696e+06 2.681921184778336409e-01 2.353295529933947138e+06
2.361629484156356984e+00 1.771217292065485438e+01 5.025669226823413993e+00 4.959079532390985534e+00 1.558714818010083769e-01 1.691367768988133236e+01 7.176547009583664141e-28 4.832630218571931624e-28 3.745639833729134150e-28 3.803566178071612347e-01 6.645774722175071871e-28 1.364194501577297922e-03 4.758021500037617948e-04 4.286355190707543880e-04 1.556100455930870541e-01 1.355201131211440473e-03 2.801865664719127584e+06 1.352648918388048653e+06 1.117903949507945450e+06 2.575243167303751801e-01 2.710476529666304588e+06
4.104041674765874781e+00 1.241954201364858434e+01 3.991066878296370746e+00 3.512739258874152171e+00 1.295254533841797562e-01 1.219349265659180581e+01 5.664258631367068871e-28 3.086503177459788938e-28 2.385480341616806581e-28 2.642354646790371908e-01 5.598362684424805884e-28 1.129615121623756034e-03 3.057513488651131695e-04 1.641726690667412187e-04 9.344486148446359830e-02 1.091021974093729034e-03 3.284419020039252471e+06 8.746169666182585061e+05 1.022786822009794880e+06 1.690879468897144022e-01 3.343721324415138923e+06
7.132007023630110076e+00 1.060925029354162241e+01 4.812325435867732537e+00 1.999540496566921455e+00 1.343014897118146034e-01 9.565273087371306104e+00 5.451378944450384109e-28 5.268438203321588607e-28 9.331224897340483758e-29 2.529085470705422778e-01 4.423088258796939374e-28 1.131770808925893108e-03 1.537048444131610889e-04 1.274541620980447747e-04 7.805335731870541305e-02 1.155220385573384190e-03 3.541241833577600308e+06 1.036652985878214706e+06 7.241456052736663260e+05 1.293904210560222756e-01 3.522142499880213756e+06
1.239400771631078335e+01 4.230710089661091189e+00 7.846286513276732322e-01 5.846072674601994201e-01 7.169230538491139226e-02 4.159683058249250109e+00 1.848863944857262568e-28 1.179946711597881554e-28 2.660446848544532002e-29 1.487429965942112520e-01 1.598319639906129186e-28 1.044824781442922710e-03 1.322705728918241279e-04 1.289553598586352283e-04 5.201651673528541464e-02 1.040433122088289461e-03 3.151604652471650857e+06 1.116574053557178471e+06 3.366602016304596327e+05 8.587356468099180407e-02 2.962666146831617225e+06
