# R (Mpc), mean rho (Msol/kpc^3), errup (Msol/kpc^3), errlow, std, median rho (Msol/kpc^3), mean pth (Msol/kpc/s^2), errup(Msol/kpc/s^2), errlow, std, median pth (Msol/kpc/s^2), mean gas-mass-weighted metal (fraction), errup, errlow, std, median metal, mean gas-mass-weighted temp (K), errup, errlow, std, median temp  
#  nprofs 472, mean mh 546705949198.287415, median mh 500372834220.548584 
#  Mass range 11.50 - 12.0 
#  Nhalos 183
5.932145057505327102e-04 5.722033216709226370e+07 5.976480660078028589e+07 1.907519376018055528e+07 3.604044689391773804e-01 3.538485238112198561e+07 6.270730123247975287e-23 3.606998055259607409e-23 5.414898238893247369e-24 7.273324321965515260e-01 6.916928214493616335e-24 9.103676367409807221e-03 4.327256592869171969e-03 3.332971289741358187e-03 1.904170422181567512e-01 8.525308007210047334e-03 4.814605379374864424e+04 8.696326326949289069e+03 5.681801796082971123e+03 4.272659237373284125e-01 1.777301457657619903e+04
1.030888659719426644e-03 2.651559549467014894e+07 3.223936193410842121e+07 9.417505707938771695e+06 4.541821053500451622e-01 1.491110581255781651e+07 2.084905493478883470e-23 2.105264514123640874e-23 2.897774117911333323e-24 8.704712175669432339e-01 3.250882210383966186e-24 9.354386989979628780e-03 4.060075886718160498e-03 3.489513232994479255e-03 2.079938459415776042e-01 8.502781254039241954e-03 3.442248884174532577e+04 5.463734048168885056e+04 4.191221842145019764e+03 4.621503692157734045e-01 1.600424630958285888e+04
1.791479167208752171e-03 1.243583052218309604e+07 1.295697526769503951e+07 4.591477335133435205e+06 4.591319917453453581e-01 7.574886328018221073e+06 1.246304940041532724e-23 2.067784785444353461e-23 1.226675344788855971e-24 9.515003183396389952e-01 1.420082996597887575e-24 9.108490894094687512e-03 5.334795460095870072e-03 2.318672105754873529e-03 1.978212392817213505e-01 7.736726077223349436e-03 4.991584545789058757e+04 7.933620627628228976e+04 5.717391821944696858e+03 5.112359602327434249e-01 1.560061560841159553e+04
3.113233981462612109e-03 4.892084518068740144e+06 3.866072028223298490e+06 1.728142704678068403e+06 3.142589948114278831e-01 3.659036963428015821e+06 5.246349746320803253e-24 8.342796230987987952e-24 7.567171872943958585e-25 8.321607314167933644e-01 9.393535325266853561e-25 8.756452572671430748e-03 5.620212265129852398e-03 2.169832060401487642e-03 2.102718370192702413e-01 7.209012881486763676e-03 5.843077512815609225e+04 9.435028879743437574e+04 1.572201813363521251e+04 5.190846873818740770e-01 2.617148344258960060e+04
5.410180593076441800e-03 1.959909357318826020e+06 1.200444624351996463e+06 8.115302055528954370e+05 2.439135825093237120e-01 1.764308721686739475e+06 1.598954998166098668e-24 2.023383943346631280e-24 7.972916821556589588e-25 6.329793769930549541e-01 9.608403996682371977e-25 8.582392843139628746e-03 8.220853686524413895e-03 1.981422923155977921e-03 2.565660739105238286e-01 6.209618178514279829e-03 6.608277998684172053e+04 6.556282953444478335e+04 2.959474066359589779e+04 4.730812933020969724e-01 4.164667029162585095e+04
9.401816318332032948e-03 5.779460524214814650e+05 5.830103762935193954e+05 3.364782389135875273e+05 4.003241534202773844e-01 4.726431298034245847e+05 4.645641718180090522e-25 4.523829217750647366e-25 2.754585903896969742e-25 6.953162121292928433e-01 3.094044956122688649e-25 7.814773415495553446e-03 9.757690000613399375e-03 1.923296714607673936e-03 2.814706435294748177e-01 5.376504909303362473e-03 7.689038441181833332e+04 7.502649187697769958e+04 2.883958429342266390e+04 4.724617838581136042e-01 4.082060434551133949e+04
1.633848418974679848e-02 1.149033190835166606e+05 1.817545091489030747e+05 4.532836866958894825e+04 4.987305732653621315e-01 6.315282921690955118e+04 1.597003561544462157e-25 1.963733785541120218e-25 9.368205967661068665e-26 6.778168171134287823e-01 1.119182863443829985e-25 7.450336790495521583e-03 9.221830109062519737e-03 1.673466396640800689e-03 3.071744633231133226e-01 4.778775980542917558e-03 1.565044866238109826e+05 1.392622034322358377e+05 6.586474211751572147e+04 4.984013108733748032e-01 9.632620087836612947e+04
2.839303136545056824e-02 1.952985420758265172e+04 2.499755758077854989e+04 8.223081912826328335e+03 4.557438160015389594e-01 1.250267860825694333e+04 5.631067416460177059e-26 5.224162639193814406e-26 2.349261387127385139e-26 5.290418408075636680e-01 3.895746679139403970e-26 6.906089443308538120e-03 8.854309307728909506e-03 1.689647388781530257e-03 3.181735857799568024e-01 4.476057750723062140e-03 2.643632109939791262e+05 2.049173291222045082e+05 1.171639514541957760e+05 3.442771781663012121e-01 2.111863941344493069e+05
4.934143343758698452e-02 5.101666446337617344e+03 4.978173362265777541e+03 2.660124229195270345e+03 4.276896901267972506e-01 4.088309290583107213e+03 2.157861163774324423e-26 1.623125757548013392e-26 7.350019135039743337e-27 3.895374590988190389e-01 1.499277270914421430e-26 5.763515455398606283e-03 3.821086359304908323e-03 1.319831096129975984e-03 2.930107282422696469e-01 4.069885903924866030e-03 3.933989549819218810e+05 2.284602879296586616e+05 1.271164414410506433e+05 2.885289463555005818e-01 2.805030377960008336e+05
8.574558391952083469e-02 1.635412697616501191e+03 1.275398164326326423e+03 9.110218462147865921e+02 3.677743403463981098e-01 1.384241777615750834e+03 7.532035650105667988e-27 5.737111333976777540e-27 2.700802470460951980e-27 3.140642692267733294e-01 5.635855801603444718e-27 4.397869637271993419e-03 2.526615333120175826e-03 1.425311893360355596e-03 2.741913503960512477e-01 3.400855639085197460e-03 4.363657255558271427e+05 3.820771642772171181e+05 1.110305168340889504e+05 2.914436805455014601e-01 2.964391723726742202e+05
1.490087467969423429e-01 5.439737015714869131e+02 4.314564793146494139e+02 2.861074677696626622e+02 3.424840331371285518e-01 4.768902091172975588e+02 3.454898394636765580e-27 3.062516282811768934e-27 1.330756523800213584e-27 3.702940979916254927e-01 2.402046762195839085e-27 3.133366844442428151e-03 1.838207187889369116e-03 1.103728623356149035e-03 2.763861946142474046e-01 2.592883735708319173e-03 9.065728707575994777e+05 6.219262403570262250e+05 1.193161215055001085e+05 3.841121417786056425e-01 3.185637884723297902e+05
2.589475236746323628e-01 1.844744164181746839e+02 1.304963822185193578e+02 7.975522085656201909e+01 2.954810715930749621e-01 1.582075668543035647e+02 1.814970754761733972e-27 1.693994137010378818e-27 6.631654308827600944e-28 4.321077725500069300e-01 1.063545521229895635e-27 2.173120846600959215e-03 1.155870780562186098e-03 7.986923690375799436e-04 2.716047885880766843e-01 1.893302153466220770e-03 8.624694412283418933e+05 8.648210860118875280e+05 2.829197223130129278e+05 3.886398825030222826e-01 5.002942925067150500e+05
4.499992212443744144e-01 7.152452568516496001e+01 4.933002367448285952e+01 2.518543780295057388e+01 2.681884476292954456e-01 6.157094627015432309e+01 1.140423314842298078e-27 1.384250768738926179e-27 4.339467552246576639e-28 4.918738583731525615e-01 6.683527539908566854e-28 1.562212456629453322e-03 9.660612708596155989e-04 7.320699660485295969e-04 2.928888141483074192e-01 1.376821632461208917e-03 1.169398563198160380e+06 1.203998152623175411e+06 4.691788991923818248e+05 4.004593414159220988e-01 7.877858210113351233e+05
7.820090196150470963e-01 3.600303368009582528e+01 2.498006835759377253e+01 1.214491111606208307e+01 2.618387292920233977e-01 2.986520522657395560e+01 8.488803443165923053e-28 9.734025762782958132e-28 3.888447948624940813e-28 4.978015702655938512e-01 5.543581343685357660e-28 1.190051156139228629e-03 7.970905116349597409e-04 5.444768666364492452e-04 3.056179634604159756e-01 1.059568850701942148e-03 1.651211575169970514e+06 1.328988714836386498e+06 8.217595952548452187e+05 3.793495089129926279e-01 1.359827596495388076e+06
1.358975922376516987e+00 2.240159827146639415e+01 1.501707705487137545e+01 7.736549228997468219e+00 2.635787270812388616e-01 1.822610803989584483e+01 7.882670233687308047e-28 9.263238169317250789e-28 2.899325335971345996e-28 4.916938179423352429e-01 4.412658728511167359e-28 1.167184378624982642e-03 9.074987684729791167e-04 5.142628329513717527e-04 3.109835654748723810e-01 1.007491379959257966e-03 2.101368796128596179e+06 1.303077427268822445e+06 9.542191619857694022e+05 3.205203734517570457e-01 1.907339175452348543e+06
2.361629484156356984e+00 1.677263902817936270e+01 1.079066644304537803e+01 4.508211145737725190e+00 2.596513598004107637e-01 1.222179379170319535e+01 8.538104714324171261e-28 6.694436533912276175e-28 2.277567610771040294e-28 4.563186470290683250e-01 3.879173817403792777e-28 1.182479232296699406e-03 6.542934921513440024e-04 3.668640739914328297e-04 2.242121311551765472e-01 1.094940374700003856e-03 2.586692332750514615e+06 1.237493734064934775e+06 1.145188841583760455e+06 2.526268608569048890e-01 2.432048300050301477e+06
4.104041674765874781e+00 1.323159981097545135e+01 6.894578623353112334e+00 3.088138553510216155e+00 2.422105654652318418e-01 9.814097589837643909e+00 7.545539105271883943e-28 4.323419388494585930e-28 2.004444179295947424e-28 4.377678027548398410e-01 3.587606604818730727e-28 1.236010608689734093e-03 4.036226323331556370e-04 3.771597435388244351e-04 1.560598587653015956e-01 1.231136133809111440e-03 3.077990453832445201e+06 1.079006686931615230e+06 1.191038851300098235e+06 2.185853784776548292e-01 2.894507560627070721e+06
7.132007023630110076e+00 9.650682831318304622e+00 3.518515236245365330e+00 2.335377148333262376e+00 1.283466459061954890e-01 9.170535093443620056e+00 4.000444194464518169e-28 1.904385442424832956e-28 1.467754318889862444e-28 2.521165711211253435e-01 3.352707271123878877e-28 1.166203401080770580e-03 2.153729461181115058e-04 2.295748356911703116e-04 8.871561231363774003e-02 1.182232230741892898e-03 2.836321437725954223e+06 7.406888762986785732e+05 6.126525432624204550e+05 1.345549565976615347e-01 2.690620101494046394e+06
1.239400771631078335e+01 3.439046697586207735e+00 8.411458392128339234e-01 4.017818763632567958e-01 7.489793719199655531e-02 3.298384658941443615e+00 1.386928530440288860e-28 8.978089720732401681e-29 2.626376420451530998e-29 1.688414557652246628e-01 1.169102632287512856e-28 1.148354937767646607e-03 1.717083901460096998e-04 9.547160065953509862e-05 5.072433245132906138e-02 1.123537837293575592e-03 2.878521428385374136e+06 1.053562531659276225e+06 3.405910081940116361e+05 9.935889774546698139e-02 2.666135319275067188e+06
