# R (Mpc), mean rho (Msol/kpc^3), errup (Msol/kpc^3), errlow, std, median rho (Msol/kpc^3), mean pth (Msol/kpc/s^2), errup(Msol/kpc/s^2), errlow, std, median pth (Msol/kpc/s^2), mean gas-mass-weighted metal (fraction), errup, errlow, std, median metal, mean gas-mass-weighted temp (K), errup, errlow, std, median temp  
#  nprofs 446, mean mh 4232450194313.143555, median mh 3486625797576.972656 
#  Mass range 12.30 - 13.1 
#  Nhalos 34
5.932158538165270469e-04 1.554043231784783006e+08 1.899270926152427197e+08 4.066278275548525900e+07 5.855412504487247372e-01 5.447706023807613552e+07 2.338222023509371163e-22 1.251699643512033808e-22 2.373596062566392551e-23 8.772444026728893895e-01 2.710099225218436925e-23 6.799554705435181812e-03 4.428410709388352559e-03 3.246051180411619469e-03 3.892840752367218160e-01 6.503677609516554659e-03 1.048629092217034777e+05 6.356527192361791094e+04 1.115006395498262646e+04 4.897476123854708208e-01 2.862308067087939708e+04
1.030891002389629219e-03 6.479502687750033289e+07 1.004678029875503182e+08 1.439758900183651596e+07 6.039280475740377296e-01 2.018618443780048937e+07 1.190355908879213618e-22 1.173930670000988804e-22 3.608601140961744723e-23 7.911053326081471937e-01 4.204903262944440236e-23 6.715246114457971982e-03 4.042122495015737157e-03 2.628610837141645475e-03 2.708794054034589505e-01 5.838287278969707741e-03 4.791113509544574190e+05 9.232637823224302847e+05 4.024378573623362172e+04 7.461802204789859116e-01 6.312729784879526414e+04
1.791483238302971287e-03 4.208523460782198608e+07 8.004920210006426275e+07 1.336719899459094182e+07 5.684358034462239084e-01 1.885593136122684181e+07 6.725947881918929329e-23 6.756649308903267022e-23 2.340138077053223601e-23 6.282605020258065220e-01 2.882991461117202511e-23 6.555220980136693652e-03 3.545217709827450103e-03 2.980451371130098288e-03 2.732036338520809071e-01 5.752610888716485835e-03 6.500314817735683173e+05 5.891676259669300634e+05 3.731758987535060442e+04 7.281038807318733763e-01 6.085374362559552537e+04
3.113241056213520049e-03 1.465661846388083696e+07 1.133361218276521564e+07 5.203987864189098589e+06 2.861238490403846813e-01 1.099911670751343668e+07 3.020682886541572195e-23 2.087074731782260217e-23 9.590108575253479765e-24 4.936595438194292251e-01 1.407528626018354562e-23 8.032886368600260923e-03 5.155128089700429517e-03 3.575146312419365952e-03 3.215349381078933533e-01 7.636885900343129419e-03 1.775174990708168771e+05 2.129437247872619773e+05 6.613684738865093095e+04 4.757588258288167338e-01 9.015548087884834968e+04
5.410192887584432467e-03 4.725187021863792092e+06 3.459470742946258280e+06 1.846952316844782792e+06 2.666872322972562714e-01 3.912515915635568555e+06 1.035199614132011936e-23 7.334977069304074629e-24 2.861585350800556864e-24 5.273446064059394978e-01 5.129914818960900486e-24 7.746437352976742567e-03 7.061789605816477453e-03 3.059173478736778619e-03 3.389085171365007199e-01 6.640929447532011726e-03 1.535449186093847384e+05 1.100262848549208575e+05 5.697671437275497738e+04 4.131668924851448210e-01 1.007517857155286620e+05
9.401837683738208107e-03 1.010978047289811540e+06 8.464402691225643503e+05 5.437197765918939840e+05 3.942851171016727441e-01 8.545866411660137819e+05 4.756302165978183223e-24 2.767734337574559305e-24 1.092328719678965909e-24 5.693171258016140879e-01 2.357532619729654994e-24 6.727653392316081636e-03 6.190972865330483799e-03 2.924285666164904048e-03 3.485809153244563419e-01 5.498117254139203020e-03 4.495771641787436674e+05 6.156378053701814497e+05 1.253310748972480360e+05 5.139404119175596808e-01 2.135437205361972738e+05
1.633852131856735820e-02 2.458356508753668459e+05 3.868333369831916061e+05 9.205171527850489656e+04 4.559261014273180979e-01 1.403729898020432447e+05 2.343435828310705965e-24 2.548365226508936828e-24 6.267590178087880829e-25 4.095249924751553361e-01 1.285852831315167921e-24 5.178617296385029309e-03 5.400212681679129531e-03 2.058992081004729340e-03 3.460657651374521859e-01 4.166127052021765739e-03 1.209281707990645198e+06 1.551623394172871485e+06 6.279304883770770393e+05 5.227807046881840503e-01 7.866334190820725635e+05
2.839309588794570668e-02 6.885752271074794407e+04 7.265468622912614956e+04 2.829861675553209352e+04 4.198849538063538223e-01 4.351563520421681460e+04 1.204548748385314070e-24 1.162071085362635762e-24 4.576762774918135921e-25 3.978346086884698707e-01 7.367949610571423922e-25 4.345553652444714837e-03 2.916449678469769727e-03 1.551259306164160141e-03 3.122571043021828974e-01 3.577777523537713049e-03 1.878094670299709542e+06 1.576747523898448329e+06 1.187603556927605765e+06 4.533751625340736724e-01 1.552445917588476557e+06
4.934154556483250076e-02 2.303045650061295964e+04 1.913171040120419639e+04 1.112373446239213808e+04 3.782078659611816662e-01 1.857174978232249123e+04 6.096156185973141315e-25 7.807072384604779789e-25 2.204702441177193660e-25 3.524955569230306396e-01 4.212902673844848009e-25 3.243733921771989846e-03 1.341597441300432323e-03 1.310455467409012403e-03 2.387875551285584264e-01 3.105325554179407584e-03 2.308121724720634986e+06 1.478637626584522426e+06 1.551097005317586241e+06 3.169223817925652109e-01 2.358329939548350871e+06
8.574577877434103046e-02 1.036052609998836488e+04 7.619376083082970581e+03 4.999783669265682875e+03 3.347703890599847965e-01 8.911080746023209940e+03 3.120104480798582191e-25 4.300517739211123788e-25 8.460971027973723202e-26 3.444784245970294312e-01 1.908230858544013908e-25 2.517332732262085333e-03 6.937884139767711358e-04 1.323322346581069005e-03 2.075695941779007458e-01 2.612163467821085501e-03 2.375689280021047220e+06 1.662992738695322070e+06 1.295998603811441921e+06 2.722422042381498763e-01 2.165605248933221214e+06
1.490090854158103439e-01 3.962817307250311387e+03 1.986750043393606120e+03 2.107275897993029957e+03 2.549199700612879149e-01 3.858658972475034261e+03 1.135026808362050210e-25 1.286890281474901662e-25 2.864893160738262599e-26 3.180292591997336826e-01 7.103730586105769548e-26 1.801683473922943311e-03 6.745294356388519159e-04 7.864109608593835687e-04 1.961030847902071605e-01 1.847914168130627456e-03 2.051412440462409053e+06 1.108165037609517807e+06 8.217866178735254798e+05 2.368414962356588660e-01 1.794109201581668807e+06
2.589481121267818153e-01 1.284489748356663995e+03 6.382465843468849016e+02 3.770129270999002529e+02 1.924983535259389422e-01 1.162871209433985314e+03 3.077238205544810593e-26 1.802477023208625962e-26 1.422154555947908727e-26 3.405328718291826817e-01 2.398133068426964873e-26 1.388173884317252596e-03 4.943206922235483629e-04 6.272985957760678945e-04 2.041726971109372735e-01 1.358259047166604939e-03 1.589183973875766620e+06 1.028523689396074042e+06 7.670478819576099049e+05 2.265109330877546345e-01 1.549188151287153363e+06
4.500002438570074315e-01 3.670282601859539113e+02 2.176451795271116225e+02 9.076099812917527743e+01 1.833140654494482547e-01 3.241146661750769908e+02 7.791736110983343674e-27 1.022831937199614548e-26 2.256829157311456145e-27 4.093559115547123484e-01 4.460188424413587114e-27 1.005055841071007035e-03 5.043371610225001224e-04 3.356265099504595738e-04 1.950897812163180922e-01 9.229983619908400418e-04 1.311024865096388850e+06 9.717642185807882342e+05 4.981110914280992001e+05 2.871640443317451941e-01 1.112910894730499946e+06
7.820107967121281423e-01 1.329351142210161356e+02 9.225156173282050531e+01 2.157159235792337881e+01 1.761925372307849846e-01 1.057537961809151739e+02 2.456099468913847046e-27 2.718933975937514530e-27 7.638264211824650984e-28 4.861528855613206912e-01 1.312419962418739241e-27 7.887981510961783807e-04 4.682236465176250594e-04 2.969770241203400834e-04 2.313200596514501939e-01 6.857588935713001405e-04 1.105003146052164491e+06 8.608238994179015281e+05 3.839315520190306124e+05 3.561323692820746456e-01 7.958223765231295256e+05
1.358979010617297423e+00 6.464872843272561909e+01 2.183996543299733162e+01 1.194460083508449344e+01 1.935626736998944664e-01 5.391526653916872647e+01 2.269800452029061354e-27 6.860649607324150754e-28 2.319285187132344079e-28 5.834961807098213438e-01 4.501143449729885081e-28 6.238547865660405657e-04 2.291051321492165466e-04 3.340351460535465316e-04 2.668753917346503024e-01 6.084375293325117173e-04 1.064673309492515400e+06 4.506907842232052935e+05 2.440315981011375552e+05 4.114260824646582826e-01 6.362089803570596268e+05
2.361634850903744809e+00 3.624762124255320117e+01 1.271719524671990342e+01 1.061695403170354979e+01 1.900249953827092830e-01 3.206231990360473816e+01 9.953053066847971782e-28 2.120673852541480501e-28 1.704208541672973762e-28 5.385785998364160942e-01 2.623162290607648123e-28 5.169759021447060824e-04 3.091401630329292365e-04 1.668863609813348177e-04 2.292202568938436491e-01 4.396796201772089612e-04 9.063980062404042110e+05 3.844230842025305610e+05 3.236947051508874283e+05 3.761978171825284822e-01 5.881865767495481996e+05
4.104051001103932172e+00 2.516561261524707405e+01 6.417461486733344600e+00 7.618718926626563359e+00 1.367648589646180135e-01 2.475610196736879232e+01 3.960896027411079920e-28 1.370865239287863244e-28 1.192572102888927579e-28 4.650020370584296847e-01 1.945765313075600385e-28 4.630439324795911603e-04 1.501119190545618107e-04 1.277052886665128238e-04 1.708489013937274370e-01 4.432028729210991903e-04 7.927945637439688435e+05 2.745278030655354960e+05 2.162141347150133224e+05 3.436704904686811446e-01 5.264392606937915552e+05
7.132023230948114190e+00 2.256273432961956615e+01 8.496498445030994162e+00 1.808791247862977514e+00 1.035121225649874993e-01 2.038697314737659383e+01 5.463314233834663404e-28 1.189583430749125028e-27 6.575923101451859072e-29 5.279520673053940127e-01 1.605186507784318522e-28 5.111813228472971652e-04 2.526283828559119796e-04 8.393302002530146936e-05 1.430431438504175534e-01 4.426639583989646146e-04 1.445977011188904289e+06 2.661305452517281752e+06 2.362659150246998761e+05 4.219808924303034559e-01 6.160106754194047535e+05
1.239403588140144663e+01 6.842620094615847748e+00 1.325091785924290555e+00 7.980859518308855982e-01 5.565935119923953733e-02 6.698459311933492977e+00 1.113855723578385122e-28 2.243498324009582627e-28 1.761163875971705239e-29 3.633783096036342641e-01 5.293266356461686899e-29 4.999566665994285104e-04 1.601442079597158847e-04 6.529979758725421675e-05 7.993944504713661192e-02 4.707496863257274399e-04 1.079238993286368670e+06 1.836952018252431881e+06 1.479580190405328176e+05 3.065178180111563511e-01 5.971668937376756221e+05
