# R (Mpc), mean rho (Msol/kpc^3), errup (Msol/kpc^3), errlow, std, median rho (Msol/kpc^3), mean pth (Msol/kpc/s^2), errup(Msol/kpc/s^2), errlow, std, median pth (Msol/kpc/s^2), mean gas-mass-weighted metal (fraction), errup, errlow, std, median metal, mean gas-mass-weighted temp (K), errup, errlow, std, median temp  
#  nprofs 443, mean mh 543563121478.805298, median mh 488008349365.634521 
#  Mass range 11.50 - 12.0 
#  Nhalos 173
5.932134616077487568e-04 5.465427107833131403e+07 3.744130400316700339e+07 3.010016132116330415e+07 3.384974226137223430e-01 4.412602805324734747e+07 2.088930927581403855e-23 1.867617203374435460e-23 7.379077332509464683e-24 5.934086918940787436e-01 9.399641542267531315e-24 8.025487806606760102e-03 4.945597026580668583e-03 2.314778506569202358e-03 2.020872309585352022e-01 7.092695934981807677e-03 2.958929353428076502e+04 7.447219670126982237e+03 4.529194889122969471e+03 3.156025613992449186e-01 1.749954234140191693e+04
1.030886845207231632e-03 2.318985856896139681e+07 2.606726881994460523e+07 1.006315410725941882e+07 4.494451325871033909e-01 1.481712034143399633e+07 1.314949030310192625e-23 1.312393242808364432e-23 2.884806994445410901e-24 8.641341416254214591e-01 3.194826417836483166e-24 7.949423131107602805e-03 4.454917752759164108e-03 2.466499282750523984e-03 1.942588523676522239e-01 7.198073304513747696e-03 3.736877863379217160e+04 2.720643772128049750e+04 5.490974418875404808e+03 4.843504711600731816e-01 1.573181970988272224e+04
1.791476013947955600e-03 1.045271117584180459e+07 1.259819329826569371e+07 3.266457707204627804e+06 4.257814186074566631e-01 5.976158585438573733e+06 6.748220094429307145e-24 1.101991555816118282e-23 7.159666260656787031e-25 8.593057443611401558e-01 8.875734327929895920e-25 7.665090096756608205e-03 3.069622421446640756e-03 2.188417183664172205e-03 1.833902486449960623e-01 7.145518993549386869e-03 4.168234481106566818e+04 5.153602416404425458e+04 4.573600295733529492e+03 4.604145075474533888e-01 1.443284720779322561e+04
3.113228501723386363e-03 4.461783845299629495e+06 3.946529838975661900e+06 1.907193278908012202e+06 3.443653930656602191e-01 3.489513365217202809e+06 3.378588322297128120e-24 6.076685017313105602e-24 4.073410263968684184e-25 8.315183565742642058e-01 5.068138637802939193e-25 7.320873923422456866e-03 3.521319398069017170e-03 2.041245367448251205e-03 1.748533214783641043e-01 6.544392321593612422e-03 4.398558513535255770e+04 6.979225970291423437e+04 6.261661608806056392e+03 4.780534803452067827e-01 1.526659427567292914e+04
5.410171070381073442e-03 1.884663389102251269e+06 9.125789584675834049e+05 7.086387591408335138e+05 2.408815446731636389e-01 1.779574378170718206e+06 1.251641539537512469e-24 1.164974432206678538e-24 7.422774817338443428e-25 6.102101097725584067e-01 8.739048286982747068e-25 7.033770109541348167e-03 4.389825787284667123e-03 1.842779526592300265e-03 2.115674249479005675e-01 5.756519886112921626e-03 5.118404969678934140e+04 4.698040493234993482e+04 2.553049300382350702e+04 4.186862613197612215e-01 3.691552703330843360e+04
9.401799769784129415e-03 5.935591133022375870e+05 5.015337972348517505e+05 3.702041942334243213e+05 3.914096731916840155e-01 5.371076958998105256e+05 3.986731264064712504e-25 4.390208017714061508e-25 2.114885174054183386e-25 5.715776533211621713e-01 2.793747147293907730e-25 6.403919956541722670e-03 3.941702811811953651e-03 1.426650675584365154e-03 2.344589396297698802e-01 4.813889629629446686e-03 6.538746783235646581e+04 8.673493593938444974e+04 1.936541717409538978e+04 4.123777133211011248e-01 3.692389244696920650e+04
1.633845543166654105e-02 1.242079696813768533e+05 1.799296273529982427e+05 5.647766449130688125e+04 4.871469447249841545e-01 7.640686552728734387e+04 1.523550046194153594e-25 1.704773467838958571e-25 7.271655696352528175e-26 5.336097239510377843e-01 1.130164845037561410e-25 5.618183749297717307e-03 3.100448411522205641e-03 1.378604967256178218e-03 2.393604092675248318e-01 4.315207029283901416e-03 1.585189942330491613e+05 2.109175048359910143e+05 5.643664067186426109e+04 4.663232796207284481e-01 9.230423454236051475e+04
2.839298138963486026e-02 2.338214345418323865e+04 3.135087526711116516e+04 7.594292255855095391e+03 4.430873404101390300e-01 1.323225025777311930e+04 5.540246705672807952e-26 4.364918523489887103e-26 2.410582937508801400e-26 4.388058311295084390e-01 4.351042013875315290e-26 4.935118548017706358e-03 2.087066409799561307e-03 1.231992800645391895e-03 2.575846251695603217e-01 3.754162477331701633e-03 2.570326902626990632e+05 2.088681198576180032e+05 1.407448234556347597e+05 3.623559891578083669e-01 2.248205353222396225e+05
4.934134658957302355e-02 5.318872819986783725e+03 5.873221290540521295e+03 2.122059074993734612e+03 3.614818402898236083e-01 3.968599500460671607e+03 2.040381138016345428e-26 2.004576234325002535e-26 6.375974295488559597e-27 3.343850255941370753e-01 1.418059829398399704e-26 4.253487504384445908e-03 1.985044416937503230e-03 1.316786349486302656e-03 2.349544094692541385e-01 3.515353963051939552e-03 3.404470063553005457e+05 2.012407104545379989e+05 1.475427777075898484e+05 2.840884059231891801e-01 2.911513503421683563e+05
8.574543299497019988e-02 1.830038086546766635e+03 1.672054418170766212e+03 7.410690148873338785e+02 3.203027049495576484e-01 1.436609171379385998e+03 7.193988539722443727e-27 7.224666464844622579e-27 2.666877354260230903e-27 2.935723810715785143e-01 5.563068612759282514e-27 3.324135140155454714e-03 1.404757253426992900e-03 9.535313440360152545e-04 2.168979685191284867e-01 2.862913897180515126e-03 3.502468701347744791e+05 2.772251441736824927e+05 1.124307365882486338e+05 2.700309093995362786e-01 2.669343234862747486e+05
1.490084845201332109e-01 5.583635876440343964e+02 4.022421034108135700e+02 2.118611654328645955e+02 2.642572307103034368e-01 4.759069947496395798e+02 2.439212710077615286e-27 2.160617253541046736e-27 8.860690661540301075e-28 3.048974958247862022e-01 1.809445604981870000e-27 2.430672893837803727e-03 1.306720084044509563e-03 9.200812127067112961e-04 2.211303912724835175e-01 2.191870719090206060e-03 3.748787439907595399e+05 3.288306320355791249e+05 8.617158208529074909e+04 2.792966975086849657e-01 2.500003947797465953e+05
2.589470678897760059e-01 1.820798980991283145e+02 1.181770471566083813e+02 5.830755854158584839e+01 2.374126410709881951e-01 1.531428820887967106e+02 1.042268045199981593e-27 7.986907399080175890e-28 4.186148408861249605e-28 3.778512301601964496e-01 6.851998301741550221e-28 1.846500659941077531e-03 1.083342710717216141e-03 6.622905066950078405e-04 2.260152992603986777e-01 1.699312092603779377e-03 4.572672264202725491e+05 4.986045423148819245e+05 1.056464969001518039e+05 3.296218103853274517e-01 2.598034176376344694e+05
4.499984291810734116e-01 6.455428546808910539e+01 4.564532742452738745e+01 1.753066110635986519e+01 2.215664585552735988e-01 5.252844398840367290e+01 6.038608024433482648e-28 5.953026813553805361e-28 2.256618465778086328e-28 4.834301556936192457e-01 3.190089748339078555e-28 1.410226717162339381e-03 7.463537365788718448e-04 5.907739772153182715e-04 2.601472417252871372e-01 1.292277411524196977e-03 6.182876262010496575e+05 5.177533468345302390e+05 2.449190558871551184e+05 3.890173017540303757e-01 4.005403594636180205e+05
7.820076431667862815e-01 3.073951388110491578e+01 2.440140602070481535e+01 8.638796191823564286e+00 2.460934029323600114e-01 2.397646799298046361e+01 4.393976037301458729e-28 4.870621964044696551e-28 1.423673942885329838e-28 5.703627410983063140e-01 1.929857814988579324e-28 1.186468170456769127e-03 6.050938878101057208e-04 6.070168721595765914e-04 2.911561317747862199e-01 1.097268068455183347e-03 8.006327237887512892e+05 8.432223772691002814e+05 3.921473802876990521e+05 4.251930007966169822e-01 6.058199528252667515e+05
1.358973530383588368e+00 1.881058405544354883e+01 1.239713208739673433e+01 6.740783332408316397e+00 2.810714476632174552e-01 1.451060903174245809e+01 4.813338133874373295e-28 4.331226927633833717e-28 1.183970719224920079e-28 6.490162472741820565e-01 1.518514903375107647e-28 1.158129335939966746e-03 9.190871319467107912e-04 6.283518705081124001e-04 3.423797720709894077e-01 1.021499809800546863e-03 1.036770503019768861e+06 7.934113186302284012e+05 6.069283487044300418e+05 4.493388304169264047e-01 9.061076310651883250e+05
2.361625327349063497e+00 1.336987582133918018e+01 1.021662084260050030e+01 4.626269074325314534e+00 2.869084493237774591e-01 9.908754437783043656e+00 4.208673794597589854e-28 2.912399780415200782e-28 1.018780458054145761e-28 6.093161835615086286e-01 1.369122548102684344e-28 1.233541822164880121e-03 6.605709145948513231e-04 5.000705691495957537e-04 2.875932311605371439e-01 1.172916474864838399e-03 1.221245390723867575e+06 7.190047757640741765e+05 5.846041646056126337e+05 3.751563856579500089e-01 1.082518596352652181e+06
4.104034451062715583e+00 1.027577827439951186e+01 6.273614131434325891e+00 2.927660756435400913e+00 2.668287846815253772e-01 7.546670761702888974e+00 4.296073811585630396e-28 1.992520627390084646e-28 7.488408779516905765e-29 5.707838762956304324e-01 1.154929635113703818e-28 1.339760100595155422e-03 4.769623591650399858e-04 4.545354402536933621e-04 1.965305338438843308e-01 1.345814909600186269e-03 1.563518417350135744e+06 6.678804371778715868e+05 5.560762896863584174e+05 3.171023733923952204e-01 1.194238984665042488e+06
7.131994470272771558e+00 7.319706139604307715e+00 2.316315940763773895e+00 2.030913250703223483e+00 1.580517617481608794e-01 6.870641659153294611e+00 1.939504963272877478e-28 7.922881486874741240e-29 5.733514642577028939e-29 3.929210670758144786e-01 1.101244648392140205e-28 1.301558584668575458e-03 2.512259120396860643e-04 2.795765252977602811e-04 9.802596605590052636e-02 1.304526940547651994e-03 1.475957889345708070e+06 3.752026631445132662e+05 4.136407713195846882e+05 2.388195662918099760e-01 1.228978190652308287e+06
1.239398590107599851e+01 4.881896925877891924e+00 1.496723334248374115e+00 5.367751533845082079e-01 7.963900106073706908e-02 4.609558632885767615e+00 1.220213857925325025e-28 2.272311189946693866e-28 1.405708707715625613e-29 2.944283846674996541e-01 6.965530169342902220e-29 1.293590719223478578e-03 2.078446988822164193e-04 1.050003884017923408e-04 5.067555465513173818e-02 1.262471955496247914e-03 1.644464431911808671e+06 2.198099607859082986e+06 1.609110109836065676e+05 2.132050715833040400e-01 1.145731242825090420e+06
