# R (Mpc), mean rho (Msol/kpc^3), errup (Msol/kpc^3), errlow, std, median rho (Msol/kpc^3), mean pth (Msol/kpc/s^2), errup(Msol/kpc/s^2), errlow, std, median pth (Msol/kpc/s^2), mean gas-mass-weighted metal (fraction), errup, errlow, std, median metal, mean gas-mass-weighted temp (K), errup, errlow, std, median temp  
#  nprofs 459, mean mh 545595178351.650696, median mh 482991235193.313110 
#  Mass range 11.50 - 12.0 
#  Nhalos 180
5.932173081830181089e-04 1.065015263648011982e+08 1.123610278702643216e+08 5.811651767204262316e+07 4.293989596766289440e-01 7.889855615983429551e+07 5.313041196979379189e-23 6.916653974436305984e-23 2.090759420632538836e-23 6.371649344215056798e-01 2.483896535153537288e-23 6.296682657484170900e-03 3.502621294261382655e-03 2.131650491729132797e-03 2.491507633606746541e-01 5.738570838650096546e-03 2.920655273868966469e+04 9.422099182570324047e+03 6.234319804728816962e+03 2.131247454244255268e-01 2.378811864853033330e+04
1.030893529788922541e-03 5.884650882752902806e+07 5.873473935556089878e+07 3.282785652102642506e+07 4.717419320505260028e-01 4.444770446202990413e+07 3.664367288998678877e-23 4.644225158398837566e-23 1.230402758460118160e-23 7.617552868942891742e-01 1.417958974334965806e-23 6.447018125134513535e-03 4.171349544432357247e-03 1.509279427740497191e-03 2.412427470061036805e-01 5.201350692275489955e-03 3.663212903374899906e+04 1.448307115789653108e+04 7.662974163444327132e+03 3.038572239733874913e-01 2.259932721315189337e+04
1.791487630419557730e-03 2.474983608040623739e+07 2.794371575921187550e+07 1.337858417883627862e+07 4.812708646851162064e-01 1.843947252090878785e+07 1.823850259586615912e-23 2.643336608496670807e-23 5.063085103604154099e-24 8.009106946853341569e-01 5.840344402187519468e-24 6.372393358376624885e-03 4.358603226788894912e-03 1.754429044713476903e-03 2.577000327620483922e-01 5.118717613891669328e-03 4.136268931159152271e+04 5.392430109371383151e+04 6.418382152772073823e+03 3.598167629497200370e-01 2.092012728815733863e+04
3.113248688837364202e-03 8.097002163885205984e+06 5.130509822654338554e+06 3.670302652848578990e+06 2.816226455196540468e-01 7.445427459461221471e+06 5.901540226955223302e-24 6.289308504793458470e-24 1.862764659797721127e-24 5.845260334406638947e-01 2.597681686449645158e-24 5.944810929562781808e-03 3.239019813364512994e-03 1.676483201958371781e-03 2.772320312557281508e-01 4.587465039972617002e-03 5.164464532872182463e+04 4.482687123246176634e+04 1.031022024907869491e+04 3.730556250079063996e-01 2.484679363862131140e+04
5.410206151564474382e-03 2.637066161689559929e+06 1.555627078799359500e+06 1.286255960064779967e+06 2.772550381679966813e-01 2.447300088497944176e+06 1.729214989487004168e-24 2.061998530134917767e-24 6.663716423484534491e-25 5.487514714308913133e-01 9.489927858927383176e-25 5.654036877106890895e-03 3.388868884848426910e-03 1.756741484904194087e-03 3.193324902611480720e-01 4.016505648319649777e-03 5.594426313710018439e+04 4.516336044083871820e+04 1.557717967121907895e+04 3.988176691362289028e-01 2.980674543661797725e+04
9.401860733893718097e-03 6.068182869799914770e+05 6.562443573401207104e+05 3.083414615035722381e+05 3.907268947243315860e-01 4.541230799796439242e+05 5.347634091973261630e-25 6.770692119512956419e-25 2.104343972434360334e-25 5.508052945167811743e-01 3.249040530715672924e-25 5.188472245375092169e-03 3.150685700550389257e-03 1.541896414332926107e-03 3.418109491279082701e-01 3.499032294418039871e-03 9.320444422972112079e+04 1.062815781550007523e+05 3.761786471883269405e+04 4.532048795652695583e-01 5.533802157806442119e+04
1.633856137514670334e-02 1.085689908955294231e+05 1.160232734699685680e+05 4.870782938627622207e+04 4.134512636556207377e-01 7.559882296824474179e+04 1.985657493100459763e-25 2.325663964234218986e-25 8.419350584430539537e-26 5.495138129963199614e-01 1.358526505836181520e-25 4.788580947413579626e-03 2.880074700270391416e-03 1.274123324507340756e-03 3.334647940752637485e-01 3.065927654711574860e-03 1.894910084512873145e+05 2.002055969680412381e+05 1.010104834985467896e+05 4.652358958483263640e-01 1.406771132362754142e+05
2.839316549830248754e-02 2.321983275992009658e+04 1.972644419272730738e+04 1.180997017774490996e+04 3.847156730374572398e-01 1.935685857549698994e+04 7.353727916350723241e-26 6.773603728978627054e-26 3.214989615689053877e-26 4.480209160000141466e-01 5.703915021566842526e-26 4.518904343273208273e-03 2.326461034853153937e-03 1.179020728225727357e-03 3.170821715155515141e-01 3.020586173553046084e-03 2.732548720383224427e+05 2.195300397966070450e+05 1.129585050063469826e+05 3.224304750864828151e-01 2.170749901693245047e+05
4.934166653376820949e-02 7.726898388721032461e+03 5.528083796580262060e+03 4.221840203600253517e+03 4.092888828721876759e-01 6.564278735769523337e+03 3.143385692808958823e-26 2.716378108021196024e-26 1.078399918533637803e-26 3.991902963465180365e-01 2.305994655102989221e-26 3.919276745123938428e-03 2.280899751844767294e-03 9.562832661091382434e-04 3.051673003618742275e-01 2.657462425567218810e-03 4.044154310365900164e+05 2.807343288290237542e+05 1.022830159664304228e+05 3.092773357631951603e-01 2.586657759583581937e+05
8.574598899425776855e-02 2.489723497669591325e+03 1.839381579301857073e+03 1.379313510220318221e+03 4.121708686446317604e-01 2.236865305001525485e+03 1.299617269908474069e-26 9.487677420288408194e-27 4.260301327141924754e-27 4.423322071562136859e-01 8.590911736927916781e-27 2.833642922287121172e-03 2.051000482819323890e-03 9.049707927968981755e-04 2.858484764426132418e-01 2.102274935174553144e-03 4.877744621108787833e+05 2.953426668168999604e+05 9.748399881286383606e+04 3.273043522529351934e-01 2.804182504906602553e+05
1.490094507361558740e-01 7.092664130325981660e+02 4.876969357739443467e+02 2.838723311351811844e+02 3.403977073763435057e-01 6.326296907748452441e+02 6.027706022022141024e-27 6.021396311400463353e-27 2.346744954412945301e-27 4.233613869143390551e-01 3.699278730465493618e-27 2.070312086911841373e-03 1.392333357606898026e-03 9.271970740158312716e-04 3.038756356058499031e-01 1.656225353520448910e-03 7.575562930718592834e+05 8.198462329579427605e+05 1.762627318032172043e+05 3.876690571065052326e-01 3.728927150576383574e+05
2.589487469807810194e-01 2.255486655271600682e+02 1.445379316679456565e+02 8.647665741253874216e+01 2.778585111863533519e-01 2.041991766480475121e+02 3.286146969748981317e-27 3.719635200841834913e-27 1.274611742145809056e-27 5.022495125183136233e-01 1.888698014622487196e-27 1.309831819678962958e-03 1.013732543216660283e-03 5.926192985729072417e-04 3.319023169696918019e-01 1.023268451177028384e-03 1.207720964758094167e+06 1.318253778729899321e+06 4.131873338687625946e+05 4.659676830331434538e-01 6.575085923020151677e+05
4.500013471068133319e-01 9.218061309761566235e+01 5.297114986819838123e+01 3.237905203126434373e+01 2.308007785814650825e-01 8.318822486207255906e+01 2.445467777212447311e-27 3.349053959292148425e-27 9.951239340116863933e-28 5.747136878646935676e-01 1.316395257982206295e-27 8.613111150610236640e-04 8.906282272866234122e-04 3.977555652684567873e-04 3.479108452580049193e-01 6.649054877597767189e-04 1.986700525867530378e+06 2.557043310742777772e+06 8.657459392632797826e+05 5.121325933941904829e-01 1.212054154976364225e+06
7.820127139405553818e-01 5.285208400582981625e+01 3.761152929958952029e+01 1.697389686086596683e+01 2.451658436089139137e-01 4.449126415795392120e+01 1.953954573780958299e-27 2.551348648929210341e-27 8.823511560471854712e-28 5.741710966541818673e-01 1.161235058606781442e-27 8.149603827175837430e-04 8.486269887594424886e-04 4.215279864535666633e-04 3.901794408943847214e-01 6.485231039288750794e-04 2.667927357005530037e+06 2.256701229944795370e+06 1.579223293991299812e+06 4.651424813845720929e-01 2.186736537410126999e+06
1.358982342378446839e+00 3.430491277420041740e+01 2.332305613381599585e+01 1.230029519970480223e+01 2.243799892591082645e-01 3.010378850691725461e+01 1.688681279535054335e-27 2.226160130671590122e-27 9.109347157037881582e-28 5.132594113378724510e-01 1.173478108373440076e-27 8.296329659332782021e-04 5.996470479108615033e-04 4.673080680831174236e-04 3.498187454682460396e-01 7.269280708826308772e-04 3.249286821765922010e+06 2.641793962716253474e+06 1.715088578065071022e+06 3.700415944781939581e-01 2.848828906987701543e+06
2.361640640841031757e+00 2.659267490497289899e+01 1.535285256916804997e+01 6.981051938566245951e+00 2.008840460871662570e-01 2.237852773161679920e+01 1.533171396101860066e-27 1.506077944753287082e-27 7.410549928927025747e-28 4.119738022628083307e-01 1.124514258040109943e-27 8.742915837650009877e-04 4.749385153211035503e-04 3.700286828406892676e-04 2.351593111858668317e-01 8.387112365254392223e-04 3.729658905013584532e+06 1.993454319988762029e+06 1.837639901799363084e+06 2.537233971982815195e-01 3.683441642877425067e+06
4.104061062861748432e+00 2.220953495003518441e+01 7.135730352877025950e+00 5.889487678247146363e+00 1.688230289502884174e-01 2.009564193431913992e+01 1.381134195267501762e-27 7.863264935186292319e-28 5.371677273430014270e-28 3.242847043698638410e-01 1.024282811849662560e-27 8.969993535961677490e-04 3.599974473842513113e-04 2.248722008836680827e-04 1.453314829175661738e-01 8.304243710613638894e-04 4.037903009651044384e+06 1.476326430541991256e+06 1.363499353291405365e+06 1.694660326803731076e-01 3.845554180849235505e+06
7.132040716279185233e+00 1.878929929358464790e+01 3.969518756235604684e+00 2.955617434479599126e+00 7.979561596663044265e-02 1.842376364868545124e+01 9.786548937221707216e-28 3.963493098721825002e-28 2.469159214413115011e-28 1.535682328512300299e-01 9.108997049014454883e-28 8.392137778360675860e-04 1.539306366352718829e-04 1.191394392160455718e-04 7.342220435665103295e-02 8.366527118920687438e-04 3.792903972443187144e+06 8.156384744609277695e+05 6.511034898131024092e+05 8.452442820324218564e-02 3.758041811847466975e+06
1.239406626742427164e+01 5.204579911624737321e+00 7.182604390515470172e-01 4.571881930052139609e-01 4.607326093450857946e-02 5.119355285194342464e+00 2.655811180199426586e-28 9.382854941401408860e-29 5.199454114710913676e-29 1.063624595069204981e-01 2.525920551562052249e-28 8.438217044987843122e-04 1.263265176307051818e-04 9.116665805449951018e-05 5.089921859846970736e-02 8.323744928518867804e-04 3.758268010706231929e+06 6.900380875733848661e+05 5.251859055588748306e+05 6.435642835129559702e-02 3.681804292738616467e+06
