# R (Mpc), mean rho (Msol/kpc^3), errup (Msol/kpc^3), errlow, std, median rho (Msol/kpc^3), mean pth (Msol/kpc/s^2), errup(Msol/kpc/s^2), errlow, std, median pth (Msol/kpc/s^2), mean gas-mass-weighted metal (fraction), errup, errlow, std, median metal, mean gas-mass-weighted temp (K), errup, errlow, std, median temp  
#  nprofs 470, mean mh 563334058072.262207, median mh 536710113584.506775 
#  Mass range 11.50 - 12.0 
#  Nhalos 190
5.932158538165270469e-04 1.536450154797550142e+08 1.602245678601562977e+08 6.458583431707391888e+07 4.659753308698773577e-01 9.308961440573987365e+07 1.226224962952804515e-22 1.087142802895809351e-22 2.532901780089917814e-23 6.857103934444799265e-01 3.252541691363774791e-23 6.280043423020995746e-03 3.772075910285175963e-03 2.223506738173265662e-03 2.350973554338520732e-01 5.695527342800090105e-03 3.951931193031196744e+04 1.113071558720141184e+04 7.581674886610118847e+03 2.544635660903734053e-01 2.695409536568373733e+04
1.030891002389629219e-03 8.303462149411407113e+07 7.423669341895592213e+07 4.678372635171262175e+07 4.792642950295302184e-01 6.692843171512367576e+07 8.124839428466831751e-23 8.686089390107395055e-23 2.156748717056454669e-23 7.561502943436098079e-01 2.627507062675974761e-23 6.607208708634150322e-03 3.813996409742037227e-03 2.544840384366184316e-03 2.289975844700355978e-01 5.803192385532200334e-03 5.085278884618207667e+04 4.667549460299742350e+04 8.557327891189215734e+03 3.416581929287024755e-01 2.634940481160753916e+04
1.791483238302971287e-03 3.523023377641147375e+07 2.826517779465625808e+07 1.654910176008868590e+07 3.875669261530979015e-01 2.885321039585493132e+07 4.109367811813753880e-23 4.844245969194362427e-23 8.879745757689924155e-24 6.936017591099671309e-01 1.146070079690331005e-23 6.215331154947499430e-03 3.615923877809272373e-03 2.326595787636527059e-03 2.574803303511695174e-01 5.243991196664378289e-03 6.422664642226387514e+04 6.626428724042186514e+04 8.256387844310818764e+03 3.962305988064082074e-01 2.533703612875360704e+04
3.113241056213520049e-03 1.013468270040397719e+07 5.458432031422235072e+06 3.668453719137202017e+06 2.319658166249046471e-01 9.203697152884524316e+06 1.083585425027242386e-23 1.472282396123999303e-23 2.358515562524942673e-24 5.677391121234226512e-01 3.486773401684383084e-24 5.946457183651324661e-03 4.485949207257947276e-03 2.177830696939239349e-03 2.976272886853044697e-01 4.582570593941493430e-03 7.422781110270977661e+04 8.530827988339445437e+04 1.317961700674792701e+04 4.367326317266885249e-01 2.882999525539090973e+04
5.410192887584432467e-03 2.988696686472197063e+06 1.791093369315579999e+06 1.326137179867587052e+06 2.460058290448318141e-01 2.704676324815757107e+06 3.033757260876614525e-24 3.987294206715090696e-24 1.011508330487772058e-24 5.285999923807030987e-01 1.474043070737747550e-24 5.516644924596534987e-03 4.121745537920916587e-03 1.801053366448482178e-03 3.139411221218856296e-01 3.871240155834047673e-03 8.198765208420396084e+04 1.054767431125983421e+05 2.287648008566681165e+04 4.304901492249103012e-01 3.993380131758682546e+04
9.401837683738208107e-03 6.929416361347050406e+05 6.483822984404120361e+05 3.281176150327710202e+05 3.460699229093633367e-01 5.494316104733065004e+05 8.044786173425449359e-25 9.739086659693285417e-25 2.807664906630053087e-25 4.636801271686524784e-01 4.961683264823195688e-25 4.970661020192303041e-03 2.972149515672907472e-03 1.512993263864584282e-03 3.311765207707197956e-01 3.314493283005194753e-03 1.266590696434284182e+05 1.259331490309888904e+05 5.765714269231414801e+04 4.571026404064914006e-01 8.068821126594074303e+04
1.633852131856735820e-02 1.302674481501296541e+05 1.010891734679354413e+05 5.791090042490670021e+04 3.394622276541823247e-01 1.019198553007043956e+05 2.933705211641828342e-25 3.251681704458985699e-25 1.062189374786891954e-25 3.648922273269417094e-01 1.943912676932935977e-25 4.472280409751873409e-03 2.459873354672878314e-03 1.424297564923235511e-03 3.266270159000537743e-01 3.069697897806434803e-03 2.398843954164792958e+05 2.119128893652216648e+05 1.180666271464430320e+05 4.212333950436091823e-01 1.677698927108608768e+05
2.839309588794570668e-02 2.795880716935307646e+04 1.760977436111304996e+04 1.208573607184171851e+04 2.897763093829033854e-01 2.428754662097847176e+04 1.020384077269321663e-25 1.099490662149721012e-25 3.078033706869860595e-26 3.114179655627696830e-01 7.321998457217288142e-26 3.999195876746525734e-03 2.244415622111286136e-03 1.255878813237900835e-03 2.791076641065459163e-01 3.023039324610562757e-03 3.286960530199624482e+05 2.637264950411504251e+05 1.163001039256253571e+05 3.172019529545899164e-01 2.401968414763780893e+05
4.934154556483250076e-02 9.157640474987900234e+03 6.504621640388824744e+03 4.009846526156203709e+03 2.896171599107084660e-01 7.938585979001156375e+03 4.499670424477132880e-26 3.725243343242851955e-26 1.478573223421615547e-26 3.162628691934237235e-01 3.169516371743547351e-26 3.211245601372883073e-03 1.761484420705741738e-03 1.105134508501600006e-03 2.507888617675247955e-01 2.639927867276684742e-03 4.278811750097265467e+05 3.624033705095277401e+05 1.061245531441336498e+05 2.883041715103333291e-01 2.784334839570623590e+05
8.574577877434103046e-02 3.051708223992785861e+03 1.967897069214219300e+03 1.178359360994193594e+03 2.711229295932152672e-01 2.642959286321443869e+03 1.724107516522132672e-26 1.373925157860032957e-26 6.921511729416393725e-27 3.479109603643992799e-01 1.262693080509584944e-26 2.415378519962675490e-03 1.596552009358704997e-03 9.659212818162285670e-04 2.597729661213937780e-01 2.068285481590341826e-03 4.762916505573259201e+05 5.114185017335338052e+05 9.141884829374006949e+04 3.108240430761841644e-01 2.813965640237709740e+05
1.490090854158103439e-01 8.441230525765550965e+02 4.581022316392732137e+02 2.627596539775789211e+02 2.238662214641487236e-01 7.298804781130993433e+02 7.069432070304865502e-27 8.671160736656133039e-27 2.488869806005207382e-27 4.363881848849139322e-01 3.964396429795186233e-27 1.625637052258053009e-03 1.238038840610185959e-03 6.488129074992067709e-04 2.722152005578112877e-01 1.340865245064464927e-03 6.367420197911494179e+05 7.578831694782184204e+05 1.698710495399659849e+05 3.770013560821564580e-01 3.418224815448933514e+05
2.589481121267818153e-01 2.781625210887195863e+02 1.846480364547953172e+02 8.023947449544988331e+01 2.193477616583762724e-01 2.318764925566283068e+02 3.290285120715491643e-27 3.700587381209643410e-27 1.236474930910141947e-27 5.614781511494074673e-01 1.666249942073174358e-27 1.035257816981939713e-03 9.654452480129583659e-04 3.761878209009498044e-04 2.998380778700664440e-01 7.801975353789738447e-04 8.048378493062468478e+05 7.853984931085905991e+05 2.806370352662573569e+05 4.633388478857475290e-01 4.382084626988773816e+05
4.500002438570074315e-01 1.162959499844203606e+02 6.481553775580519527e+01 3.442294260186706367e+01 2.193371585831881965e-01 9.656404652129876354e+01 1.881832208673036482e-27 1.979278549000651785e-27 7.352878590807594611e-28 6.209145878731855417e-01 9.139610585071502108e-28 7.101498576687849309e-04 7.300397250218073827e-04 2.834376142049475260e-04 3.324002307006495571e-01 5.201326835675449886e-04 9.762464126899074763e+05 9.298207475612608250e+05 5.041477209306519944e+05 4.931084550171177527e-01 6.984527615743021015e+05
7.820107967121281423e-01 6.755963822108988381e+01 4.620226577152186564e+01 2.123346341406357141e+01 2.589471544447043971e-01 5.291286017105215933e+01 1.739779982768456385e-27 1.586200574488108963e-27 5.066954147602225650e-28 6.630015715536391463e-01 6.714510526994225573e-28 7.534801672660590248e-04 8.350600277879233202e-04 3.303856150890752564e-04 4.012153636251167277e-01 5.399224134989514135e-04 1.275924360053911572e+06 9.587693006022672635e+05 6.766852068152829306e+05 5.004574372365696577e-01 1.004684425687299576e+06
1.358979010617297423e+00 4.566481263105412580e+01 3.482486285294478989e+01 1.183711187908969364e+01 2.633614214250177277e-01 3.285142414162922364e+01 1.932965637156004947e-27 1.226824781576533503e-27 4.855900827127184445e-28 6.409685384410929165e-01 6.060658872814255189e-28 8.723628568050595259e-04 7.760542157806929898e-04 4.525611915228044306e-04 3.856068118897173491e-01 7.297401296449731317e-04 1.522786322590636555e+06 1.026786799312461633e+06 9.615724614681139356e+05 4.470918468678922730e-01 1.328621423096374609e+06
2.361634850903744809e+00 3.083740867855527767e+01 1.761630793450756016e+01 9.446636797639698102e+00 2.121011020398805846e-01 2.590397400878273970e+01 9.116626298680975007e-28 6.592124062024940518e-28 3.813146162571159673e-28 4.810166247995704136e-01 5.368113168319974404e-28 8.926095362363839015e-04 5.145581099471178456e-04 3.886252465133238328e-04 2.569266717381322729e-01 8.287907866291425053e-04 1.630210962060961174e+06 7.726188486775662750e+05 8.771890619023906766e+05 3.054454710919401461e-01 1.584745693310090341e+06
4.104051001103932172e+00 2.577496469943846691e+01 7.951381639190895356e+00 6.234165944549815208e+00 1.792671331254432898e-01 2.240254495173648408e+01 9.833176495915732986e-28 4.749619910288808716e-28 2.271790606050718276e-28 4.396775095557633461e-01 4.257120558859424771e-28 9.333588631864431304e-04 3.203849005801843747e-04 2.579099156208648942e-04 1.595240101117880727e-01 8.760306483574767291e-04 1.974173217732171528e+06 7.725441371156284586e+05 6.450575401938122232e+05 2.653069829878710872e-01 1.524089087330875918e+06
7.132023230948114190e+00 2.134228184159595543e+01 4.502302626444670608e+00 3.144906045431110186e+00 7.988025021359577982e-02 2.083680025466927432e+01 5.607794107384890568e-28 6.348646120050798737e-28 1.152525179486510335e-28 2.572216247636572306e-01 3.948239008088652169e-28 8.737791418871096840e-04 2.496191848417837755e-04 1.259921108854126235e-04 8.918067711177231349e-02 8.444542951383112676e-04 1.796437616864248412e+06 1.530974039798515849e+06 2.791552058062562719e+05 1.820987501262988639e-01 1.449125660195880570e+06
1.239403588140144663e+01 5.255694707578075331e+00 9.128483710033838960e-01 4.941022900509759452e-01 5.176985549787841562e-02 5.144286588430217577e+00 1.329120722212051875e-28 1.665838961185653348e-28 2.544759369006373407e-29 2.198277250844468123e-01 9.836802883957266617e-29 8.777914827450677146e-04 2.400322196531459815e-04 9.606202338107295950e-05 6.711782890816805902e-02 8.423060998459031608e-04 1.777253160434548743e+06 1.625669131146145519e+06 2.736518264870927669e+05 1.674809795533372947e-01 1.450464950680213515e+06
