# R (Mpc), mean rho (Msol/kpc^3), errup (Msol/kpc^3), errlow, std, median rho (Msol/kpc^3), mean pth (Msol/kpc/s^2), errup(Msol/kpc/s^2), errlow, std, median pth (Msol/kpc/s^2), mean gas-mass-weighted metal (fraction), errup, errlow, std, median metal, mean gas-mass-weighted temp (K), errup, errlow, std, median temp  
#  nprofs 461, mean mh 4146579019230.565430, median mh 3255680125723.508789 
#  Mass range 12.30 - 13.1 
#  Nhalos 31
5.932173081830181089e-04 2.227680719526519477e+08 3.304907812717617750e+08 1.704612644547809288e+07 6.366653884731052759e-01 3.514419894985575974e+07 1.018559271180286051e-21 2.112889700824771477e-21 2.837444430630864033e-23 1.222043787144535099e+00 3.029333137780288018e-23 1.617183369773302418e-02 1.090942082778433193e-02 8.159105965609486297e-03 2.668025857486328034e-01 1.547700079837100069e-02 1.593490453508821083e+05 3.514736924705965212e+05 1.608567525112208386e+04 6.833916364535864707e-01 2.728481596518788137e+04
1.030893529788922541e-03 8.169319197871549428e+07 9.285670529956388474e+07 2.745087561995880678e+06 6.838047385508956300e-01 8.539097867496555671e+06 4.301757650554345561e-22 1.333397560694050479e-22 1.162869539582041148e-23 1.094671422883623402e+00 1.277680474523860155e-23 1.473248231910957023e-02 1.035915427266781950e-02 4.950790609273596904e-03 2.398649773851984635e-01 1.290794005642298577e-02 3.848945834646883304e+05 3.761856636180916103e+05 5.807010071008680097e+04 7.201789515296901367e-01 7.348845777101452404e+04
1.791487630419557730e-03 2.498018582095780224e+07 2.276847858687360585e+07 3.708077407273804303e+06 6.285026975172754993e-01 5.554784281636652537e+06 2.464735466329849801e-22 8.591472742728093919e-23 5.280993779753948381e-24 1.212313347596083002e+00 5.754501844654362469e-24 1.710359123617950436e-02 7.408746305020769835e-03 7.043264403988641620e-03 2.260747590301333543e-01 1.706606663318673694e-02 3.753166426375083392e+05 5.122984749553741422e+05 6.925769225280730461e+04 7.925285751484995034e-01 8.010130380911382963e+04
3.113248688837364202e-03 7.895612973547089845e+06 9.777500889074634761e+06 2.556634438624119386e+06 5.852702165335466056e-01 3.320083728465715889e+06 5.694915945912416923e-23 3.009643567689779368e-23 3.138855894633405718e-24 1.258306438646198400e+00 3.224643678536318439e-24 1.710519250445839343e-02 4.003496770526276949e-03 9.113154401483372635e-03 1.971888266213955576e-01 1.899148754536661432e-02 2.921360131298193010e+05 4.262303008980103186e+05 6.120984452437258733e+04 7.550856485606014523e-01 7.261792715714580845e+04
5.410206151564474382e-03 3.556830163019462023e+06 3.727750497182960156e+06 3.403140381765813567e+06 6.899322912415425391e-01 3.604895036447958555e+06 8.705949608057459977e-24 1.395598400171198568e-23 2.124794408420875907e-24 1.255493172390165446e+00 2.147502299346200273e-24 1.735150362974254012e-02 4.103318240554581359e-03 9.523854709733709303e-03 2.074409218061908367e-01 1.882810732572262960e-02 1.752020552951320715e+05 1.684753025762829930e+05 2.805983479922955303e+04 6.810176830731735631e-01 3.935101995002157491e+04
9.401860733893718097e-03 5.772655553787196986e+05 7.445538173390447628e+05 3.924827964501464739e+05 6.609006661983491959e-01 4.418324859141671914e+05 2.150854657874531812e-24 2.838045522799000528e-24 7.814928610428544153e-25 8.635159181184416388e-01 9.971305606974473328e-25 1.676624176884946096e-02 6.217371883735840765e-03 8.188721863956419794e-03 2.173537843365075106e-01 1.707677446164033302e-02 4.993006559408994508e+05 5.788099780392315006e+05 1.635871061560807284e+05 6.384160809172296780e-01 2.177951030131554289e+05
1.633856137514670334e-02 1.049383907309678762e+05 1.976296748567802424e+05 3.146778964735442423e+04 5.618208694788222601e-01 4.739716992088191910e+04 8.538483116538543620e-25 8.866399060780614172e-25 3.714910785866837150e-25 4.718744050809112744e-01 5.513565579851792149e-25 1.479363191593616525e-02 4.810411501982973098e-03 9.743725476898491139e-03 2.481399213679806037e-01 1.674399150066388162e-02 1.143218078205234138e+06 1.277653704175177962e+06 3.953318007073882036e+05 4.378839010730095072e-01 6.262166458117470611e+05
2.839316549830248754e-02 2.138560277198727272e+04 1.574159326744823557e+04 6.323556693765442105e+03 4.609131459464740344e-01 1.138355823519890328e+04 3.723422033101265660e-25 4.108110417976644094e-25 1.979847431721752778e-25 4.896302986881961861e-01 3.044601060159275184e-25 1.194975119978182281e-02 7.811439192237019588e-03 6.059514151020601626e-03 2.926235697636390687e-01 1.110865855691367012e-02 2.080008778969153529e+06 2.525670519251015037e+06 7.130396332521091681e+05 4.159234215496212528e-01 1.358224248232255224e+06
4.934166653376820949e-02 7.611751784708862033e+03 4.957011650692388685e+03 3.726179511394785095e+03 4.237729175025647943e-01 5.467963851307361438e+03 2.827895198940274749e-25 1.814563474470819236e-25 1.391482024747574529e-25 4.635101654591859965e-01 2.059618982458879237e-25 8.726601684135755488e-03 7.537744785007827707e-03 3.428511917941590333e-03 2.443192698475663560e-01 7.421374321831102246e-03 4.237805706835295074e+06 2.380578284444700461e+06 9.287704841245366260e+05 3.575141317893512638e-01 2.073154073795846198e+06
8.574598899425776855e-02 3.124366905409192441e+03 2.195067287473857050e+03 1.441023755760046242e+03 3.557808797384869881e-01 2.389258565790504235e+03 1.390781049972531037e-25 1.137765932731280943e-25 6.019911536007730051e-26 4.456632569746870054e-01 1.012586935764100976e-25 6.535950079799871144e-03 4.884365333087159304e-03 1.859975710092091720e-03 2.812321003915575490e-01 4.975671685335375342e-03 3.658900972663447727e+06 2.232163844459337182e+06 1.402943916269078385e+06 3.030574087440930930e-01 2.889084774998682551e+06
1.490094507361558740e-01 1.537880396477605473e+03 1.419306705662377908e+03 6.955502901642703364e+02 3.296943986750865419e-01 1.249999451755202017e+03 6.131326220675384285e-26 7.517395153311876021e-26 2.361598405484395654e-26 3.722766025430024883e-01 4.373603034468391661e-26 4.869828235184160865e-03 3.461767789407569837e-03 2.107392218728560036e-03 3.210607616078640647e-01 4.112868450398651961e-03 2.910012627198216505e+06 1.454850655903080478e+06 1.355906140178384725e+06 2.363067933316723157e-01 2.785513160299673676e+06
2.589487469807810194e-01 5.597727874431410555e+02 2.464637967272606147e+02 3.064567590295413311e+02 2.476055505097946863e-01 5.648298420173355225e+02 2.146465484914696192e-26 2.378126845774754314e-26 9.111322173345456723e-27 3.147582156612911963e-01 1.646542641646452875e-26 2.900810697262245531e-03 2.422014803818847532e-03 1.167378386622848268e-03 2.754495782044447671e-01 2.439296965777369187e-03 2.692114042915398255e+06 1.509553280014205724e+06 6.821051698453153949e+05 1.903368421089426943e-01 2.252107106592848431e+06
4.500013471068133319e-01 2.401050868419510778e+02 1.792227198231174725e+02 4.781774156138101262e+01 2.034676350639514075e-01 1.972263591458419683e+02 7.900318105990492937e-27 6.645251736466600009e-27 2.725790220090655494e-27 3.339326846951992667e-01 5.569464213365789491e-27 1.963216996960912095e-03 1.020431745492357545e-03 5.828930291266035991e-04 1.851425330634459132e-01 1.775848920711530898e-03 2.216638858887878712e+06 1.026582005557978526e+06 1.043603040785061894e+06 2.126674926151218004e-01 2.208019434085282031e+06
7.820127139405553818e-01 1.051132968687668097e+02 4.887373965802377995e+01 3.159027776123210174e+01 1.755127088745599417e-01 9.281808811596012276e+01 4.035691318797988124e-27 3.598905283934008992e-27 1.395155379930018169e-27 3.961763288857876320e-01 2.555874192960938650e-27 1.607034409764541765e-03 5.144324071046652968e-04 4.072352657973332939e-04 1.648470955301775120e-01 1.486166498403067868e-03 2.450647526817941573e+06 1.839640226851076121e+06 8.772829684098528232e+05 2.772582165883579752e-01 1.958930261919040466e+06
1.358982342378446839e+00 5.825171724604602730e+01 1.062166290884852060e+01 1.214681605404603459e+01 1.799593654667520637e-01 4.973195481618395064e+01 3.409018763126491274e-27 1.300771748775757498e-27 9.875959089467136988e-28 4.400900426873622373e-01 1.648481406359458895e-27 1.204898478353913158e-03 5.620416282056703121e-04 3.414551818678096063e-04 1.594115265452817343e-01 1.094325798463849668e-03 2.684509967320897151e+06 7.519837479444011115e+05 1.482447939308551140e+06 2.895918818918054027e-01 2.613299677206767257e+06
2.361640640841031757e+00 3.286559510411844798e+01 1.310242799230846700e+01 1.048159179737418611e+01 1.859905931968821591e-01 2.968754080245407678e+01 1.567083804704494838e-27 1.038920264068636119e-27 4.006021308706968905e-28 3.602191548458253401e-01 9.550892028501098686e-28 1.014936571261731632e-03 2.531723674778069404e-04 3.357083098971671642e-04 1.450865949004077060e-01 1.049159854575697779e-03 2.895040961640330963e+06 1.363909047912838869e+06 5.814227219735244289e+05 1.942493494550614486e-01 2.618326039596975781e+06
4.104061062861748432e+00 2.342871252754092026e+01 4.536472806267934033e+00 5.457190046929984106e+00 1.278411463421227912e-01 2.276055475861546640e+01 9.769567660652298589e-28 3.781429853697535880e-28 2.703736430219197686e-28 2.698662506072478373e-01 8.443156111671244879e-28 9.474481588041210435e-04 1.502857572330331152e-04 1.885164357142495202e-04 1.127360513551411286e-01 9.593097073753205231e-04 2.835725745586877689e+06 7.056702983183851466e+05 7.610650635857572779e+05 1.586788625157170562e-01 2.740968383431649301e+06
7.132040716279185233e+00 1.992642321618638235e+01 6.634297290539397096e+00 2.657473646886950647e+00 1.022318232514390912e-01 1.846299559830712766e+01 8.243379087267904862e-28 7.683706857719151064e-28 1.758167247756318487e-28 2.423774589047260619e-01 6.243153686039584253e-28 9.168988556164290281e-04 1.875195413677579461e-04 2.408393891257587039e-04 1.049419034588738031e-01 9.420160778015191890e-04 2.865100155010204762e+06 1.382555965179541148e+06 6.800496776618482545e+05 1.420623109485430469e-01 2.623074672457411885e+06
1.239406626742427164e+01 5.981669187864344650e+00 7.794423695520960038e-01 5.183118319470478852e-01 4.767132077690124786e-02 5.857899199019249714e+00 2.091965903701489594e-28 1.129627604398794873e-28 5.128962820449839913e-29 1.438106503386445967e-01 1.867024460216736952e-28 8.871462820119828917e-04 1.364405266300170892e-04 1.024315523072862185e-04 5.041034483761373808e-02 8.753820337874827556e-04 2.536914325190719683e+06 9.273540101832556538e+05 4.000001076115858741e+05 9.565007556997316696e-02 2.397793978163036052e+06
