# R (Mpc), mean rho (Msol/kpc^3), errup (Msol/kpc^3), errlow, std, median rho (Msol/kpc^3), mean pth (Msol/kpc/s^2), errup(Msol/kpc/s^2), errlow, std, median pth (Msol/kpc/s^2), mean gas-mass-weighted metal (fraction), errup, errlow, std, median metal, mean gas-mass-weighted temp (K), errup, errlow, std, median temp  
#  nprofs 459, mean mh 1378723581839.216553, median mh 1297047887468.742920 
#  Mass range 12.00 - 12.3 
#  Nhalos 48
5.932145057505327102e-04 3.339259994881588221e+08 4.229157474813157916e+08 7.039537385974711180e+07 6.196605929315276429e-01 9.973898462527303398e+07 1.752943094924272860e-22 2.636718469676560507e-22 2.800584972841500633e-23 8.135514341563837570e-01 3.487652079322859924e-23 6.765239337354840392e-03 3.023994874775060883e-03 2.464892295007920647e-03 2.511493344457927934e-01 6.035374510359550228e-03 2.933926381933091398e+04 1.650809288335351084e+04 6.323603776966283476e+03 1.956006022224027197e-01 2.511783974169844078e+04
1.030888659719426644e-03 1.376728601633887291e+08 2.055386381146404743e+08 4.206367791499093920e+07 6.797961127512547330e-01 5.251176181016506255e+07 4.498750733588500475e-23 7.303718441741369462e-23 1.665833938161020229e-23 8.210850363662872686e-01 1.842913283264517952e-23 8.907503107362525763e-03 8.874417092494178011e-03 2.684358398059547533e-03 3.101354554703462663e-01 6.083815789233244092e-03 4.884539296337000269e+04 1.158451569738344915e+04 7.254465444619861955e+03 3.755275033938093032e-01 2.221171351211930960e+04
1.791479167208752171e-03 5.895728101699139178e+07 1.089869714205514491e+08 2.259596094397787005e+07 7.403658706912730203e-01 2.528281804606356472e+07 1.560951342376426786e-23 2.486600541488957785e-23 8.004866450421695055e-24 8.456890232623819337e-01 8.315301677677662409e-24 1.043070522762221466e-02 1.638303425359397339e-02 2.624579998442452128e-03 3.314274903529094152e-01 6.378954694076235769e-03 4.298774487089408649e+04 4.123559112562017981e+04 6.937643818226892108e+03 3.965613598358795899e-01 1.919155733402831902e+04
3.113233981462612109e-03 2.180748252961333096e+07 2.937918700644169375e+07 1.193915120188016072e+07 5.152154421320177535e-01 1.515532081080816314e+07 4.904107734371919550e-24 3.821549485355208177e-24 2.325504418643693496e-24 5.370330942434244914e-01 3.306533571783731303e-24 1.000530129933322777e-02 1.775116155181940755e-02 2.789318107057718425e-03 3.496173283495779271e-01 6.110982682300623164e-03 3.303738684277832363e+04 5.054404255714286410e+04 5.841434000077933888e+03 3.959173937920918984e-01 1.553419722105054461e+04
5.410180593076441800e-03 5.085922772498834878e+06 3.518650269560256973e+06 3.600626165438537486e+06 3.689895074705179523e-01 4.957960426864353940e+06 1.587069802977883739e-24 1.342928445867628108e-24 1.065715284846543967e-24 4.925485788352702565e-01 1.321821372312131453e-24 1.011915238644292385e-02 1.810893937844623020e-02 2.654626606159208972e-03 3.690466890988133297e-01 5.784929313407469534e-03 3.252321458802386769e+04 1.746907702512985270e+04 7.343269385023137147e+03 3.247242041136054747e-01 2.056524582979358092e+04
9.401816318332032948e-03 1.215537372910424834e+06 1.160552518507094821e+06 9.215526431556374300e+05 5.277117482543711713e-01 1.098046842505400302e+06 5.013853033287943957e-25 6.025920581932393489e-25 3.041688589707019273e-25 5.767368749154095919e-01 3.612128561243611057e-25 9.989091924599156208e-03 1.760998412044541273e-02 2.692417794662051774e-03 3.843643732410262914e-01 5.515335630036789782e-03 7.796152731985536229e+04 3.303431921393335506e+04 1.797412711707480776e+04 4.326847635852473783e-01 3.039189230755258177e+04
1.633848418974679848e-02 2.606092607606354577e+05 3.308475637778779492e+05 1.149885042389811424e+05 6.588837904821400748e-01 1.445759479486449854e+05 2.846835038547295623e-25 2.098679768245346124e-25 1.829731102807614062e-25 6.682693924208513714e-01 2.075516106229443998e-25 1.002882372894267973e-02 1.869196080552231257e-02 2.382264371461294706e-03 3.967358771978734544e-01 5.177503440291154196e-03 1.915752015494047373e+05 2.329832554193547112e+05 4.007226333428925864e+04 5.518805637303437761e-01 6.670294190850405721e+04
2.839303136545056824e-02 5.122179188823836739e+04 7.067361368864381802e+04 1.959095573336000598e+04 6.147455171982392219e-01 2.560357040450764543e+04 1.548542388028669694e-25 1.202838402986604392e-25 7.786933974187888420e-26 5.761838886611204691e-01 9.215830421953135232e-26 9.538270668463393748e-03 1.768953948878223409e-02 2.071113341344279525e-03 3.924244908232716322e-01 4.866327676381699066e-03 3.663664726244895137e+05 4.623130468296777108e+05 1.496613257251475588e+05 4.631749019862078098e-01 2.208416210357916425e+05
4.934143343758698452e-02 1.449935184533078245e+04 1.860795273337382605e+04 6.428873781634501938e+03 6.199406847826700595e-01 8.101974977875032891e+03 7.535786527899721447e-26 9.368858227645172515e-26 3.761265960740571789e-26 5.613861719677351036e-01 4.732720219363946671e-26 9.143170571185412279e-03 1.613350449407492671e-02 2.103042415811930306e-03 4.076578559959328496e-01 4.428131343444090956e-03 6.211871451916209189e+05 7.010058177352582570e+05 3.080082222593795741e+05 4.290584153324354943e-01 4.316243726986630354e+05
8.574558391952083469e-02 4.005275018390537298e+03 5.394704038108819077e+03 2.561661880694196043e+03 5.588579936229450817e-01 3.064134922587989422e+03 3.763805335809163564e-26 3.845922013338401768e-26 2.561729009997810249e-26 5.349465448162410430e-01 3.050812366822747407e-26 7.638145609088403676e-03 1.168808891092430052e-02 2.391198460569891882e-03 4.369487802376072483e-01 3.983359252066415168e-03 1.330620540023020701e+06 8.660779009652812965e+05 4.229746187139115063e+05 4.107736762137486064e-01 6.860833180885373149e+05
1.490087467969423429e-01 1.177058223370137284e+03 1.466326370316669909e+03 6.174104692094319944e+02 4.892802125376871647e-01 8.074927690508416163e+02 1.534691685322130188e-26 1.477467836061845980e-26 7.224122530012237191e-27 4.379184411124518728e-01 1.030819645944004711e-26 5.532591741251109869e-03 6.308216240722852412e-03 2.501341104733022409e-03 4.586548204621786473e-01 3.641605789253957344e-03 1.552397455731920665e+06 8.013748037615616340e+05 6.532172034320025705e+05 3.616276303429113992e-01 1.068181711238949792e+06
2.589475236746323628e-01 2.912891192534641505e+02 2.596142074015551771e+02 1.545667835435553172e+02 3.743550713675196095e-01 2.643658766467235637e+02 5.696300759079731404e-27 4.229863702147963730e-27 2.075932336785205139e-27 4.212788073733365612e-01 3.837041370230602509e-27 3.678467320552982964e-03 2.278826950721107164e-03 2.019954287658436154e-03 5.433139053060850321e-01 2.408381244922971030e-03 1.766786610351705691e+06 5.876056913623814471e+05 7.180334260821107309e+05 3.371801793215952192e-01 1.274370697546479758e+06
4.499992212443744144e-01 9.161820547799828773e+01 4.302826007237447925e+01 2.766420105828468934e+01 2.928848328175938098e-01 8.227615552017489620e+01 2.183044665501420612e-27 2.608347766208275670e-27 6.053420783785381146e-28 3.704029699283192811e-01 1.391796444409552443e-27 2.174822397871211104e-03 1.583457436484924947e-03 1.080360753321382315e-03 5.529433927679893168e-01 1.290246577257527904e-03 2.158364844761789311e+06 2.068019059117728379e+06 6.155492556416199077e+05 3.756914455067393854e-01 1.343306130955054890e+06
7.820090196150470963e-01 3.658745777361648521e+01 1.645249307152696616e+01 1.078708364226049810e+01 2.046123957396417670e-01 3.368037742158056602e+01 1.197617475402410651e-27 8.485515213512496420e-28 5.999506070853733416e-28 3.756214074708160711e-01 1.016196563428542635e-27 1.068019045936031584e-03 5.961712621343857529e-04 7.667454568480953697e-04 4.309057235351310688e-01 9.670727417208418910e-04 2.812788348969329149e+06 2.988519420555475634e+06 1.137502987111126538e+06 3.924854591936543513e-01 1.921376012182359118e+06
1.358975922376516987e+00 2.272689744932841904e+01 1.625698195055969819e+01 5.652768295811227972e+00 2.129262774725567409e-01 1.824988123570533816e+01 1.026180069428020246e-27 5.003338268139654341e-28 7.764370794322216944e-28 4.205519918837534177e-01 1.030026791924503470e-27 9.295138369661729927e-04 9.235159784959645624e-04 1.896107823916603520e-04 2.799555957344017076e-01 6.908490344364171497e-04 3.449451106623134110e+06 2.761241596467535943e+06 1.536647734173255973e+06 3.564366699305505648e-01 2.877330403090178035e+06
2.361629484156356984e+00 1.644283284335453388e+01 9.846542542177832757e+00 4.837166370600197496e+00 2.254005229193315196e-01 1.319631956674965423e+01 9.143526114368006217e-28 7.131822562852650997e-28 5.207794654105191648e-28 3.831607051339385173e-01 8.022538571603043674e-28 9.191946513834665022e-04 5.863928838673450154e-04 4.364202800479054104e-04 2.310082659564692276e-01 8.974173834693432647e-04 3.923350905177141074e+06 1.663066539666229859e+06 1.925079115379121387e+06 2.482080396713702009e-01 4.022154345437996089e+06
4.104041674765874781e+00 1.316791535701924509e+01 5.813039427173531948e+00 3.568740514976494360e+00 1.994072662174050936e-01 1.152878244411107289e+01 8.770383951683603794e-28 4.988888280312620091e-28 3.894275921224431949e-28 3.775844659138868353e-01 6.574555983432938394e-28 1.064583105524970078e-03 3.447613655396409432e-04 5.044205291219221654e-04 1.714815881167108258e-01 1.109861418672123626e-03 4.103304959130006377e+06 9.966701558571867645e+05 1.565923841342725791e+06 2.150525636577834965e-01 4.244842177908629179e+06
7.132007023630110076e+00 9.179886678897990038e+00 1.935735907778294518e+00 2.369694116724492261e+00 1.220482568575032706e-01 9.008836323913357091e+00 5.080461102139529937e-28 1.303936584681179813e-28 2.063415693424197110e-28 2.194944461060358010e-01 4.991665190782141097e-28 9.468011194638726495e-04 1.407674296517650962e-04 2.598577983122002562e-04 1.091799439982105990e-01 9.791533985732234387e-04 3.926595951103011612e+06 5.968307769326437265e+05 8.359788355034315027e+05 1.165965433561073489e-01 4.048526265971449204e+06
1.239400771631078335e+01 3.905058756205575410e+00 9.639301870719618748e-01 4.010012563121509999e-01 7.553487057180656439e-02 3.730987413630843186e+00 1.990227363180890432e-28 1.122776663338334633e-28 2.459031502984317044e-29 1.504613342086623673e-01 1.677411179121603038e-28 9.346922611707001805e-04 2.066475233416123578e-04 1.081069504466467988e-04 7.837567419162123905e-02 8.850075748431860106e-04 3.659017005236103665e+06 8.154868824139982462e+05 3.979086269655670039e+05 8.220612872892131551e-02 3.440539034479552880e+06
