# R (Mpc), mean rho (Msol/kpc^3), errup (Msol/kpc^3), errlow, std, median rho (Msol/kpc^3), mean pth (Msol/kpc/s^2), errup(Msol/kpc/s^2), errlow, std, median pth (Msol/kpc/s^2), mean gas-mass-weighted metal (fraction), errup, errlow, std, median metal, mean gas-mass-weighted temp (K), errup, errlow, std, median temp  
#  nprofs 461, mean mh 552664384314.705200, median mh 499306327627.696655 
#  Mass range 11.50 - 12.0 
#  Nhalos 178
5.932141921095533113e-04 1.079819605729588717e+08 1.054033436637368202e+08 5.237938712900174409e+07 4.285057671935194601e-01 7.710193295642066002e+07 6.184013596122308673e-23 4.771731424843377260e-23 1.939355312305338204e-23 6.495946647896362336e-01 2.291275546601796047e-23 5.949770244148607640e-03 3.508951781813695117e-03 1.803772357064369752e-03 2.295712668387563937e-01 5.276124432843158976e-03 3.372785961251999106e+04 7.246489148202803335e+03 6.359844645510278497e+03 2.455531133778191821e-01 2.210946064087076957e+04
1.030888114673873032e-03 5.407081500322480500e+07 5.773889440342711657e+07 2.847168039001742750e+07 4.905387442825108746e-01 3.742878001136783510e+07 2.919273433153916092e-23 3.228343801201134884e-23 9.557724199071277064e-24 7.491898046185755389e-01 1.092647838112184687e-23 6.140496560876003256e-03 3.626435203457886725e-03 1.694954965388715401e-03 2.677368406949002244e-01 4.983379588772667360e-03 3.884394351481232297e+04 1.057407312207058931e+04 4.974010543319320277e+03 3.268289464113166565e-01 2.011952121927115877e+04
1.791478220028137197e-03 2.597797715173919871e+07 2.200910561224988103e+07 1.537595271394469589e+07 4.633747632498931845e-01 2.091072255662514269e+07 1.414745608052533799e-23 1.262895509601677096e-23 4.706046612965845439e-24 7.156517786797478298e-01 5.761867543228308393e-24 6.143314103911022561e-03 4.712445419181060524e-03 1.661572600173841230e-03 2.630809583299358323e-01 4.742923118785071640e-03 4.918260457130605209e+04 2.274560466533669023e+04 3.746408720481013006e+03 4.041687999144842891e-01 1.794824971022819591e+04
3.113232335451354259e-03 8.901621372420979664e+06 5.662237059121783823e+06 3.768736680054832716e+06 2.778321927058628460e-01 7.775271773982943967e+06 5.036016817391920509e-24 4.690124722310997581e-24 1.107440027275397391e-24 5.740736083207639284e-01 1.702213322627334671e-24 6.015601237450889441e-03 3.667750200971971707e-03 1.785047959872830634e-03 2.910068888095357909e-01 4.545978835523195767e-03 4.495440642699315504e+04 5.346513046698305698e+04 4.952397681978154651e+03 4.101312076606605794e-01 1.676371221340168267e+04
5.410177732636713838e-03 2.747652572108919267e+06 1.533440623436348978e+06 1.006541832342755981e+06 2.373604866675302627e-01 2.495111693378137425e+06 1.265812245057390084e-24 1.361312206761790377e-24 3.917290601418269111e-25 4.931096894737183600e-01 6.250464369110411669e-25 5.552752445480086188e-03 4.019281186927858157e-03 1.811117405592138109e-03 3.217796364812909315e-01 3.927138824265307207e-03 3.848607629087031819e+04 3.625473614295213338e+04 9.020922687236454294e+03 3.550200823783833393e-01 2.116768328593525803e+04
9.401811347457503243e-03 6.832685613494173158e+05 6.821036725204212125e+05 3.159397671053509694e+05 3.659958147072095436e-01 5.219031006292665843e+05 4.183575741959231064e-25 4.967029434860055257e-25 1.651278355009620430e-25 5.120683577959285193e-01 2.526737937039489167e-25 5.057900171253459053e-03 3.726535231662939270e-03 1.620418335881208685e-03 3.261506955650959050e-01 3.396287825398633560e-03 6.398459099196542957e+04 7.110008378836596967e+04 2.397934641276385810e+04 4.231916142571695572e-01 3.824702824436418450e+04
1.633847555135692006e-02 1.375888594128533150e+05 1.868634353806870058e+05 5.865294394031935371e+04 4.583541023141166626e-01 8.939914531659387285e+04 1.531455490087573467e-25 1.394556287901664722e-25 7.071681085881001597e-26 5.331155129784878044e-01 1.112895586324905540e-25 4.751845880271487847e-03 2.403811459418609547e-03 1.258954638540899906e-03 3.211105732440065474e-01 3.161239882387778012e-03 1.361505931904963509e+05 1.609531865236089216e+05 5.606149385069029086e+04 4.588693170337156957e-01 8.277017165226068755e+04
2.839301635364948131e-02 2.795731887828696199e+04 2.649419760970152856e+04 1.232716644299895052e+04 3.914903595159654470e-01 2.116198182423155231e+04 6.809912227154595974e-26 6.685853952080340592e-26 2.456783446075047283e-26 4.333555500255141246e-01 4.700988340796874334e-26 4.492446570280684420e-03 2.334599164011063981e-03 1.181393623294399366e-03 2.996335377281262313e-01 3.075514834416661313e-03 2.503850819789219822e+05 2.596506405678645242e+05 8.349300839231949067e+04 3.744950161746146144e-01 1.611994833751283586e+05
4.934140735006660450e-02 8.215932381931133932e+03 6.860274888281559470e+03 3.910001330499694632e+03 3.906775347593932080e-01 6.899812511518022802e+03 3.065803605373154045e-26 2.950253913817936650e-26 1.126948583349097059e-26 3.896877201579336258e-01 2.163167293016249769e-26 3.635253164062994709e-03 1.755242221400235125e-03 1.067285578788447140e-03 3.216157193572293793e-01 2.766335910957741940e-03 3.434947146170243504e+05 3.005699138384374673e+05 9.466965579473576508e+04 3.053531417029426986e-01 2.318193897292110487e+05
8.574553858460631783e-02 2.582667776052583577e+03 1.848352384050707315e+03 1.204780850230461738e+03 3.341890011019320039e-01 2.246596139216795109e+03 1.239673769055454414e-26 1.211454193274485104e-26 4.983760163762265570e-27 3.811378990653017107e-01 8.918549484131896643e-27 2.796607164987936940e-03 1.495575153994723513e-03 8.634131755097963073e-04 2.767513382409136913e-01 2.160413239706321549e-03 4.354653577437815256e+05 3.533482491513167624e+05 1.017254412834641116e+05 3.189737812141080209e-01 2.606477061647049268e+05
1.490086680138903164e-01 7.129336572666533129e+02 5.026896818248451382e+02 2.995891383421688374e+02 2.935565406377104725e-01 6.217614251036509359e+02 4.721211243737431633e-27 5.535861574309820413e-27 2.073961502553528258e-27 4.237730853885887661e-01 3.112604964027277694e-27 1.910167571110571536e-03 1.211500506629381796e-03 8.517764182473144385e-04 3.172533714627487345e-01 1.503817313250899136e-03 5.589817006910741329e+05 5.724311430358759826e+05 1.584163802437790146e+05 3.501366853711078697e-01 3.309382832184118452e+05
2.589473867653792616e-01 2.195793277555882526e+02 1.297884391996386739e+02 9.079339883997855054e+01 2.509724458686207749e-01 1.984552061080150906e+02 2.151102463795319817e-27 2.504641241253257397e-27 8.910194986112693414e-28 5.124445494967756476e-01 1.249261409621188614e-27 1.189745430949466299e-03 1.193626580794145998e-03 4.808011452245533504e-04 3.533719514319081378e-01 8.366114910276804470e-04 7.137233697524077725e+05 8.898765807484493125e+05 2.487619578299636487e+05 4.080470545504346624e-01 4.340467642814119463e+05
4.499989833233608572e-01 8.577903691251596285e+01 5.503218175681664093e+01 2.803123974340159208e+01 2.338615700159366040e-01 7.394776929411261790e+01 1.485532724128734290e-27 1.941549649895766359e-27 6.309289239068459632e-28 5.948217456390572089e-01 7.982610701900829011e-28 8.301932833080750366e-04 7.893931946168042217e-04 3.871205186310849302e-04 3.652674507899396072e-01 6.139918947569570403e-04 1.164014045422352152e+06 1.386665306375771295e+06 5.451530971926911734e+05 4.875644094507705639e-01 8.005021110237991670e+05
7.820086061557125490e-01 4.508961832602579989e+01 3.496466530333953671e+01 1.558271994326666032e+01 2.512445778620397419e-01 3.742631632469490199e+01 1.124091732751928414e-27 1.243280491721953201e-27 5.661727858213022043e-28 6.312951785713321051e-01 7.025183661230623015e-28 8.177065695148293600e-04 8.590557456691894338e-04 3.770764686263032421e-04 4.151623472365670864e-01 5.864304798026836758e-04 1.672641041829414666e+06 1.794482344121015165e+06 8.813092259955059271e+05 5.002118095501867368e-01 1.229921239858948626e+06
1.358975203866542802e+00 2.879882688870089424e+01 2.182052794740798163e+01 9.268626349756463156e+00 2.501165236266273406e-01 2.376157979985681834e+01 9.165584935617190873e-28 1.014632607516816509e-27 5.295379852093654189e-28 5.624210386293014841e-01 6.551449021155061113e-28 8.875718947733921829e-04 7.166771413243250548e-04 4.611735676612205986e-04 3.871058523398833162e-01 7.593392796514375747e-04 2.108467518733786885e+06 1.527853900607501389e+06 1.393447514635524014e+06 4.034209055530861288e-01 1.955149523304430535e+06
2.361628235529128705e+00 2.229820672781708879e+01 1.316627651007460997e+01 6.916448769166263943e+00 2.347867866170211537e-01 1.807868332801136546e+01 9.207447127948808174e-28 8.213126327794657632e-28 3.312367623229411021e-28 4.719716601621385954e-01 5.092649768138406501e-28 9.679494136178849089e-04 4.966643024497547623e-04 4.189754272697550916e-04 2.600663011184571327e-01 9.279542887757943328e-04 2.409945507588060573e+06 1.081677496056600939e+06 1.292040519161206204e+06 2.877839353973132286e-01 2.436942245972571895e+06
4.104039504900442559e+00 1.784597333060315449e+01 7.341530408928413465e+00 4.063490393329745487e+00 2.034501241483956391e-01 1.449203580455499107e+01 8.894796047522966518e-28 4.037526150300348147e-28 3.233697815254005088e-28 3.993201360901545427e-01 5.299983561807464317e-28 1.018591700568940214e-03 3.212515005712333806e-04 3.257292950892016342e-04 1.543317288537482679e-01 9.767697358897921896e-04 2.844196763193699531e+06 1.039484712167973630e+06 9.862217790769070853e+05 2.097855815873860830e-01 2.556375484213412739e+06
7.132003252836161877e+00 1.419939534304688245e+01 3.883784138088948623e+00 2.630739363747217396e+00 1.011053895087893895e-01 1.376899816346484684e+01 5.335660150963695848e-28 2.890237626260269019e-28 1.450226700172668201e-28 2.173527131853765226e-01 4.438696633645110573e-28 9.510448386460684540e-04 1.584172352026969434e-04 1.661253446308798634e-04 8.821435955485511238e-02 9.475164832065135654e-04 2.630883475819669664e+06 5.948852998122447170e+05 5.512901210482399911e+05 1.237013177143098941e-01 2.488814981534279417e+06
1.239400116342193847e+01 3.698548903153272338e+00 7.550932973607880072e-01 3.980136353716332565e-01 6.240705530103939080e-02 3.575796252706835432e+00 1.338075875831830397e-28 8.302801154473653817e-29 2.026473604534855563e-29 1.617831292929472198e-01 1.106942317454714268e-28 9.393424056216252835e-04 1.774353804306718664e-04 1.010782584047431295e-04 6.601072067276028688e-02 9.072008074277914443e-04 2.595989282601367217e+06 9.635422447075610980e+05 2.263078711810270324e+05 1.031006440379755584e-01 2.316977184810800478e+06
