# R (Mpc), mean rho (Msol/kpc^3), errup (Msol/kpc^3), errlow, std, median rho (Msol/kpc^3), mean pth (Msol/kpc/s^2), errup(Msol/kpc/s^2), errlow, std, median pth (Msol/kpc/s^2), mean gas-mass-weighted metal (fraction), errup, errlow, std, median metal, mean gas-mass-weighted temp (K), errup, errlow, std, median temp  
#  nprofs 420, mean mh 1397647976170.180420, median mh 1339089364199.751465 
#  Mass range 12.00 - 12.3 
#  Nhalos 46
5.932141921095533113e-04 1.127858385311086476e+08 2.036094131992308795e+08 1.034094597918435931e+07 5.102961670941914551e-01 3.168737209371369332e+07 2.091857444377217065e-22 2.136018840810035307e-22 1.935022197181232809e-23 1.040900033767476529e+00 2.149462314309184270e-23 1.016373355041065227e-02 4.471706475665358435e-03 3.926353623117902376e-03 2.101613215379461164e-01 9.611840435287033815e-03 1.475676121090677916e+05 1.389442473713829531e+05 1.845194121224963601e+04 6.765658698031576934e-01 3.055098538968498906e+04
1.030888114673873032e-03 3.344424903441935033e+07 4.219130237238825113e+07 3.389313865549123846e+06 5.605463723705537138e-01 7.066868820524037816e+06 5.377700777807360458e-23 2.249861106812399351e-23 5.106694852609761121e-25 9.487656461047739853e-01 8.860853592421744777e-25 1.094676912793329619e-02 5.279693005680303683e-03 4.054108767847943058e-03 2.233489514286741418e-01 9.776433726308845704e-03 4.958368916928164981e+04 4.522890516665756877e+04 6.873442755890337139e+03 4.779699259366810837e-01 1.573665793545262204e+04
1.791478220028137197e-03 1.625856232516447082e+07 2.131749325126245618e+07 3.479157312928579748e+06 6.429354064821711789e-01 4.384693538475663401e+06 4.034180718388247623e-23 2.588537499000368867e-23 1.056906363389944853e-24 1.133150869902489033e+00 1.190218606755882496e-24 9.657588758786792016e-03 7.211368607967699740e-03 3.016494407895390847e-03 2.315514172796367953e-01 7.648926348992193119e-03 1.114715898952506686e+05 1.289634893421755551e+05 6.337505780682364275e+03 5.778941269774312550e-01 1.797577539182843248e+04
3.113232335451354259e-03 5.546397714467463084e+06 8.184482433600225486e+06 2.606886419400069863e+06 5.015932605941240130e-01 3.431903261215315200e+06 1.206776576475897179e-23 1.700634764815501585e-23 6.144890392892121380e-25 1.077276951697774487e+00 6.951663588482370084e-25 9.434171737527590959e-03 6.145383918421501099e-03 2.940549146417882793e-03 2.156910620464351502e-01 8.342608224661283989e-03 1.005217522757138213e+05 1.763152315955828817e+05 7.385370177250588313e+03 6.163868673902309636e-01 1.714280614710389636e+04
5.410177732636713838e-03 3.273787636991200037e+06 2.262754400008851662e+06 1.348467116839582101e+06 3.573496655407703559e-01 2.638079975075944327e+06 4.613890987671919424e-24 7.097313362367720040e-24 1.617616590301118227e-24 8.098439716792134035e-01 1.859777189566090100e-24 9.969077543781939416e-03 8.239037381911434171e-03 3.510178316407217350e-03 2.387865099667949298e-01 8.311214821580623774e-03 1.080448105301039614e+05 9.520620036088716006e+04 3.244146720303041366e+04 5.167776880135478423e-01 4.736126727224374190e+04
9.401811347457503243e-03 9.709546501886443002e+05 7.494672813939560438e+05 5.537684032452023821e+05 4.655005779936610133e-01 7.934219374549187487e+05 1.678694928447050051e-24 2.008553077390504832e-24 6.628415864852342226e-25 8.028620526091974074e-01 8.720829697106127000e-25 8.895753774864402844e-03 8.014734521628494660e-03 3.519792818577280498e-03 2.610879458129977126e-01 7.564898196495212918e-03 1.540337914176463673e+05 1.862445803940819460e+05 4.442913241278785426e+04 5.315337267308131164e-01 6.826471394566027448e+04
1.633847555135692006e-02 2.209449477525259426e+05 2.103267054140936525e+05 1.658847259551936877e+05 5.535899566405930727e-01 1.963637149737756990e+05 6.374747683551795778e-25 1.009948310399230340e-24 3.489757350088967942e-25 7.668105902471910040e-01 4.433826132138725893e-25 7.928638236437459894e-03 7.431719158167093831e-03 2.977405207144724359e-03 2.652255805639802122e-01 6.519020425761103826e-03 2.998548586611626088e+05 4.028940283665689058e+05 1.465742995612337836e+05 5.499316121704768134e-01 2.026960192680801847e+05
2.839301635364948131e-02 4.507721799081119389e+04 5.214488226449759532e+04 3.221913422461525988e+04 5.766959161391658206e-01 3.803316308858272532e+04 2.418701225223140339e-25 2.186338905115323315e-25 1.085065199488543804e-25 6.161097212267937495e-01 1.850136704468091130e-25 6.681309092893608463e-03 3.403918069116671288e-03 2.488094208320692016e-03 2.416580971077734452e-01 5.838491961179474027e-03 6.350183099215987604e+05 7.278254155807059724e+05 2.690403676300026127e+05 4.240268414504016481e-01 4.206297961732228287e+05
4.934140735006660450e-02 1.164112654993073374e+04 8.671900611006083636e+03 6.944009917905616021e+03 5.140905923565267654e-01 8.984785146007980075e+03 9.967022162548944405e-26 7.054108931770407835e-26 5.514410777540659780e-26 4.033243916938536455e-01 8.332621122948365862e-26 5.528586245059420069e-03 2.880828419482625059e-03 2.116802652003006800e-03 2.389658687893289057e-01 5.126253556164397408e-03 9.306981925046178512e+05 6.672459441422177479e+05 3.999078839574259473e+05 3.135467707292208805e-01 7.568646688493222464e+05
8.574553858460631783e-02 3.810853653638365358e+03 2.975117430309531755e+03 2.510979970455537568e+03 4.505957361082216783e-01 3.391299728393651549e+03 3.731750763569067074e-26 3.120178992253106466e-26 1.461247453509165066e-26 3.640455792630558074e-01 2.941950891957481787e-26 3.989022392250454394e-03 1.706537135320598635e-03 1.546758363287329980e-03 1.976407156207297400e-01 3.968289263957584800e-03 1.065195540692672133e+06 1.077424942498207092e+06 2.786878164820111706e+05 3.166952808237201156e-01 6.780724035238455981e+05
1.490086680138903164e-01 1.185216609484163655e+03 8.732458391763018426e+02 7.630869377742131974e+02 3.747926638467390381e-01 1.131741909436305832e+03 1.219152248511888710e-26 8.203498860827429542e-27 2.897745271145632920e-27 3.798697858254525550e-01 9.017633740459601787e-27 2.831331959574999620e-03 1.812855516885135757e-03 8.839460760219760779e-04 2.104698461381224461e-01 2.518437062588797966e-03 9.223799800433177734e+05 9.985816054589560954e+05 2.090414039001119090e+05 2.905346371435936215e-01 5.836382729988665087e+05
2.589473867653792616e-01 3.560620946006895338e+02 1.821154068364755858e+02 1.803902032345218345e+02 3.100872956608883291e-01 3.447851569157124914e+02 4.421939507072890801e-27 2.707468713363112004e-27 1.466249307136678500e-27 3.944008474423340571e-01 3.368213580326880516e-27 2.188591959238550284e-03 1.025175927206664877e-03 1.105150447132780510e-03 2.484628695088734185e-01 2.133549042694439339e-03 9.470773862880573142e+05 5.190046168202373665e+05 4.334533932453434099e+05 2.745916233482667557e-01 8.350891603243930731e+05
4.499989833233608572e-01 1.164494987411156615e+02 4.589735888445535750e+01 4.454915024919283439e+01 2.634697074099306979e-01 1.113071838776073577e+02 1.765668344203785630e-27 9.437907045228512014e-28 7.307276603497937959e-28 3.900119495494909216e-01 1.324957808911750193e-27 1.569648213641272518e-03 6.790942221040932418e-04 7.902604388432587015e-04 2.796020241276540585e-01 1.513941951192193571e-03 1.067219378593526548e+06 6.722267919647605158e+05 3.948663578349655145e+05 2.673491225638238156e-01 9.142585006115904544e+05
7.820086061557125490e-01 4.963132213581030783e+01 1.426323190446547073e+01 1.308661221163644228e+01 2.140380133679338770e-01 4.615029957115434911e+01 1.132900034293599888e-27 8.394113171902599723e-28 6.203953465018675055e-28 3.817631875389744800e-01 9.550639688941275780e-28 1.126533971956703364e-03 6.449577307551606319e-04 5.265306667594486399e-04 2.473910248941147694e-01 1.078654374386075598e-03 1.693176868560936535e+06 9.359127349453144707e+05 1.026183732676544576e+06 3.204757397589843571e-01 1.544030266766371671e+06
1.358975203866542802e+00 2.938687806587587659e+01 2.518042524613448663e+01 4.935986330736152894e+00 2.207018350852689437e-01 2.250561930947388234e+01 9.853058966665277931e-28 1.307459212900939217e-27 4.944173915281520491e-28 4.433483359832413040e-01 6.738974517936223638e-28 9.589848041138602066e-04 5.807373330768024738e-04 4.409238069853872255e-04 2.459270945963979993e-01 8.841387761717299943e-04 2.288102166058371309e+06 1.452720097116763704e+06 1.442182534777952591e+06 3.258314249294209652e-01 2.191473885201677214e+06
2.361628235529128705e+00 2.136077070825611912e+01 1.026474631550956929e+01 6.433081844628610213e+00 1.923629448829580757e-01 1.814923209044046004e+01 8.738178129890753459e-28 1.023571700664165634e-27 4.172243072945733554e-28 4.269045718436167425e-01 6.494032526898321815e-28 1.059720792940026246e-03 7.490643210890880668e-04 3.370785658757357965e-04 2.248942146942559672e-01 8.862626226278358648e-04 2.682601105120460037e+06 1.523672317358702421e+06 1.588253639872725355e+06 2.828238099572809583e-01 2.711995804701715708e+06
4.104039504900442559e+00 1.792510006891209429e+01 6.888490918309972955e+00 4.502075432353418449e+00 1.719536710816907676e-01 1.532642948414124362e+01 8.472592736433375854e-28 4.848641222925122754e-28 3.721590546207557182e-28 3.816802506895334290e-01 6.102144118135203363e-28 1.060129671375784110e-03 3.750418560193680226e-04 2.758859416727035916e-04 1.347994640910604169e-01 1.020948318318279542e-03 2.871835516559095122e+06 8.686815414973683655e+05 1.254360603940476198e+06 2.300231593906978955e-01 2.816170820911189541e+06
7.132003252836161877e+00 1.363195478775940472e+01 2.616212397949864155e+00 3.335238462900225187e+00 1.003538343447293868e-01 1.343114376517761066e+01 4.903825542611428419e-28 2.099996741835303630e-28 1.836196375066598871e-28 2.206856310967129919e-01 4.474526986757676887e-28 9.252963848722418633e-04 1.055783630453421048e-04 3.028909626494154716e-04 1.013294293672099972e-01 9.791660848181382541e-04 2.539223513525853865e+06 6.855012122894194908e+05 6.249870315476097167e+05 1.260633910432686910e-01 2.475977533862130251e+06
1.239400116342193847e+01 5.221231527482346202e+00 7.820986257232327432e-01 4.647289525338491600e-01 5.124506054794952109e-02 5.062914937779146918e+00 1.813130500985463571e-28 1.186580062112442695e-28 2.524850760099855644e-29 1.368985692598902182e-01 1.565056029872262839e-28 9.285604735585847478e-04 1.046949682208693760e-04 8.368361069916016495e-05 4.518505594394892771e-02 9.207394021521586418e-04 2.528045977134791203e+06 9.914327936063078232e+05 2.841003687954423949e+05 8.885413264964253655e-02 2.357021591903140303e+06
