# R (Mpc), mean rho (Msol/kpc^3), errup (Msol/kpc^3), errlow, std, median rho (Msol/kpc^3), mean pth (Msol/kpc/s^2), errup(Msol/kpc/s^2), errlow, std, median pth (Msol/kpc/s^2), mean gas-mass-weighted metal (fraction), errup, errlow, std, median metal, mean gas-mass-weighted temp (K), errup, errlow, std, median temp  
#  nprofs 421, mean mh 559865689000.372803, median mh 493914792193.437073 
#  Mass range 11.50 - 12.0 
#  Nhalos 168
5.932145057505327102e-04 6.373625122133848071e+07 5.498899911509781331e+07 3.201479464864326641e+07 3.798189972304240603e-01 4.561539069017199427e+07 3.310817322247975619e-23 3.177073182143220155e-23 1.085408037822098867e-23 6.471555695963042698e-01 1.297919432427559946e-23 8.067477197494369798e-03 4.627475752865829392e-03 1.757203880159407747e-03 2.294161261329583090e-01 6.281236393427707884e-03 3.014501429836445459e+04 1.092523303016277714e+04 6.473255177089024073e+03 2.924949662285880048e-01 1.953910175700550099e+04
1.030888659719426644e-03 3.075133865646151826e+07 3.222655925628432631e+07 1.338739272923318297e+07 4.698477362646623079e-01 1.896437687337863445e+07 2.722724363082697646e-23 3.187813423543335196e-23 4.126910478223678083e-24 9.357434779115917367e-01 4.609775584651819296e-24 8.730463434086810706e-03 4.374712678726329698e-03 2.533656105858286996e-03 2.420459564513604556e-01 7.449879857714192602e-03 3.668710170090384054e+04 4.326567123197486217e+04 6.289782672281886335e+03 4.931979219576761997e-01 1.767632324031441749e+04
1.791479167208752171e-03 1.475477117094111070e+07 1.908674293432864919e+07 6.653794037616476417e+06 5.271304099893066031e-01 8.931252436771385372e+06 1.780808079447990683e-23 2.236951044000808854e-23 1.733127695197572458e-24 1.004990745746376035e+00 1.866278852834443589e-24 8.545427949575188850e-03 3.769789165055617564e-03 2.021558339524694506e-03 2.417838731105582672e-01 7.110329998901415011e-03 4.890322559847152297e+04 7.173709588329383405e+04 5.655522638798989647e+03 5.052332643128694123e-01 1.654729616598310531e+04
3.113233981462612109e-03 4.988684409677118063e+06 3.614888871372653171e+06 2.132233918469942175e+06 3.033678559029355792e-01 4.063773924155222252e+06 7.032086283559419776e-24 7.442669310218686329e-24 1.109951956204395965e-24 8.165001328556641402e-01 1.291856414837603540e-24 7.859390431526768264e-03 3.660420272493655411e-03 2.024719418210195118e-03 2.090679950804298637e-01 6.635962607696247947e-03 7.184655493851256324e+04 1.049077524047783518e+05 1.426367634022579659e+04 5.246915527045981076e-01 2.452986849703654661e+04
5.410180593076441800e-03 1.935032802456821781e+06 9.450172608591525350e+05 8.901086766823290382e+05 2.527065317354542651e-01 1.864791502287056064e+06 1.370771309231257782e-24 1.796384004924932327e-24 5.056859680690584303e-25 6.343193892850573778e-01 6.335894977417449366e-25 7.442545257698753892e-03 4.065722536683660966e-03 1.896856347328682024e-03 2.454717373342751030e-01 5.658898491732753354e-03 5.837144329530712275e+04 5.398005821373012441e+04 1.901173232409290358e+04 4.593571637749375158e-01 2.957960801570462718e+04
9.401816318332032948e-03 5.338394657533926656e+05 4.914910134962614393e+05 2.774252945389959496e+05 3.900740457140197126e-01 4.335192855187817477e+05 4.217740916822877543e-25 4.679399842435454065e-25 1.836348739340758031e-25 6.231053133271964306e-01 2.685749675529910160e-25 6.810408236828457453e-03 4.723822624347875400e-03 1.811017956533222256e-03 2.692355483651500681e-01 4.985317259247892645e-03 7.925084956802430679e+04 8.402854510487394873e+04 2.701835612693938674e+04 4.526069079475923407e-01 4.406383128105987998e+04
1.633848418974679848e-02 1.149763856964132719e+05 1.704911079554468160e+05 4.515736546908965829e+04 5.112822746296398213e-01 6.268484929593931156e+04 1.497086632601622032e-25 1.865995133164719012e-25 6.411906903881058128e-26 6.220761638760187173e-01 9.671442080314029667e-26 6.237220646681919736e-03 3.756392054616200342e-03 1.633171150872301299e-03 2.776325643557553402e-01 4.558151402733489656e-03 1.643012298142448999e+05 1.950265462177920854e+05 7.650474142970400862e+04 4.920578565042827979e-01 1.015874773344600253e+05
2.839303136545056824e-02 2.096388361819688726e+04 2.607201952205901398e+04 7.752997326547198099e+03 4.642289264822803685e-01 1.303457935657151029e+04 5.457149802283726735e-26 4.807303019993441825e-26 2.584435337148458370e-26 4.932329307360829307e-01 4.364362055016248112e-26 5.514538636103780145e-03 3.236208047721996460e-03 1.567128341359494154e-03 2.813291324302379381e-01 4.107288201054637954e-03 2.687121370269410545e+05 2.032320529557707778e+05 1.203468071257909032e+05 3.532179288461046451e-01 2.114692253411615093e+05
4.934143343758698452e-02 5.142495861158508887e+03 4.694756118135807810e+03 2.689261201444294784e+03 4.512477023513844498e-01 4.305419012681081767e+03 2.054398717972681681e-26 1.639491413286414498e-26 6.132938786001401170e-27 4.454918671971336286e-01 1.400544979078235806e-26 4.901771340541054636e-03 2.974217914853577796e-03 1.306617195636488281e-03 2.592672112371400273e-01 3.727688411254899761e-03 4.115890231577755185e+05 2.267771549641897436e+05 1.190688710593725846e+05 3.137165125641140362e-01 2.595101778766419156e+05
8.574558391952083469e-02 1.630218988180860379e+03 1.133542242017994795e+03 8.011557254995368567e+02 4.225740958975436334e-01 1.446682212881783926e+03 7.931377618960838974e-27 6.966695368802835385e-27 2.759595084125794198e-27 4.339407048848595849e-01 5.486543961866814421e-27 3.931387590876372733e-03 2.451018520594818242e-03 1.335422836032659939e-03 2.750827326183508115e-01 3.109164094760494788e-03 2.232407367549433839e+06 3.736660839812185150e+05 1.080452894574891252e+05 3.843579868618400286e-01 2.774557021139668068e+05
1.490087467969423429e-01 5.355965498363127608e+02 3.055987799149665420e+02 2.944016857553386899e+02 4.204159895630588673e-01 4.868878664130486982e+02 3.294452349885374415e-27 2.863169084496225821e-27 1.044015231687381632e-27 3.931473579141636643e-01 2.026805346290953402e-27 2.815467267809997585e-03 1.427479788825943528e-03 1.136334740968181038e-03 2.898493235862212858e-01 2.362484677577437932e-03 1.659149728863026714e+06 5.498016922394372523e+05 1.329050152081873093e+05 4.335673059924547434e-01 3.156857284730813699e+05
2.589475236746323628e-01 1.770342170885668907e+02 1.148134939331329463e+02 7.935350347475043975e+01 3.557825186063057199e-01 1.582919643058821464e+02 1.707872305863072416e-27 1.598266511366256578e-27 5.566033454909733723e-28 4.310407299405366599e-01 9.581159084348902091e-28 1.980583745150497031e-03 1.229351541844597674e-03 8.006568686014818234e-04 2.825506135984089950e-01 1.723136572629436385e-03 2.271252551143483259e+06 8.996825743267221842e+05 2.341662859297399409e+05 4.752507409441922293e-01 4.260839129226005753e+05
4.499992212443744144e-01 6.540764827144366222e+01 3.384715102786860541e+01 2.703998842297060889e+01 2.658077922039522312e-01 6.021184252990063612e+01 1.206570134203503219e-27 1.402438077832474677e-27 3.900360151876841270e-28 5.106460522277365133e-01 6.155675921338026307e-28 1.405299896527964108e-03 1.095656378793459680e-03 6.999902648464029990e-04 2.986476149153060033e-01 1.248276571171561423e-03 1.565001064162421273e+06 1.449705453998933779e+06 5.862660691760065965e+05 4.714631406609096076e-01 9.178273970980371814e+05
7.820090196150470963e-01 3.275942616726483436e+01 2.316791059928408103e+01 8.460754335278174665e+00 2.390357701422236025e-01 2.566170647833510188e+01 1.010258499461839619e-27 1.251670640239764718e-27 3.890384818381331106e-28 5.362879648530588517e-01 5.365037248732883670e-28 1.064274824047042444e-03 7.672220351124609200e-04 4.886817600004017288e-04 3.074890334337358477e-01 9.025544198519511304e-04 2.100057448902573436e+06 2.265400949634966440e+06 1.001185945896892343e+06 4.269203025084349346e-01 1.567162539735944243e+06
1.358975922376516987e+00 2.126426995098934825e+01 1.122625767438107403e+01 8.933592218229852833e+00 2.607813948923433656e-01 1.784956388630802593e+01 8.891313481245931202e-28 8.913767562133957917e-28 3.724518856872777588e-28 4.823163746903335047e-01 5.373884988035145222e-28 1.045170079351414759e-03 7.832640295069807218e-04 5.578949801835952817e-04 3.329949832707973512e-01 9.122443374375501131e-04 2.634749987687472254e+06 1.837901698595045134e+06 1.404808378611640073e+06 3.267801753157852929e-01 2.406748257278231904e+06
2.361629484156356984e+00 1.636979772209285855e+01 1.058355059721599289e+01 4.334081859650203761e+00 2.670861637399368216e-01 1.188087300367648780e+01 9.753114400264825258e-28 5.737617994604941861e-28 3.392526313706829835e-28 4.418352229961141076e-01 5.267543085846007779e-28 1.103179205338505452e-03 6.105227856699623097e-04 4.891190347401819672e-04 2.602058831114139048e-01 1.071206202530665310e-03 3.272258455802788958e+06 1.510144335057147313e+06 1.621986897133457474e+06 2.421228729355345277e-01 3.180331655048481654e+06
4.104041674765874781e+00 1.246170532587567870e+01 6.930152622392856898e+00 2.469899871908785016e+00 2.288611206426521272e-01 9.100307441919266438e+00 7.300105648068207438e-28 4.734607021942928705e-28 2.161897665542374001e-28 3.747364463625747488e-01 4.376412449267079164e-28 1.101901762602976826e-03 3.503819502997959721e-04 3.968938864203345367e-04 1.641136289132273662e-01 1.127889060647250868e-03 3.571613721885024570e+06 1.135774558995436411e+06 1.140882394413908478e+06 1.733892871448450557e-01 3.497355750249589328e+06
7.132007023630110076e+00 9.591503357103126959e+00 3.635150879885058472e+00 2.225727662541194363e+00 1.236959668639804055e-01 9.109852747738958811e+00 4.505093419996388283e-28 1.969640750121113645e-28 1.660104428840076565e-28 2.056209849468952078e-01 4.066128163051926831e-28 1.037649050034317481e-03 1.873933269582633062e-04 1.931457788317244087e-04 8.554154689136547751e-02 1.049381466022564994e-03 3.343812161094562151e+06 7.022145356221739203e+05 6.638457776355529204e+05 9.900528032801714229e-02 3.304173126822439954e+06
1.239400771631078335e+01 4.472870998531190523e+00 8.932566827012902166e-01 4.650497780081126464e-01 6.112527764565089949e-02 4.337697831910078072e+00 2.034057010699958865e-28 1.077373507590949369e-28 3.233030774842774788e-29 1.235635527846188492e-01 1.825382328206934742e-28 1.030428757682243669e-03 1.471987892807497759e-04 8.317770982548444887e-05 4.680386555597988024e-02 1.019040995996449732e-03 3.314914571705327369e+06 8.393501190588204190e+05 3.388953039389709011e+05 6.564946225012320558e-02 3.177793562588931993e+06
