# R (Mpc), mean rho (Msol/kpc^3), errup (Msol/kpc^3), errlow, std, median rho (Msol/kpc^3), mean pth (Msol/kpc/s^2), errup(Msol/kpc/s^2), errlow, std, median pth (Msol/kpc/s^2), mean gas-mass-weighted metal (fraction), errup, errlow, std, median metal, mean gas-mass-weighted temp (K), errup, errlow, std, median temp  
#  nprofs 444, mean mh 212706439887.397888, median mh 199733869700.118469 
#  Mass range 11.00 - 11.5 
#  Nhalos 188
5.932145288224347380e-04 9.181456614685219526e+07 1.050895356487794071e+08 4.098271256881086528e+07 4.229391713266315578e-01 6.452414756544135511e+07 3.846567204854624494e-23 6.088212027291784407e-23 1.377386930610717855e-23 6.527746510478625863e-01 1.729006506108182535e-23 3.940078470991192731e-03 2.368808613765193208e-03 2.652504020716620232e-03 4.133567704536282306e-01 3.860212894114138649e-03 2.475485009638165502e+04 1.050838602898609315e+04 5.276795457151918527e+03 2.280882869431952176e-01 2.075785686598151005e+04
1.030888699813797393e-03 4.814113281658352166e+07 4.689675913694313914e+07 1.719765676202237234e+07 3.317832431499134205e-01 3.357479534016235918e+07 1.902466935786574152e-23 3.195671395608191155e-23 5.909004945217994532e-24 5.538852968383324304e-01 8.427926172333523509e-24 3.328618359655650949e-03 2.138157864915680648e-03 1.939936265454786585e-03 3.532377349691228074e-01 3.154862459406162882e-03 2.407657291615564463e+04 1.300254162694788829e+04 4.046499300865389159e+03 1.933828684822569977e-01 1.901145172948621985e+04
1.791479236884782524e-03 1.777062762930319458e+07 1.221747189704824239e+07 5.852826788099128753e+06 2.593541633952692327e-01 1.427221262948879972e+07 7.006400147520496592e-24 1.011168727556578191e-23 2.285603973021640545e-24 5.083062095402064440e-01 3.471131286041209926e-24 2.758795308306830237e-03 2.437484142992141310e-03 1.381701416644434384e-03 3.750456019177292877e-01 2.307204883007040516e-03 2.653538411857020037e+04 2.001324321660453279e+04 3.712064511258829953e+03 2.373557326390092481e-01 1.782664074741967488e+04
3.113234102545675390e-03 5.910884328959591687e+06 2.700630528950957581e+06 1.900420972686167806e+06 2.324752590171764444e-01 5.576100517200233415e+06 1.543906649756318425e-24 1.539410262024699669e-24 5.721690176945374691e-25 4.254888230635067159e-01 1.065562159883115121e-24 2.374217849820178718e-03 2.110767279531201943e-03 1.205293277270712542e-03 3.861102024126621957e-01 1.885112163545620608e-03 2.310896428313107390e+04 1.526107810989530481e+04 3.201724834616783482e+03 2.425813458857756788e-01 1.603992834825631508e+04
5.410180803494689730e-03 1.622864397357380483e+06 6.340344956172402017e+05 7.818002026851257542e+05 2.614596489364704457e-01 1.631980478376466315e+06 3.635204118744654140e-25 2.787438776665965747e-25 1.514843401701212847e-25 3.594236682279757233e-01 2.822205782373918491e-25 2.004166095961061513e-03 2.077377358685328010e-03 8.813300052233625885e-04 4.008649302057459285e-01 1.468826434153604893e-03 2.244916466787227546e+04 1.779937003472178912e+04 4.814708274510878255e+03 2.326620094537783234e-01 1.627140447918325481e+04
9.401816683997036433e-03 3.150876971864867955e+05 2.938194962668161024e+05 1.368239474400788895e+05 3.847354835459735889e-01 2.547330251231691218e+05 1.048415205723887846e-25 8.023403723667071384e-26 5.046096540442091984e-26 4.330478655252142928e-01 8.084381532125312402e-26 1.925723669599432820e-03 2.097968401147874001e-03 7.870916701017971473e-04 3.966145079117028294e-01 1.343105435997918144e-03 3.703179911170367268e+04 4.131388647691337974e+04 1.018545439218491811e+04 3.324040174607940656e-01 2.239402913173722482e+04
1.633848482519974915e-02 4.714901686198791867e+04 3.265812958695324778e+04 1.707280842562912585e+04 3.373443193904044346e-01 3.565432175459005521e+04 4.650802306341069413e-26 4.509652767477689571e-26 2.259478632490538873e-26 4.076105458773228163e-01 3.614894808133732481e-26 1.881311325917747312e-03 1.942959807711530651e-03 7.957290220162492947e-04 6.314244591150529606e-01 1.440593422761566635e-03 9.811071828208689112e+04 9.629347429043370357e+04 4.739611438252488006e+04 3.783908829780899818e-01 7.477562250873712765e+04
2.839303246974122716e-02 1.062599741488522704e+04 6.140549930852974285e+03 3.856236639588488288e+03 3.470272144598766650e-01 9.350019184355247489e+03 1.968524889062457021e-26 1.136402332650293035e-26 8.918563883276026641e-27 3.958283482283220245e-01 1.682364115737063338e-26 1.738101698525664320e-03 1.153714233172222978e-03 7.991538230878168000e-04 2.972678122659395683e-01 1.551555616791760062e-03 1.497878701919582672e+05 7.332830501467501745e+04 5.299930049874121323e+04 2.567024061565955084e-01 1.287473510339632630e+05
4.934143535662420532e-02 3.419419818321995990e+03 2.296059281126151745e+03 1.256592141965706332e+03 3.219360119618767113e-01 3.066802969014010614e+03 1.126265460704006232e-26 5.460534866519767401e-27 2.868220755244364175e-27 3.513775053179464258e-01 6.307621845617186352e-27 1.393914268059440751e-03 9.042963478681099315e-04 6.652124454881903773e-04 3.601470293812255030e-01 1.267120808279457739e-03 2.664521347776770708e+05 8.864318426365224877e+04 5.840803732400163426e+04 2.720756267346993718e-01 1.626291889546935854e+05
8.574558725442532614e-02 1.081200685786797294e+03 6.267628586826087940e+02 5.037393162519345537e+02 3.166332928607276109e-01 1.015147936083287050e+03 3.859848755780909619e-27 2.886221924625208117e-27 1.372176198989373860e-27 3.915877821042459961e-01 2.484190989504325118e-27 1.043769925639378461e-03 6.428327053423837575e-04 4.047581391562946312e-04 3.434216344256416642e-01 8.946535144795926368e-04 3.203580115578123950e+05 1.744011362544476287e+05 8.070984848264596076e+04 3.177810193645103087e-01 1.903283324274971383e+05
1.490087525923421141e-01 3.346741760521528590e+02 1.787583611605989518e+02 1.317029027999766413e+02 3.397094778912979063e-01 3.141214673798083368e+02 2.372202277019178854e-27 2.434477815106967697e-27 7.497272059978743583e-28 4.708523533017622276e-01 1.168847276708666092e-27 7.415293722386458262e-04 4.026920416406866259e-04 2.776136745785367068e-04 2.503903110323763004e-01 6.538800077399097542e-04 3.113058018159866333e+06 5.489105792431163136e+05 1.673218043441944756e+05 5.069097036112579779e-01 2.808011963748479029e+05
2.589475337458828630e-01 1.269128868477005909e+02 7.410233148857687979e+01 4.477612496110887719e+01 2.654866116023423261e-01 1.163039551625408308e+02 1.869094164777761584e-27 2.298782235654925174e-27 7.527171443551727210e-28 5.747659497259218764e-01 9.687223879697387986e-28 5.821286203427295577e-04 2.637562471465203446e-04 1.782165663773595927e-04 2.653467492403208672e-01 4.356233708169382447e-04 3.328128694305450190e+06 1.317968702399236383e+06 5.117357917509531835e+05 5.831929824499173520e-01 6.664401216970023233e+05
4.499992387462019017e-01 6.622788348401040537e+01 4.748876113663379783e+01 2.250447196611607481e+01 2.529325221884065056e-01 5.391540938014713902e+01 1.730392967338514203e-27 2.255421085345894878e-27 7.017010286413207956e-28 6.246775922178875451e-01 9.109625738242954915e-28 5.576368582573044443e-04 4.596871660004874091e-04 1.647627399702688352e-04 3.359573914801727290e-01 3.642518922154300157e-04 2.217344056459101848e+06 2.308587995210043620e+06 8.607198214095665608e+05 5.707035478613678992e-01 1.184880118403576780e+06
7.820090500297373071e-01 4.091142485831262832e+01 2.946040525201905425e+01 1.330425051590948726e+01 2.738835613024857008e-01 3.083695049574135183e+01 1.698735538735726315e-27 2.150185261179751090e-27 6.863785653288128138e-28 6.331429784924857973e-01 8.508568663839632314e-28 7.134487658684271526e-04 6.329414077662130853e-04 2.844893819670185273e-04 3.890123859519254990e-01 4.789586599054118676e-04 2.924515060559961945e+06 3.171113761946923565e+06 1.559586286775747314e+06 5.331946552059295685e-01 2.062820330969254021e+06
1.358975975231191180e+00 2.881143712159298786e+01 2.073030669825934069e+01 9.001624422479846288e+00 2.642663914546806159e-01 2.205884570974539827e+01 1.665799632097694360e-27 1.846387446079882164e-27 6.217911923851287081e-28 5.821105724576439711e-01 8.118430022403448348e-28 8.437857284623445902e-04 7.225522117164876607e-04 4.088596808118187282e-04 3.688487041688632839e-01 6.731917576244250689e-04 3.443189905593494885e+06 3.251017291974870022e+06 2.011073311284324620e+06 4.324007252273953661e-01 2.886032622672573198e+06
2.361629576007254094e+00 2.280268935769514016e+01 1.388109909935226938e+01 6.875786208290573853e+00 2.434460322104715357e-01 1.806082800894215623e+01 1.467010804273329293e-27 1.396129438265112158e-27 5.528276588432687069e-28 4.817073714419699004e-01 8.160729813504744565e-28 8.685989171501825624e-04 5.967031080253706269e-04 4.333588679356040370e-04 2.948517865487695899e-01 7.970149937495205755e-04 3.764826306309886277e+06 1.866107914072753862e+06 1.911744812539751874e+06 2.885873355105100235e-01 3.660260319322558120e+06
4.104041834384438481e+00 1.849997981415231507e+01 7.456394712677742120e+00 4.889030411502002238e+00 1.744039386777263001e-01 1.657334891211647232e+01 1.088200719973074126e-27 7.160191397537408729e-28 5.667038477020589213e-28 3.257210263358195634e-01 9.463658589561382053e-28 8.858277923200024145e-04 2.614441197875600788e-04 2.962785174181563601e-04 1.502916059111110980e-01 8.904491255216655157e-04 3.936875671193336137e+06 1.408595447931991890e+06 1.456554906535809860e+06 1.740118971576376794e-01 3.898161810717566870e+06
7.132007301015381273e+00 1.660602838117750579e+01 4.902563900119528029e+00 2.882962303327669673e+00 9.361588731047669476e-02 1.613757669375733883e+01 9.130104764373149497e-28 4.468252119201187333e-28 2.785816544954319032e-28 1.688246413869886886e-01 8.451262450019555825e-28 8.922916977827222542e-04 1.751584072651201935e-04 1.608307126580674771e-04 7.959583860810709455e-02 8.828159445304912655e-04 3.971716390419574920e+06 7.370461580724548548e+05 7.962420178216854110e+05 8.459063219150295132e-02 3.950564921668500639e+06
1.239400819835114298e+01 4.211254057950398533e+00 6.471184980014452748e-01 4.271041900457266394e-01 5.016329574753534970e-02 4.136626751657738410e+00 2.237796551914920156e-28 8.211591059646052629e-29 3.403732740125725311e-29 1.020589896565902016e-01 2.084488863969611190e-28 8.894807809055348992e-04 1.237325279839372651e-04 1.017331828381036083e-04 5.143509675519075675e-02 8.829786803180869961e-04 3.917726907794569619e+06 6.436156675277957693e+05 4.799753041308363900e+05 5.982356228576755919e-02 3.835920600595845841e+06
