# R (Mpc), mean rho (Msol/kpc^3), errup (Msol/kpc^3), errlow, std, median rho (Msol/kpc^3), mean pth (Msol/kpc/s^2), errup(Msol/kpc/s^2), errlow, std, median pth (Msol/kpc/s^2), mean gas-mass-weighted metal (fraction), errup, errlow, std, median metal, mean gas-mass-weighted temp (K), errup, errlow, std, median temp  
#  nprofs 454, mean mh 4203488019735.110352, median mh 3628460004883.540039 
#  Mass range 12.30 - 13.1 
#  Nhalos 34
5.932180175954789589e-04 2.268724983028286695e+07 8.097183464512336999e+06 5.858430274848803878e+06 1.825479183600182131e-01 1.984113918090760708e+07 2.708144272269738994e-23 4.244121480555282388e-23 9.432068771221210089e-24 6.374783645312703806e-01 1.141278787164740759e-23 1.171124841410977994e-02 1.150178128341060139e-02 6.559320180979767191e-03 4.950612964645600411e-01 1.004642104767246476e-02 1.528866784089827561e+05 3.287660342145031318e+05 3.403522722576700471e+04 6.256091731953932200e-01 4.736005775329544122e+04
1.030894762606484986e-03 1.022401552128111199e+07 5.586856098019748926e+06 3.395335078687412664e+06 3.200536767298090002e-01 6.717458285249641165e+06 1.655970771916317937e-23 1.844662461979375936e-23 4.132797865536552617e-24 7.208418367124804771e-01 4.747115886548224452e-24 1.255214580606822845e-02 1.077635207839042208e-02 6.506799596486746023e-03 3.633140633512719209e-01 1.069152847754578639e-02 1.528356947630607465e+05 1.988673969106200675e+05 8.120548756607699033e+04 5.803980188388464523e-01 9.476145514995264239e+04
1.791489772810939867e-03 8.501416714246109128e+06 3.386189250385852531e+06 2.016840739339019638e+06 3.131059071145016470e-01 5.368320997081084177e+06 9.405540213740024505e-24 1.485162575488890775e-23 3.406496348936795146e-24 6.858432581881892531e-01 3.933216107518625433e-24 1.474421664455408641e-02 7.606586607388950150e-03 6.292162174665136103e-03 3.008426553814914639e-01 1.391051002284448765e-02 1.370249234732884506e+05 2.458166004085795721e+05 5.587715208591682313e+04 5.534162513668888783e-01 6.926071211437702004e+04
3.113252411886883054e-03 4.263123754873950966e+06 1.703415157348524313e+06 1.668043532902774401e+06 3.714350526386270834e-01 2.947022989524709526e+06 9.606484614363939211e-24 1.482880002481791751e-23 3.338711311478937568e-24 7.014750095464904467e-01 4.430156142417538055e-24 1.432864395072154344e-02 5.277967647140630741e-03 5.183932523572413326e-03 2.147850904579846620e-01 1.430449598026555663e-02 2.780633179060763796e+05 5.666467769301887602e+05 5.400829482901967276e+04 5.650547464399943154e-01 8.743688297534946469e+04
5.410212621483013670e-03 3.174324612372548785e+06 1.733533396833498031e+06 1.666864351949152304e+06 2.433723687231443833e-01 3.045124898905214854e+06 6.256034480489661102e-24 5.103472659925372037e-24 5.005604172721698087e-24 5.117225541137432332e-01 5.893231256760574868e-24 1.657599011862745039e-02 2.953332392614426566e-03 4.531143175136483070e-03 1.334851372152061344e-01 1.719181982375559900e-02 1.493798497006945836e+05 1.414175410159498279e+05 9.735022575854018214e+04 3.731866164231669170e-01 1.385798037194924837e+05
9.401871977323516399e-03 8.541726406132491538e+05 1.079154112259780057e+06 3.041616549824965768e+05 3.516143547700396055e-01 5.694777989079175750e+05 1.881322646719526123e-24 1.752864932436165418e-24 1.103986954235004939e-24 4.643100666026388490e-01 1.499530109714764377e-24 1.621188711908064586e-02 4.504083496754428262e-03 3.130493332412975435e-03 1.439252853966947465e-01 1.610758735326179442e-02 2.052153457753985713e+05 1.783290229385159037e+05 6.794532264031017257e+04 3.926189262677001746e-01 1.444761571579166048e+05
1.633858091398833132e-02 1.224572137411442964e+05 1.447168749892652268e+05 2.510089973625737184e+04 4.744043443739489607e-01 7.028317235856223851e+04 6.918560681174304098e-25 6.717145846342086532e-25 4.527306383272443005e-25 5.907051596577556074e-01 5.271102590233187781e-25 1.477594981861517220e-02 4.665760647635529973e-03 5.042363997071292944e-03 1.614139063310879862e-01 1.532899434880380385e-02 7.041011706215147860e+05 7.664405350849626120e+05 2.599494827612127410e+05 5.702078661707269402e-01 3.669893453559852787e+05
2.839319945291765221e-02 2.161451624824337341e+04 2.184896901865818290e+04 4.785206093173555928e+03 3.650205011610002104e-01 1.352054886071900182e+04 3.062884417034855877e-25 3.587222658499036398e-25 1.508651055264591219e-25 3.909009514657177387e-01 2.405941253841677829e-25 1.287845551316260315e-02 4.656320103828097412e-03 5.208746301135987883e-03 1.868068623379004478e-01 1.305202509141266051e-02 1.277720252995396731e+06 1.003615051614656346e+06 6.057604381426955806e+05 3.279777557492584150e-01 1.089380697243368719e+06
4.934172554012659223e-02 5.430338051091739544e+03 4.736913674609513691e+03 1.904563953083776596e+03 3.036029579697301362e-01 4.109760420967837490e+03 1.498002742569626030e-25 1.366773567480124114e-25 8.685691745197127101e-26 3.790957492165734632e-01 1.224856098533619219e-25 9.894203397606859615e-03 5.281552404163197822e-03 3.683948416222009373e-03 2.265637944855032893e-01 9.206473489024161183e-03 1.981351160117279971e+06 9.676608426934019662e+05 1.098573357191122370e+06 2.433556973184175520e-01 1.956151535315666813e+06
8.574609153555624863e-02 2.194109167497840645e+03 1.397765226322077524e+03 1.294159901814988189e+03 2.794379980715757106e-01 2.027479625688057240e+03 8.494869765874941195e-26 7.058238215726287277e-26 4.687323794723163041e-26 3.723777089000715468e-01 6.727799584097671185e-26 6.933250208656211409e-03 6.954900962290346336e-03 2.437014222710794618e-03 2.875121048586862793e-01 5.764945234263647161e-03 2.724403238026914187e+06 1.190265390010905918e+06 1.264706386565710185e+06 2.543710364135424729e-01 2.521145185111893341e+06
1.490096289325093804e-01 1.157919771115312187e+03 8.361268017066662424e+02 5.970205317873960666e+02 2.979687075252587247e-01 1.011755925695648443e+03 4.345238331037107578e-26 3.556451558437382497e-26 1.942950210824583838e-26 3.454638567919976477e-01 3.396055201160396242e-26 4.373006713096593522e-03 2.882261362525305026e-03 1.800108187649474868e-03 2.771162903773891628e-01 3.829379944023081437e-03 3.021241019638564438e+06 1.753545890342886094e+06 5.353643848867916968e+05 2.554732629837344615e-01 2.138120985522422008e+06
2.589490566505518454e-01 5.530901612379117296e+02 3.162760600888633462e+02 2.546811269762725374e+02 2.458939109068750684e-01 5.090813913866891198e+02 1.748356643325296573e-26 1.141511197761821365e-26 8.342359043185549034e-27 3.363323604818874712e-01 1.364825980587662322e-26 2.801627358253503796e-03 1.382806773639781456e-03 1.322815107541474395e-03 2.436223190511367653e-01 2.670274037860368311e-03 2.263842380861092824e+06 1.190176453759001568e+06 7.993217850632446352e+05 2.328113480880743269e-01 1.996966906685858499e+06
4.500018852511976086e-01 2.309185893013161319e+02 8.502645684000250981e+01 1.101623824710057704e+02 2.274164117010197828e-01 2.238941974100187906e+02 5.531494762549894090e-27 6.247965248351126470e-27 2.407624787525783495e-27 3.532035037119768406e-01 4.150547614783856040e-27 2.046320584795594671e-03 4.633189743308441938e-04 7.747395601862125045e-04 2.086539236210784298e-01 1.974891262681800243e-03 1.585315871337228455e+06 1.204801186669441871e+06 6.047064523497212213e+05 2.143580920239474830e-01 1.424958556397779845e+06
7.820136491283121716e-01 7.934872967153424383e+01 4.050161715553772979e+01 1.793570805442618621e+01 1.632654334472551094e-01 6.955725926053817432e+01 1.535142296462735002e-27 1.621850350190193526e-27 5.652540838138063328e-28 3.453642165237255646e-01 1.027983214475068517e-27 1.547516264585136869e-03 4.944884019645588193e-04 4.757682344049610473e-04 1.902859471695036164e-01 1.452017039108430795e-03 1.304311705915189115e+06 1.095653811565425945e+06 3.561013868660305161e+05 2.553299883746316112e-01 9.975019759089949075e+05
1.358983967548505811e+00 3.455424137870377876e+01 1.167509545575907026e+01 1.325916456061279547e+01 1.565074247489431913e-01 3.483911670600565458e+01 5.768672966239830163e-28 5.227731752749536283e-28 2.794266899900756281e-28 3.635035664544226108e-01 4.745992924451465961e-28 1.245779805177867766e-03 5.809273728491581943e-04 5.014520268110406881e-04 2.011096049821613496e-01 1.175493656399627905e-03 1.138567660778410034e+06 8.216376518191322684e+05 3.624498984078945359e+05 2.627500743290638319e-01 9.582729297541049309e+05
2.361643465062907232e+00 1.894419845605838759e+01 7.222464367938844276e+00 7.300362153329940540e+00 1.827833001529527712e-01 1.793531202048604456e+01 3.765456449069517397e-28 3.066702789354862550e-28 1.889422342761242053e-28 4.039157101242441539e-01 2.855955380468917009e-28 1.064373381831360986e-03 3.714283736544136526e-04 4.828223380506851481e-04 1.738523857191036359e-01 1.103530862693628042e-03 1.281124643985619303e+06 9.040713162925452925e+05 5.878211618270580657e+05 2.569898676591314546e-01 1.219826866259709466e+06
4.104065970796863638e+00 1.115202789818824058e+01 3.779106662077998280e+00 3.687426373007451019e+00 1.453307582451618396e-01 1.103730092825590248e+01 2.021934834978824576e-28 1.729331061259705081e-28 1.027868886822856339e-28 3.107387209658982741e-01 1.875203439057021984e-28 9.165226409341515820e-04 2.949518352592518482e-04 1.784032080565509841e-04 1.342016444893490146e-01 8.827099235001849287e-04 1.254518462640188169e+06 5.097536070405286737e+05 4.585562522375507979e+05 1.983696399775818076e-01 1.240173137102062814e+06
7.132049245292897410e+00 9.355780141549367102e+00 3.767147571822871299e+00 2.340879133332388840e+00 1.502478543766033181e-01 8.671542716424333719e+00 3.175926648386661676e-28 3.233957596268221676e-28 6.954872793858768860e-29 4.463746850110531517e-01 1.525625583146035135e-28 9.366697264556879225e-04 1.647888076466677738e-04 1.221508238979570346e-04 1.128239900882685304e-01 9.503919341554154313e-04 1.896118743807628052e+06 1.474204053902754094e+06 2.647380820088332985e+05 2.963110905372558501e-01 1.280196699319073465e+06
1.239408108915136886e+01 5.003406291585873689e+00 1.032965301622497556e+00 8.409971866744836433e-01 7.822602421290948682e-02 4.997243896377995043e+00 1.268433535532390724e-28 2.253976676496102075e-28 1.928695768500521047e-29 3.063272017037964035e-01 7.309420930036595547e-29 8.685806826050066799e-04 1.418577788339116501e-04 7.796672315223541865e-05 5.831135197870477432e-02 8.397104011091528590e-04 1.671916130853155395e+06 2.312612356958583463e+06 1.720173774964541662e+05 2.299277413391975222e-01 1.101554273471758235e+06
