# R (Mpc), mean rho (Msol/kpc^3), errup (Msol/kpc^3), errlow, std, median rho (Msol/kpc^3), mean pth (Msol/kpc/s^2), errup(Msol/kpc/s^2), errlow, std, median pth (Msol/kpc/s^2), mean gas-mass-weighted metal (fraction), errup, errlow, std, median metal, mean gas-mass-weighted temp (K), errup, errlow, std, median temp  
#  nprofs 447, mean mh 556607416838.477173, median mh 496282706831.237305 
#  Mass range 11.50 - 12.0 
#  Nhalos 178
5.932134616077487568e-04 5.039827182369409502e+07 6.749313552202028036e+07 1.935154362098032981e+07 3.520642394582478851e-01 3.357776664204251021e+07 1.888921270768423678e-23 2.416190597689802543e-23 6.190302738455542265e-24 5.901454014059419606e-01 7.722309244017014065e-24 7.887361319148447972e-03 5.251397829489505391e-03 2.913501156831120337e-03 2.477029575793818772e-01 6.670340521914554406e-03 2.595944054791227609e+04 7.705729561459927936e+03 5.030773253598343217e+03 2.964971472831519073e-01 1.787720679112150538e+04
1.030886845207231632e-03 2.587807270334194973e+07 3.547018042602811754e+07 9.838276982814712450e+06 4.341554644967636767e-01 1.549665026171877235e+07 1.158914733293369061e-23 1.458480095875867342e-23 2.692328543172688497e-24 7.753024802094763412e-01 3.119252280091904904e-24 7.966409966308797552e-03 4.073690578301510448e-03 2.637544187550565702e-03 2.179778679749841686e-01 6.968912679908855629e-03 2.881778771476820111e+04 1.122203295188831180e+04 6.098140615918820913e+03 4.257671536050428029e-01 1.658740362784668832e+04
1.791476013947955600e-03 1.207078410694595613e+07 1.383299040351309627e+07 4.605972920249111950e+06 4.736303340215916591e-01 7.188889768049135804e+06 5.809520154820872896e-24 6.403135603817548793e-24 1.704385129712071761e-24 8.445537217023394438e-01 1.861589842666615909e-24 8.418530033662023279e-03 4.498320730083675036e-03 2.208146141947428011e-03 2.242871996676726321e-01 6.988845480325421404e-03 3.009854569954405451e+04 3.445231461786258296e+04 7.162706705909899028e+03 4.097366449513287767e-01 1.591032097047428215e+04
3.113228501723386363e-03 5.342540183307711035e+06 4.323170443455766886e+06 2.041842781933593098e+06 3.233296898075120329e-01 4.067525174176491797e+06 3.051351115105802361e-24 4.277977556091113087e-24 1.064821757948680145e-24 7.597861973604180807e-01 1.225628868111561711e-24 8.073226293956587557e-03 4.624660115647203674e-03 2.295629263159807733e-03 2.310167383189541124e-01 6.673970900041219061e-03 3.928744338265607803e+04 4.935081817747913010e+04 6.643922278153695515e+03 4.653524808502151333e-01 1.636895638287515976e+04
5.410171070381073442e-03 2.040457879912685370e+06 1.038534520665715681e+06 8.259711951678444166e+05 2.417585253625843256e-01 1.888687324994869297e+06 1.038426262285360391e-24 1.185272594548447202e-24 3.750506792479031700e-25 5.949809302452681026e-01 5.126036003935300614e-25 7.705051646498222231e-03 6.183926866482112802e-03 1.882559886279534800e-03 2.703591386285926212e-01 5.551139178282609235e-03 4.312960481439993600e+04 5.183793482591845532e+04 1.148003517340136023e+04 4.227295654160617699e-01 2.202386231137197319e+04
9.401799769784129415e-03 6.032150824628911214e+05 5.295298003363038879e+05 3.549467754407466855e+05 3.645220368766695085e-01 5.295634955265470780e+05 2.873226160882566720e-25 3.383098050767328234e-25 1.245023993746687927e-25 5.878881395193211734e-01 1.731511778218328660e-25 7.271531716923404672e-03 7.356291175405236388e-03 1.873393948257704236e-03 2.908253354670852220e-01 4.975238824286678727e-03 4.342848084377154737e+04 3.808922287843434606e+04 1.463874868493934446e+04 3.858919064066029803e-01 2.750133460372654736e+04
1.633845543166654105e-02 1.197431783716554346e+05 1.505951046726317727e+05 5.882353814460417198e+04 4.870649382369361957e-01 7.927462586649652803e+04 1.138154457820353371e-25 1.351204606608897269e-25 4.831245685694768864e-26 6.745543881879214609e-01 6.577972017571009307e-26 6.827312127943593531e-03 7.186771610532606026e-03 1.700488237811285854e-03 3.039786560331297349e-01 4.467336261135140991e-03 1.027066327918669558e+05 1.231505486900461110e+05 3.313678275788584142e+04 4.907344098824729106e-01 5.354827833341875521e+04
2.839298138963486026e-02 2.109332856928397086e+04 2.304552586989562406e+04 1.010254414546399676e+04 4.972332309866223654e-01 1.438564670264769666e+04 4.073860724325646224e-26 3.445609467638502108e-26 1.991857929931176916e-26 5.863772406185616681e-01 3.135995116203644722e-26 6.342085203404466791e-03 5.330911557066940129e-03 1.540417173831559912e-03 2.888967998727517972e-01 4.269402286347243058e-03 2.014639153775323648e+05 1.741114133312699269e+05 9.833881502467027167e+04 4.150172834057039295e-01 1.508219308914625435e+05
4.934134658957302355e-02 5.423670207799034870e+03 5.627595192777091142e+03 2.683185678535803163e+03 4.372268265572564205e-01 4.159910796108089926e+03 1.594127922610707820e-26 1.374856644622126302e-26 5.606204540786042397e-27 3.987291598689542416e-01 1.188843025643043679e-26 5.445813225520002715e-03 4.156810032186335560e-03 1.278674896638987060e-03 2.715431467104767460e-01 4.007884094692399507e-03 2.893669376741955057e+05 2.246653393583705474e+05 1.140372086378286476e+05 3.114707189544428934e-01 2.232366994714846078e+05
8.574543299497019988e-02 1.717749257697588746e+03 1.831246167425069416e+03 8.661211613502715636e+02 4.158127947802686686e-01 1.381022957265420700e+03 6.096252963543599477e-27 4.966939049110701166e-27 2.333526338176266038e-27 3.380657643490421194e-01 4.713891642530943374e-27 4.308968867868518196e-03 2.637983049427640361e-03 1.259187761088645819e-03 2.779842223260437506e-01 3.254296779975142471e-03 3.577943371723624296e+05 2.753278174032645184e+05 1.142510530534899444e+05 2.904547881345430071e-01 2.596000770269067143e+05
1.490084845201332109e-01 4.990276654180583478e+02 3.654273388569936287e+02 2.513645226356153444e+02 3.480481619418477335e-01 4.323771664452002597e+02 2.688975090424460155e-27 1.924316161667433859e-27 9.659542778151924207e-28 3.747635601814073292e-01 1.803629464578924089e-27 2.996089726231799047e-03 1.903877551856530959e-03 9.716646583717899327e-04 2.794174694376970747e-01 2.338840185990736717e-03 5.031248941469328129e+05 3.777087410746492678e+05 9.957509601732069859e+04 3.357233742094382634e-01 2.767990476237818366e+05
2.589470678897760059e-01 1.607559763605759144e+02 1.129689567034121751e+02 6.363196320543978857e+01 2.911668011662648659e-01 1.373555626317341023e+02 1.322291606884381096e-27 1.173705248490570590e-27 4.315944838479298417e-28 4.390298265524285592e-01 7.396277798266391539e-28 1.972364267350174439e-03 1.176830559661669459e-03 8.531006059095811627e-04 3.067106293240253190e-01 1.616404761111189152e-03 6.233686539538453799e+05 5.657674193040330429e+05 2.035336524917579372e+05 3.542134496800803389e-01 3.912041552740838379e+05
4.499984291810734116e-01 5.942109223680236596e+01 3.585925400124372686e+01 1.847680883678251718e+01 2.739188555356057431e-01 4.741152097072597371e+01 9.077670551396795433e-28 1.038854928064573079e-27 2.601523340605813396e-28 4.976624690008926710e-01 4.198808521581969022e-28 1.421616777139384858e-03 1.117728553251991653e-03 8.059499948793141626e-04 3.554874887483974732e-01 1.219808438575792180e-03 1.042917942887184327e+06 9.281183697170625674e+05 3.931961253025449114e+05 3.986429316223088493e-01 6.731667820541566471e+05
7.820076431667862815e-01 2.904492567746760301e+01 2.126767685940274077e+01 9.637346807351296007e+00 2.708530911577837763e-01 2.284321454449701605e+01 7.066186649437917041e-28 7.761823737485849763e-28 2.431661632659032279e-28 5.187806621326503942e-01 3.538002457770627276e-28 1.111347911566959879e-03 8.487520846819577702e-04 6.234515568195094642e-04 3.588407671973596336e-01 9.276023069455638283e-04 1.535314336574990535e+06 1.473571740683878772e+06 7.196505840090784477e+05 3.934102659987489536e-01 1.194071293980534654e+06
1.358973530383588368e+00 1.856488869875228076e+01 1.358350204226056768e+01 6.200640058780825470e+00 2.845847405336252578e-01 1.395221480444455331e+01 6.706858468236466045e-28 6.416374873705735751e-28 2.112856906295458819e-28 5.354593484305212314e-01 3.099025406548157692e-28 1.089451910350100819e-03 8.690916693657425255e-04 5.925709148074760277e-04 3.320688016978716739e-01 9.600090977483822542e-04 2.007908935549995862e+06 1.398729824333057972e+06 1.031386927967149881e+06 3.544426248819557146e-01 1.778554593770888401e+06
2.361625327349063497e+00 1.388715747991248683e+01 9.053570091075963333e+00 4.717823048229250915e+00 2.833205558793067125e-01 1.028791036399167247e+01 6.795004278072290698e-28 5.489219003979089065e-28 1.923660112313157439e-28 4.764039673347805204e-01 2.914692824353135616e-28 1.167356505240131235e-03 6.777065455504023041e-04 5.003674103083025678e-04 2.626043025286669552e-01 1.134537169249665630e-03 2.442159605055390391e+06 1.379989132418384310e+06 1.062157927342136856e+06 2.546317856908256738e-01 2.286654142816105857e+06
4.104034451062715583e+00 1.046974154588197337e+01 6.098934017325650103e+00 2.708465806536215936e+00 2.614252445621994547e-01 7.594846008324370956e+00 5.704581632600854084e-28 3.026324212127725255e-28 1.496363298042139489e-28 4.435780199609440921e-01 2.610415604780894240e-28 1.224190404390150273e-03 4.515703092081062645e-04 5.017961761531436037e-04 1.775789884541078278e-01 1.237561982908026107e-03 2.844412797626270447e+06 8.023492186296898872e+05 1.111226214224781375e+06 2.082146286185216078e-01 2.705610153389879502e+06
7.131994470272771558e+00 7.362865632822932938e+00 2.314106780834485733e+00 1.963297606423326513e+00 1.463155917375951187e-01 6.959942445185530957e+00 2.965243205410690928e-28 1.293568139171099049e-28 1.201847773460022641e-28 2.692086784322477166e-01 2.445716100311280120e-28 1.161827833351586564e-03 1.753199652239070469e-04 2.862134659124878494e-04 9.010737096477344776e-02 1.184196724962970938e-03 2.697541712281131186e+06 4.489773101372192614e+05 6.399765853013773449e+05 1.337151375484364468e-01 2.622200838635360822e+06
1.239398590107599851e+01 4.307171544788990225e+00 1.174931104959016537e+00 5.503606324448986342e-01 7.596763897471631166e-02 4.126376638700886446e+00 1.653076185379956356e-28 1.568789232105317386e-28 2.510146946293776848e-29 1.752248006226176102e-01 1.324730158772867278e-28 1.139054943499744283e-03 2.203347080650501499e-04 8.619554167042927859e-05 5.485559561682716578e-02 1.104804885381517263e-03 2.722764158278632909e+06 1.468718073901960626e+06 2.508430512709091417e+05 1.020146884691886524e-01 2.451754390532397665e+06
