# R (Mpc), mean rho (Msol/kpc^3), errup (Msol/kpc^3), errlow, std, median rho (Msol/kpc^3), mean pth (Msol/kpc/s^2), errup(Msol/kpc/s^2), errlow, std, median pth (Msol/kpc/s^2), mean gas-mass-weighted metal (fraction), errup, errlow, std, median metal, mean gas-mass-weighted temp (K), errup, errlow, std, median temp  
#  nprofs 459, mean mh 1315655672524.678223, median mh 1222222637551.105469 
#  Mass range 12.00 - 12.3 
#  Nhalos 38
5.932171770859670339e-04 1.160920882463790625e+08 7.611192393404814601e+07 5.915016382921549678e+07 4.313386602728777608e-01 8.176205677672171593e+07 2.099301948013138740e-22 2.057343177477764732e-22 2.159233470046316023e-23 1.155398179811910619e+00 2.296350596574301208e-23 1.306948417588119603e-02 1.112725993611497072e-02 1.354483844182855640e-03 2.062874818435831425e-01 9.993435869659540727e-03 6.399835903544474422e+04 5.609500068569026917e+04 1.520498775292707796e+04 6.974609179585450347e-01 2.051788994682400516e+04
1.030893301968358478e-03 3.043877067588586733e+07 5.996213265124380589e+07 5.977008907700753771e+06 5.091809720942769291e-01 1.043031386846895143e+07 4.121616922965875475e-23 6.331110778270726400e-23 2.947283533042976525e-24 9.960328799343173278e-01 3.283756791493328708e-24 1.407952769633861664e-02 5.342815786881172091e-03 6.167261854718292940e-03 2.659574948402070871e-01 1.314842555932053958e-02 1.322897843966380169e+05 1.314212138956692652e+05 9.721251942956683706e+03 6.461972934504217614e-01 2.191528049534543243e+04
1.791487234512792676e-03 1.511192812914217077e+07 2.156211040845540911e+07 3.145153893143481575e+06 4.775937391564616941e-01 6.168305238979602233e+06 3.515043578672713142e-23 3.596108086514655727e-23 2.579247107515449043e-24 1.087933807618738591e+00 2.753789012698300984e-24 1.609879103700312397e-02 7.884180634575733287e-03 5.449994049783791344e-03 2.160578034360759736e-01 1.408517093890026758e-02 1.250770231182987773e+05 2.423220507737224980e+05 3.073990835324456566e+04 7.003115563368905727e-01 3.787549396974717820e+04
3.113248000830259356e-03 5.012695633522704244e+06 4.282752086181208491e+06 1.777696706189343007e+06 4.492895511299261901e-01 3.369611788653611671e+06 1.235448424862263729e-23 3.043901306480630289e-23 2.817836027904292484e-24 9.471981019615507424e-01 3.190281234227280094e-24 1.582273138597571280e-02 6.947374776213158937e-03 6.171997120335377326e-03 1.910158756696737070e-01 1.499966166365518036e-02 2.225678680791526858e+05 2.455560874785808555e+05 1.528283808865739265e+05 7.046225301291250132e-01 1.669131393831258465e+05
5.410204955945158156e-03 2.315270172947644722e+06 1.237566437025442254e+06 8.645015884306866210e+05 2.279484448263323082e-01 1.954770969469822478e+06 2.962311560117135833e-24 3.916487907297585748e-24 1.236440043052098846e-24 7.284489737239862039e-01 1.408007335072453147e-24 1.703814889543292521e-02 6.062214906975896961e-03 6.250004408493605237e-03 1.981889454136435413e-01 1.704490359431535748e-02 9.631918904148053844e+04 8.899967548886060831e+04 4.013342511804196693e+04 5.474656799492703119e-01 5.261176207636221079e+04
9.401858656145479012e-03 4.767503318540912005e+05 4.599155916826591711e+05 1.886691937637453666e+05 3.026133652065349788e-01 3.745696408287494560e+05 8.514222139476306922e-25 9.882651837360974362e-25 3.565933156612013592e-25 8.085125627742134613e-01 3.745296989836347342e-25 1.623734223552639536e-02 7.003803800111375877e-03 8.120888679835031737e-03 2.199106671626636089e-01 1.631312847934082363e-02 1.328683251085493248e+05 1.775753813658977451e+05 4.536943777604291245e+04 6.098358901739896476e-01 5.442866325832085568e+04
1.633855776443408903e-02 8.636992843127930246e+04 1.036532177626469202e+05 1.945187914307961182e+04 4.307366231876316176e-01 4.193163254267153388e+04 2.652895087550374082e-25 1.598669036435312244e-25 1.694065483751595852e-25 8.330531385187139870e-01 1.914094915254039883e-25 1.518196893627402587e-02 8.250403915613400974e-03 7.454349183873925505e-03 2.423829876811138262e-01 1.500984728794806100e-02 2.834787849888890632e+05 2.195416570339074242e+05 2.505346963270159031e+05 6.234116446221656949e-01 2.861974435979021946e+05
2.839315922360311981e-02 1.636571711284234334e+04 9.233353591195984336e+03 4.023564732343203104e+03 4.939389379442133965e-01 8.149177707960400767e+03 9.843180620799731025e-26 6.648837247840689359e-26 5.234452611921883845e-26 7.116453306547526614e-01 7.085457475660478828e-26 1.334694482084615268e-02 8.549806343036446543e-03 5.489819316626693563e-03 2.601738528603724787e-01 1.202337814137500321e-02 5.304490872798389755e+05 4.010746462744747987e+05 3.678133464785736869e+05 4.421795764413413155e-01 5.242583765658850316e+05
4.934165562959044737e-02 4.189421558039517549e+03 3.356914619118815153e+03 1.185459589602407277e+03 4.240051215538873097e-01 2.508389730676210547e+03 4.184268911448937048e-26 3.851443224431267200e-26 2.475350958272186071e-26 5.588014437166725079e-01 3.438221432165850664e-26 1.037976947073933863e-02 7.200659621830134138e-03 3.420071817057421942e-03 2.441288746526404929e-01 8.595761204506953412e-03 8.054578566528275842e+05 6.622889595228312537e+05 3.453697046317003551e+05 3.108575027890674858e-01 7.026596594099965878e+05
8.574597004496860297e-02 1.785647628555374467e+03 2.408603556708984343e+03 5.395840665832845389e+02 4.756304776045904847e-01 9.954337716998861652e+02 2.062219889317923842e-26 2.134717075142834521e-26 1.115785036335780416e-26 4.734720365730229474e-01 1.525167855894491775e-26 7.406749926347194930e-03 5.529233112939358971e-03 1.763421793069108474e-03 2.564631700070511000e-01 5.583572766241500993e-03 9.977179301777682267e+05 3.039058176748313708e+05 4.620811063430554932e+05 2.354072627341328994e-01 9.542154795626887353e+05
1.490094178060654695e-01 6.310871835950398463e+02 6.756262198422801930e+02 3.056953448529085335e+02 4.544935870526835564e-01 4.764281996292301073e+02 9.950440588972466944e-27 8.637046273854980771e-27 5.614535476453045367e-27 5.130747767709157303e-01 8.202180663855977623e-27 4.894113650884034453e-03 2.654830824250280392e-03 1.456258129048709857e-03 2.801735094591379371e-01 3.811929601455596624e-03 1.314012468895724043e+06 7.594552494088206440e+05 2.947470406555237714e+05 2.610899951897895921e-01 1.033810542359518353e+06
2.589486897548426425e-01 2.224811886806272412e+02 2.155886213860136422e+02 1.142662556636185229e+02 3.872071830672144666e-01 1.922285552834939040e+02 4.057375342312140737e-27 2.447319846723403088e-27 1.779260765200513774e-27 4.362447471506170071e-01 3.243813601394112365e-27 3.356051055732698490e-03 1.498952520619341484e-03 1.110033879503513924e-03 2.258299738729477035e-01 2.890531572323054403e-03 1.518607686248810263e+06 8.114565353201935068e+05 4.046989479334751377e+05 2.851523924385863107e-01 1.294058036398197524e+06
4.500012476595302013e-01 8.496092210827383440e+01 5.343210339764095806e+01 2.705728946634227583e+01 3.422119671057961554e-01 7.524507433249829091e+01 1.524083589396072969e-27 9.931994627137391044e-28 5.924248114863988181e-28 3.818337376050169873e-01 1.178464879769145877e-27 2.461912558138003391e-03 1.169399961986199686e-03 7.144693621165968192e-04 2.123157410735208028e-01 2.088309387402986425e-03 1.401188744627080858e+06 7.111252682418280747e+05 6.441934147463751724e+05 3.087926706841112034e-01 1.275124877313043922e+06
7.820125411209841726e-01 3.924518280754615063e+01 8.983327370932613576e+00 1.651509968798663763e+01 2.460992133309694296e-01 4.175894362231111501e+01 7.587090315853221575e-28 5.208729794771486247e-28 3.049889718549846817e-28 3.171443001053022015e-01 6.019006194960904195e-28 1.673263256058451273e-03 7.208360581647762534e-04 5.051183146065998161e-04 2.150747841985222453e-01 1.475018849681567542e-03 1.555410997742989333e+06 1.352240408433855511e+06 5.314362154707527952e+05 3.022911120775727545e-01 1.186609855300669093e+06
1.358982042052452988e+00 2.258150370824375130e+01 1.564426029717770206e+01 6.575161224814930705e+00 2.112446580731128787e-01 1.994797416355245190e+01 5.493205987272603328e-28 4.112325401688497646e-28 2.652119635962419911e-28 3.280480620466098007e-01 4.537338166214710157e-28 1.320184944912042996e-03 5.084209921006677731e-04 4.684720093466106672e-04 2.019770232053825221e-01 1.248092490063799128e-03 1.780286453970474191e+06 9.882105945605332963e+05 6.235401830651517957e+05 2.408887903755970450e-01 1.615107317173128016e+06
2.361640118934270394e+00 1.516538275783314305e+01 7.118188347813148908e+00 3.757740931345530555e+00 1.836623919448963360e-01 1.352212611400961251e+01 4.584406708970932556e-28 4.400994853483524846e-28 1.569633463940642579e-28 3.409506757085681850e-01 3.386843079793033501e-28 1.193639754874878129e-03 5.929345279570019406e-04 3.244401270076359119e-04 1.883661269267447591e-01 1.149747782309861648e-03 2.063205763068109751e+06 9.617930183538179845e+05 8.124926692754998803e+05 2.080885474593013873e-01 2.047682952768715099e+06
4.104060155891746220e+00 1.306379610989400142e+01 6.749973704962025423e+00 2.837404784549176995e+00 1.593639875106683257e-01 1.148865051451929808e+01 4.269090483499938951e-28 3.953554374688946328e-28 1.208124300769290431e-28 3.449316398013754226e-01 2.762719189693838376e-28 1.190007100547971946e-03 3.215157415004388231e-04 3.660839795143381410e-04 1.209804870223266243e-01 1.209591764445820325e-03 2.110465923013271298e+06 8.878102778059802949e+05 5.351805016396949068e+05 2.077568295991817082e-01 1.932459074226733763e+06
7.132039140145964851e+00 1.058611313791123543e+01 2.064220597903679177e+00 2.790109786470488018e+00 1.256393207434615689e-01 1.017282281444024150e+01 3.477744025790706160e-28 6.175969270100634409e-29 1.397557645758361423e-28 2.940077717777427879e-01 2.844267950758489519e-28 1.125907847571585175e-03 1.180618165185290391e-04 3.315338662290181603e-04 1.038424288907467130e-01 1.169425039466937726e-03 2.143243243147400208e+06 3.549376228349744342e+05 4.742455053714103997e+05 1.713215922269019365e-01 1.953638701098339166e+06
1.239406352841865555e+01 4.170891813540880122e+00 8.050305261314303351e-01 4.678285133329800338e-01 6.119990731321852534e-02 4.063845597187163428e+00 1.285004159444542480e-28 1.354928550702807710e-28 1.436985296046637174e-29 2.019662196261861609e-01 9.385057891504228158e-29 1.111022849535661791e-03 2.337480462202494013e-04 8.872136039693879345e-05 5.968489434211984163e-02 1.065379356759095552e-03 2.155822524084446020e+06 1.557252282235874794e+06 2.242794241415625438e+05 1.398988635287332638e-01 1.825442726659025997e+06
