# R (Mpc), mean rho (Msol/kpc^3), errup (Msol/kpc^3), errlow, std, median rho (Msol/kpc^3), mean pth (Msol/kpc/s^2), errup(Msol/kpc/s^2), errlow, std, median pth (Msol/kpc/s^2), mean gas-mass-weighted metal (fraction), errup, errlow, std, median metal, mean gas-mass-weighted temp (K), errup, errlow, std, median temp  
#  nprofs 460, mean mh 560492464828.860840, median mh 513226903154.568970 
#  Mass range 11.50 - 12.0 
#  Nhalos 177
5.932141921095533113e-04 8.516080127581781149e+07 8.911353401672659814e+07 3.798185974497663975e+07 4.400810588319420957e-01 5.215833199713875353e+07 6.546973998663899690e-23 6.539693480837104366e-23 1.050643789279789253e-23 7.290329068006307089e-01 1.275233138527236386e-23 7.534631985120751434e-03 4.613344665183393735e-03 2.296785497411807896e-03 2.463837797731913137e-01 6.603735120280260044e-03 3.472230068818883592e+04 1.203924985460246171e+04 7.279614312444717143e+03 3.081014903738347188e-01 2.052579286002527442e+04
1.030888114673873032e-03 4.323766778661371768e+07 5.736904600006937981e+07 1.846967799531783536e+07 5.203364855075103268e-01 2.530914076202701032e+07 5.704349734206261281e-23 5.050771013973615968e-23 7.787974559354671866e-24 8.585469261700362509e-01 8.492882256735334514e-24 7.031528920630422154e-03 3.818220742850039068e-03 1.879855537010242418e-03 2.577318083867204956e-01 6.038788024433156681e-03 5.762943623784786905e+04 6.139723364880430745e+04 7.938182730175809411e+03 4.270550858463669774e-01 2.103619493575460729e+04
1.791478220028137197e-03 2.077716820370597020e+07 2.212500445200100541e+07 8.407923669599443674e+06 4.879296383334316700e-01 1.291703146252402477e+07 2.732905958534487167e-23 3.156101046953791168e-23 4.093755194371760750e-24 8.748344415019263520e-01 4.684800758462687390e-24 7.139517277842635790e-03 3.671346586858139152e-03 2.286498897683254643e-03 2.535759643868776836e-01 6.250187416612495300e-03 6.394379657602507359e+04 9.006952130403931369e+04 7.915490667343767200e+03 4.600083844834918501e-01 2.081829142144540310e+04
3.113232335451354259e-03 7.368100479839007370e+06 5.202408266814911738e+06 3.162898696472819895e+06 2.982268027723616322e-01 6.127004903190772980e+06 9.004408172313500587e-24 7.418781288889398280e-24 2.778308115297338294e-24 7.093361436319181035e-01 3.163451890892600577e-24 6.856874025282684582e-03 4.415880958971461767e-03 1.841771086687337723e-03 2.313137566306700810e-01 5.587740480572936375e-03 7.670214705398406659e+04 8.645375240747339558e+04 2.259808869624471481e+04 4.697735059429593574e-01 3.521597383529663784e+04
5.410177732636713838e-03 2.438615075570184272e+06 1.083013375101444777e+06 1.085422190757330274e+06 2.468026230177699232e-01 2.273983174338205718e+06 1.809246228935818725e-24 1.777709311115758768e-24 7.839017262406814631e-25 5.456789339633558722e-01 1.066489173155005186e-24 6.381970656828905332e-03 4.389900393464001363e-03 1.695089292442414786e-03 2.673746955549266002e-01 4.732453724528408803e-03 6.614002765677894058e+04 6.357639167649915908e+04 2.216326878847448097e+04 4.253940228089649334e-01 3.549232842328300467e+04
9.401811347457503243e-03 6.363529903710326180e+05 6.650159787109865574e+05 3.279516053886770969e+05 3.770578797355923495e-01 4.972648392714442452e+05 6.015002198840295231e-25 6.884904559791024988e-25 2.472378120982448712e-25 5.716300160465072056e-01 3.883927453286407057e-25 5.765198275518473511e-03 3.990324313050852556e-03 1.576076936073633143e-03 2.839389241319004720e-01 4.239436131532239166e-03 1.012810791695938824e+05 1.138270807678170095e+05 3.343170838642833405e+04 4.688228137843687970e-01 5.301319826318530249e+04
1.633847555135692006e-02 1.294487005733204569e+05 1.486490548866378958e+05 5.844765325922709599e+04 4.621473158072191834e-01 8.498583113199495710e+04 2.199163254094169427e-25 2.255870165044681110e-25 8.569251672795564343e-26 5.585845062500852665e-01 1.416864779845778621e-25 5.244175558031202201e-03 3.113548914217057796e-03 1.752463450604396355e-03 2.916607021282467960e-01 3.859813176931158225e-03 1.731454015407661209e+05 1.780896480045099743e+05 8.295361420217133127e+04 4.212999144416149644e-01 1.272064464158467163e+05
2.839301635364948131e-02 2.500034042403625790e+04 2.442033834740424572e+04 1.179607731643882835e+04 4.131794116082524448e-01 1.840842889315074353e+04 8.046451411016259631e-26 7.060227381544086389e-26 2.988586097152729733e-26 4.452133908864442935e-01 5.372749670092387569e-26 4.812966850601244941e-03 2.762447626686233629e-03 1.189861159713344937e-03 2.681323307243657084e-01 3.541499887517588104e-03 2.981984708635841962e+05 1.994823880354448047e+05 1.306605619513044076e+05 3.405034574026429839e-01 2.380291120454420743e+05
4.934140735006660450e-02 7.240787580873714433e+03 5.575755032721269345e+03 4.001411495291428309e+03 3.934468821146806516e-01 6.067717488141232934e+03 3.095848988708986714e-26 2.635434195420466058e-26 9.569619996974145338e-27 3.744273749102251525e-01 2.087939402435332369e-26 4.185291207594216828e-03 2.247434131384974491e-03 1.051693646197810784e-03 2.505302376373620965e-01 3.244050616107704843e-03 3.873014085604623542e+05 2.988762224371971097e+05 1.210674027528642910e+05 2.905096891942978710e-01 2.773445662124790251e+05
8.574553858460631783e-02 2.492490789907159069e+03 2.069978747084591305e+03 1.300600333894768937e+03 3.561739723337332686e-01 2.120133661624640808e+03 1.199368600896645825e-26 9.234194456915134820e-27 4.171041604695633580e-27 3.420816460443462659e-01 8.726354794605445194e-27 3.227364579415400569e-03 1.560392077894560449e-03 9.970832556345213173e-04 2.413987338964927454e-01 2.660877463862466527e-03 4.754560524844223401e+05 3.992524711357590277e+05 1.180057211653013946e+05 3.242149937872906840e-01 2.884931627477668226e+05
1.490086680138903164e-01 7.446024157601387969e+02 5.567115320019248657e+02 2.808389209026283311e+02 3.529556323715477006e-01 5.971239045319633760e+02 4.933631812538555188e-27 4.020931705193730656e-27 2.172250505335025604e-27 3.860386056804809840e-01 3.513602937117628107e-27 2.267876781114197896e-03 1.134407097555508630e-03 8.069147133957200405e-04 2.586160357481996352e-01 1.921547190935637322e-03 1.526377078310495941e+06 6.645133009400351439e+05 1.445385209720417042e+05 4.061232869050279692e-01 3.294272144400782418e+05
2.589473867653792616e-01 2.265866712856938250e+02 1.326952975046551728e+02 8.469756670556434131e+01 2.792538800254626419e-01 1.984104522073686212e+02 2.419604169480481682e-27 2.736715925671988533e-27 9.535335506742644696e-28 4.711235243229280334e-01 1.464016968798578294e-27 1.484784803434310461e-03 9.116480340531150743e-04 7.873093648168596982e-04 3.084470775822441557e-01 1.309739418359234277e-03 1.408718361509033712e+06 8.677347446173590142e+05 2.803593813716897275e+05 4.463004267327574937e-01 4.811354186748562497e+05
4.499989833233608572e-01 8.987473998714678203e+01 4.464408445819019278e+01 3.158149972906169722e+01 2.406054360315244278e-01 7.581301232012231139e+01 1.405079487387455343e-27 1.601089557838133586e-27 6.151705576435672374e-28 5.467405646805375552e-01 8.675995194749346159e-28 1.095835835712611608e-03 8.744997648685501595e-04 5.795051418226184435e-04 3.330133483520218984e-01 9.102353570594667528e-04 1.182704928012944758e+06 9.172253583383263322e+05 6.090926455272177700e+05 4.549991528995753209e-01 8.849819943222451257e+05
7.820086061557125490e-01 4.656366128354943612e+01 3.505427841205764139e+01 1.443350924417108772e+01 2.369413953391989736e-01 3.798779889536217524e+01 1.074556176393833152e-27 1.265453280603587353e-27 4.890340243334536318e-28 5.456553185943147088e-01 6.949712159992053818e-28 9.435915021559524796e-04 8.550290035751089476e-04 4.711082026711496413e-04 3.629740418747999797e-01 7.458131155108739876e-04 1.615871628897970077e+06 1.199291358620101353e+06 8.811500803968026303e+05 4.373104942152026275e-01 1.381013588965825504e+06
1.358975203866542802e+00 2.948120633118077905e+01 2.125371519038734291e+01 1.015795941953674664e+01 2.457403225172641592e-01 2.446400949073548858e+01 9.243993770387224124e-28 1.188746637609425572e-27 4.322133251208627888e-28 5.231223066119358167e-01 6.258036445903704327e-28 9.865532798008684948e-04 6.668231428201724454e-04 5.626447831214033933e-04 3.424441465440565824e-01 9.227968256338372642e-04 2.090273378261304228e+06 1.312126480191057315e+06 1.194131743465114851e+06 3.730908224227620362e-01 2.010566393744563917e+06
2.361628235529128705e+00 2.226203353669005125e+01 1.299519478056075528e+01 7.135500834714701313e+00 2.352670641113692729e-01 1.834183595115724685e+01 9.309135190441414838e-28 7.586354985668248183e-28 3.598916609185980242e-28 4.522946432969372488e-01 5.570005106516632305e-28 1.039936920467720259e-03 6.381745798009388470e-04 4.162439817239598893e-04 2.356759090448579674e-01 9.773545997077317648e-04 2.459030609721064102e+06 1.105682267873588018e+06 1.222118480839506024e+06 2.661527490555961606e-01 2.424871760396332946e+06
4.104039504900442559e+00 1.804758667021681973e+01 6.205385315720594264e+00 4.536748100287237406e+00 2.046673765543458590e-01 1.515748135961713317e+01 8.958048611508983535e-28 4.249799022563465562e-28 2.927778243586286955e-28 3.984455805073685020e-01 5.218058090687449933e-28 1.067585420498965961e-03 3.695260666712863427e-04 3.294488688590042555e-04 1.481894617014064830e-01 1.040134397363621892e-03 2.830745383788661566e+06 1.002693175437322352e+06 1.042741662503384519e+06 2.063250279396005027e-01 2.641832060946882237e+06
7.132003252836161877e+00 1.411774757421015458e+01 3.837935179075730119e+00 2.956823100861855735e+00 1.027245914498784718e-01 1.375771130414103460e+01 5.196947933671435115e-28 2.657662384199051232e-28 1.585144452333095334e-28 2.218549125435832770e-01 4.435229961080931245e-28 9.901777643535928600e-04 1.656039263726023867e-04 1.871082966179697269e-04 8.588494526935355755e-02 9.944486175287787534e-04 2.575718611147128977e+06 5.072880366366910748e+05 5.577201784426276572e+05 1.252723827768696119e-01 2.484187609893138986e+06
1.239400116342193847e+01 2.792890380955494134e+00 6.398604251351596162e-01 3.615138164462998738e-01 7.059852311176481598e-02 2.704848683737860249e+00 1.009751353793607322e-28 5.157151745619866077e-29 1.598798601614871716e-29 1.767089585775808436e-01 8.149474674045547119e-29 9.775845799873809135e-04 1.869470191262544243e-04 1.121913273455330418e-04 6.946634015300114096e-02 9.506981290556973732e-04 2.568861652272184845e+06 9.604511560159283690e+05 2.556681221403842792e+05 1.093234895701262338e-01 2.300379141714159865e+06
