# R (Mpc), mean rho (Msol/kpc^3), errup (Msol/kpc^3), errlow, std, median rho (Msol/kpc^3), mean pth (Msol/kpc/s^2), errup(Msol/kpc/s^2), errlow, std, median pth (Msol/kpc/s^2), mean gas-mass-weighted metal (fraction), errup, errlow, std, median metal, mean gas-mass-weighted temp (K), errup, errlow, std, median temp  
#  nprofs 456, mean mh 4189877494934.343750, median mh 3311565582771.056641 
#  Mass range 12.30 - 13.1 
#  Nhalos 33
5.932145288224347380e-04 9.453148975232137740e+07 1.305965222426677495e+08 1.763870522221119702e+07 4.854813090152783062e-01 3.434707116806016862e+07 5.134443890291416785e-23 4.139579858359310003e-23 2.425029604780762168e-23 6.651045935797187392e-01 2.684640431724212726e-23 1.299682399002933218e-02 4.624360650631358788e-03 3.557373721878125811e-03 2.570965946060077001e-01 1.116531550658591068e-02 6.829588077716762200e+04 6.766467290259234142e+04 1.495408018258682750e+04 4.512361247170451062e-01 2.878833353434505261e+04
1.030888699813797393e-03 3.128894527536978945e+07 4.424028815893297642e+07 4.718347788662812673e+06 5.242952975695912565e-01 1.022416328619893827e+07 5.007449538494956615e-23 2.705214351935872138e-23 5.993379413038077096e-24 7.529794703848566861e-01 8.089949350997657855e-24 1.113699547944698928e-02 1.037539826294741306e-02 4.002676299668087370e-03 3.976207743171439879e-01 8.740650530491741663e-03 1.665313869974221743e+05 1.556340413116916316e+05 3.810291442629066296e+04 5.587333400129415040e-01 5.505322583528987889e+04
1.791479236884782524e-03 1.640780699943929538e+07 2.552155992503374070e+07 2.416960393090075813e+06 5.273517045154904048e-01 5.463748181930800900e+06 2.887344431895399056e-23 3.013757724889655292e-23 1.035146984633743191e-23 8.443432509723340917e-01 1.151205861927624667e-23 1.154843270510189958e-02 8.469885876895680982e-03 3.727650351213365569e-03 2.805100742170759665e-01 8.777689239063423549e-03 2.946385873463674216e+05 4.692846634485631948e+05 3.754423034299256688e+04 6.300995653244617634e-01 6.323109657826089824e+04
3.113234102545675390e-03 8.010627217707896605e+06 1.295819151047543809e+07 2.395391177420125809e+06 5.118869968372473656e-01 3.746230125664927065e+06 1.471685847263917276e-23 1.439106692334403523e-23 5.394176902390845642e-24 7.863447584795335565e-01 6.184926077117653760e-24 1.306848743160969606e-02 6.803107348005000762e-03 6.178306584583593934e-03 2.138857008107768187e-01 1.277929888140100050e-02 2.940565119462030707e+05 6.284679052170411451e+05 4.636951704485870141e+04 6.313002960641946881e-01 6.875475768478997634e+04
5.410180803494689730e-03 4.699536621597421356e+06 2.645009137924898416e+06 3.456323051453652326e+06 4.616030267924746688e-01 4.652783245175834745e+06 1.107637532212211793e-23 1.501718060024491476e-23 3.015211110372297732e-24 6.754103113910476797e-01 4.282734783916460157e-24 1.432756557415830814e-02 5.575983007160114149e-03 8.387664049550776213e-03 2.319821981669006328e-01 1.456266164537278925e-02 2.273947040625966329e+05 1.725694633293433872e+05 1.038173933074564120e+05 5.263774805000919210e-01 1.310168652143029321e+05
9.401816683997036433e-03 7.295205416691142600e+05 6.479094205151819624e+05 5.045678169209819753e+05 5.250996514106737179e-01 6.532072499481660780e+05 2.434370695375767407e-24 1.739545260734430360e-24 7.075517767651499208e-25 5.698692979403324754e-01 1.311545405068866990e-24 1.313072121356172357e-02 6.118466031888128778e-03 7.638198616160496446e-03 2.414315616326661029e-01 1.321277830182718098e-02 3.666964116774023278e+05 3.003050384724799078e+05 1.101371328486949205e+05 4.789205977918433721e-01 1.849496081375015492e+05
1.633848482519974915e-02 1.801753096401124494e+05 3.404872272168066702e+05 7.330446693953499198e+04 5.506163077474396372e-01 9.826772343312070007e+04 1.119852433865973003e-24 7.353517367857226149e-25 3.305433315424233892e-25 5.809893908371526194e-01 6.620292266399587211e-25 1.209112085237955617e-02 5.995148890586261478e-03 6.543290091930729739e-03 2.666055862067452376e-01 1.129355224641243223e-02 8.164920833830446936e+05 8.550203672748235986e+05 3.364896369655134622e+05 5.053265228942515064e-01 5.240159178398535587e+05
2.839303246974122716e-02 4.363362818569742376e+04 5.419331964636479097e+04 2.131490683184844238e+04 4.504382764308052511e-01 2.956489411254627703e+04 5.811138893492180481e-25 3.354696791607750044e-25 2.310941680109977716e-25 3.608394649896771167e-01 4.007180514953803531e-25 9.675736120218325631e-03 7.059301310976581756e-03 4.856955593898430908e-03 2.675808231513218116e-01 8.950623203759097701e-03 1.367050336440565530e+06 1.085172675533195492e+06 6.254602069603027776e+05 3.450828954950816430e-01 1.054977054325021338e+06
4.934143535662420532e-02 1.163882104083250124e+04 1.293566347477361342e+04 5.933478368171318834e+03 4.011941931780513837e-01 9.429323672287075169e+03 3.178046084416626616e-25 1.745960033851220964e-25 1.370239715469929238e-25 3.322175168108167931e-01 2.416996517534694087e-25 7.717380056993692131e-03 5.703156584034786702e-03 2.656436403535668289e-03 2.713830417436554621e-01 6.419827663918067570e-03 2.478248027402302716e+06 1.400305298331980128e+06 1.494614856204364449e+06 3.202764243389814580e-01 2.305195389515360352e+06
8.574558725442532614e-02 4.692969288959542610e+03 3.125015707222388301e+03 2.717195754146011495e+03 3.357222117218584545e-01 4.264438442854842833e+03 1.655615032986555553e-25 1.359155950653694094e-25 5.903572781911456790e-26 3.120304695416132312e-01 1.258352584797207251e-25 5.017386382030214302e-03 2.741520380651214436e-03 1.951564146554430734e-03 2.657736867269501757e-01 4.507323833179210232e-03 3.034683883366486058e+06 2.066373391838510986e+06 9.904206502430641558e+05 3.040761282952070821e-01 2.473539946101346519e+06
1.490087525923421141e-01 2.230382541736213625e+03 1.405111363812082800e+03 1.108437813291081966e+03 2.747615340063594425e-01 2.047051836043607636e+03 7.620581894162293352e-26 5.888015821806650183e-26 2.270448652258085111e-26 3.443684974173944480e-01 4.832655041625022194e-26 3.499788605985457764e-03 2.470871375429859428e-03 1.024795839899026416e-03 2.575745109958935686e-01 3.049607688531837633e-03 2.429008481894216966e+06 2.183195269064190798e+06 5.021665115984571166e+05 2.576578765180592145e-01 1.779842910718845436e+06
2.589475337458828630e-01 8.690867399221958749e+02 5.944821686848251829e+02 1.758134084334923273e+02 2.167677427633090126e-01 6.865778245471171886e+02 2.842744611394392074e-26 2.879702467278878850e-26 9.336784427038757385e-27 3.769108759962674360e-01 1.657058391931569859e-26 2.530175868338903344e-03 1.008566882665790521e-03 1.061999085328575038e-03 2.200462272603760094e-01 2.441485363254000413e-03 2.133624641059375834e+06 1.741496081363649340e+06 7.063078114274931140e+05 2.564121058908481743e-01 1.717908278941134224e+06
4.499992387462019017e-01 3.176565714690539153e+02 2.327822528837354525e+02 9.518262351893204709e+01 2.101800584134941030e-01 2.721235362946962937e+02 8.868171959833953471e-27 1.351804790911706192e-26 3.196299804690838446e-27 3.964035875220250915e-01 5.264664776458664376e-27 1.633141029372005325e-03 6.738194929861531825e-04 5.244193146287027922e-04 1.832130973747559122e-01 1.521564403031345266e-03 1.749896301986282459e+06 1.340837725682487246e+06 5.067960489458262455e+05 2.312506012920257925e-01 1.367578239151338115e+06
7.820090500297373071e-01 1.144122217725894188e+02 6.227855300027499652e+01 3.106019619472323257e+01 1.705946874437417049e-01 1.014267231735954056e+02 3.039997326400690759e-27 3.891152750589555088e-27 5.178829010950222933e-28 3.964884685134033027e-01 1.419950387254725203e-27 1.249576855449551979e-03 3.329766718224145584e-04 4.809863927467491638e-04 1.633325285045417186e-01 1.232430783421350432e-03 1.617606258108726935e+06 7.232055863376054913e+05 8.303011990985784214e+05 2.765931494908125954e-01 1.565954100713158026e+06
1.358975975231191180e+00 5.853480802151702278e+01 1.293725627205800777e+01 1.211651686255621030e+01 2.031118559652926869e-01 4.624022431674683986e+01 3.493663626351327689e-27 1.101667351748659974e-27 5.512614732895732494e-28 5.005034240697598946e-01 8.871968162514112968e-28 1.009359062443142491e-03 5.185358337601818617e-04 4.027187344989757896e-04 2.322925587132595171e-01 1.017429126608601674e-03 1.891243667066558264e+06 1.040343157040095422e+06 7.690172040322696557e+05 3.261510908806053433e-01 1.409297387715869583e+06
2.361629576007254094e+00 3.041543053518825701e+01 1.576435638897826053e+01 8.419180598721428765e+00 2.026204103951859126e-01 2.512169708769884480e+01 1.096217941346247267e-27 5.035985629623552703e-28 3.367247021133488169e-28 4.394317542673652488e-01 5.665462168274389279e-28 9.019080876271884763e-04 4.605205521314490293e-04 2.637808550104045165e-04 1.630777376622430386e-01 8.503082995517870528e-04 1.803716103467013687e+06 7.643531395257778931e+05 8.672908277168313507e+05 2.650797645989360629e-01 1.733658288570884848e+06
4.104041834384438481e+00 2.040776539163864101e+01 4.836615260441686104e+00 6.470634447344236762e+00 1.475290000651150457e-01 1.994910087140830157e+01 5.882198632032466186e-28 2.113996321685166703e-28 1.770256555573879388e-28 3.160507421344733170e-01 4.012582879665247977e-28 8.303387169656391113e-04 1.220095615635254614e-04 2.035911444086873018e-04 1.435114539410999868e-01 8.611687333978023870e-04 1.725320390535092447e+06 4.177723710322384723e+05 4.089447901561055332e+05 1.812316920120310704e-01 1.597704820638119942e+06
7.132007301015381273e+00 1.751731300417457504e+01 7.437607346450718637e+00 2.527251324352716821e+00 1.204608927430157322e-01 1.590551319336613290e+01 5.834298392829759924e-28 1.064247587616830884e-27 1.084030334142142886e-28 3.755260328430617967e-01 3.103189282523838913e-28 8.440729035917966198e-04 2.278497762521408199e-04 2.276441916408849554e-04 1.225145006293207883e-01 8.400058099429821542e-04 2.097376226498079952e+06 2.607744246055920608e+06 4.557501846516828518e+05 2.528724105112774567e-01 1.522483829389985884e+06
1.239400819835114298e+01 4.132392501818907604e+00 5.946422213062509954e-01 4.761707562263994831e-01 5.348663221668125550e-02 4.131072788882328872e+00 1.042245906837778767e-28 8.385889406629343572e-29 2.409306881015497625e-29 2.384971555193971526e-01 7.865827256088037118e-29 7.842685959646139961e-04 1.583539298831927646e-04 1.105563861237906457e-04 6.122249835141509167e-02 7.736144668022888228e-04 1.761528142207832076e+06 1.258824067562546581e+06 3.258119434878807515e+05 1.857215697127735377e-01 1.409291266214155592e+06
