# R (Mpc), mean rho (Msol/kpc^3), errup (Msol/kpc^3), errlow, std, median rho (Msol/kpc^3), mean pth (Msol/kpc/s^2), errup(Msol/kpc/s^2), errlow, std, median pth (Msol/kpc/s^2), mean gas-mass-weighted metal (fraction), errup, errlow, std, median metal, mean gas-mass-weighted temp (K), errup, errlow, std, median temp  
#  nprofs 473, mean mh 4289656800355.141113, median mh 3643028953892.164062 
#  Mass range 12.30 - 13.1 
#  Nhalos 33
5.932158702927985659e-04 2.272858209612979367e+07 7.111453259930491447e+06 5.039481008128117770e+06 1.070709288565830780e-01 2.178496232575338334e+07 1.340804637659926630e-23 1.295049706226089346e-23 4.764808821019350252e-24 3.610184359147912136e-01 1.019540999282014451e-23 1.462817632789188346e-02 8.326873581336350846e-03 7.283469901454977385e-03 2.516350393372620009e-01 1.382779133776016085e-02 7.475929715326731093e+04 6.849513562059024116e+04 4.926767980482536223e+04 4.064882174496431411e-01 6.655313432356776320e+04
1.030891031022107118e-03 1.058242851493196189e+07 5.208949464191536419e+06 2.809920773296507075e+06 2.896141357010358908e-01 7.444134145202663727e+06 5.754318508800751386e-24 5.259348406831374740e-24 4.920324531738523547e-24 7.450030897261551432e-01 5.233583649780791213e-24 1.530335902732070548e-02 1.003908788245320809e-02 5.848599062971021958e-03 3.201203889856175100e-01 1.280606013322285221e-02 7.516060838914623309e+04 5.422206389613825013e+04 6.705039852354538743e+04 6.213597692311786380e-01 7.714507538541301619e+04
1.791483288060515293e-03 5.365018549384464510e+06 2.769355966644722968e+06 2.020385492165471427e+06 2.675195843443937682e-01 4.835006989969950169e+06 2.844833385831663660e-24 3.393976711666202098e-24 1.468033782830381368e-24 6.525041748832411947e-01 1.824758210452348205e-24 1.898911319635193315e-02 5.226595148917941025e-03 5.427542190721154625e-03 1.525529550525877298e-01 1.789973290734485703e-02 5.342452949776840251e+04 3.329163107274101640e+04 3.852635160878553870e+04 4.997849810421989836e-01 5.129699436200856871e+04
3.113241142682221171e-03 2.599625262472277042e+06 1.596083687163471244e+06 9.559217350607651751e+05 3.143787238577057663e-01 2.424746904369559139e+06 2.611158915490620650e-24 1.984361461270787185e-24 8.121453560840273528e-25 7.914461262571761413e-01 8.980976793666852931e-25 1.996935330179948342e-02 3.442248082829429262e-03 5.264821375576839851e-03 1.196673687780380746e-01 2.081888561258830178e-02 7.491493460909041460e+04 4.744737531350970676e+04 2.420283606256001440e+04 5.187506323594426316e-01 3.501507145579696225e+04
5.410193037849813334e-03 1.430262092937550275e+06 1.098438950626459438e+06 7.860260350792526733e+05 5.226804870463912511e-01 1.205455245036897715e+06 2.650699035286250855e-24 4.628348438324842995e-24 9.702074865431609909e-25 9.361049748250263036e-01 1.033159783166320039e-24 2.111493563206341337e-02 5.784456414189897977e-03 2.905792669485873780e-03 1.026105078257273512e-01 2.040260702530118098e-02 1.343910782211516635e+05 1.867127376667401404e+05 6.553296499736219266e+04 5.910288031718650137e-01 7.748047945322230225e+04
9.401837944869510452e-03 4.589308339849029435e+05 6.116395482066913974e+05 2.884420924851143500e+05 7.003708866324479532e-01 3.097629968598976848e+05 6.552041964416701998e-25 1.005766317037587986e-24 3.354226292808446043e-25 9.224006383272793652e-01 3.498699335403158398e-25 2.024849733419498143e-02 6.843838854804541044e-03 4.340373094931498227e-03 1.701155080487777860e-01 2.037716872851607144e-02 7.651385839882215951e+05 5.564833810581978178e+05 6.398344128284558974e+04 8.883462503909002050e-01 7.526051260369281226e+04
1.633852177236155140e-02 6.016380590083519928e+04 6.671517792437472963e+04 2.900187552210027206e+04 5.814020151667780301e-01 3.630167199990493827e+04 3.501665854851941485e-25 4.834987840766546038e-25 9.073476970320439421e-26 8.274328309156401273e-01 1.350670484745505137e-25 1.848122947487752105e-02 6.087558419631607098e-03 7.631903942305572758e-03 1.815583678793601385e-01 1.884549888505056975e-02 1.973495909283516696e+06 2.377984583124528173e+06 2.555186387233872665e+05 9.309140068240858712e-01 2.980273502879978041e+05
2.839309667654963537e-02 8.980706334339318346e+03 9.402489659704700898e+03 4.687134257503188564e+03 4.607280521763343906e-01 6.811668505978030225e+03 1.485308555956304137e-25 1.681840925270787520e-25 8.278648776083508480e-26 5.799484775306237294e-01 1.168924185222702548e-25 1.718751969535329063e-02 4.836544380235438534e-03 9.772774391853197157e-03 2.077077427287121192e-01 1.907878866577885149e-02 2.755276566469042562e+06 3.050059784798589535e+06 7.312335675854227738e+05 6.574281211811158210e-01 9.949628252132019261e+05
4.934154693526905666e-02 2.611907205270476879e+03 1.499175576589668026e+03 8.853442457879773428e+02 3.495012005966774415e-01 1.881200383076004755e+03 7.259064303619756433e-26 8.412404412262402369e-26 3.046074582662945824e-26 3.746728919451943751e-01 4.898499473437736393e-26 1.443895964683263380e-02 7.110494099230811257e-03 7.060838842022149758e-03 2.330063830581321216e-01 1.400259254743173136e-02 2.692383613763445988e+06 2.126191532488426659e+06 1.055260198389577214e+06 3.895243062957662872e-01 1.758295386313980445e+06
8.574578115588683824e-02 9.648462968447546473e+02 8.973296392512883131e+02 2.194257328805856559e+02 3.008742900669058029e-01 6.672045982701980620e+02 3.244369115529591294e-26 3.444604983025478110e-26 1.318222045459929696e-26 3.800258951258227991e-01 2.378542121110487821e-26 1.029190219086448602e-02 7.200846625766910841e-03 4.823219251968487858e-03 3.036324355873086245e-01 9.384935619817416641e-03 2.640838844784639776e+06 1.623268753204262815e+06 1.401387083329677815e+06 2.955672539144829636e-01 2.419813976314776111e+06
1.490090895544625982e-01 4.772463292257027661e+02 3.051602984276752295e+02 2.373784993734184070e+02 2.933365116901875402e-01 4.204000017171711079e+02 1.679524192361165240e-26 1.617554029924958726e-26 7.283405304201467994e-27 3.307450607797978170e-01 1.343520391377061040e-26 6.997064561105150078e-03 3.487973202046038002e-03 3.100325264180500522e-03 2.867833756309183801e-01 6.291689319954565929e-03 2.631780986666725483e+06 1.831106829995831475e+06 9.644219721485702321e+05 2.417244311814291946e-01 2.372272166892828420e+06
2.589481193189351327e-01 2.513737092285995800e+02 1.128261073353163795e+02 1.248243950903039092e+02 2.783307773469922974e-01 2.321848484379419517e+02 7.587022073780070931e-27 6.049399101281648608e-27 2.501513057013139516e-27 2.970956157756008409e-01 5.638495282173163724e-27 4.583774947221121512e-03 3.777304614024072030e-03 1.834526951494460647e-03 2.888733159885182311e-01 3.646209627306313313e-03 2.203670263204202056e+06 8.688690759024019353e+05 8.952702213539408986e+05 2.127461921718067084e-01 2.057952816911766306e+06
4.500002563555373647e-01 1.123310216236811954e+02 6.831485936962609173e+01 4.298729785169417283e+01 2.388368324740818560e-01 1.038271910853977573e+02 2.645956629297074586e-27 2.730081129140167658e-27 8.389651105731340278e-28 2.610582360192532647e-01 2.116292434545397305e-27 2.908462169231451015e-03 1.220636252032810190e-03 1.311032723089662535e-03 2.314438017140786619e-01 2.793487904934333077e-03 1.809669041859250516e+06 8.699671016473355703e+05 6.019671506377914920e+05 2.258232335915673905e-01 1.642457342859789729e+06
7.820108184320838651e-01 4.549030504136910480e+01 1.781565815404346154e+01 1.225729264638956195e+01 1.715293386236035333e-01 4.030798210902469947e+01 9.403833780476645944e-28 5.493530691443123025e-28 3.811268594333196985e-28 2.740372007971232371e-01 8.280818266177835292e-28 2.205067109485401439e-03 1.464508916751370779e-03 6.708459567802537576e-04 2.062237246695314274e-01 2.033753885910180841e-03 1.560857256989737740e+06 8.810669428863562644e+05 5.720114472432212206e+05 2.452134746851561409e-01 1.380674539497171529e+06
1.358979048362254582e+00 2.309569890093610667e+01 1.134802787963193182e+01 8.347631916000057828e+00 1.604122487962340582e-01 2.255825921091591724e+01 5.035444676802291158e-28 3.467906128260202758e-28 2.265242866772895349e-28 3.334624251035530063e-01 4.322147600534518625e-28 1.780519643243877372e-03 5.759890124907439575e-04 6.163488526910367721e-04 1.548437822537013231e-01 1.767323616355184236e-03 1.528025322829301236e+06 8.741354574506792706e+05 6.117448252157010138e+05 2.438170021039285928e-01 1.372021785075494321e+06
2.361634916496962333e+00 1.359972042660835534e+01 5.371763808364718784e+00 3.552463902837253329e+00 1.685793653126028135e-01 1.247540926967004538e+01 3.649157455210680472e-28 3.415378228676264044e-28 1.384492946588990977e-28 3.849994801218863394e-01 2.843913844275218264e-28 1.561783314654304746e-03 5.351284189207407109e-04 4.855604123875833979e-04 1.496920550370146319e-01 1.470992788299997286e-03 1.801936832032046281e+06 7.998303569926787168e+05 6.502262704860738013e+05 2.547983416358299835e-01 1.676171632257749327e+06
4.104051115091881030e+00 8.422651612412440869e+00 2.582849703350749593e+00 2.980205903558239555e+00 1.419549853902749570e-01 8.442845843747933898e+00 2.814004253202867531e-28 1.305707585438178385e-28 1.409996787074283583e-28 2.886172022101343160e-01 2.871722542248699951e-28 1.276589082725088781e-03 4.005496809822489332e-04 2.578777948125995229e-04 1.118097341586717641e-01 1.278833005935474387e-03 2.345145934439082164e+06 4.830560130168274045e+05 7.335601865651088301e+05 1.706983732879012450e-01 2.507440490960512310e+06
7.132023429036466133e+00 7.204822411859415077e+00 1.544211130676890420e+00 2.103505102021868467e+00 1.547104069316506125e-01 6.873824253864615486e+00 3.062680362519158402e-28 7.501573665115762084e-29 6.109318783145842662e-29 3.221280526052209270e-01 2.295668925936442823e-28 1.272286563780327187e-03 9.916213164325757105e-05 1.318829747278987049e-04 7.773795139109941632e-02 1.287509899669030079e-03 2.721978917492172681e+06 2.738915091103841551e+05 3.836028724627546035e+05 1.712026995093768600e-01 2.560211633770640474e+06
1.239403622563954954e+01 4.077796227746099511e+00 1.573213339495254548e+00 4.138074339712836114e-01 1.000922861171485434e-01 3.698228022748736077e+00 1.570520537404276138e-28 1.868204852777336875e-28 1.924760305270113720e-29 2.238312170033513737e-01 1.086370432783385309e-28 1.198091185107166227e-03 1.710068345674058739e-04 1.526105255183574181e-04 6.410982485840964473e-02 1.200148231866786245e-03 2.650056141763865482e+06 1.651973156780637335e+06 2.190090041448068805e+05 1.243512162375294827e-01 2.280699360024736729e+06
